Survey,FIPS,FIPS,Region,Division,County,,1-unit,,,2-units,,,3-4 units,,,5+ units,,,1-unit rep,,,2-units rep,,,3-4 units rep,,, 5+units rep
Date,State,County,Code,Code,Name,Bldgs,Units,Value,Bldgs,Units,Value,Bldgs,Units,Value,Bldgs,Units,Value,Bldgs,Units,Value,Bldgs,Units,Value,Bldgs,Units,Value,Bldgs,Units,Value
 
201612,01,001,3,6,Autauga County                ,15,15,3561212,0,0,0,0,0,0,0,0,0,15,15,3561212,0,0,0,0,0,0,0,0,0
201612,01,007,3,6,Bibb County                   ,0,0,0,0,0,0,0,0,0,0,0,0,0,0,0,0,0,0,0,0,0,0,0,0
201612,01,009,3,6,Blount County                 ,4,4,821095,0,0,0,0,0,0,0,0,0,4,4,821095,0,0,0,0,0,0,0,0,0
201612,01,021,3,6,Chilton County                ,4,4,784000,0,0,0,0,0,0,0,0,0,4,4,784000,0,0,0,0,0,0,0,0,0
201612,01,073,3,6,Jefferson County              ,125,125,31177341,0,0,0,0,0,0,1,47,4504941,96,96,24306836,0,0,0,0,0,0,0,0,0
201612,01,083,3,6,Limestone County              ,3,3,495045,0,0,0,0,0,0,0,0,0,3,3,495045,0,0,0,0,0,0,0,0,0
201612,01,089,3,6,Madison County                ,139,139,20949538,0,0,0,0,0,0,1,36,1589076,139,139,20949538,0,0,0,0,0,0,1,36,1589076
201612,01,113,3,6,Russell County                ,11,11,1849054,0,0,0,0,0,0,0,0,0,11,11,1849054,0,0,0,0,0,0,0,0,0
201612,01,115,3,6,St. Clair County              ,10,10,1537329,0,0,0,0,0,0,0,0,0,9,9,1316465,0,0,0,0,0,0,0,0,0
201612,01,117,3,6,Shelby County                 ,60,60,15033594,0,0,0,0,0,0,1,10,170000,18,18,5092738,0,0,0,0,0,0,0,0,0
201612,01,127,3,6,Walker County                 ,1,1,40000,0,0,0,0,0,0,0,0,0,1,1,40000,0,0,0,0,0,0,0,0,0
201612,02,013,4,9,Aleutians East Borough        ,0,0,0,0,0,0,0,0,0,0,0,0,0,0,0,0,0,0,0,0,0,0,0,0
201612,02,016,4,9,Aleutians West Census Area    ,0,0,0,0,0,0,0,0,0,0,0,0,0,0,0,0,0,0,0,0,0,0,0,0
201612,02,020,4,9,Anchorage Borough             ,57,57,17838649,0,0,0,1,3,522682,2,16,2529529,0,0,0,0,0,0,0,0,0,0,0,0
201612,02,020,4,9,Anchorage Municipality        ,57,57,17838649,0,0,0,1,3,522682,2,16,2529529,0,0,0,0,0,0,0,0,0,0,0,0
201612,02,050,4,9,Bethel Census Area            ,0,0,0,0,0,0,0,0,0,0,0,0,0,0,0,0,0,0,0,0,0,0,0,0
201612,02,060,4,9,Bristol Bay Borough           ,0,0,0,0,0,0,0,0,0,0,0,0,0,0,0,0,0,0,0,0,0,0,0,0
201612,02,070,4,9,Dillingham Census Area        ,0,0,0,0,0,0,0,0,0,0,0,0,0,0,0,0,0,0,0,0,0,0,0,0
201612,02,090,4,9,Fairbanks North Star Borough  ,0,0,0,0,0,0,0,0,0,0,0,0,0,0,0,0,0,0,0,0,0,0,0,0
201612,02,100,4,9,Haines Borough                ,1,1,277264,0,0,0,0,0,0,0,0,0,0,0,0,0,0,0,0,0,0,0,0,0
201612,02,105,4,9,Hoonah-Angoon Census Area     ,0,0,0,0,0,0,0,0,0,0,0,0,0,0,0,0,0,0,0,0,0,0,0,0
201612,02,110,4,9,Juneau Borough                ,1,1,382016,0,0,0,0,0,0,0,0,0,1,1,382016,0,0,0,0,0,0,0,0,0
201612,02,110,4,9,Juneau City and Borough       ,1,1,382016,0,0,0,0,0,0,0,0,0,1,1,382016,0,0,0,0,0,0,0,0,0
201612,02,122,4,9,Kenai Peninsula Borough       ,7,7,1511536,0,0,0,0,0,0,0,0,0,5,5,1110000,0,0,0,0,0,0,0,0,0
201612,02,130,4,9,Ketchikan Gateway Borough     ,0,0,0,0,0,0,0,0,0,0,0,0,0,0,0,0,0,0,0,0,0,0,0,0
201612,02,150,4,9,Kodiak Island Borough         ,1,1,250221,0,0,0,0,0,0,0,0,0,1,1,250221,0,0,0,0,0,0,0,0,0
201612,02,158,4,9,Kusilvak Census Area          ,0,0,0,0,0,0,0,0,0,0,0,0,0,0,0,0,0,0,0,0,0,0,0,0
201612,02,170,4,9,Matanuska-Susitna Borough     ,0,0,0,2,4,564320,0,0,0,0,0,0,0,0,0,2,4,564320,0,0,0,0,0,0
201612,02,180,4,9,Nome Census Area              ,0,0,0,0,0,0,0,0,0,0,0,0,0,0,0,0,0,0,0,0,0,0,0,0
201612,02,185,4,9,North Slope Borough           ,2,2,547064,0,0,0,0,0,0,0,0,0,2,2,547064,0,0,0,0,0,0,0,0,0
201612,02,188,4,9,Northwest Arctic Borough      ,0,0,0,0,0,0,0,0,0,0,0,0,0,0,0,0,0,0,0,0,0,0,0,0
201612,02,195,4,9,Petersburg Borough            ,1,1,486500,0,0,0,0,0,0,0,0,0,1,1,486500,0,0,0,0,0,0,0,0,0
201612,02,195,4,9,Petersburg Census Area        ,1,1,486500,0,0,0,0,0,0,0,0,0,1,1,486500,0,0,0,0,0,0,0,0,0
201612,02,198,4,9,Prince of Wales-Hyder Census A,0,0,0,0,0,0,0,0,0,0,0,0,0,0,0,0,0,0,0,0,0,0,0,0
201612,02,220,4,9,Sitka Borough                 ,1,1,331562,0,0,0,0,0,0,0,0,0,0,0,0,0,0,0,0,0,0,0,0,0
201612,02,220,4,9,Sitka City and Borough        ,1,1,331562,0,0,0,0,0,0,0,0,0,0,0,0,0,0,0,0,0,0,0,0,0
201612,02,230,4,9,Skagway Municipality          ,0,0,0,0,0,0,0,0,0,0,0,0,0,0,0,0,0,0,0,0,0,0,0,0
201612,02,261,4,9,Valdez-Cordova Census Area    ,0,0,0,0,0,0,0,0,0,0,0,0,0,0,0,0,0,0,0,0,0,0,0,0
201612,02,275,4,9,Wrangell City and Borough     ,0,0,0,0,0,0,0,0,0,0,0,0,0,0,0,0,0,0,0,0,0,0,0,0
201612,02,282,4,9,Yakutat Borough               ,0,0,0,0,0,0,0,0,0,0,0,0,0,0,0,0,0,0,0,0,0,0,0,0
201612,02,282,4,9,Yakutat City and Borough      ,0,0,0,0,0,0,0,0,0,0,0,0,0,0,0,0,0,0,0,0,0,0,0,0
201612,02,290,4,9,Yukon-Koyukuk Census Area     ,0,0,0,0,0,0,0,0,0,0,0,0,0,0,0,0,0,0,0,0,0,0,0,0
201612,04,013,4,8,Maricopa County               ,1155,1155,300332853,4,8,2200000,1,4,814192,19,1087,132848025,1148,1148,298476491,4,8,2200000,1,4,814192,19,1087,132848025
201612,04,019,4,8,Pima County                   ,183,183,52903660,1,2,346330,0,0,0,1,20,3531369,81,81,22155009,0,0,0,0,0,0,0,0,0
201612,04,021,4,8,Pinal County                  ,266,266,54536081,14,28,1720867,0,0,0,0,0,0,266,266,54536081,14,28,1720867,0,0,0,0,0,0
201612,05,013,3,7,Calhoun County                ,0,0,0,0,0,0,0,0,0,0,0,0,0,0,0,0,0,0,0,0,0,0,0,0
201612,05,035,3,7,Crittenden County             ,4,4,608000,0,0,0,0,0,0,0,0,0,4,4,608000,0,0,0,0,0,0,0,0,0
201612,05,045,3,7,Faulkner County               ,11,11,1540557,0,0,0,1,3,75000,0,0,0,10,10,1284890,0,0,0,1,3,75000,0,0,0
201612,05,053,3,7,Grant County                  ,1,1,121659,0,0,0,0,0,0,0,0,0,0,0,0,0,0,0,0,0,0,0,0,0
201612,05,085,3,7,Lonoke County                 ,19,19,2047915,0,0,0,0,0,0,0,0,0,13,13,1558525,0,0,0,0,0,0,0,0,0
201612,05,087,3,7,Madison County                ,1,1,190000,0,0,0,0,0,0,0,0,0,1,1,190000,0,0,0,0,0,0,0,0,0
201612,05,091,3,7,Miller County                 ,4,4,577081,0,0,0,0,0,0,0,0,0,0,0,0,0,0,0,0,0,0,0,0,0
201612,05,105,3,7,Perry County                  ,0,0,0,0,0,0,0,0,0,0,0,0,0,0,0,0,0,0,0,0,0,0,0,0
201612,05,119,3,7,Pulaski County                ,62,62,15392049,1,2,198000,0,0,0,0,0,0,62,62,15392049,1,2,198000,0,0,0,0,0,0
201612,05,129,3,7,Searcy County                 ,0,0,0,0,0,0,0,0,0,0,0,0,0,0,0,0,0,0,0,0,0,0,0,0
201612,05,143,3,7,Washington County             ,81,81,17778643,6,12,2370000,0,0,0,0,0,0,74,74,16665497,6,12,2370000,0,0,0,0,0,0
201612,06,001,4,9,Alameda County                ,112,112,38634655,1,2,409436,0,0,0,10,435,33209504,75,75,23896548,1,2,409436,0,0,0,3,262,7532998
201612,06,013,4,9,Contra Costa County           ,196,196,65393115,0,0,0,2,6,1689788,2,25,3638334,186,186,63198368,0,0,0,2,6,1689788,0,0,0
201612,06,017,4,9,El Dorado County              ,67,67,24005566,0,0,0,0,0,0,0,0,0,62,62,22542143,0,0,0,0,0,0,0,0,0
201612,06,019,4,9,Fresno County                 ,353,353,89390064,0,0,0,0,0,0,17,133,8954063,268,268,67434903,0,0,0,0,0,0,16,128,8285797
201612,06,037,4,9,Los Angeles County            ,488,488,196900642,48,96,16901868,14,47,15933076,40,1179,199167374,442,442,178468526,48,96,16901868,14,47,15933076,32,1046,175364683
201612,06,041,4,9,Marin County                  ,9,9,9299393,0,0,0,0,0,0,0,0,0,8,8,8557938,0,0,0,0,0,0,0,0,0
201612,06,059,4,9,Orange County                 ,374,374,117965022,10,20,5061269,8,28,6227089,33,806,116107955,337,337,104839757,8,16,3727912,8,28,6227089,31,682,101023594
201612,06,061,4,9,Placer County                 ,156,156,45987370,0,0,0,0,0,0,1,58,8322575,155,155,45660466,0,0,0,0,0,0,1,58,8322575
201612,06,063,4,9,Plumas County                 ,0,0,0,0,0,0,0,0,0,0,0,0,0,0,0,0,0,0,0,0,0,0,0,0
201612,06,067,4,9,Sacramento County             ,295,295,87555812,0,0,0,0,0,0,8,112,15842642,293,293,87085112,0,0,0,0,0,0,8,112,15842642
201612,06,069,4,9,San Benito County             ,41,41,10286445,0,0,0,0,0,0,0,0,0,41,41,10286445,0,0,0,0,0,0,0,0,0
201612,06,071,4,9,San Bernardino County         ,255,255,63029943,36,72,8561313,0,0,0,7,40,4871626,243,243,59962245,36,72,8561313,0,0,0,6,35,4659448
201612,06,073,4,9,San Diego County              ,155,155,48534659,6,12,2294683,5,17,3052874,35,601,143779487,140,140,43113110,6,12,2294683,5,17,3052874,34,593,142179487
201612,06,075,4,9,San Francisco County          ,4,4,1094128,1,2,724700,1,3,468045,5,633,92048961,4,4,1094128,1,2,724700,1,3,468045,5,633,92048961
201612,06,081,4,9,San Mateo County              ,23,23,14266966,1,2,700000,0,0,0,4,38,5557278,1,1,1420907,0,0,0,0,0,0,0,0,0
201612,06,085,4,9,Santa Clara County            ,108,108,34262393,0,0,0,4,14,3198767,18,679,33674911,103,103,31845510,0,0,0,4,14,3198767,18,679,33674911
201612,06,091,4,9,Sierra County                 ,0,0,0,0,0,0,0,0,0,0,0,0,0,0,0,0,0,0,0,0,0,0,0,0
201612,06,113,4,9,Yolo County                   ,41,41,12870052,1,2,399855,0,0,0,0,0,0,41,41,12870052,1,2,399855,0,0,0,0,0,0
201612,08,001,4,8,Adams County                  ,176,176,48222122,0,0,0,0,0,0,0,0,0,158,158,43123070,0,0,0,0,0,0,0,0,0
201612,08,005,4,8,Arapahoe County               ,206,206,55922345,0,0,0,0,0,0,17,357,46452749,202,202,53931349,0,0,0,0,0,0,17,357,46452749
201612,08,014,4,8,Broomfield County             ,31,31,10119836,0,0,0,0,0,0,0,0,0,31,31,10119836,0,0,0,0,0,0,0,0,0
201612,08,015,4,8,Chaffee County                ,8,8,2121474,1,2,323962,0,0,0,0,0,0,0,0,0,0,0,0,0,0,0,0,0,0
201612,08,019,4,8,Clear Creek County            ,2,2,881018,0,0,0,0,0,0,0,0,0,2,2,881018,0,0,0,0,0,0,0,0,0
201612,08,031,4,8,Denver County                 ,206,206,56347611,0,0,0,0,0,0,8,184,24465068,206,206,56347611,0,0,0,0,0,0,8,184,24465068
201612,08,035,4,8,Douglas County                ,164,164,50419071,0,0,0,0,0,0,10,185,20756785,158,158,47997745,0,0,0,0,0,0,10,185,20756785
201612,08,039,4,8,Elbert County                 ,13,13,3840714,0,0,0,0,0,0,0,0,0,13,13,3840714,0,0,0,0,0,0,0,0,0
201612,08,041,4,8,El Paso County                ,237,237,99818723,1,2,284404,0,0,0,10,213,28230704,237,237,99818723,1,2,284404,0,0,0,10,213,28230704
201612,08,047,4,8,Gilpin County                 ,2,2,875000,0,0,0,0,0,0,0,0,0,0,0,0,0,0,0,0,0,0,0,0,0
201612,08,069,4,8,Larimer County                ,116,116,32158262,1,2,244225,0,0,0,1,10,1786051,116,116,32158262,1,2,244225,0,0,0,1,10,1786051
201612,08,077,4,8,Mesa County                   ,47,47,12856008,0,0,0,0,0,0,0,0,0,47,47,12856008,0,0,0,0,0,0,0,0,0
201612,08,093,4,8,Park County                   ,7,7,971542,0,0,0,0,0,0,0,0,0,7,7,971542,0,0,0,0,0,0,0,0,0
201612,08,101,4,8,Pueblo County                 ,18,18,3147741,1,2,252112,0,0,0,1,6,847935,0,0,0,0,0,0,0,0,0,0,0,0
201612,08,119,4,8,Teller County                 ,6,6,1939163,0,0,0,0,0,0,0,0,0,6,6,1939163,0,0,0,0,0,0,0,0,0
201612,09,001,1,1,Fairfield County              ,50,50,25829313,3,6,797560,1,4,571420,0,0,0,29,29,10865169,3,6,797560,1,4,571420,0,0,0
201612,09,003,1,1,Hartford County               ,38,38,7383272,0,0,0,0,0,0,1,5,243431,36,36,6970001,0,0,0,0,0,0,0,0,0
201612,09,007,1,1,Middlesex County              ,10,10,2443754,0,0,0,0,0,0,1,5,314625,7,7,1901157,0,0,0,0,0,0,0,0,0
201612,09,013,1,1,Tolland County                ,11,11,2355677,1,2,165000,0,0,0,1,5,613650,7,7,1451514,1,2,165000,0,0,0,0,0,0
201612,10,001,3,5,Kent County                   ,71,71,10495787,0,0,0,0,0,0,0,0,0,70,70,10291517,0,0,0,0,0,0,0,0,0
201612,10,003,3,5,New Castle County             ,103,103,10182138,0,0,0,0,0,0,2,23,1721212,19,19,2850690,0,0,0,0,0,0,0,0,0
201612,10,005,3,5,Sussex County                 ,212,212,30478737,8,16,2450807,5,20,2279718,1,5,663118,212,212,30478737,8,16,2450807,5,20,2279718,1,5,663118
201612,11,001,3,5,Washington  DC                ,22,22,5012850,0,0,0,0,0,0,4,347,34822803,22,22,5012850,0,0,0,0,0,0,4,347,34822803
201612,12,003,3,5,Baker County                  ,6,6,921078,0,0,0,0,0,0,0,0,0,6,6,921078,0,0,0,0,0,0,0,0,0
201612,12,019,3,5,Clay County                   ,65,65,13737726,0,0,0,0,0,0,0,0,0,54,54,11264661,0,0,0,0,0,0,0,0,0
201612,12,031,3,5,Duval County                  ,277,277,65611913,18,36,3843904,0,0,0,6,300,30106170,269,269,63193697,18,36,3843904,0,0,0,6,300,30106170
201612,12,033,3,5,Escambia County               ,86,86,19595684,0,0,0,0,0,0,4,29,5350000,86,86,19595684,0,0,0,0,0,0,4,29,5350000
201612,12,053,3,5,Hernando County               ,58,58,11601671,0,0,0,0,0,0,0,0,0,58,58,11601671,0,0,0,0,0,0,0,0,0
201612,12,057,3,5,Hillsborough County           ,482,482,149442753,0,0,0,0,0,0,0,0,0,482,482,149442753,0,0,0,0,0,0,0,0,0
201612,12,067,3,5,Lafayette County              ,0,0,0,0,0,0,0,0,0,0,0,0,0,0,0,0,0,0,0,0,0,0,0,0
201612,12,071,3,5,Lee County                    ,267,267,63276738,27,54,6908670,5,20,4951523,1,8,815000,267,267,63276738,27,54,6908670,5,20,4951523,1,8,815000
201612,12,073,3,5,Leon County                   ,41,41,8269198,0,0,0,0,0,0,1,10,853244,17,17,4338851,0,0,0,0,0,0,0,0,0
201612,12,081,3,5,Manatee County                ,159,159,42316947,1,2,826000,3,10,1429020,3,50,9698256,158,158,42169338,1,2,826000,3,10,1429020,3,50,9698256
201612,12,086,3,5,Miami-Dade County             ,197,197,63137996,7,14,3097670,1,3,367981,3,33,4204144,184,184,53961078,7,14,3097670,1,3,367981,3,33,4204144
201612,12,089,3,5,Nassau County                 ,57,57,16771773,0,0,0,0,0,0,0,0,0,57,57,16771773,0,0,0,0,0,0,0,0,0
201612,12,091,3,5,Okaloosa County               ,48,48,15292858,0,0,0,0,0,0,2,16,2754820,45,45,14856289,0,0,0,0,0,0,2,16,2754820
201612,12,095,3,5,Orange County                 ,401,401,98365676,7,14,1999162,14,54,3856898,61,1557,200459908,401,401,98365676,7,14,1999162,14,54,3856898,61,1557,200459908
201612,12,097,3,5,Osceola County                ,265,265,65531538,0,0,0,1,4,644948,0,0,0,205,205,48751930,0,0,0,1,4,644948,0,0,0
201612,12,101,3,5,Pasco County                  ,217,217,49442755,1,2,280000,2,8,346255,1,6,139260,215,215,49078843,0,0,0,2,8,346255,1,6,139260
201612,12,103,3,5,Pinellas County               ,63,63,19001220,0,0,0,0,0,0,2,42,3563213,53,53,15853242,0,0,0,0,0,0,0,0,0
201612,12,109,3,5,St. Johns County              ,216,216,49646070,0,0,0,2,8,1540097,0,0,0,212,212,48609153,0,0,0,2,8,1540097,0,0,0
201612,12,113,3,5,Santa Rosa County             ,117,117,19049859,0,0,0,0,0,0,0,0,0,117,117,19049859,0,0,0,0,0,0,0,0,0
201612,12,115,3,5,Sarasota County               ,216,216,62951415,2,4,756995,3,12,2947303,4,25,4630684,216,216,62951415,2,4,756995,3,12,2947303,4,25,4630684
201612,12,117,3,5,Seminole County               ,53,53,17260772,3,6,628317,0,0,0,17,616,60963074,51,51,16992807,3,6,628317,0,0,0,16,595,59608052
201612,12,129,3,5,Wakulla County                ,28,28,6379990,0,0,0,0,0,0,0,0,0,28,28,6379990,0,0,0,0,0,0,0,0,0
201612,12,131,3,5,Walton County                 ,106,106,41298192,0,0,0,0,0,0,0,0,0,106,106,41298192,0,0,0,0,0,0,0,0,0
201612,12,133,3,5,Washington County             ,3,3,489438,0,0,0,0,0,0,0,0,0,0,0,0,0,0,0,0,0,0,0,0,0
201612,13,007,3,5,Baker County                  ,0,0,0,0,0,0,0,0,0,0,0,0,0,0,0,0,0,0,0,0,0,0,0,0
201612,13,013,3,5,Barrow County                 ,18,18,2309494,0,0,0,0,0,0,0,0,0,12,12,1663975,0,0,0,0,0,0,0,0,0
201612,13,015,3,5,Bartow County                 ,44,44,6040622,0,0,0,0,0,0,0,0,0,30,30,2907205,0,0,0,0,0,0,0,0,0
201612,13,021,3,5,Bibb County                   ,10,10,798250,0,0,0,0,0,0,0,0,0,10,10,798250,0,0,0,0,0,0,0,0,0
201612,13,029,3,5,Bryan County                  ,28,28,5650591,0,0,0,0,0,0,1,5,458333,18,18,4160669,0,0,0,0,0,0,0,0,0
201612,13,033,3,5,Burke County                  ,4,4,695472,0,0,0,0,0,0,0,0,0,0,0,0,0,0,0,0,0,0,0,0,0
201612,13,035,3,5,Butts County                  ,2,2,255000,0,0,0,0,0,0,0,0,0,2,2,255000,0,0,0,0,0,0,0,0,0
201612,13,045,3,5,Carroll County                ,18,18,4929796,0,0,0,0,0,0,0,0,0,18,18,4929796,0,0,0,0,0,0,0,0,0
201612,13,051,3,5,Chatham County                ,50,50,11180338,0,0,0,0,0,0,0,0,0,50,50,11180338,0,0,0,0,0,0,0,0,0
201612,13,057,3,5,Cherokee County               ,133,133,38083078,0,0,0,0,0,0,0,0,0,133,133,38083078,0,0,0,0,0,0,0,0,0
201612,13,059,3,5,Clarke County                 ,8,8,1936880,0,0,0,1,4,255402,0,0,0,8,8,1936880,0,0,0,1,4,255402,0,0,0
201612,13,063,3,5,Clayton County                ,51,51,11620697,0,0,0,0,0,0,0,0,0,51,51,11620697,0,0,0,0,0,0,0,0,0
201612,13,067,3,5,Cobb County                   ,79,79,22616699,0,0,0,2,8,2337153,2,568,32885349,79,79,22616699,0,0,0,2,8,2337153,2,568,32885349
201612,13,073,3,5,Columbia County               ,111,111,18900706,0,0,0,3,12,220000,0,0,0,7,7,1287890,0,0,0,3,12,220000,0,0,0
201612,13,077,3,5,Coweta County                 ,49,49,16786060,0,0,0,0,0,0,0,0,0,46,46,16039213,0,0,0,0,0,0,0,0,0
201612,13,085,3,5,Dawson County                 ,40,40,6419731,0,0,0,0,0,0,0,0,0,40,40,6419731,0,0,0,0,0,0,0,0,0
201612,13,095,3,5,Dougherty County              ,1,1,125372,0,0,0,0,0,0,0,0,0,1,1,125372,0,0,0,0,0,0,0,0,0
201612,13,097,3,5,Douglas County                ,29,29,4578035,0,0,0,0,0,0,0,0,0,29,29,4578035,0,0,0,0,0,0,0,0,0
201612,13,111,3,5,Fannin County                 ,13,13,2654535,0,0,0,0,0,0,0,0,0,13,13,2654535,0,0,0,0,0,0,0,0,0
201612,13,113,3,5,Fayette County                ,29,29,7850887,0,0,0,0,0,0,0,0,0,28,28,7510508,0,0,0,0,0,0,0,0,0
201612,13,117,3,5,Forsyth County                ,146,146,20131945,0,0,0,0,0,0,0,0,0,146,146,20131945,0,0,0,0,0,0,0,0,0
201612,13,121,3,5,Fulton County                 ,203,203,53392425,0,0,0,0,0,0,3,396,80821876,198,198,52748910,0,0,0,0,0,0,3,396,80821876
201612,13,127,3,5,Glynn County                  ,37,37,9759702,0,0,0,0,0,0,0,0,0,0,0,0,0,0,0,0,0,0,0,0,0
201612,13,135,3,5,Gwinnett County               ,223,223,49926949,0,0,0,0,0,0,0,0,0,219,219,48769096,0,0,0,0,0,0,0,0,0
201612,13,143,3,5,Haralson County               ,2,2,451336,0,0,0,0,0,0,0,0,0,0,0,0,0,0,0,0,0,0,0,0,0
201612,13,145,3,5,Harris County                 ,13,13,3313700,0,0,0,0,0,0,0,0,0,13,13,3313700,0,0,0,0,0,0,0,0,0
201612,13,149,3,5,Heard County                  ,3,3,683570,0,0,0,0,0,0,0,0,0,3,3,683570,0,0,0,0,0,0,0,0,0
201612,13,151,3,5,Henry County                  ,87,87,17404330,0,0,0,0,0,0,0,0,0,70,70,15048482,0,0,0,0,0,0,0,0,0
201612,13,159,3,5,Jasper County                 ,5,5,669870,0,0,0,0,0,0,0,0,0,0,0,0,0,0,0,0,0,0,0,0,0
201612,13,171,3,5,Lamar County                  ,8,8,774575,0,0,0,0,0,0,0,0,0,7,7,624575,0,0,0,0,0,0,0,0,0
201612,13,177,3,5,Lee County                    ,11,11,1247530,0,0,0,0,0,0,0,0,0,11,11,1247530,0,0,0,0,0,0,0,0,0
201612,13,179,3,5,Liberty County                ,13,13,2552326,0,0,0,0,0,0,0,0,0,13,13,2552326,0,0,0,0,0,0,0,0,0
201612,13,189,3,5,McDuffie County               ,2,2,353583,0,0,0,0,0,0,0,0,0,0,0,0,0,0,0,0,0,0,0,0,0
201612,13,199,3,5,Meriwether County             ,5,5,981427,0,0,0,0,0,0,0,0,0,4,4,911427,0,0,0,0,0,0,0,0,0
201612,13,201,3,5,Miller County                 ,0,0,0,0,0,0,0,0,0,0,0,0,0,0,0,0,0,0,0,0,0,0,0,0
201612,13,207,3,5,Monroe County                 ,4,4,521600,0,0,0,0,0,0,0,0,0,4,4,521600,0,0,0,0,0,0,0,0,0
201612,13,215,3,5,Muscogee County               ,23,23,4697242,0,0,0,0,0,0,1,21,1987875,0,0,0,0,0,0,0,0,0,0,0,0
201612,13,217,3,5,Newton County                 ,17,17,3873566,0,0,0,0,0,0,0,0,0,17,17,3873566,0,0,0,0,0,0,0,0,0
201612,13,227,3,5,Pickens County                ,4,4,643500,0,0,0,0,0,0,0,0,0,4,4,643500,0,0,0,0,0,0,0,0,0
201612,13,231,3,5,Pike County                   ,14,14,2398000,0,0,0,0,0,0,0,0,0,14,14,2398000,0,0,0,0,0,0,0,0,0
201612,13,235,3,5,Pulaski County                ,1,1,78038,0,0,0,0,0,0,0,0,0,0,0,0,0,0,0,0,0,0,0,0,0
201612,13,245,3,5,Richmond County               ,32,32,6044641,0,0,0,0,0,0,1,20,583871,0,0,0,0,0,0,0,0,0,0,0,0
201612,13,247,3,5,Rockdale County               ,25,25,5772854,0,0,0,0,0,0,0,0,0,25,25,5772854,0,0,0,0,0,0,0,0,0
201612,13,255,3,5,Spalding County               ,11,11,1550285,0,0,0,0,0,0,0,0,0,11,11,1550285,0,0,0,0,0,0,0,0,0
201612,13,275,3,5,Thomas County                 ,2,2,231990,0,0,0,0,0,0,0,0,0,2,2,231990,0,0,0,0,0,0,0,0,0
201612,13,291,3,5,Union County                  ,12,12,3592000,0,0,0,0,0,0,0,0,0,12,12,3592000,0,0,0,0,0,0,0,0,0
201612,15,001,4,9,Hawaii County                 ,86,86,28897215,0,0,0,0,0,0,0,0,0,86,86,28897215,0,0,0,0,0,0,0,0,0
201612,15,003,4,9,Honolulu County               ,62,62,33379673,0,0,0,0,0,0,0,0,0,62,62,33379673,0,0,0,0,0,0,0,0,0
201612,15,007,4,9,Kauai County                  ,15,15,9354956,0,0,0,0,0,0,0,0,0,0,0,0,0,0,0,0,0,0,0,0,0
201612,15,009,4,9,Maui County                   ,28,28,8055975,0,0,0,0,0,0,1,6,10000000,28,28,8055975,0,0,0,0,0,0,1,6,10000000
201612,16,001,4,8,Ada County                    ,229,229,60029474,1,2,412772,0,0,0,2,11,1088483,190,190,45234266,1,2,412772,0,0,0,1,6,490000
201612,16,015,4,8,Boise County                  ,0,0,0,0,0,0,0,0,0,0,0,0,0,0,0,0,0,0,0,0,0,0,0,0
201612,16,027,4,8,Canyon County                 ,73,73,10494298,0,0,0,8,32,2644000,0,0,0,71,71,10159138,0,0,0,8,32,2644000,0,0,0
201612,16,045,4,8,Gem County                    ,3,3,543000,0,0,0,0,0,0,0,0,0,3,3,543000,0,0,0,0,0,0,0,0,0
201612,16,073,4,8,Owyhee County                 ,2,2,366831,0,0,0,0,0,0,0,0,0,0,0,0,0,0,0,0,0,0,0,0,0
201612,17,005,2,3,Bond County                   ,4,4,487228,0,0,0,0,0,0,1,5,150000,0,0,0,0,0,0,0,0,0,0,0,0
201612,17,013,2,3,Calhoun County                ,0,0,0,0,0,0,0,0,0,0,0,0,0,0,0,0,0,0,0,0,0,0,0,0
201612,17,031,2,3,Cook County                   ,98,98,30567773,4,8,2050200,12,42,8920050,17,545,129117485,87,87,26674332,3,6,1702400,12,42,8920050,15,526,126969089
201612,17,037,2,3,DeKalb County                 ,3,3,535000,0,0,0,0,0,0,0,0,0,3,3,535000,0,0,0,0,0,0,0,0,0
201612,17,039,2,3,De Witt County                ,1,1,250000,0,0,0,0,0,0,0,0,0,1,1,250000,0,0,0,0,0,0,0,0,0
201612,17,043,2,3,DuPage County                 ,51,51,23322271,0,0,0,0,0,0,2,13,2178758,44,44,20916107,0,0,0,0,0,0,2,13,2178758
201612,17,063,2,3,Grundy County                 ,4,4,688974,0,0,0,0,0,0,1,8,410256,3,3,528425,0,0,0,0,0,0,0,0,0
201612,17,083,2,3,Jersey County                 ,0,0,0,0,0,0,0,0,0,0,0,0,0,0,0,0,0,0,0,0,0,0,0,0
201612,17,093,2,3,Kendall County                ,12,12,2317492,0,0,0,0,0,0,0,0,0,7,7,1383734,0,0,0,0,0,0,0,0,0
201612,17,097,2,3,Lake County                   ,32,32,12528470,1,2,236880,0,0,0,0,0,0,15,15,5430468,0,0,0,0,0,0,0,0,0
201612,17,111,2,3,McHenry County                ,14,14,3442467,0,0,0,0,0,0,0,0,0,12,12,3258194,0,0,0,0,0,0,0,0,0
201612,17,119,2,3,Madison County                ,21,21,4586316,0,0,0,0,0,0,0,0,0,21,21,4586316,0,0,0,0,0,0,0,0,0
201612,17,133,2,3,Monroe County                 ,5,5,1136406,0,0,0,0,0,0,0,0,0,5,5,1136406,0,0,0,0,0,0,0,0,0
201612,17,197,2,3,Will County                   ,68,68,15848556,0,0,0,0,0,0,0,0,0,60,60,14471451,0,0,0,0,0,0,0,0,0
201612,18,003,2,3,Allen County                  ,63,63,14163368,0,0,0,0,0,0,1,120,3036406,63,63,14163368,0,0,0,0,0,0,1,120,3036406
201612,18,011,2,3,Boone County                  ,21,21,6946080,1,2,321000,0,0,0,0,0,0,21,21,6946080,1,2,321000,0,0,0,0,0,0
201612,18,013,2,3,Brown County                  ,1,1,254135,0,0,0,0,0,0,0,0,0,1,1,254135,0,0,0,0,0,0,0,0,0
201612,18,019,2,3,Clark County                  ,49,49,8431063,1,2,231814,0,0,0,0,0,0,46,46,8013206,1,2,231814,0,0,0,0,0,0
201612,18,047,2,3,Franklin County               ,0,0,0,0,0,0,0,0,0,0,0,0,0,0,0,0,0,0,0,0,0,0,0,0
201612,18,057,2,3,Hamilton County               ,163,163,56098748,3,6,788273,7,23,3205400,3,21,3015957,163,163,56098748,3,6,788273,7,23,3205400,3,21,3015957
201612,18,059,2,3,Hancock County                ,29,29,6596445,0,0,0,0,0,0,0,0,0,29,29,6596445,0,0,0,0,0,0,0,0,0
201612,18,061,2,3,Harrison County               ,3,3,893000,0,0,0,0,0,0,0,0,0,3,3,893000,0,0,0,0,0,0,0,0,0
201612,18,063,2,3,Hendricks County              ,49,49,11841844,0,0,0,0,0,0,0,0,0,46,46,11241241,0,0,0,0,0,0,0,0,0
201612,18,069,2,3,Huntington County             ,1,1,407458,0,0,0,0,0,0,0,0,0,1,1,407458,0,0,0,0,0,0,0,0,0
201612,18,073,2,3,Jasper County                 ,4,4,1016542,0,0,0,0,0,0,0,0,0,4,4,1016542,0,0,0,0,0,0,0,0,0
201612,18,081,2,3,Johnson County                ,32,32,8208151,1,2,299800,0,0,0,0,0,0,30,30,7977013,1,2,299800,0,0,0,0,0,0
201612,18,087,2,3,Lagrange County               ,6,6,1135000,0,0,0,0,0,0,0,0,0,6,6,1135000,0,0,0,0,0,0,0,0,0
201612,18,089,2,3,Lake County                   ,47,47,11067476,1,2,160000,0,0,0,0,0,0,46,46,10879598,1,2,160000,0,0,0,0,0,0
201612,18,097,2,3,Marion County                 ,2,2,463960,0,0,0,0,0,0,0,0,0,2,2,463960,0,0,0,0,0,0,0,0,0
201612,18,105,2,3,Monroe County                 ,19,19,4275659,0,0,0,0,0,0,1,48,5804784,19,19,4275659,0,0,0,0,0,0,1,48,5804784
201612,18,109,2,3,Morgan County                 ,7,7,1641332,0,0,0,0,0,0,0,0,0,7,7,1641332,0,0,0,0,0,0,0,0,0
201612,18,111,2,3,Newton County                 ,1,1,178929,0,0,0,0,0,0,0,0,0,0,0,0,0,0,0,0,0,0,0,0,0
201612,18,115,2,3,Ohio County                   ,1,1,100000,0,0,0,0,0,0,0,0,0,1,1,100000,0,0,0,0,0,0,0,0,0
201612,18,119,2,3,Owen County                   ,2,2,166000,0,0,0,0,0,0,0,0,0,2,2,166000,0,0,0,0,0,0,0,0,0
201612,18,127,2,3,Porter County                 ,24,24,6760093,1,2,150000,0,0,0,1,19,2387728,24,24,6760093,1,2,150000,0,0,0,1,19,2387728
201612,18,133,2,3,Putnam County                 ,2,2,508271,0,0,0,0,0,0,0,0,0,2,2,508271,0,0,0,0,0,0,0,0,0
201612,18,145,2,3,Shelby County                 ,1,1,254135,0,0,0,0,0,0,0,0,0,1,1,254135,0,0,0,0,0,0,0,0,0
201612,18,151,2,3,Steuben County                ,8,8,2577487,1,2,250000,0,0,0,0,0,0,8,8,2577487,1,2,250000,0,0,0,0,0,0
201612,18,157,2,3,Tippecanoe County             ,25,25,5589882,1,2,360000,0,0,0,0,0,0,1,1,176000,0,0,0,0,0,0,0,0,0
201612,18,163,2,3,Vanderburgh County            ,18,18,3178775,1,2,60000,1,4,240000,0,0,0,18,18,3178775,1,2,60000,1,4,240000,0,0,0
201612,18,167,2,3,Vigo County                   ,2,2,315000,1,2,164143,1,3,159188,1,5,552500,0,0,0,0,0,0,0,0,0,0,0,0
201612,18,175,2,3,Washington County             ,2,2,271869,0,0,0,0,0,0,0,0,0,0,0,0,0,0,0,0,0,0,0,0,0
201612,18,183,2,3,Whitley County                ,8,8,1686000,0,0,0,0,0,0,0,0,0,8,8,1686000,0,0,0,0,0,0,0,0,0
201612,19,049,2,4,Dallas County                 ,30,30,8144001,0,0,0,0,0,0,2,48,6776134,28,28,7502802,0,0,0,0,0,0,2,48,6776134
201612,19,085,2,4,Harrison County               ,1,1,120000,0,0,0,0,0,0,0,0,0,1,1,120000,0,0,0,0,0,0,0,0,0
201612,19,129,2,4,Mills County                  ,0,0,0,0,0,0,0,0,0,0,0,0,0,0,0,0,0,0,0,0,0,0,0,0
201612,19,153,2,4,Polk County                   ,196,196,48702517,0,0,0,0,0,0,10,151,17491733,193,193,47996134,0,0,0,0,0,0,9,144,16612060
201612,19,181,2,4,Warren County                 ,18,18,5599506,0,0,0,0,0,0,0,0,0,17,17,5345916,0,0,0,0,0,0,0,0,0
201612,20,091,2,4,Johnson County                ,116,116,40415435,0,0,0,1,3,476764,0,0,0,103,103,35636064,0,0,0,0,0,0,0,0,0
201612,20,103,2,4,Leavenworth County            ,12,12,2294696,0,0,0,0,0,0,0,0,0,11,11,2173531,0,0,0,0,0,0,0,0,0
201612,20,107,2,4,Linn County                   ,2,2,78500,0,0,0,0,0,0,0,0,0,2,2,78500,0,0,0,0,0,0,0,0,0
201612,20,121,2,4,Miami County                  ,6,6,1341014,0,0,0,0,0,0,0,0,0,2,2,277219,0,0,0,0,0,0,0,0,0
201612,20,209,2,4,Wyandotte County              ,21,21,4354272,0,0,0,0,0,0,0,0,0,21,21,4354272,0,0,0,0,0,0,0,0,0
201612,21,005,3,6,Anderson County               ,3,3,602714,0,0,0,0,0,0,0,0,0,3,3,602714,0,0,0,0,0,0,0,0,0
201612,21,015,3,6,Boone County                  ,33,33,5683413,0,0,0,0,0,0,0,0,0,33,33,5683413,0,0,0,0,0,0,0,0,0
201612,21,017,3,6,Bourbon County                ,1,1,125000,0,0,0,0,0,0,0,0,0,1,1,125000,0,0,0,0,0,0,0,0,0
201612,21,021,3,6,Boyle County                  ,6,6,972000,0,0,0,0,0,0,0,0,0,6,6,972000,0,0,0,0,0,0,0,0,0
201612,21,029,3,6,Bullitt County                ,27,27,5596060,0,0,0,0,0,0,0,0,0,0,0,0,0,0,0,0,0,0,0,0,0
201612,21,035,3,6,Calloway County               ,0,0,0,0,0,0,0,0,0,0,0,0,0,0,0,0,0,0,0,0,0,0,0,0
201612,21,037,3,6,Campbell County               ,6,6,1698631,0,0,0,0,0,0,1,14,388000,6,6,1698631,0,0,0,0,0,0,1,14,388000
201612,21,045,3,6,Casey County                  ,0,0,0,0,0,0,0,0,0,0,0,0,0,0,0,0,0,0,0,0,0,0,0,0
201612,21,047,3,6,Christian County              ,2,2,142400,0,0,0,0,0,0,0,0,0,0,0,0,0,0,0,0,0,0,0,0,0
201612,21,049,3,6,Clark County                  ,2,2,356372,0,0,0,0,0,0,0,0,0,0,0,0,0,0,0,0,0,0,0,0,0
201612,21,067,3,6,Fayette County                ,51,51,7733618,1,2,204889,0,0,0,2,42,2405194,0,0,0,0,0,0,0,0,0,0,0,0
201612,21,069,3,6,Fleming County                ,0,0,0,0,0,0,0,0,0,0,0,0,0,0,0,0,0,0,0,0,0,0,0,0
201612,21,077,3,6,Gallatin County               ,0,0,0,0,0,0,0,0,0,0,0,0,0,0,0,0,0,0,0,0,0,0,0,0
201612,21,081,3,6,Grant County                  ,3,3,355000,0,0,0,0,0,0,0,0,0,3,3,355000,0,0,0,0,0,0,0,0,0
201612,21,091,3,6,Hancock County                ,0,0,0,0,0,0,0,0,0,0,0,0,0,0,0,0,0,0,0,0,0,0,0,0
201612,21,099,3,6,Hart County                   ,5,5,486250,0,0,0,0,0,0,1,5,567738,0,0,0,0,0,0,0,0,0,0,0,0
201612,21,101,3,6,Henderson County              ,3,3,324454,0,0,0,0,0,0,0,0,0,3,3,324454,0,0,0,0,0,0,0,0,0
201612,21,103,3,6,Henry County                  ,2,2,328338,0,0,0,0,0,0,0,0,0,0,0,0,0,0,0,0,0,0,0,0,0
201612,21,111,3,6,Jefferson County              ,72,72,15051906,0,0,0,1,4,500000,8,95,5889000,72,72,15051906,0,0,0,1,4,500000,8,95,5889000
201612,21,113,3,6,Jessamine County              ,14,14,4007466,0,0,0,1,4,500000,0,0,0,7,7,1065000,0,0,0,1,4,500000,0,0,0
201612,21,115,3,6,Johnson County                ,0,0,0,0,0,0,0,0,0,0,0,0,0,0,0,0,0,0,0,0,0,0,0,0
201612,21,117,3,6,Kenton County                 ,13,13,3322515,0,0,0,0,0,0,0,0,0,13,13,3322515,0,0,0,0,0,0,0,0,0
201612,21,121,3,6,Knox County                   ,0,0,0,0,0,0,0,0,0,0,0,0,0,0,0,0,0,0,0,0,0,0,0,0
201612,21,123,3,6,Larue County                  ,0,0,0,0,0,0,0,0,0,0,0,0,0,0,0,0,0,0,0,0,0,0,0,0
201612,21,137,3,6,Lincoln County                ,1,1,204195,0,0,0,0,0,0,0,0,0,1,1,204195,0,0,0,0,0,0,0,0,0
201612,21,145,3,6,McCracken County              ,7,7,2277533,0,0,0,0,0,0,0,0,0,7,7,2277533,0,0,0,0,0,0,0,0,0
201612,21,151,3,6,Madison County                ,16,16,1393782,1,2,112996,0,0,0,1,5,168572,4,4,355000,0,0,0,0,0,0,0,0,0
201612,21,157,3,6,Marshall County               ,3,3,528500,0,0,0,0,0,0,0,0,0,3,3,528500,0,0,0,0,0,0,0,0,0
201612,21,161,3,6,Mason County                  ,0,0,0,0,0,0,0,0,0,0,0,0,0,0,0,0,0,0,0,0,0,0,0,0
201612,21,163,3,6,Meade County                  ,3,3,420000,0,0,0,0,0,0,0,0,0,3,3,420000,0,0,0,0,0,0,0,0,0
201612,21,167,3,6,Mercer County                 ,5,5,700874,1,2,137500,0,0,0,0,0,0,0,0,0,0,0,0,0,0,0,0,0,0
201612,21,175,3,6,Morgan County                 ,2,2,150000,0,0,0,0,0,0,0,0,0,0,0,0,0,0,0,0,0,0,0,0,0
201612,21,179,3,6,Nelson County                 ,8,8,1341000,0,0,0,0,0,0,0,0,0,8,8,1341000,0,0,0,0,0,0,0,0,0
201612,21,185,3,6,Oldham County                 ,24,24,6410674,0,0,0,0,0,0,0,0,0,0,0,0,0,0,0,0,0,0,0,0,0
201612,21,191,3,6,Pendleton County              ,0,0,0,0,0,0,0,0,0,0,0,0,0,0,0,0,0,0,0,0,0,0,0,0
201612,21,209,3,6,Scott County                  ,20,20,4125967,0,0,0,0,0,0,0,0,0,20,20,4125967,0,0,0,0,0,0,0,0,0
201612,21,211,3,6,Shelby County                 ,17,17,3080625,0,0,0,0,0,0,0,0,0,17,17,3080625,0,0,0,0,0,0,0,0,0
201612,21,213,3,6,Simpson County                ,4,4,609614,1,2,142000,1,3,262500,0,0,0,0,0,0,0,0,0,0,0,0,0,0,0
201612,21,215,3,6,Spencer County                ,11,11,2506425,0,0,0,0,0,0,0,0,0,11,11,2506425,0,0,0,0,0,0,0,0,0
201612,21,221,3,6,Trigg County                  ,1,1,227857,0,0,0,0,0,0,0,0,0,1,1,227857,0,0,0,0,0,0,0,0,0
201612,21,225,3,6,Union County                  ,1,1,215501,0,0,0,0,0,0,0,0,0,0,0,0,0,0,0,0,0,0,0,0,0
201612,21,239,3,6,Woodford County               ,19,19,2118350,0,0,0,0,0,0,0,0,0,19,19,2118350,0,0,0,0,0,0,0,0,0
201612,22,005,3,7,Ascension Parish              ,67,67,10886227,0,0,0,0,0,0,0,0,0,4,4,696900,0,0,0,0,0,0,0,0,0
201612,22,015,3,7,Bossier Parish                ,45,45,7998025,0,0,0,0,0,0,0,0,0,21,21,3716000,0,0,0,0,0,0,0,0,0
201612,22,017,3,7,Caddo Parish                  ,24,24,6605303,0,0,0,0,0,0,0,0,0,24,24,6605303,0,0,0,0,0,0,0,0,0
201612,22,031,3,7,De Soto Parish                ,5,5,1113853,0,0,0,0,0,0,0,0,0,0,0,0,0,0,0,0,0,0,0,0,0
201612,22,033,3,7,East Baton Rouge Parish       ,134,134,33349256,0,0,0,0,0,0,0,0,0,133,133,33209256,0,0,0,0,0,0,0,0,0
201612,22,037,3,7,East Feliciana Parish         ,4,4,816780,0,0,0,0,0,0,0,0,0,4,4,816780,0,0,0,0,0,0,0,0,0
201612,22,047,3,7,Iberville Parish              ,20,20,4151196,0,0,0,0,0,0,0,0,0,14,14,3044746,0,0,0,0,0,0,0,0,0
201612,22,051,3,7,Jefferson Parish              ,29,29,5827948,1,2,106060,0,0,0,0,0,0,1,1,340000,0,0,0,0,0,0,0,0,0
201612,22,055,3,7,Lafayette Parish              ,89,89,19961390,0,0,0,0,0,0,0,0,0,78,78,18603876,0,0,0,0,0,0,0,0,0
201612,22,063,3,7,Livingston Parish             ,60,60,12859453,0,0,0,0,0,0,0,0,0,1,1,260000,0,0,0,0,0,0,0,0,0
201612,22,071,3,7,Orleans Parish                ,11,11,2378434,1,2,221364,0,0,0,1,23,2857080,0,0,0,0,0,0,0,0,0,0,0,0
201612,22,075,3,7,Plaquemines Parish            ,4,4,1206000,0,0,0,0,0,0,0,0,0,4,4,1206000,0,0,0,0,0,0,0,0,0
201612,22,077,3,7,Pointe Coupee Parish          ,5,5,1051486,0,0,0,0,0,0,0,0,0,5,5,1051486,0,0,0,0,0,0,0,0,0
201612,22,087,3,7,St. Bernard Parish            ,11,11,2006000,0,0,0,0,0,0,0,0,0,11,11,2006000,0,0,0,0,0,0,0,0,0
201612,22,089,3,7,St. Charles Parish            ,17,17,4875414,0,0,0,0,0,0,0,0,0,17,17,4875414,0,0,0,0,0,0,0,0,0
201612,22,091,3,7,St. Helena Parish             ,0,0,0,0,0,0,0,0,0,0,0,0,0,0,0,0,0,0,0,0,0,0,0,0
201612,22,095,3,7,St. John the Baptist Parish   ,5,5,659560,0,0,0,0,0,0,0,0,0,5,5,659560,0,0,0,0,0,0,0,0,0
201612,22,099,3,7,St. Martin Parish             ,10,10,1944500,0,0,0,0,0,0,0,0,0,10,10,1944500,0,0,0,0,0,0,0,0,0
201612,22,103,3,7,St. Tammany Parish            ,108,108,26339689,0,0,0,0,0,0,0,0,0,105,105,25296884,0,0,0,0,0,0,0,0,0
201612,22,109,3,7,Terrebonne Parish             ,15,15,3472601,0,0,0,0,0,0,0,0,0,15,15,3472601,0,0,0,0,0,0,0,0,0
201612,22,121,3,7,West Baton Rouge Parish       ,31,31,4787707,0,0,0,0,0,0,0,0,0,30,30,4696645,0,0,0,0,0,0,0,0,0
201612,22,125,3,7,West Feliciana Parish         ,1,1,576896,0,0,0,0,0,0,0,0,0,1,1,576896,0,0,0,0,0,0,0,0,0
201612,23,000,1,1,Maine Unorganized Territory   ,4,4,531201,0,0,0,0,0,0,0,0,0,0,0,0,0,0,0,0,0,0,0,0,0
201612,24,003,3,5,Anne Arundel County           ,145,145,32815573,0,0,0,0,0,0,2,15,1626722,141,141,32127808,0,0,0,0,0,0,1,10,1003539
201612,24,005,3,5,Baltimore County              ,61,61,13899265,0,0,0,0,0,0,0,0,0,61,61,13899265,0,0,0,0,0,0,0,0,0
201612,24,009,3,5,Calvert County                ,26,26,5854557,0,0,0,0,0,0,0,0,0,0,0,0,0,0,0,0,0,0,0,0,0
201612,24,013,3,5,Carroll County                ,20,20,4557136,0,0,0,0,0,0,0,0,0,20,20,4557136,0,0,0,0,0,0,0,0,0
201612,24,015,3,5,Cecil County                  ,6,6,1939285,0,0,0,0,0,0,0,0,0,6,6,1939285,0,0,0,0,0,0,0,0,0
201612,24,017,3,5,Charles County                ,69,69,14858132,0,0,0,0,0,0,0,0,0,62,62,13517700,0,0,0,0,0,0,0,0,0
201612,24,021,3,5,Frederick County              ,62,62,15297063,0,0,0,0,0,0,1,14,1400000,62,62,15297063,0,0,0,0,0,0,1,14,1400000
201612,24,023,3,5,Garrett County                ,1,1,200000,0,0,0,0,0,0,0,0,0,1,1,200000,0,0,0,0,0,0,0,0,0
201612,24,025,3,5,Harford County                ,29,29,7070452,0,0,0,0,0,0,0,0,0,24,24,5312850,0,0,0,0,0,0,0,0,0
201612,24,027,3,5,Howard County                 ,89,89,20279255,0,0,0,0,0,0,0,0,0,89,89,20279255,0,0,0,0,0,0,0,0,0
201612,24,031,3,5,Montgomery County             ,86,86,19359987,0,0,0,0,0,0,0,0,0,86,86,19359987,0,0,0,0,0,0,0,0,0
201612,24,033,3,5,Prince George County          ,136,136,30988524,0,0,0,0,0,0,0,0,0,136,136,30988524,0,0,0,0,0,0,0,0,0
201612,24,035,3,5,Queen Anne County             ,11,11,2506425,0,0,0,0,0,0,0,0,0,11,11,2506425,0,0,0,0,0,0,0,0,0
201612,24,037,3,5,St. Mary's County             ,63,63,13549000,0,0,0,0,0,0,0,0,0,63,63,13549000,0,0,0,0,0,0,0,0,0
201612,24,037,3,5,St. Marys County              ,63,63,13549000,0,0,0,0,0,0,0,0,0,63,63,13549000,0,0,0,0,0,0,0,0,0
201612,24,039,3,5,Somerset County               ,5,5,879607,0,0,0,0,0,0,0,0,0,3,3,458900,0,0,0,0,0,0,0,0,0
201612,24,045,3,5,Wicomico County               ,8,8,1559753,0,0,0,0,0,0,0,0,0,8,8,1559753,0,0,0,0,0,0,0,0,0
201612,24,510,3,5,Baltimore (Independent City)  ,17,17,2406820,1,2,209000,0,0,0,1,64,10461767,0,0,0,0,0,0,0,0,0,0,0,0
201612,25,005,1,1,Bristol County                ,55,55,10958350,0,0,0,0,0,0,0,0,0,39,39,7278235,0,0,0,0,0,0,0,0,0
201612,25,009,1,1,Essex County                  ,64,64,18432153,2,4,585000,0,0,0,1,8,1045062,41,41,10777883,2,4,585000,0,0,0,0,0,0
201612,25,017,1,1,Middlesex County              ,115,115,39102581,12,24,4689211,0,0,0,8,156,22092028,94,94,33369401,8,16,3212783,0,0,0,3,91,10122068
201612,25,021,1,1,Norfolk County                ,70,70,33787261,2,4,10099002,0,0,0,4,25,1832904,54,54,26212391,2,4,10099002,0,0,0,0,0,0
201612,25,023,1,1,Plymouth County               ,75,75,18663062,2,4,603000,0,0,0,1,5,649208,53,53,13594036,1,2,250000,0,0,0,0,0,0
201612,25,025,1,1,Suffolk County                ,9,9,2255754,10,20,2657234,3,9,1670000,6,160,54500472,8,8,2094044,10,20,2657234,3,9,1670000,4,143,52062382
201612,26,000,2,3,Michigan Balance of State     ,3,3,573445,0,0,0,0,0,0,0,0,0,0,0,0,0,0,0,0,0,0,0,0,0
201612,26,019,2,3,Benzie County                 ,4,4,552914,0,0,0,0,0,0,0,0,0,4,4,552914,0,0,0,0,0,0,0,0,0
201612,26,029,2,3,Charlevoix County             ,1,1,284463,1,2,659319,0,0,0,0,0,0,0,0,0,0,0,0,0,0,0,0,0,0
201612,26,089,2,3,Leelanau County               ,8,8,1913201,0,0,0,0,0,0,0,0,0,8,8,1913201,0,0,0,0,0,0,0,0,0
201612,26,093,2,3,Livingston County             ,30,30,7727326,0,0,0,0,0,0,0,0,0,28,28,7523183,0,0,0,0,0,0,0,0,0
201612,26,095,2,3,Luce County                   ,0,0,0,0,0,0,0,0,0,0,0,0,0,0,0,0,0,0,0,0,0,0,0,0
201612,26,099,2,3,Macomb County                 ,68,68,19322787,4,8,1120000,0,0,0,0,0,0,68,68,19322787,4,8,1120000,0,0,0,0,0,0
201612,26,103,2,3,Marquette County              ,1,1,250000,0,0,0,0,0,0,0,0,0,1,1,250000,0,0,0,0,0,0,0,0,0
201612,26,137,2,3,Otsego County                 ,1,1,81000,0,0,0,0,0,0,0,0,0,0,0,0,0,0,0,0,0,0,0,0,0
201612,26,147,2,3,St. Clair County              ,9,9,1741309,0,0,0,0,0,0,0,0,0,8,8,1577976,0,0,0,0,0,0,0,0,0
201612,26,163,2,3,Wayne County                  ,41,41,12864872,0,0,0,0,0,0,0,0,0,35,35,11785750,0,0,0,0,0,0,0,0,0
201612,27,003,2,4,Anoka County                  ,74,74,19699524,0,0,0,0,0,0,0,0,0,66,66,17427720,0,0,0,0,0,0,0,0,0
201612,27,019,2,4,Carver County                 ,44,44,12119974,0,0,0,2,8,1092136,3,18,2194346,44,44,12119974,0,0,0,2,8,1092136,3,18,2194346
201612,27,025,2,4,Chisago County                ,11,11,1785053,0,0,0,0,0,0,0,0,0,11,11,1785053,0,0,0,0,0,0,0,0,0
201612,27,027,2,4,Clay County                   ,0,0,0,0,0,0,0,0,0,3,39,3300000,0,0,0,0,0,0,0,0,0,3,39,3300000
201612,27,037,2,4,Dakota County                 ,94,94,28617791,0,0,0,0,0,0,0,0,0,89,89,26847307,0,0,0,0,0,0,0,0,0
201612,27,053,2,4,Hennepin County               ,148,148,56683550,0,0,0,1,4,1529667,5,729,136774816,140,140,51894877,0,0,0,1,4,1529667,4,703,131719709
201612,27,059,2,4,Isanti County                 ,8,8,1272351,0,0,0,0,0,0,0,0,0,8,8,1272351,0,0,0,0,0,0,0,0,0
201612,27,123,2,4,Ramsey County                 ,25,25,6369911,0,0,0,1,4,600000,1,32,3194000,25,25,6369911,0,0,0,1,4,600000,1,32,3194000
201612,27,139,2,4,Scott County                  ,38,38,13159358,0,0,0,0,0,0,0,0,0,37,37,12835072,0,0,0,0,0,0,0,0,0
201612,27,141,2,4,Sherburne County              ,24,24,4599977,0,0,0,0,0,0,1,38,393400,24,24,4599977,0,0,0,0,0,0,1,38,393400
201612,27,163,2,4,Washington County             ,58,58,19922973,0,0,0,0,0,0,1,64,13240000,54,54,18115424,0,0,0,0,0,0,1,64,13240000
201612,27,171,2,4,Wright County                 ,42,42,11691196,0,0,0,0,0,0,0,0,0,37,37,10655034,0,0,0,0,0,0,0,0,0
201612,28,033,3,6,DeSoto County                 ,65,65,10903359,0,0,0,0,0,0,0,0,0,42,42,5712990,0,0,0,0,0,0,0,0,0
201612,28,041,3,6,Greene County                 ,0,0,0,0,0,0,0,0,0,0,0,0,0,0,0,0,0,0,0,0,0,0,0,0
201612,28,045,3,6,Hancock County                ,34,34,5789418,0,0,0,1,4,401445,1,9,761964,11,11,2394399,0,0,0,0,0,0,0,0,0
201612,28,047,3,6,Harrison County               ,54,54,9057777,2,4,517500,0,0,0,0,0,0,46,46,8148969,1,2,272500,0,0,0,0,0,0
201612,28,067,3,6,Jones County                  ,3,3,429571,0,0,0,0,0,0,0,0,0,0,0,0,0,0,0,0,0,0,0,0,0
201612,28,137,3,6,Tate County                   ,10,10,1579000,0,0,0,0,0,0,0,0,0,10,10,1579000,0,0,0,0,0,0,0,0,0
201612,28,143,3,6,Tunica County                 ,1,1,80320,0,0,0,0,0,0,0,0,0,0,0,0,0,0,0,0,0,0,0,0,0
201612,28,145,3,6,Union County                  ,1,1,180000,0,0,0,0,0,0,0,0,0,1,1,180000,0,0,0,0,0,0,0,0,0
201612,28,149,3,6,Warren County                 ,0,0,0,0,0,0,0,0,0,0,0,0,0,0,0,0,0,0,0,0,0,0,0,0
201612,29,013,2,4,Bates County                  ,1,1,250000,0,0,0,0,0,0,0,0,0,1,1,250000,0,0,0,0,0,0,0,0,0
201612,29,019,2,4,Boone County                  ,47,47,10781763,1,2,150000,0,0,0,1,33,5500000,47,47,10781763,1,2,150000,0,0,0,1,33,5500000
201612,29,049,2,4,Clinton County                ,2,2,411505,0,0,0,0,0,0,0,0,0,0,0,0,0,0,0,0,0,0,0,0,0
201612,29,065,2,4,Dent County                   ,0,0,0,0,0,0,0,0,0,0,0,0,0,0,0,0,0,0,0,0,0,0,0,0
201612,29,071,2,4,Franklin County               ,16,16,3224757,0,0,0,0,0,0,0,0,0,14,14,2965757,0,0,0,0,0,0,0,0,0
201612,29,095,2,4,Jackson County                ,121,121,30079217,1,2,90000,4,16,1424000,3,166,8167957,121,121,30079217,1,2,90000,4,16,1424000,3,166,8167957
201612,29,099,2,4,Jefferson County              ,40,40,4992822,0,0,0,0,0,0,0,0,0,38,38,4787591,0,0,0,0,0,0,0,0,0
201612,29,105,2,4,Laclede County                ,1,1,182000,1,2,267600,0,0,0,0,0,0,1,1,182000,1,2,267600,0,0,0,0,0,0
201612,29,107,2,4,Lafayette County              ,2,2,459802,0,0,0,0,0,0,0,0,0,0,0,0,0,0,0,0,0,0,0,0,0
201612,29,113,2,4,Lincoln County                ,49,49,11794093,0,0,0,0,0,0,0,0,0,49,49,11794093,0,0,0,0,0,0,0,0,0
201612,29,165,2,4,Platte County                 ,13,13,4497762,0,0,0,0,0,0,1,7,460185,11,11,3943883,0,0,0,0,0,0,0,0,0
201612,29,185,2,4,St. Clair County              ,0,0,0,0,0,0,0,0,0,0,0,0,0,0,0,0,0,0,0,0,0,0,0,0
201612,29,189,2,4,St. Louis County              ,90,90,35196184,0,0,0,0,0,0,5,215,22456242,82,82,32650679,0,0,0,0,0,0,3,198,20656075
201612,29,219,2,4,Warren County                 ,6,6,1189427,0,0,0,0,0,0,0,0,0,5,5,994406,0,0,0,0,0,0,0,0,0
201612,29,221,2,4,Washington County             ,0,0,0,0,0,0,0,0,0,0,0,0,0,0,0,0,0,0,0,0,0,0,0,0
201612,29,510,2,4,St. Louis (Independent City)  ,6,6,888000,0,0,0,0,0,0,0,0,0,6,6,888000,0,0,0,0,0,0,0,0,0
201612,30,033,4,8,Garfield County               ,0,0,0,0,0,0,0,0,0,0,0,0,0,0,0,0,0,0,0,0,0,0,0,0
201612,30,063,4,8,Missoula County               ,19,19,4178268,0,0,0,1,4,191229,0,0,0,19,19,4178268,0,0,0,1,4,191229,0,0,0
201612,30,093,4,8,Silver Bow County             ,1,1,89148,0,0,0,0,0,0,0,0,0,1,1,89148,0,0,0,0,0,0,0,0,0
201612,31,001,2,4,Adams County                  ,2,2,562592,0,0,0,0,0,0,0,0,0,1,1,338518,0,0,0,0,0,0,0,0,0
201612,31,025,2,4,Cass County                   ,8,8,1252240,4,8,914800,0,0,0,0,0,0,8,8,1252240,4,8,914800,0,0,0,0,0,0
201612,31,033,2,4,Cheyenne County               ,0,0,0,0,0,0,0,0,0,0,0,0,0,0,0,0,0,0,0,0,0,0,0,0
201612,31,055,2,4,Douglas County                ,106,106,17403666,0,0,0,0,0,0,4,60,3234527,106,106,17403666,0,0,0,0,0,0,4,60,3234527
201612,31,105,2,4,Kimball County                ,0,0,0,0,0,0,0,0,0,0,0,0,0,0,0,0,0,0,0,0,0,0,0,0
201612,31,153,2,4,Sarpy County                  ,77,77,20748047,0,0,0,0,0,0,0,0,0,77,77,20748047,0,0,0,0,0,0,0,0,0
201612,31,165,2,4,Sioux County                  ,0,0,0,0,0,0,0,0,0,0,0,0,0,0,0,0,0,0,0,0,0,0,0,0
201612,31,177,2,4,Washington County             ,5,5,1284650,0,0,0,0,0,0,0,0,0,3,3,845916,0,0,0,0,0,0,0,0,0
201612,32,001,4,8,Churchill County              ,3,3,753493,0,0,0,0,0,0,0,0,0,3,3,753493,0,0,0,0,0,0,0,0,0
201612,32,003,4,8,Clark County                  ,642,642,123074666,0,0,0,0,0,0,62,873,67367806,642,642,123074666,0,0,0,0,0,0,62,873,67367806
201612,32,005,4,8,Douglas County                ,10,10,2929569,0,0,0,0,0,0,0,0,0,10,10,2929569,0,0,0,0,0,0,0,0,0
201612,32,007,4,8,Elko County                   ,6,6,752381,0,0,0,0,0,0,0,0,0,6,6,752381,0,0,0,0,0,0,0,0,0
201612,32,013,4,8,Humboldt County               ,0,0,0,0,0,0,0,0,0,0,0,0,0,0,0,0,0,0,0,0,0,0,0,0
201612,32,015,4,8,Lander County                 ,0,0,0,0,0,0,0,0,0,0,0,0,0,0,0,0,0,0,0,0,0,0,0,0
201612,32,017,4,8,Lincoln County                ,1,1,263414,0,0,0,0,0,0,0,0,0,0,0,0,0,0,0,0,0,0,0,0,0
201612,32,019,4,8,Lyon County                   ,16,16,3491199,0,0,0,0,0,0,0,0,0,16,16,3491199,0,0,0,0,0,0,0,0,0
201612,32,021,4,8,Mineral County                ,0,0,0,0,0,0,0,0,0,0,0,0,0,0,0,0,0,0,0,0,0,0,0,0
201612,32,027,4,8,Pershing County               ,0,0,0,0,0,0,0,0,0,0,0,0,0,0,0,0,0,0,0,0,0,0,0,0
201612,32,029,4,8,Storey County                 ,0,0,0,0,0,0,0,0,0,0,0,0,0,0,0,0,0,0,0,0,0,0,0,0
201612,32,031,4,8,Washoe County                 ,139,139,36912877,0,0,0,0,0,0,16,210,27038886,139,139,36912877,0,0,0,0,0,0,16,210,27038886
201612,32,033,4,8,White Pine County             ,0,0,0,0,0,0,0,0,0,0,0,0,0,0,0,0,0,0,0,0,0,0,0,0
201612,32,510,4,8,Carson City (Independent City),14,14,3685987,0,0,0,0,0,0,0,0,0,14,14,3685987,0,0,0,0,0,0,0,0,0
201612,33,015,1,1,Rockingham County             ,58,58,12831603,8,16,1800000,0,0,0,0,0,0,39,39,9476884,7,14,1500000,0,0,0,0,0,0
201612,33,017,1,1,Strafford County              ,24,24,4186762,3,6,430479,2,7,611820,1,36,2569000,22,22,3761059,3,6,430479,1,4,288400,1,36,2569000
201612,34,001,1,2,Atlantic County               ,21,21,4747911,0,0,0,0,0,0,1,15,2240144,16,16,4384928,0,0,0,0,0,0,0,0,0
201612,34,003,1,2,Bergen County                 ,81,81,24350808,7,14,2459432,0,0,0,7,52,3133295,58,58,16681143,3,6,1198000,0,0,0,1,5,275000
201612,34,005,1,2,Burlington County             ,49,49,6696499,2,4,629950,0,0,0,11,137,7355946,37,37,4587090,2,4,629950,0,0,0,10,132,6890800
201612,34,007,1,2,Camden County                 ,24,24,3693504,0,0,0,0,0,0,2,10,756481,16,16,2463539,0,0,0,0,0,0,0,0,0
201612,34,009,1,2,Cape May County               ,60,60,17206621,10,20,3565900,0,0,0,0,0,0,59,59,17073265,10,20,3565900,0,0,0,0,0,0
201612,34,011,1,2,Cumberland County             ,12,12,1205432,0,0,0,0,0,0,1,5,666180,1,1,18000,0,0,0,0,0,0,0,0,0
201612,34,013,1,2,Essex County                  ,25,25,4968812,2,4,174500,2,6,855701,4,194,10929990,5,5,3887100,2,4,174500,1,3,10000,1,128,8171000
201612,34,015,1,2,Gloucester County             ,31,31,4590772,0,0,0,0,0,0,2,48,2040000,22,22,3677410,0,0,0,0,0,0,2,48,2040000
201612,34,017,1,2,Hudson County                 ,19,19,2360850,3,6,480750,4,12,3320500,7,408,76516400,19,19,2360850,3,6,480750,4,12,3320500,7,408,76516400
201612,34,019,1,2,Hunterdon County              ,20,20,5247190,0,0,0,0,0,0,1,8,325432,17,17,4498400,0,0,0,0,0,0,0,0,0
201612,34,021,1,2,Mercer County                 ,16,16,4303116,0,0,0,0,0,0,1,5,335547,5,5,2256499,0,0,0,0,0,0,0,0,0
201612,34,023,1,2,Middlesex County              ,56,56,10674387,1,2,2000,0,0,0,20,301,13662473,42,42,8038394,1,2,2000,0,0,0,19,282,12766500
201612,34,025,1,2,Monmouth County               ,80,80,19429086,1,2,178635,1,3,22500,9,254,5007025,67,67,16455311,0,0,0,1,3,22500,9,254,5007025
201612,34,027,1,2,Morris County                 ,40,40,8916966,0,0,0,0,0,0,4,37,2191162,15,15,4151360,0,0,0,0,0,0,0,0,0
201612,34,029,1,2,Ocean County                  ,178,178,35057562,0,0,0,0,0,0,0,0,0,172,172,33873326,0,0,0,0,0,0,0,0,0
201612,34,031,1,2,Passaic County                ,7,7,1233488,1,2,160746,0,0,0,2,10,620474,2,2,405756,0,0,0,0,0,0,0,0,0
201612,34,033,1,2,Salem County                  ,7,7,898240,0,0,0,0,0,0,0,0,0,5,5,651000,0,0,0,0,0,0,0,0,0
201612,34,035,1,2,Somerset County               ,22,22,4341985,0,0,0,0,0,0,6,67,4146424,21,21,4263165,0,0,0,0,0,0,4,48,2900440
201612,34,037,1,2,Sussex County                 ,3,3,709685,1,2,203000,0,0,0,1,65,9799379,0,0,0,1,2,203000,0,0,0,1,65,9799379
201612,34,039,1,2,Union County                  ,30,30,5980586,10,20,2062575,0,0,0,6,40,1293063,14,14,3803000,9,18,1859700,0,0,0,1,6,70000
201612,34,041,1,2,Warren County                 ,2,2,1320600,0,0,0,0,0,0,0,0,0,2,2,1320600,0,0,0,0,0,0,0,0,0
201612,35,000,4,8,New Mexico Balance of State   ,23,23,6290721,0,0,0,0,0,0,0,0,0,0,0,0,0,0,0,0,0,0,0,0,0
201612,35,001,4,8,Bernalillo County             ,94,94,20308039,0,0,0,0,0,0,1,18,1655535,8,8,3459577,0,0,0,0,0,0,0,0,0
201612,35,005,4,8,Chaves County                 ,7,7,951290,0,0,0,0,0,0,0,0,0,7,7,951290,0,0,0,0,0,0,0,0,0
201612,35,007,4,8,Colfax County                 ,0,0,0,0,0,0,0,0,0,0,0,0,0,0,0,0,0,0,0,0,0,0,0,0
201612,35,009,4,8,Curry County                  ,1,1,287689,0,0,0,0,0,0,0,0,0,1,1,287689,0,0,0,0,0,0,0,0,0
201612,35,013,4,8,Dona Ana County               ,60,60,12482962,1,2,127920,0,0,0,0,0,0,43,43,9260300,1,2,127920,0,0,0,0,0,0
201612,35,015,4,8,Eddy County                   ,4,4,707000,0,0,0,0,0,0,0,0,0,4,4,707000,0,0,0,0,0,0,0,0,0
201612,35,017,4,8,Grant County                  ,2,2,351893,0,0,0,0,0,0,0,0,0,0,0,0,0,0,0,0,0,0,0,0,0
201612,35,025,4,8,Lea County                    ,5,5,997751,0,0,0,0,0,0,0,0,0,5,5,997751,0,0,0,0,0,0,0,0,0
201612,35,027,4,8,Lincoln County                ,4,4,1006222,0,0,0,0,0,0,0,0,0,0,0,0,0,0,0,0,0,0,0,0,0
201612,35,028,4,8,Los Alamos County             ,1,1,337135,0,0,0,0,0,0,0,0,0,0,0,0,0,0,0,0,0,0,0,0,0
201612,35,029,4,8,Luna County                   ,2,2,575427,0,0,0,0,0,0,0,0,0,2,2,575427,0,0,0,0,0,0,0,0,0
201612,35,031,4,8,McKinley County               ,1,1,125000,0,0,0,0,0,0,0,0,0,1,1,125000,0,0,0,0,0,0,0,0,0
201612,35,035,4,8,Otero County                  ,0,0,0,0,0,0,0,0,0,0,0,0,0,0,0,0,0,0,0,0,0,0,0,0
201612,35,041,4,8,Roosevelt County              ,0,0,0,0,0,0,0,0,0,0,0,0,0,0,0,0,0,0,0,0,0,0,0,0
201612,35,043,4,8,Sandoval County               ,71,71,13849335,0,0,0,1,4,335413,1,6,250000,0,0,0,0,0,0,0,0,0,0,0,0
201612,35,045,4,8,San Juan County               ,7,7,1652334,0,0,0,0,0,0,0,0,0,2,2,409350,0,0,0,0,0,0,0,0,0
201612,35,047,4,8,San Miguel County             ,0,0,0,0,0,0,0,0,0,0,0,0,0,0,0,0,0,0,0,0,0,0,0,0
201612,35,049,4,8,Santa Fe County               ,10,10,2420643,0,0,0,0,0,0,0,0,0,0,0,0,0,0,0,0,0,0,0,0,0
201612,35,051,4,8,Sierra County                 ,0,0,0,0,0,0,0,0,0,0,0,0,0,0,0,0,0,0,0,0,0,0,0,0
201612,35,053,4,8,Socorro County                ,0,0,0,0,0,0,0,0,0,0,0,0,0,0,0,0,0,0,0,0,0,0,0,0
201612,35,055,4,8,Taos County                   ,5,5,548279,0,0,0,0,0,0,0,0,0,0,0,0,0,0,0,0,0,0,0,0,0
201612,35,061,4,8,Valencia County               ,8,8,867296,0,0,0,0,0,0,0,0,0,0,0,0,0,0,0,0,0,0,0,0,0
201612,36,001,1,2,Albany County                 ,28,28,7945904,0,0,0,0,0,0,2,20,3408608,26,26,7487964,0,0,0,0,0,0,1,8,1440000
201612,36,005,1,2,Bronx County                  ,0,0,0,1,2,265723,0,0,0,12,753,101600031,0,0,0,1,2,265723,0,0,0,12,753,101600031
201612,36,029,1,2,Erie County                   ,42,42,12543874,1,2,100000,0,0,0,4,44,3479681,25,25,8356005,1,2,100000,0,0,0,2,16,700000
201612,36,047,1,2,Kings County                  ,6,6,1570533,3,6,797170,6,19,2456472,21,329,44390983,6,6,1570533,3,6,797170,6,19,2456472,21,329,44390983
201612,36,051,1,2,Livingston County             ,2,2,375325,0,0,0,0,0,0,0,0,0,1,1,105000,0,0,0,0,0,0,0,0,0
201612,36,055,1,2,Monroe County                 ,64,64,11692305,1,2,800000,0,0,0,2,67,5903952,58,58,11366906,1,2,800000,0,0,0,1,49,4271410
201612,36,059,1,2,Nassau County                 ,56,56,27208710,1,2,318000,0,0,0,1,8,1260606,49,49,23016838,1,2,318000,0,0,0,0,0,0
201612,36,061,1,2,New York County               ,0,0,0,0,0,0,0,0,0,6,828,111719556,0,0,0,0,0,0,0,0,0,6,828,111719556
201612,36,063,1,2,Niagara County                ,3,3,700000,0,0,0,0,0,0,0,0,0,2,2,565000,0,0,0,0,0,0,0,0,0
201612,36,069,1,2,Ontario County                ,12,12,2747000,0,0,0,9,36,936000,8,40,832000,11,11,2632000,0,0,0,9,36,936000,8,40,832000
201612,36,073,1,2,Orleans County                ,0,0,0,0,0,0,0,0,0,0,0,0,0,0,0,0,0,0,0,0,0,0,0,0
201612,36,079,1,2,Putnam County                 ,3,3,1728602,0,0,0,0,0,0,0,0,0,2,2,1490000,0,0,0,0,0,0,0,0,0
201612,36,081,1,2,Queens County                 ,19,19,4973354,10,20,2657234,7,21,2715048,5,320,43176640,19,19,4973354,10,20,2657234,7,21,2715048,5,320,43176640
201612,36,083,1,2,Rensselaer County             ,5,5,1516667,0,0,0,0,0,0,0,0,0,4,4,1220000,0,0,0,0,0,0,0,0,0
201612,36,085,1,2,Richmond County               ,14,14,3664577,13,26,3454404,0,0,0,0,0,0,14,14,3664577,13,26,3454404,0,0,0,0,0,0
201612,36,087,1,2,Rockland County               ,5,5,1540232,2,4,617351,2,7,874175,1,8,961905,2,2,690000,0,0,0,0,0,0,0,0,0
201612,36,091,1,2,Saratoga County               ,41,41,11694018,1,2,314000,2,6,792864,2,12,1330311,26,26,8088534,1,2,314000,1,3,387864,0,0,0
201612,36,093,1,2,Schenectady County            ,5,5,899577,0,0,0,0,0,0,1,5,650000,4,4,681500,0,0,0,0,0,0,0,0,0
201612,36,095,1,2,Schoharie County              ,1,1,60000,0,0,0,0,0,0,0,0,0,1,1,60000,0,0,0,0,0,0,0,0,0
201612,36,099,1,2,Seneca County                 ,0,0,0,0,0,0,0,0,0,0,0,0,0,0,0,0,0,0,0,0,0,0,0,0
201612,36,117,1,2,Wayne County                  ,7,7,1534595,0,0,0,0,0,0,0,0,0,5,5,1262300,0,0,0,0,0,0,0,0,0
201612,36,119,1,2,Westchester County            ,18,18,8290166,2,4,804500,2,7,1250000,2,13,4687972,12,12,6410158,0,0,0,2,7,1250000,0,0,0
201612,37,007,3,5,Anson County                  ,4,4,599460,0,0,0,0,0,0,0,0,0,0,0,0,0,0,0,0,0,0,0,0,0
201612,37,011,3,5,Avery County                  ,12,12,4833114,0,0,0,0,0,0,0,0,0,12,12,4833114,0,0,0,0,0,0,0,0,0
201612,37,015,3,5,Bertie County                 ,1,1,257000,0,0,0,0,0,0,0,0,0,1,1,257000,0,0,0,0,0,0,0,0,0
201612,37,025,3,5,Cabarrus County               ,86,86,12088737,0,0,0,0,0,0,0,0,0,86,86,12088737,0,0,0,0,0,0,0,0,0
201612,37,033,3,5,Caswell County                ,4,4,482903,0,0,0,0,0,0,0,0,0,4,4,482903,0,0,0,0,0,0,0,0,0
201612,37,037,3,5,Chatham County                ,48,48,11806844,0,0,0,0,0,0,0,0,0,48,48,11806844,0,0,0,0,0,0,0,0,0
201612,37,051,3,5,Cumberland County             ,41,41,6739845,0,0,0,0,0,0,0,0,0,40,40,6427444,0,0,0,0,0,0,0,0,0
201612,37,053,3,5,Currituck County              ,21,21,7003450,0,0,0,0,0,0,0,0,0,21,21,7003450,0,0,0,0,0,0,0,0,0
201612,37,059,3,5,Davie County                  ,9,9,2126689,0,0,0,0,0,0,1,5,219819,0,0,0,0,0,0,0,0,0,0,0,0
201612,37,063,3,5,Durham County                 ,129,129,21402737,0,0,0,0,0,0,5,93,5901143,0,0,0,0,0,0,0,0,0,0,0,0
201612,37,069,3,5,Franklin County               ,23,23,3760665,0,0,0,0,0,0,0,0,0,23,23,3760665,0,0,0,0,0,0,0,0,0
201612,37,071,3,5,Gaston County                 ,67,67,17900969,2,4,1575792,0,0,0,0,0,0,67,67,17900969,2,4,1575792,0,0,0,0,0,0
201612,37,081,3,5,Guilford County               ,89,89,23994832,0,0,0,0,0,0,2,124,16348376,89,89,23994832,0,0,0,0,0,0,2,124,16348376
201612,37,089,3,5,Henderson County              ,42,42,9818668,0,0,0,0,0,0,0,0,0,42,42,9818668,0,0,0,0,0,0,0,0,0
201612,37,093,3,5,Hoke County                   ,16,16,3645709,0,0,0,0,0,0,0,0,0,16,16,3645709,0,0,0,0,0,0,0,0,0
201612,37,097,3,5,Iredell County                ,95,95,27935631,0,0,0,0,0,0,0,0,0,95,95,27935631,0,0,0,0,0,0,0,0,0
201612,37,101,3,5,Johnston County               ,121,121,22706981,0,0,0,0,0,0,0,0,0,119,119,22422133,0,0,0,0,0,0,0,0,0
201612,37,105,3,5,Lee County                    ,11,11,2430600,0,0,0,0,0,0,0,0,0,11,11,2430600,0,0,0,0,0,0,0,0,0
201612,37,119,3,5,Mecklenburg County            ,306,306,69724180,1,2,58186,0,0,0,3,194,4152470,306,306,69724180,1,2,58186,0,0,0,3,194,4152470
201612,37,133,3,5,Onslow County                 ,69,69,9773294,0,0,0,0,0,0,0,0,0,69,69,9773294,0,0,0,0,0,0,0,0,0
201612,37,135,3,5,Orange County                 ,27,27,9179804,0,0,0,0,0,0,0,0,0,4,4,1454474,0,0,0,0,0,0,0,0,0
201612,37,145,3,5,Person County                 ,8,8,1666300,0,0,0,0,0,0,0,0,0,8,8,1666300,0,0,0,0,0,0,0,0,0
201612,37,151,3,5,Randolph County               ,16,16,2878041,0,0,0,0,0,0,0,0,0,16,16,2878041,0,0,0,0,0,0,0,0,0
201612,37,157,3,5,Rockingham County             ,9,9,1987206,1,2,360065,0,0,0,0,0,0,9,9,1987206,1,2,360065,0,0,0,0,0,0
201612,37,179,3,5,Union County                  ,113,113,22047795,0,0,0,0,0,0,0,0,0,113,113,22047795,0,0,0,0,0,0,0,0,0
201612,37,181,3,5,Vance County                  ,8,8,753268,0,0,0,0,0,0,0,0,0,0,0,0,0,0,0,0,0,0,0,0,0
201612,37,183,3,5,Wake County                   ,495,495,128979561,3,6,986648,0,0,0,3,78,3700000,443,443,118509211,3,6,986648,0,0,0,3,78,3700000
201612,37,195,3,5,Wilson County                 ,11,11,1789998,0,0,0,0,0,0,0,0,0,11,11,1789998,0,0,0,0,0,0,0,0,0
201612,39,007,2,3,Ashtabula County              ,4,4,732244,0,0,0,0,0,0,0,0,0,0,0,0,0,0,0,0,0,0,0,0,0
201612,39,015,2,3,Brown County                  ,4,4,637319,0,0,0,0,0,0,0,0,0,0,0,0,0,0,0,0,0,0,0,0,0
201612,39,017,2,3,Butler County                 ,54,54,13016989,24,48,4553776,0,0,0,0,0,0,54,54,13016989,24,48,4553776,0,0,0,0,0,0
201612,39,025,2,3,Clermont County               ,29,29,5019623,0,0,0,0,0,0,0,0,0,29,29,5019623,0,0,0,0,0,0,0,0,0
201612,39,041,2,3,Delaware County               ,75,75,19252476,0,0,0,0,0,0,4,24,2902392,75,75,19252476,0,0,0,0,0,0,4,24,2902392
201612,39,049,2,3,Franklin County               ,80,80,31698293,0,0,0,2,8,985961,5,96,11609568,77,77,31029201,0,0,0,2,8,985961,5,96,11609568
201612,39,055,2,3,Geauga County                 ,8,8,2959900,0,0,0,0,0,0,0,0,0,8,8,2959900,0,0,0,0,0,0,0,0,0
201612,39,085,2,3,Lake County                   ,23,23,6188723,0,0,0,0,0,0,0,0,0,19,19,5327194,0,0,0,0,0,0,0,0,0
201612,39,089,2,3,Licking County                ,18,18,4554436,0,0,0,0,0,0,0,0,0,0,0,0,0,0,0,0,0,0,0,0,0
201612,39,093,2,3,Lorain County                 ,44,44,9779006,1,2,180000,2,7,493333,2,10,673548,29,29,6749584,1,2,180000,1,3,270000,1,5,450000
201612,39,097,2,3,Madison County                ,6,6,1291542,0,0,0,0,0,0,0,0,0,5,5,1121542,0,0,0,0,0,0,0,0,0
201612,39,103,2,3,Medina County                 ,69,69,10936329,0,0,0,0,0,0,0,0,0,69,69,10936329,0,0,0,0,0,0,0,0,0
201612,39,117,2,3,Morrow County                 ,1,1,209426,0,0,0,0,0,0,0,0,0,0,0,0,0,0,0,0,0,0,0,0,0
201612,39,159,2,3,Union County                  ,27,27,6861656,0,0,0,0,0,0,0,0,0,27,27,6861656,0,0,0,0,0,0,0,0,0
201612,39,165,2,3,Warren County                 ,78,78,20953189,1,2,161976,1,4,920235,2,15,2146318,78,78,20953189,1,2,161976,1,4,920235,2,15,2146318
201612,40,001,3,7,Adair County                  ,2,2,385287,0,0,0,0,0,0,0,0,0,0,0,0,0,0,0,0,0,0,0,0,0
201612,40,017,3,7,Canadian County               ,16,16,4002551,0,0,0,0,0,0,0,0,0,16,16,4002551,0,0,0,0,0,0,0,0,0
201612,40,021,3,7,Cherokee County               ,5,5,656191,0,0,0,0,0,0,0,0,0,0,0,0,0,0,0,0,0,0,0,0,0
201612,40,027,3,7,Cleveland County              ,37,37,9893257,3,6,1134340,0,0,0,1,5,583333,37,37,9893257,3,6,1134340,0,0,0,1,5,583333
201612,40,029,3,7,Coal County                   ,0,0,0,0,0,0,0,0,0,0,0,0,0,0,0,0,0,0,0,0,0,0,0,0
201612,40,037,3,7,Creek County                  ,3,3,1090000,0,0,0,0,0,0,0,0,0,3,3,1090000,0,0,0,0,0,0,0,0,0
201612,40,051,3,7,Grady County                  ,4,4,1600000,0,0,0,0,0,0,0,0,0,4,4,1600000,0,0,0,0,0,0,0,0,0
201612,40,055,3,7,Greer County                  ,0,0,0,0,0,0,0,0,0,0,0,0,0,0,0,0,0,0,0,0,0,0,0,0
201612,40,081,3,7,Lincoln County                ,0,0,0,0,0,0,0,0,0,0,0,0,0,0,0,0,0,0,0,0,0,0,0,0
201612,40,083,3,7,Logan County                  ,2,2,180000,0,0,0,0,0,0,0,0,0,2,2,180000,0,0,0,0,0,0,0,0,0
201612,40,087,3,7,McClain County                ,28,28,4872171,0,0,0,0,0,0,0,0,0,16,16,2625000,0,0,0,0,0,0,0,0,0
201612,40,109,3,7,Oklahoma County               ,315,315,75133911,3,6,775000,0,0,0,0,0,0,304,304,73329162,3,6,775000,0,0,0,0,0,0
201612,40,111,3,7,Okmulgee County               ,1,1,236667,0,0,0,0,0,0,0,0,0,0,0,0,0,0,0,0,0,0,0,0,0
201612,40,113,3,7,Osage County                  ,12,12,2440854,0,0,0,0,0,0,0,0,0,12,12,2440854,0,0,0,0,0,0,0,0,0
201612,40,117,3,7,Pawnee County                 ,0,0,0,0,0,0,0,0,0,0,0,0,0,0,0,0,0,0,0,0,0,0,0,0
201612,40,131,3,7,Rogers County                 ,27,27,3927218,0,0,0,0,0,0,0,0,0,27,27,3927218,0,0,0,0,0,0,0,0,0
201612,40,143,3,7,Tulsa County                  ,135,135,30022409,0,0,0,0,0,0,0,0,0,134,134,29959409,0,0,0,0,0,0,0,0,0
201612,40,145,3,7,Wagoner County                ,28,28,3832265,0,0,0,0,0,0,0,0,0,28,28,3832265,0,0,0,0,0,0,0,0,0
201612,41,000,4,9,Oregon Balance of State       ,11,11,1610878,0,0,0,0,0,0,0,0,0,0,0,0,0,0,0,0,0,0,0,0,0
201612,41,005,4,9,Clackamas County              ,45,45,15190898,2,4,685950,0,0,0,3,24,3543197,41,41,13795936,2,4,685950,0,0,0,3,24,3543197
201612,41,019,4,9,Douglas County                ,11,11,2547531,0,0,0,0,0,0,0,0,0,11,11,2547531,0,0,0,0,0,0,0,0,0
201612,41,025,4,9,Harney County                 ,1,1,325000,0,0,0,0,0,0,0,0,0,1,1,325000,0,0,0,0,0,0,0,0,0
201612,41,035,4,9,Klamath County                ,3,3,550907,0,0,0,0,0,0,0,0,0,3,3,550907,0,0,0,0,0,0,0,0,0
201612,41,051,4,9,Multnomah County              ,70,70,19326153,2,4,701529,0,0,0,10,258,30836567,70,70,19326153,2,4,701529,0,0,0,10,258,30836567
201612,41,067,4,9,Washington County             ,137,137,42809014,0,0,0,0,0,0,2,10,1773652,137,137,42809014,0,0,0,0,0,0,2,10,1773652
201612,41,071,4,9,Yamhill County                ,14,14,4288604,0,0,0,0,0,0,0,0,0,11,11,3638964,0,0,0,0,0,0,0,0,0
201612,42,001,1,2,Adams County                  ,33,33,6147480,0,0,0,0,0,0,0,0,0,33,33,6147480,0,0,0,0,0,0,0,0,0
201612,42,017,1,2,Bucks County                  ,65,65,11620051,0,0,0,0,0,0,1,6,612000,35,35,5063091,0,0,0,0,0,0,1,6,612000
201612,42,029,1,2,Chester County                ,87,87,15626833,0,0,0,0,0,0,0,0,0,80,80,13882296,0,0,0,0,0,0,0,0,0
201612,42,037,1,2,Columbia County               ,9,9,1983539,0,0,0,0,0,0,1,5,782273,4,4,841166,0,0,0,0,0,0,0,0,0
201612,42,041,1,2,Cumberland County             ,40,40,8797408,0,0,0,1,4,601200,1,8,688500,40,40,8797408,0,0,0,1,4,601200,1,8,688500
201612,42,043,1,2,Dauphin County                ,26,26,5595035,1,2,290000,2,7,420000,1,20,860000,21,21,4482435,1,2,290000,2,7,420000,1,20,860000
201612,42,045,1,2,Delaware County               ,24,24,5841192,0,0,0,0,0,0,0,0,0,7,7,1813778,0,0,0,0,0,0,0,0,0
201612,42,055,1,2,Franklin County               ,15,15,2823915,0,0,0,0,0,0,0,0,0,11,11,2212508,0,0,0,0,0,0,0,0,0
201612,42,091,1,2,Montgomery County             ,70,70,14051245,1,2,265723,0,0,0,3,16,1893544,55,55,10761043,1,2,265723,0,0,0,1,6,809562
201612,42,093,1,2,Montour County                ,3,3,617394,0,0,0,0,0,0,0,0,0,0,0,0,0,0,0,0,0,0,0,0,0
201612,42,099,1,2,Perry County                  ,5,5,1120046,0,0,0,0,0,0,0,0,0,0,0,0,0,0,0,0,0,0,0,0,0
201612,42,101,1,2,Philadelphia County           ,128,128,33504704,13,26,2810000,26,83,7785120,11,152,16052300,128,128,33504704,13,26,2810000,26,83,7785120,11,152,16052300
201612,42,103,1,2,Pike County                   ,5,5,1135801,0,0,0,0,0,0,0,0,0,2,2,370000,0,0,0,0,0,0,0,0,0
201612,44,001,1,1,Bristol County                ,4,4,525600,0,0,0,0,0,0,0,0,0,4,4,525600,0,0,0,0,0,0,0,0,0
201612,44,003,1,1,Kent County                   ,23,23,3395912,0,0,0,0,0,0,0,0,0,22,22,3016950,0,0,0,0,0,0,0,0,0
201612,44,005,1,1,Newport County                ,14,14,3865676,0,0,0,0,0,0,0,0,0,10,10,3025756,0,0,0,0,0,0,0,0,0
201612,44,007,1,1,Providence County             ,31,31,4611168,3,6,1110461,0,0,0,0,0,0,28,28,4311387,1,2,679200,0,0,0,0,0,0
201612,44,009,1,1,Washington County             ,25,25,5457007,0,0,0,2,6,953925,0,0,0,17,17,3372015,0,0,0,0,0,0,0,0,0
201612,45,003,3,5,Aiken County                  ,57,57,12068847,1,2,209118,0,0,0,0,0,0,47,47,10321816,1,2,209118,0,0,0,0,0,0
201612,45,009,3,5,Bamberg County                ,2,2,35000,0,0,0,0,0,0,0,0,0,2,2,35000,0,0,0,0,0,0,0,0,0
201612,45,015,3,5,Berkeley County               ,122,122,34794110,0,0,0,0,0,0,1,34,802131,27,27,8869733,0,0,0,0,0,0,0,0,0
201612,45,017,3,5,Calhoun County                ,0,0,0,0,0,0,0,0,0,0,0,0,0,0,0,0,0,0,0,0,0,0,0,0
201612,45,019,3,5,Charleston County             ,203,203,57748976,0,0,0,0,0,0,3,45,2852592,111,111,44563262,0,0,0,0,0,0,0,0,0
201612,45,035,3,5,Dorchester County             ,72,72,19876000,0,0,0,0,0,0,0,0,0,72,72,19876000,0,0,0,0,0,0,0,0,0
201612,45,037,3,5,Edgefield County              ,6,6,1155979,0,0,0,0,0,0,0,0,0,6,6,1155979,0,0,0,0,0,0,0,0,0
201612,45,039,3,5,Fairfield County              ,3,3,753712,0,0,0,0,0,0,0,0,0,3,3,753712,0,0,0,0,0,0,0,0,0
201612,45,045,3,5,Greenville County             ,220,220,54756393,1,2,650000,0,0,0,0,0,0,217,217,54393339,1,2,650000,0,0,0,0,0,0
201612,45,051,3,5,Horry County                  ,300,300,54042370,1,2,400000,0,0,0,1,5,596071,282,282,49378048,1,2,400000,0,0,0,0,0,0
201612,45,055,3,5,Kershaw County                ,28,28,5078957,0,0,0,0,0,0,0,0,0,28,28,5078957,0,0,0,0,0,0,0,0,0
201612,45,059,3,5,Laurens County                ,7,7,1311558,0,0,0,0,0,0,0,0,0,7,7,1311558,0,0,0,0,0,0,0,0,0
201612,45,063,3,5,Lexington County              ,125,125,32457525,0,0,0,0,0,0,0,0,0,124,124,32328093,0,0,0,0,0,0,0,0,0
201612,45,077,3,5,Pickens County                ,19,19,3873177,0,0,0,0,0,0,1,13,1270682,10,10,2232924,0,0,0,0,0,0,0,0,0
201612,45,079,3,5,Richland County               ,150,150,21108170,0,0,0,0,0,0,1,25,1411069,35,35,6380179,0,0,0,0,0,0,0,0,0
201612,45,081,3,5,Saluda County                 ,2,2,414337,0,0,0,0,0,0,0,0,0,0,0,0,0,0,0,0,0,0,0,0,0
201612,45,085,3,5,Sumter County                 ,17,17,2157891,0,0,0,0,0,0,0,0,0,0,0,0,0,0,0,0,0,0,0,0,0
201612,45,091,3,5,York County                   ,202,202,49228488,0,0,0,0,0,0,3,32,3027641,117,117,25897488,0,0,0,0,0,0,0,0,0
201612,46,007,2,4,Bennett County                ,0,0,0,0,0,0,0,0,0,0,0,0,0,0,0,0,0,0,0,0,0,0,0,0
201612,46,055,2,4,Haakon County                 ,0,0,0,0,0,0,0,0,0,0,0,0,0,0,0,0,0,0,0,0,0,0,0,0
201612,46,071,2,4,Jackson County                ,0,0,0,0,0,0,0,0,0,0,0,0,0,0,0,0,0,0,0,0,0,0,0,0
201612,46,111,2,4,Sanborn County                ,0,0,0,0,0,0,0,0,0,0,0,0,0,0,0,0,0,0,0,0,0,0,0,0
201612,47,001,3,6,Anderson County               ,15,15,3018809,0,0,0,1,4,654856,0,0,0,15,15,3018809,0,0,0,1,4,654856,0,0,0
201612,47,015,3,6,Cannon County                 ,1,1,126190,0,0,0,0,0,0,0,0,0,0,0,0,0,0,0,0,0,0,0,0,0
201612,47,021,3,6,Cheatham County               ,14,14,2360600,0,0,0,0,0,0,0,0,0,12,12,1917000,0,0,0,0,0,0,0,0,0
201612,47,037,3,6,Davidson County               ,309,309,71765680,0,0,0,1,4,1509519,2,20,1140426,309,309,71765680,0,0,0,1,4,1509519,2,20,1140426
201612,47,043,3,6,Dickson County                ,19,19,2990741,0,0,0,0,0,0,0,0,0,19,19,2990741,0,0,0,0,0,0,0,0,0
201612,47,049,3,6,Fentress County               ,0,0,0,0,0,0,0,0,0,0,0,0,0,0,0,0,0,0,0,0,0,0,0,0
201612,47,081,3,6,Hickman County                ,4,4,712947,0,0,0,0,0,0,0,0,0,0,0,0,0,0,0,0,0,0,0,0,0
201612,47,093,3,6,Knox County                   ,110,110,22725406,0,0,0,0,0,0,0,0,0,19,19,6747258,0,0,0,0,0,0,0,0,0
201612,47,105,3,6,Loudon County                 ,27,27,5865753,0,0,0,0,0,0,0,0,0,21,21,4878670,0,0,0,0,0,0,0,0,0
201612,47,125,3,6,Montgomery County             ,100,100,14202600,0,0,0,0,0,0,9,67,3700000,100,100,14202600,0,0,0,0,0,0,9,67,3700000
201612,47,139,3,6,Polk County                   ,12,12,2161489,0,0,0,0,0,0,0,0,0,0,0,0,0,0,0,0,0,0,0,0,0
201612,47,149,3,6,Rutherford County             ,175,175,38610096,3,6,648933,0,0,0,2,19,1088389,151,151,35381043,2,4,483309,0,0,0,0,0,0
201612,47,153,3,6,Sequatchie County             ,0,0,0,0,0,0,0,0,0,0,0,0,0,0,0,0,0,0,0,0,0,0,0,0
201612,47,157,3,6,Shelby County                 ,70,70,18080741,0,0,0,0,0,0,2,43,6158350,70,70,18080741,0,0,0,0,0,0,2,43,6158350
201612,47,159,3,6,Smith County                  ,0,0,0,0,0,0,0,0,0,0,0,0,0,0,0,0,0,0,0,0,0,0,0,0
201612,47,161,3,6,Stewart County                ,0,0,0,0,0,0,0,0,0,0,0,0,0,0,0,0,0,0,0,0,0,0,0,0
201612,47,165,3,6,Sumner County                 ,76,76,16414159,0,0,0,0,0,0,13,148,12870368,72,72,15702189,0,0,0,0,0,0,13,148,12870368
201612,47,167,3,6,Tipton County                 ,11,11,1987962,0,0,0,0,0,0,0,0,0,6,6,1314105,0,0,0,0,0,0,0,0,0
201612,47,169,3,6,Trousdale County              ,2,2,173000,0,0,0,0,0,0,0,0,0,2,2,173000,0,0,0,0,0,0,0,0,0
201612,47,173,3,6,Union County                  ,2,2,170000,0,0,0,0,0,0,0,0,0,2,2,170000,0,0,0,0,0,0,0,0,0
201612,47,175,3,6,Van Buren County              ,0,0,0,0,0,0,0,0,0,0,0,0,0,0,0,0,0,0,0,0,0,0,0,0
201612,47,189,3,6,Wilson County                 ,99,99,26711737,0,0,0,0,0,0,0,0,0,98,98,26630270,0,0,0,0,0,0,0,0,0
201612,48,013,3,7,Atascosa County               ,4,4,887117,0,0,0,0,0,0,0,0,0,3,3,691950,0,0,0,0,0,0,0,0,0
201612,48,015,3,7,Austin County                 ,2,2,370282,0,0,0,0,0,0,0,0,0,1,1,210000,0,0,0,0,0,0,0,0,0
201612,48,019,3,7,Bandera County                ,0,0,0,0,0,0,0,0,0,0,0,0,0,0,0,0,0,0,0,0,0,0,0,0
201612,48,021,3,7,Bastrop County                ,25,25,2813146,0,0,0,0,0,0,0,0,0,25,25,2813146,0,0,0,0,0,0,0,0,0
201612,48,025,3,7,Bee County                    ,0,0,0,0,0,0,0,0,0,0,0,0,0,0,0,0,0,0,0,0,0,0,0,0
201612,48,027,3,7,Bell County                   ,131,131,24251369,11,22,1806100,0,0,0,0,0,0,118,118,21158810,11,22,1806100,0,0,0,0,0,0
201612,48,029,3,7,Bexar County                  ,244,244,55615278,1,2,176400,2,7,406140,4,20,2570804,210,210,51082427,1,2,176400,1,4,406140,3,15,1505308
201612,48,051,3,7,Burleson County               ,3,3,255000,0,0,0,0,0,0,0,0,0,3,3,255000,0,0,0,0,0,0,0,0,0
201612,48,055,3,7,Caldwell County               ,22,22,3703774,0,0,0,0,0,0,0,0,0,0,0,0,0,0,0,0,0,0,0,0,0
201612,48,085,3,7,Collin County                 ,614,614,199196300,0,0,0,0,0,0,14,789,77838795,531,531,168444249,0,0,0,0,0,0,12,770,74989163
201612,48,091,3,7,Comal County                  ,179,179,40869745,11,22,2349052,0,0,0,1,340,34120325,178,178,40511186,11,22,2349052,0,0,0,1,340,34120325
201612,48,099,3,7,Coryell County                ,10,10,1421483,1,2,133257,0,0,0,1,5,684585,0,0,0,0,0,0,0,0,0,0,0,0
201612,48,107,3,7,Crosby County                 ,0,0,0,0,0,0,0,0,0,0,0,0,0,0,0,0,0,0,0,0,0,0,0,0
201612,48,113,3,7,Dallas County                 ,383,383,114260065,1,2,700000,2,8,1569240,13,462,33239172,361,361,102583943,1,2,700000,2,8,1569240,13,462,33239172
201612,48,119,3,7,Delta County                  ,0,0,0,0,0,0,0,0,0,0,0,0,0,0,0,0,0,0,0,0,0,0,0,0
201612,48,135,3,7,Ector County                  ,38,38,8106469,0,0,0,0,0,0,1,9,700500,0,0,0,0,0,0,0,0,0,0,0,0
201612,48,139,3,7,Ellis County                  ,127,127,22794800,0,0,0,0,0,0,0,0,0,124,124,22076058,0,0,0,0,0,0,0,0,0
201612,48,141,3,7,El Paso County                ,119,119,23982512,1,2,314095,0,0,0,19,175,42294103,119,119,23982512,1,2,314095,0,0,0,19,175,42294103
201612,48,157,3,7,Fort Bend County              ,793,793,108514955,0,0,0,0,0,0,1,8,626068,188,188,52549344,0,0,0,0,0,0,0,0,0
201612,48,167,3,7,Galveston County              ,204,204,49909221,0,0,0,0,0,0,1,5,275264,89,89,26560449,0,0,0,0,0,0,0,0,0
201612,48,185,3,7,Grimes County                 ,5,5,461104,0,0,0,0,0,0,0,0,0,5,5,461104,0,0,0,0,0,0,0,0,0
201612,48,187,3,7,Guadalupe County              ,82,82,19055950,0,0,0,0,0,0,0,0,0,82,82,19055950,0,0,0,0,0,0,0,0,0
201612,48,193,3,7,Hamilton County               ,0,0,0,0,0,0,0,0,0,0,0,0,0,0,0,0,0,0,0,0,0,0,0,0
201612,48,195,3,7,Hansford County               ,1,1,125500,0,0,0,0,0,0,0,0,0,0,0,0,0,0,0,0,0,0,0,0,0
201612,48,201,3,7,Harris County                 ,1084,1084,207980428,3,6,702003,0,0,0,1,211,24000000,1045,1045,190481756,3,6,702003,0,0,0,1,211,24000000
201612,48,211,3,7,Hemphill County               ,0,0,0,0,0,0,0,0,0,0,0,0,0,0,0,0,0,0,0,0,0,0,0,0
201612,48,215,3,7,Hidalgo County                ,193,193,35403221,18,36,2920444,7,27,1616030,1,17,750000,178,178,32315758,18,36,2920444,7,27,1616030,1,17,750000
201612,48,233,3,7,Hutchinson County             ,0,0,0,0,0,0,0,0,0,1,5,536458,0,0,0,0,0,0,0,0,0,0,0,0
201612,48,251,3,7,Johnson County                ,27,27,6481264,0,0,0,0,0,0,0,0,0,26,26,6255596,0,0,0,0,0,0,0,0,0
201612,48,257,3,7,Kaufman County                ,34,34,6078640,0,0,0,0,0,0,0,0,0,27,27,5185693,0,0,0,0,0,0,0,0,0
201612,48,259,3,7,Kendall County                ,15,15,4612612,0,0,0,0,0,0,0,0,0,0,0,0,0,0,0,0,0,0,0,0,0
201612,48,271,3,7,Kinney County                 ,0,0,0,0,0,0,0,0,0,0,0,0,0,0,0,0,0,0,0,0,0,0,0,0
201612,48,281,3,7,Lampasas County               ,4,4,592000,0,0,0,0,0,0,0,0,0,4,4,592000,0,0,0,0,0,0,0,0,0
201612,48,291,3,7,Liberty County                ,31,31,3831900,0,0,0,0,0,0,0,0,0,31,31,3831900,0,0,0,0,0,0,0,0,0
201612,48,303,3,7,Lubbock County                ,119,119,26524700,4,8,1030000,0,0,0,0,0,0,118,118,26351700,4,8,1030000,0,0,0,0,0,0
201612,48,323,3,7,Maverick County               ,1,1,282188,0,0,0,0,0,0,0,0,0,1,1,282188,0,0,0,0,0,0,0,0,0
201612,48,325,3,7,Medina County                 ,3,3,770000,0,0,0,0,0,0,0,0,0,3,3,770000,0,0,0,0,0,0,0,0,0
201612,48,329,3,7,Midland County                ,70,70,14584360,0,0,0,0,0,0,0,0,0,70,70,14584360,0,0,0,0,0,0,0,0,0
201612,48,339,3,7,Montgomery County             ,285,285,66399481,0,0,0,0,0,0,0,0,0,280,280,64796196,0,0,0,0,0,0,0,0,0
201612,48,367,3,7,Parker County                 ,27,27,6475028,0,0,0,0,0,0,0,0,0,25,25,6023692,0,0,0,0,0,0,0,0,0
201612,48,375,3,7,Potter County                 ,39,39,10247219,3,6,744842,0,0,0,0,0,0,39,39,10247219,3,6,744842,0,0,0,0,0,0
201612,48,383,3,7,Reagan County                 ,0,0,0,0,0,0,0,0,0,0,0,0,0,0,0,0,0,0,0,0,0,0,0,0
201612,48,385,3,7,Real County                   ,0,0,0,0,0,0,0,0,0,0,0,0,0,0,0,0,0,0,0,0,0,0,0,0
201612,48,395,3,7,Robertson County              ,6,6,1331332,0,0,0,0,0,0,0,0,0,0,0,0,0,0,0,0,0,0,0,0,0
201612,48,397,3,7,Rockwall County               ,98,98,30875036,0,0,0,0,0,0,0,0,0,80,80,27416771,0,0,0,0,0,0,0,0,0
201612,48,407,3,7,San Jacinto County            ,7,7,1247170,0,0,0,0,0,0,0,0,0,7,7,1247170,0,0,0,0,0,0,0,0,0
201612,48,411,3,7,San Saba County               ,0,0,0,0,0,0,0,0,0,0,0,0,0,0,0,0,0,0,0,0,0,0,0,0
201612,48,451,3,7,Tom Green County              ,12,12,2734282,0,0,0,0,0,0,0,0,0,12,12,2734282,0,0,0,0,0,0,0,0,0
201612,48,453,3,7,Travis County                 ,578,578,133550019,0,0,0,0,0,0,5,281,75507273,551,551,125967192,0,0,0,0,0,0,5,281,75507273
201612,48,473,3,7,Waller County                 ,0,0,0,0,0,0,0,0,0,1,5,110903,0,0,0,0,0,0,0,0,0,0,0,0
201612,48,491,3,7,Williamson County             ,351,351,91706748,1,2,153945,3,10,689715,25,255,20235270,342,342,89956389,1,2,153945,3,10,689715,25,255,20235270
201612,48,493,3,7,Wilson County                 ,3,3,585135,0,0,0,0,0,0,1,5,468750,0,0,0,0,0,0,0,0,0,0,0,0
201612,48,497,3,7,Wise County                   ,4,4,725000,0,0,0,0,0,0,0,0,0,4,4,725000,0,0,0,0,0,0,0,0,0
201612,49,011,4,8,Davis County                  ,84,84,22510340,1,2,694895,1,4,544894,1,6,926774,81,81,21111875,0,0,0,1,4,544894,0,0,0
201612,49,023,4,8,Juab County                   ,2,2,499497,0,0,0,0,0,0,0,0,0,1,1,196637,0,0,0,0,0,0,0,0,0
201612,49,029,4,8,Morgan County                 ,2,2,1326226,0,0,0,0,0,0,0,0,0,2,2,1326226,0,0,0,0,0,0,0,0,0
201612,49,035,4,8,Salt Lake County              ,252,252,64941020,2,4,444000,2,7,1110127,10,270,28261217,127,127,30952912,2,4,444000,0,0,0,6,182,19470000
201612,49,039,4,8,Sanpete County                ,1,1,112570,0,0,0,0,0,0,0,0,0,1,1,112570,0,0,0,0,0,0,0,0,0
201612,49,043,4,8,Summit County                 ,14,14,4576647,0,0,0,1,3,841530,2,10,1708568,8,8,1494106,0,0,0,0,0,0,0,0,0
201612,49,057,4,8,Weber County                  ,43,43,9655600,0,0,0,6,24,3744358,2,11,1532699,38,38,8428540,0,0,0,6,24,3744358,2,11,1532699
201612,51,003,3,5,Albemarle County              ,34,34,10178504,0,0,0,0,0,0,1,5,400000,0,0,0,0,0,0,0,0,0,0,0,0
201612,51,007,3,5,Amelia County                 ,4,4,591120,0,0,0,0,0,0,0,0,0,4,4,591120,0,0,0,0,0,0,0,0,0
201612,51,009,3,5,Amherst County                ,3,3,273736,0,0,0,0,0,0,0,0,0,3,3,273736,0,0,0,0,0,0,0,0,0
201612,51,013,3,5,Arlington County              ,20,20,8936634,0,0,0,0,0,0,1,25,2093059,0,0,0,0,0,0,0,0,0,0,0,0
201612,51,015,3,5,Augusta County                ,32,32,4252034,2,4,250000,0,0,0,0,0,0,32,32,4252034,2,4,250000,0,0,0,0,0,0
201612,51,019,3,5,Bedford County                ,28,28,7966220,0,0,0,0,0,0,1,5,900000,28,28,7966220,0,0,0,0,0,0,1,5,900000
201612,51,033,3,5,Caroline County               ,6,6,1424893,0,0,0,0,0,0,0,0,0,0,0,0,0,0,0,0,0,0,0,0,0
201612,51,036,3,5,Charles City County           ,1,1,170000,0,0,0,0,0,0,0,0,0,1,1,170000,0,0,0,0,0,0,0,0,0
201612,51,037,3,5,Charlotte County              ,0,0,0,0,0,0,0,0,0,0,0,0,0,0,0,0,0,0,0,0,0,0,0,0
201612,51,041,3,5,Chesterfield County           ,98,98,22329966,0,0,0,3,10,1199000,2,11,1277400,98,98,22329966,0,0,0,3,10,1199000,2,11,1277400
201612,51,043,3,5,Clarke County                 ,4,4,1378200,0,0,0,0,0,0,0,0,0,0,0,0,0,0,0,0,0,0,0,0,0
201612,51,049,3,5,Cumberland County             ,2,2,556000,0,0,0,0,0,0,0,0,0,2,2,556000,0,0,0,0,0,0,0,0,0
201612,51,051,3,5,Dickenson County              ,0,0,0,0,0,0,0,0,0,0,0,0,0,0,0,0,0,0,0,0,0,0,0,0
201612,51,053,3,5,Dinwiddie County              ,5,5,522863,0,0,0,0,0,0,0,0,0,0,0,0,0,0,0,0,0,0,0,0,0
201612,51,059,3,5,Fairfax County                ,84,84,19203257,0,0,0,0,0,0,0,0,0,84,84,19203257,0,0,0,0,0,0,0,0,0
201612,51,061,3,5,Fauquier County               ,24,24,9404058,0,0,0,0,0,0,0,0,0,24,24,9404058,0,0,0,0,0,0,0,0,0
201612,51,069,3,5,Frederick County              ,49,49,13259947,0,0,0,0,0,0,0,0,0,49,49,13259947,0,0,0,0,0,0,0,0,0
201612,51,073,3,5,Gloucester County             ,11,11,2138055,0,0,0,0,0,0,0,0,0,11,11,2138055,0,0,0,0,0,0,0,0,0
201612,51,075,3,5,Goochland County              ,9,9,2524722,0,0,0,0,0,0,0,0,0,9,9,2524722,0,0,0,0,0,0,0,0,0
201612,51,085,3,5,Hanover County                ,34,34,7249702,0,0,0,0,0,0,0,0,0,34,34,7249702,0,0,0,0,0,0,0,0,0
201612,51,087,3,5,Henrico County                ,44,44,8127409,0,0,0,0,0,0,13,65,837000,44,44,8127409,0,0,0,0,0,0,13,65,837000
201612,51,093,3,5,Isle of Wight County          ,9,9,1874765,0,0,0,0,0,0,1,13,521500,0,0,0,0,0,0,0,0,0,0,0,0
201612,51,095,3,5,James City County             ,15,15,3926526,0,0,0,4,13,2067230,0,0,0,15,15,3926526,0,0,0,4,13,2067230,0,0,0
201612,51,097,3,5,King and Queen County         ,2,2,346800,0,0,0,0,0,0,0,0,0,2,2,346800,0,0,0,0,0,0,0,0,0
201612,51,099,3,5,King George County            ,4,4,911427,0,0,0,0,0,0,0,0,0,4,4,911427,0,0,0,0,0,0,0,0,0
201612,51,107,3,5,Loudoun County                ,232,232,52862777,0,0,0,0,0,0,3,36,296000,232,232,52862777,0,0,0,0,0,0,3,36,296000
201612,51,109,3,5,Louisa County                 ,23,23,4127463,0,0,0,0,0,0,0,0,0,23,23,4127463,0,0,0,0,0,0,0,0,0
201612,51,115,3,5,Mathews County                ,2,2,245000,0,0,0,0,0,0,0,0,0,2,2,245000,0,0,0,0,0,0,0,0,0
201612,51,127,3,5,New Kent County               ,24,24,3684866,0,0,0,0,0,0,0,0,0,24,24,3684866,0,0,0,0,0,0,0,0,0
201612,51,139,3,5,Page County                   ,3,3,210000,0,0,0,0,0,0,0,0,0,3,3,210000,0,0,0,0,0,0,0,0,0
201612,51,145,3,5,Powhatan County               ,19,19,4074000,0,0,0,0,0,0,0,0,0,19,19,4074000,0,0,0,0,0,0,0,0,0
201612,51,149,3,5,Prince George County          ,8,8,1406025,0,0,0,0,0,0,0,0,0,8,8,1406025,0,0,0,0,0,0,0,0,0
201612,51,153,3,5,Prince William County         ,117,117,20858200,0,0,0,0,0,0,8,82,8274620,117,117,20858200,0,0,0,0,0,0,8,82,8274620
201612,51,165,3,5,Rockingham County             ,61,61,12381930,0,0,0,0,0,0,0,0,0,61,61,12381930,0,0,0,0,0,0,0,0,0
201612,51,175,3,5,Southampton County            ,3,3,445222,0,0,0,0,0,0,0,0,0,0,0,0,0,0,0,0,0,0,0,0,0
201612,51,177,3,5,Spotsylvania County           ,32,32,8398766,0,0,0,0,0,0,0,0,0,0,0,0,0,0,0,0,0,0,0,0,0
201612,51,179,3,5,Stafford County               ,52,52,14108513,0,0,0,0,0,0,0,0,0,52,52,14108513,0,0,0,0,0,0,0,0,0
201612,51,181,3,5,Surry County                  ,3,3,459369,0,0,0,0,0,0,0,0,0,0,0,0,0,0,0,0,0,0,0,0,0
201612,51,183,3,5,Sussex County                 ,2,2,416000,0,0,0,0,0,0,0,0,0,2,2,416000,0,0,0,0,0,0,0,0,0
201612,51,187,3,5,Warren County                 ,18,18,3816000,0,0,0,0,0,0,0,0,0,18,18,3816000,0,0,0,0,0,0,0,0,0
201612,51,199,3,5,York County                   ,0,0,0,0,0,0,0,0,0,0,0,0,0,0,0,0,0,0,0,0,0,0,0,0
201612,51,510,3,5,Alexandria (Independent City) ,6,6,1859000,0,0,0,0,0,0,0,0,0,6,6,1859000,0,0,0,0,0,0,0,0,0
201612,51,540,3,5,Charlottesville (Independent C,6,6,1308335,1,2,190750,0,0,0,1,11,1625774,0,0,0,0,0,0,0,0,0,0,0,0
201612,51,550,3,5,Chesapeake(Independent City)  ,75,75,17089260,0,0,0,0,0,0,0,0,0,75,75,17089260,0,0,0,0,0,0,0,0,0
201612,51,570,3,5,Colonial Heights (Independent ,0,0,0,0,0,0,0,0,0,0,0,0,0,0,0,0,0,0,0,0,0,0,0,0
201612,51,580,3,5,Covington (Independent City)  ,0,0,0,0,0,0,0,0,0,0,0,0,0,0,0,0,0,0,0,0,0,0,0,0
201612,51,600,3,5,Fairfax (Independent City)    ,169,169,6412806,0,0,0,0,0,0,2,80,12211421,169,169,6412806,0,0,0,0,0,0,2,80,12211421
201612,51,610,3,5,Falls Church (Independent City,0,0,0,0,0,0,0,0,0,0,0,0,0,0,0,0,0,0,0,0,0,0,0,0
201612,51,630,3,5,Fredericksburg(Independent Cit,0,0,0,0,0,0,0,0,0,0,0,0,0,0,0,0,0,0,0,0,0,0,0,0
201612,51,650,3,5,Hampton (Independent City)    ,13,13,833247,0,0,0,0,0,0,0,0,0,0,0,0,0,0,0,0,0,0,0,0,0
201612,51,660,3,5,Harrisonburg (Independent City,5,5,796930,0,0,0,0,0,0,0,0,0,0,0,0,0,0,0,0,0,0,0,0,0
201612,51,670,3,5,Hopewell (Independent City)   ,1,1,80000,0,0,0,0,0,0,0,0,0,1,1,80000,0,0,0,0,0,0,0,0,0
201612,51,680,3,5,Lynchburg (Independent City)  ,2,2,275000,0,0,0,0,0,0,0,0,0,2,2,275000,0,0,0,0,0,0,0,0,0
201612,51,683,3,5,Manassas (Independent City)   ,11,11,1550316,0,0,0,0,0,0,0,0,0,0,0,0,0,0,0,0,0,0,0,0,0
201612,51,685,3,5,Manassas Park (Independent Cit,0,0,0,0,0,0,0,0,0,0,0,0,0,0,0,0,0,0,0,0,0,0,0,0
201612,51,700,3,5,Newport News (Independent City,5,5,875866,0,0,0,0,0,0,0,0,0,5,5,875866,0,0,0,0,0,0,0,0,0
201612,51,710,3,5,Norfolk (Independent City)    ,72,72,7462265,36,72,3026109,0,0,0,0,0,0,72,72,7462265,36,72,3026109,0,0,0,0,0,0
201612,51,730,3,5,Petersburg (Independent City) ,0,0,0,0,0,0,0,0,0,0,0,0,0,0,0,0,0,0,0,0,0,0,0,0
201612,51,735,3,5,Poquoson (Independent City)   ,1,1,234410,0,0,0,0,0,0,0,0,0,1,1,234410,0,0,0,0,0,0,0,0,0
201612,51,740,3,5,Portsmouth (Independent City) ,15,15,1787000,0,0,0,0,0,0,0,0,0,15,15,1787000,0,0,0,0,0,0,0,0,0
201612,51,760,3,5,Richmond (Independent City)   ,14,14,3189995,0,0,0,0,0,0,0,0,0,14,14,3189995,0,0,0,0,0,0,0,0,0
201612,51,800,3,5,Suffolk (Independent City)    ,51,51,11620697,0,0,0,0,0,0,1,12,800000,51,51,11620697,0,0,0,0,0,0,1,12,800000
201612,51,810,3,5,Virginia Beach (Independent Ci,53,53,9799490,0,0,0,0,0,0,0,0,0,53,53,9799490,0,0,0,0,0,0,0,0,0
201612,51,830,3,5,Williamsburg (Independent City,5,5,520062,0,0,0,0,0,0,0,0,0,5,5,520062,0,0,0,0,0,0,0,0,0
201612,53,005,4,9,Benton County                 ,50,50,15283962,0,0,0,0,0,0,0,0,0,18,18,4936065,0,0,0,0,0,0,0,0,0
201612,53,011,4,9,Clark County                  ,160,160,44840031,0,0,0,0,0,0,10,109,9318128,35,35,9072830,0,0,0,0,0,0,4,50,3123438
201612,53,021,4,9,Franklin County               ,35,35,9312906,0,0,0,0,0,0,0,0,0,0,0,0,0,0,0,0,0,0,0,0,0
201612,53,031,4,9,Jefferson County              ,10,10,2158297,0,0,0,0,0,0,0,0,0,10,10,2158297,0,0,0,0,0,0,0,0,0
201612,53,033,4,9,King County                   ,297,297,115729195,14,28,6179247,7,22,4703969,14,1602,176881297,229,229,82490324,14,28,6179247,7,22,4703969,12,1560,171091866
201612,53,035,4,9,Kitsap County                 ,65,65,16726136,0,0,0,0,0,0,0,0,0,54,54,14113527,0,0,0,0,0,0,0,0,0
201612,53,053,4,9,Pierce County                 ,204,204,62833636,1,2,345389,0,0,0,2,38,3026212,204,204,62833636,1,2,345389,0,0,0,2,38,3026212
201612,53,055,4,9,San Juan County               ,8,8,1924866,0,0,0,0,0,0,0,0,0,0,0,0,0,0,0,0,0,0,0,0,0
201612,53,059,4,9,Skamania County               ,2,2,249702,0,0,0,0,0,0,0,0,0,2,2,249702,0,0,0,0,0,0,0,0,0
201612,53,061,4,9,Snohomish County              ,171,171,48571291,0,0,0,3,10,2186354,4,23,4697721,170,170,48305200,0,0,0,3,10,2186354,4,23,4697721
201612,54,011,3,5,Cabell County                 ,5,5,884136,1,2,95000,0,0,0,0,0,0,0,0,0,0,0,0,0,0,0,0,0,0
201612,54,015,3,5,Clay County                   ,1,1,45455,0,0,0,0,0,0,0,0,0,0,0,0,0,0,0,0,0,0,0,0,0
201612,54,019,3,5,Fayette County                ,2,2,224401,0,0,0,0,0,0,0,0,0,0,0,0,0,0,0,0,0,0,0,0,0
201612,54,037,3,5,Jefferson County              ,12,12,3088898,0,0,0,0,0,0,0,0,0,12,12,3088898,0,0,0,0,0,0,0,0,0
201612,54,081,3,5,Raleigh County                ,0,0,0,0,0,0,0,0,0,0,0,0,0,0,0,0,0,0,0,0,0,0,0,0
201612,55,025,2,3,Dane County                   ,101,101,34174755,2,4,728097,2,6,893854,3,189,24164878,64,64,23806232,0,0,0,0,0,0,1,80,10000000
201612,55,031,2,3,Douglas County                ,4,4,772406,0,0,0,0,0,0,0,0,0,4,4,772406,0,0,0,0,0,0,0,0,0
201612,55,037,2,3,Florence County               ,0,0,0,0,0,0,0,0,0,0,0,0,0,0,0,0,0,0,0,0,0,0,0,0
201612,55,049,2,3,Iowa County                   ,2,2,311400,0,0,0,0,0,0,0,0,0,2,2,311400,0,0,0,0,0,0,0,0,0
201612,55,059,2,3,Kenosha County                ,11,11,3304757,0,0,0,0,0,0,0,0,0,10,10,2986050,0,0,0,0,0,0,0,0,0
201612,55,079,2,3,Milwaukee County              ,14,14,4650984,0,0,0,0,0,0,1,33,3153704,13,13,4407406,0,0,0,0,0,0,1,33,3153704
201612,55,089,2,3,Ozaukee County                ,15,15,5175303,0,0,0,0,0,0,0,0,0,9,9,2677501,0,0,0,0,0,0,0,0,0
201612,55,093,2,3,Pierce County                 ,3,3,850000,0,0,0,0,0,0,0,0,0,3,3,850000,0,0,0,0,0,0,0,0,0
201612,55,109,2,3,St. Croix County              ,36,36,9750930,2,4,350000,0,0,0,1,5,850000,36,36,9750930,2,4,350000,0,0,0,1,5,850000
201612,55,131,2,3,Washington County             ,26,26,7520225,0,0,0,0,0,0,1,5,354167,18,18,4520345,0,0,0,0,0,0,0,0,0
201612,56,029,4,8,Park County                   ,4,4,1150854,0,0,0,0,0,0,0,0,0,4,4,1150854,0,0,0,0,0,0,0,0,0
201612,56,039,4,8,Teton County                  ,11,11,19001542,1,2,617754,0,0,0,0,0,0,9,9,18278430,0,0,0,0,0,0,0,0,0
