Survey,CSA,CBSA,MONCOV,CBSA,,1-unit,,,2-units,,,3-4 units,,,5+ units,,,1-unit rep,,,2-units rep,,,3-4 units rep,,,5+ units rep
Date,Code,Code,,Name,Bldgs,Units,Value,Bldgs,Units,Value,Bldgs,Units,Value,Bldgs,Units,Value,Bldgs,Units,Value,Bldgs,Units,Value,      Bldgs,Units,Value,Bldgs,Units,Value
 
201712,104,10580,C,Albany-Schenectady-Troy  NY ,90,90,24514,3,6,900,4,16,2480,6,56,6451,65,65,17711,3,6,900,4,16,2480,1,5,400
201712,104,24020, ,Glens Falls  NY ,19,19,3408,0,0,0,0,0,0,0,0,0,14,14,3012,0,0,0,0,0,0,0,0,0
201712,106,10740,C,Albuquerque  NM ,243,243,49295,0,0,0,0,0,0,1,6,250,226,226,46599,0,0,0,0,0,0,0,0,0
201712,106,42140,C,Santa Fe  NM ,10,10,2496,0,0,0,0,0,0,0,0,0,0,0,0,0,0,0,0,0,0,0,0,0
201712,108,11100, ,Amarillo  TX ,41,41,10302,1,2,192,0,0,0,0,0,0,41,41,10302,1,2,192,0,0,0,0,0,0
201712,118,11540, ,Appleton  WI ,8,8,2833,2,4,530,0,0,0,0,0,0,8,8,2833,2,4,530,0,0,0,0,0,0
201712,118,36780, ,Oshkosh-Neenah  WI ,10,10,2672,0,0,0,0,0,0,0,0,0,8,8,2214,0,0,0,0,0,0,0,0,0
201712,120,11700, ,Asheville  NC ,124,124,32501,0,0,0,0,0,0,4,72,4995,37,37,8672,0,0,0,0,0,0,0,0,0
201712,122,12020, ,Athens-Clarke County  GA ,14,14,5445,0,0,0,0,0,0,0,0,0,14,14,5445,0,0,0,0,0,0,0,0,0
201712,122,12060, ,Atlanta-Sandy Springs-Roswell  GA ,1543,1543,350254,0,0,0,8,30,6207,7,182,17853,1329,1329,306151,0,0,0,8,30,6207,4,133,12964
201712,122,23580, ,Gainesville  GA ,43,43,8655,0,0,0,0,0,0,0,0,0,12,12,1775,0,0,0,0,0,0,0,0,0
201712,140,13460, ,Bend-Redmond  OR ,128,128,29510,1,2,248,0,0,0,0,0,0,103,103,24086,1,2,248,0,0,0,0,0,0
201712,142,13820,C,Birmingham-Hoover  AL ,158,158,40704,0,0,0,0,0,0,2,36,4931,91,91,25118,0,0,0,0,0,0,0,0,0
201712,144,14020,C,Bloomington  IN ,19,19,4915,1,2,242,0,0,0,1,9,1045,19,19,4915,1,2,242,0,0,0,1,9,1045
201712,145,14010, ,Bloomington  IL ,8,8,917,0,0,0,0,0,0,0,0,0,8,8,917,0,0,0,0,0,0,0,0,0
201712,146,14100,C,Bloomsburg-Berwick  PA ,8,8,2116,0,0,0,0,0,0,1,5,675,2,2,591,0,0,0,0,0,0,0,0,0
201712,147,14260,C,Boise City  ID ,515,515,90233,0,0,0,0,0,0,2,17,1223,512,512,89837,0,0,0,0,0,0,1,12,925
201712,148,12700, ,Barnstable Town  MA ,6,6,1918,0,0,0,0,0,0,0,0,0,2,2,381,0,0,0,0,0,0,0,0,0
201712,148,14460,C,Boston-Cambridge-Newton  MA-NH ,420,420,119141,14,28,4607,12,39,5827,25,1642,241634,303,303,89998,9,18,3115,11,36,5439,10,1477,220343
201712,148,31700, ,Manchester-Nashua  NH ,25,25,5151,0,0,0,0,0,0,1,18,2309,15,15,3599,0,0,0,0,0,0,0,0,0
201712,148,39300,C,Providence-Warwick  RI-MA ,133,133,28567,7,14,1698,2,6,589,1,11,1314,85,85,17613,6,12,1184,0,0,0,0,0,0
201712,148,49340, ,Worcester  MA-CT ,15,15,3090,0,0,0,0,0,0,0,0,0,14,14,2844,0,0,0,0,0,0,0,0,0
201712,150,14540, ,Bowling Green  KY ,47,47,10869,0,0,0,2,8,540,7,184,19820,47,47,10869,0,0,0,2,8,540,7,184,19820
201712,154,15180, ,Brownsville-Harlingen  TX ,53,53,5577,2,4,212,0,0,0,0,0,0,53,53,5577,2,4,212,0,0,0,0,0,0
201712,160,15380,C,Buffalo-Cheektowaga-Niagara Falls  NY ,49,49,12152,1,2,249,1,4,845,1,41,9245,44,44,11361,1,2,249,1,4,845,0,0,0
201712,162,15980,C,Cape Coral-Fort Myers  FL ,375,375,86020,15,30,3833,2,8,2213,1,34,7250,375,375,86020,15,30,3833,2,8,2213,1,34,7250
201712,162,34940, ,Naples-Immokalee-Marco Island  FL ,192,192,49729,0,0,0,2,8,1430,2,16,2348,192,192,49729,0,0,0,2,8,1430,2,16,2348
201712,164,16020, ,Cape Girardeau  MO-IL ,0,0,0,0,0,0,0,0,0,0,0,0,0,0,0,0,0,0,0,0,0,0,0,0
201712,168,16300, ,Cedar Rapids  IA ,15,15,2279,1,2,237,0,0,0,2,71,5914,15,15,2279,1,2,237,0,0,0,2,71,5914
201712,168,26980, ,Iowa City  IA ,20,20,4460,0,0,0,6,24,3777,0,0,0,19,19,4322,0,0,0,6,24,3777,0,0,0
201712,170,16620, ,Charleston  WV ,5,5,860,0,0,0,0,0,0,1,5,318,3,3,450,0,0,0,0,0,0,0,0,0
201712,170,26580, ,Huntington-Ashland  WV-KY-OH ,20,20,3629,1,2,125,0,0,0,0,0,0,19,19,3550,1,2,125,0,0,0,0,0,0
201712,172,16740, ,Charlotte-Concord-Gastonia  NC-SC ,754,754,192814,6,12,893,0,0,0,19,416,44330,630,630,152374,6,12,893,0,0,0,17,390,41587
201712,174,16860, ,Chattanooga  TN-GA ,102,102,18862,1,2,188,0,0,0,1,33,2672,58,58,10310,0,0,0,0,0,0,0,0,0
201712,174,17420, ,Cleveland  TN ,20,20,3461,1,2,142,1,3,235,0,0,0,0,0,0,0,0,0,0,0,0,0,0,0
201712,176,16980, ,Chicago-Naperville-Elgin  IL-IN-WI ,502,502,147907,4,8,1259,17,53,11790,28,1136,128738,417,417,126073,4,8,1259,17,53,11790,23,1083,122791
201712,176,28100, ,Kankakee  IL ,1,1,235,0,0,0,0,0,0,0,0,0,1,1,235,0,0,0,0,0,0,0,0,0
201712,176,33140, ,Michigan City-La Porte  IN ,13,13,2051,0,0,0,0,0,0,0,0,0,13,13,2051,0,0,0,0,0,0,0,0,0
201712,178,17140, ,Cincinnati  OH-KY-IN ,267,267,64514,0,0,0,2,7,654,10,81,5799,243,243,58276,0,0,0,1,4,300,9,76,5448
201712,184,10420, ,Akron  OH ,43,43,9185,0,0,0,0,0,0,0,0,0,43,43,9185,0,0,0,0,0,0,0,0,0
201712,184,15940, ,Canton-Massillon  OH ,32,32,8109,0,0,0,0,0,0,0,0,0,29,29,7759,0,0,0,0,0,0,0,0,0
201712,184,17460, ,Cleveland-Elyria  OH ,163,163,45331,1,2,11,3,10,1048,1,10,546,138,138,40225,0,0,0,3,10,1048,0,0,0
201712,190,17860,C,Columbia  MO ,46,46,10562,0,0,0,0,0,0,0,0,0,46,46,10562,0,0,0,0,0,0,0,0,0
201712,192,17900,C,Columbia  SC ,258,258,48775,0,0,0,0,0,0,2,24,1355,115,115,28056,0,0,0,0,0,0,0,0,0
201712,194,12220,C,Auburn-Opelika  AL ,73,73,20683,1,2,144,0,0,0,0,0,0,35,35,9695,0,0,0,0,0,0,0,0,0
201712,194,17980, ,Columbus  GA-AL ,44,44,8505,0,0,0,1,4,246,1,6,1494,24,24,4667,0,0,0,0,0,0,0,0,0
201712,198,18140, ,Columbus  OH ,268,268,70499,0,0,0,2,8,1103,1,9,680,226,226,61132,0,0,0,2,8,1103,0,0,0
201712,204,18580, ,Corpus Christi  TX ,43,43,7087,0,0,0,0,0,0,0,0,0,40,40,6375,0,0,0,0,0,0,0,0,0
201712,206,19100, ,Dallas-Fort Worth-Arlington  TX ,2387,2387,647238,12,24,4529,17,67,11541,36,1153,113908,1953,1953,532742,8,16,3283,14,56,10407,25,624,63149
201712,209,19340, ,Davenport-Moline-Rock Island  IA-IL ,15,15,4403,0,0,0,0,0,0,0,0,0,6,6,1649,0,0,0,0,0,0,0,0,0
201712,212,19380, ,Dayton  OH ,76,76,14870,0,0,0,0,0,0,0,0,0,70,70,13736,0,0,0,0,0,0,0,0,0
201712,212,44220, ,Springfield  OH ,5,5,1143,0,0,0,0,0,0,0,0,0,5,5,1143,0,0,0,0,0,0,0,0,0
201712,216,14500, ,Boulder  CO ,59,59,21732,0,0,0,0,0,0,6,111,13298,32,32,13110,0,0,0,0,0,0,1,40,6750
201712,216,19740, ,Denver-Aurora-Lakewood  CO ,962,962,271299,0,0,0,0,0,0,14,183,22810,856,856,243109,0,0,0,0,0,0,12,142,19445
201712,216,24540, ,Greeley  CO ,170,170,47039,1,2,383,1,3,1050,4,74,5017,86,86,22976,1,2,383,0,0,0,3,69,4170
201712,218,11180, ,Ames  IA ,6,6,1858,0,0,0,0,0,0,0,0,0,6,6,1858,0,0,0,0,0,0,0,0,0
201712,218,19780, ,Des Moines-West Des Moines  IA ,164,164,43253,0,0,0,0,0,0,17,524,53908,162,162,42753,0,0,0,0,0,0,17,524,53908
201712,220,11460, ,Ann Arbor  MI ,16,16,5458,0,0,0,0,0,0,0,0,0,8,8,3450,0,0,0,0,0,0,0,0,0
201712,220,19820, ,Detroit-Warren-Dearborn  MI ,357,357,103420,2,4,436,5,17,2804,13,206,17679,311,311,89623,0,0,0,4,14,2566,12,191,16017
201712,220,22420, ,Flint  MI ,6,6,1177,0,0,0,0,0,0,0,0,0,6,6,1177,0,0,0,0,0,0,0,0,0
201712,220,33780, ,Monroe  MI ,0,0,0,0,0,0,0,0,0,0,0,0,0,0,0,0,0,0,0,0,0,0,0,0
201712,222,20020, ,Dothan  AL ,11,11,2578,0,0,0,0,0,0,0,0,0,9,9,2312,0,0,0,0,0,0,0,0,0
201712,232,20740, ,Eau Claire  WI ,13,13,3580,0,0,0,0,0,0,0,0,0,13,13,3580,0,0,0,0,0,0,0,0,0
201712,236,21300, ,Elmira  NY ,0,0,0,0,0,0,0,0,0,0,0,0,0,0,0,0,0,0,0,0,0,0,0,0
201712,238,21340,C,El Paso  TX ,197,197,44332,3,6,588,1,4,362,6,40,5687,36,36,3628,0,0,0,0,0,0,0,0,0
201712,238,29740,C,Las Cruces  NM ,60,60,12749,0,0,0,0,0,0,0,0,0,60,60,12749,0,0,0,0,0,0,0,0,0
201712,240,21500, ,Erie  PA ,1,1,278,0,0,0,0,0,0,1,30,1500,1,1,278,0,0,0,0,0,0,1,30,1500
201712,244,22020, ,Fargo  ND-MN ,13,13,3559,0,0,0,0,0,0,0,0,0,11,11,2991,0,0,0,0,0,0,0,0,0
201712,246,22180,C,Fayetteville  NC ,42,42,8902,0,0,0,0,0,0,1,5,490,42,42,8902,0,0,0,0,0,0,0,0,0
201712,258,23060, ,Fort Wayne  IN ,58,58,14905,0,0,0,0,0,0,0,0,0,58,58,14905,0,0,0,0,0,0,0,0,0
201712,260,23420,C,Fresno  CA ,232,232,59289,2,4,583,2,6,990,3,79,7355,128,128,30089,0,0,0,0,0,0,1,60,5916
201712,260,31460, ,Madera  CA ,57,57,10140,0,0,0,0,0,0,0,0,0,40,40,7717,0,0,0,0,0,0,0,0,0
201712,264,23540, ,Gainesville  FL ,31,31,8183,0,0,0,0,0,0,2,15,919,25,25,7505,0,0,0,0,0,0,0,0,0
201712,266,24340, ,Grand Rapids-Wyoming  MI ,103,103,26840,0,0,0,0,0,0,4,146,17509,80,80,22206,0,0,0,0,0,0,3,136,16296
201712,266,34740, ,Muskegon  MI ,2,2,348,0,0,0,0,0,0,0,0,0,0,0,0,0,0,0,0,0,0,0,0,0
201712,267,24580, ,Green Bay  WI ,39,39,10366,1,2,150,0,0,0,2,26,1489,26,26,7080,1,2,150,0,0,0,1,21,1100
201712,268,15500, ,Burlington  NC ,61,61,10873,0,0,0,0,0,0,0,0,0,61,61,10873,0,0,0,0,0,0,0,0,0
201712,268,24660,C,Greensboro-High Point  NC ,121,121,27764,0,0,0,0,0,0,6,143,19699,110,110,26412,0,0,0,0,0,0,5,138,19417
201712,268,49180, ,Winston-Salem  NC ,159,159,30066,1,2,214,0,0,0,6,80,3609,159,159,30066,1,2,214,0,0,0,6,80,3609
201712,273,24860, ,Greenville-Anderson-Mauldin  SC ,314,314,137830,1,2,478,1,4,425,8,169,20283,301,301,135870,1,2,478,1,4,425,7,144,16994
201712,273,43900, ,Spartanburg  SC ,161,161,28046,0,0,0,0,0,0,0,0,0,161,161,28046,0,0,0,0,0,0,0,0,0
201712,274,24780, ,Greenville  NC ,41,41,6676,5,10,1051,0,0,0,0,0,0,41,41,6676,5,10,1051,0,0,0,0,0,0
201712,276,23900,C,Gettysburg  PA ,24,24,5047,0,0,0,0,0,0,0,0,0,24,24,5047,0,0,0,0,0,0,0,0,0
201712,276,25420,C,Harrisburg-Carlisle  PA ,73,73,16542,0,0,0,0,0,0,3,56,3813,45,45,10263,0,0,0,0,0,0,1,20,1400
201712,276,30140, ,Lebanon  PA ,14,14,2238,0,0,0,0,0,0,0,0,0,14,14,2238,0,0,0,0,0,0,0,0,0
201712,276,49620, ,York-Hanover  PA ,14,14,3266,0,0,0,0,0,0,0,0,0,9,9,2158,0,0,0,0,0,0,0,0,0
201712,277,25500,C,Harrisonburg  VA ,51,51,10167,0,0,0,0,0,0,0,0,0,41,41,8384,0,0,0,0,0,0,0,0,0
201712,277,44420, ,Staunton-Waynesboro  VA ,14,14,3799,0,0,0,0,0,0,0,0,0,14,14,3799,0,0,0,0,0,0,0,0,0
201712,278,25540,C,Hartford-West Hartford-East Hartford  CT ,44,44,10428,0,0,0,0,0,0,10,113,5145,31,31,7769,0,0,0,0,0,0,6,82,2072
201712,278,35980, ,Norwich-New London  CT ,9,9,1944,2,4,584,0,0,0,0,0,0,4,4,1058,0,0,0,0,0,0,0,0,0
201712,280,25860, ,Hickory-Lenoir-Morganton  NC ,1,1,150,0,0,0,0,0,0,0,0,0,0,0,0,0,0,0,0,0,0,0,0,0
201712,284,26300, ,Hot Springs  AR ,4,4,780,0,0,0,0,0,0,0,0,0,4,4,780,0,0,0,0,0,0,0,0,0
201712,288,26420, ,Houston-The Woodlands-Sugar Land  TX ,2647,2647,501374,3,6,530,9,36,3600,19,698,75155,1866,1866,402865,3,6,530,9,36,3600,17,686,74497
201712,290,19460, ,Decatur  AL ,11,11,2106,0,0,0,0,0,0,0,0,0,6,6,995,0,0,0,0,0,0,0,0,0
201712,290,26620,C,Huntsville  AL ,155,155,21414,0,0,0,0,0,0,0,0,0,154,154,21288,0,0,0,0,0,0,0,0,0
201712,292,26820, ,Idaho Falls  ID ,33,33,5932,0,0,0,0,0,0,2,48,3966,33,33,5932,0,0,0,0,0,0,2,48,3966
201712,294,18020, ,Columbus  IN ,10,10,2738,0,0,0,0,0,0,0,0,0,10,10,2738,0,0,0,0,0,0,0,0,0
201712,294,26900, ,Indianapolis-Carmel-Anderson  IN ,410,410,126632,4,8,1366,0,0,0,3,153,22738,394,394,123498,4,8,1366,0,0,0,3,153,22738
201712,294,34620, ,Muncie  IN ,1,1,99,0,0,0,0,0,0,0,0,0,0,0,0,0,0,0,0,0,0,0,0,0
201712,296,27060, ,Ithaca  NY ,0,0,0,0,0,0,0,0,0,1,10,1200,0,0,0,0,0,0,0,0,0,0,0,0
201712,297,27180, ,Jackson  TN ,6,6,1255,0,0,0,0,0,0,0,0,0,6,6,1255,0,0,0,0,0,0,0,0,0
201712,298,27140, ,Jackson  MS ,98,98,24702,8,16,4342,1,4,740,0,0,0,51,51,15261,8,16,4342,1,4,740,0,0,0
201712,300,27260,C,Jacksonville  FL ,729,729,185391,2,4,434,0,0,0,2,11,1860,657,657,164230,2,4,434,0,0,0,1,6,646
201712,304,27740, ,Johnson City  TN ,8,8,1642,0,0,0,0,0,0,0,0,0,8,8,1642,0,0,0,0,0,0,0,0,0
201712,304,28700, ,Kingsport-Bristol-Bristol  TN-VA ,0,0,0,0,0,0,0,0,0,0,0,0,0,0,0,0,0,0,0,0,0,0,0,0
201712,306,27780, ,Johnstown  PA ,1,1,262,0,0,0,0,0,0,0,0,0,0,0,0,0,0,0,0,0,0,0,0,0
201712,308,27860, ,Jonesboro  AR ,44,44,6117,2,4,284,3,9,478,1,18,1260,11,11,1241,0,0,0,0,0,0,0,0,0
201712,309,27900, ,Joplin  MO ,9,9,1412,3,6,680,0,0,0,0,0,0,9,9,1412,3,6,680,0,0,0,0,0,0
201712,310,12980, ,Battle Creek  MI ,2,2,385,0,0,0,0,0,0,0,0,0,2,2,385,0,0,0,0,0,0,0,0,0
201712,310,28020, ,Kalamazoo-Portage  MI ,8,8,2497,0,0,0,0,0,0,0,0,0,6,6,1700,0,0,0,0,0,0,0,0,0
201712,312,28140, ,Kansas City  MO-KS ,443,443,121808,3,6,562,11,41,4128,10,388,35885,417,417,114613,3,6,562,11,41,4128,9,365,32673
201712,312,29940, ,Lawrence  KS ,7,7,1651,0,0,0,0,0,0,0,0,0,7,7,1651,0,0,0,0,0,0,0,0,0
201712,312,41140, ,St. Joseph  MO-KS ,0,0,0,0,0,0,0,0,0,0,0,0,0,0,0,0,0,0,0,0,0,0,0,0
201712,314,28940, ,Knoxville  TN ,183,183,37549,0,0,0,0,0,0,3,40,2267,64,64,13315,0,0,0,0,0,0,2,30,1609
201712,316,29020, ,Kokomo  IN ,2,2,368,0,0,0,0,0,0,0,0,0,2,2,368,0,0,0,0,0,0,0,0,0
201712,318,29180, ,Lafayette  LA ,99,99,18482,0,0,0,0,0,0,0,0,0,90,90,17477,0,0,0,0,0,0,0,0,0
201712,320,29200, ,Lafayette-West Lafayette  IN ,25,25,5929,0,0,0,0,0,0,0,0,0,21,21,5433,0,0,0,0,0,0,0,0,0
201712,324,29340, ,Lake Charles  LA ,66,66,12659,8,16,1759,0,0,0,0,0,0,32,32,5710,8,16,1759,0,0,0,0,0,0
201712,330,29620, ,Lansing-East Lansing  MI ,13,13,3423,0,0,0,0,0,0,0,0,0,6,6,1765,0,0,0,0,0,0,0,0,0
201712,332,29420, ,Lake Havasu City-Kingman  AZ ,65,65,14477,1,2,206,0,0,0,0,0,0,65,65,14477,1,2,206,0,0,0,0,0,0
201712,332,29820,C,Las Vegas-Henderson-Paradise  NV ,633,633,147058,4,8,1416,13,52,8425,21,330,46773,633,633,147058,4,8,1416,13,52,8425,21,330,46773
201712,336,30460,C,Lexington-Fayette  KY ,74,74,15238,1,2,190,0,0,0,2,40,3131,23,23,6854,1,2,190,0,0,0,0,0,0
201712,338,30620, ,Lima  OH ,0,0,0,0,0,0,0,0,0,0,0,0,0,0,0,0,0,0,0,0,0,0,0,0
201712,339,30700, ,Lincoln  NE ,65,65,13636,1,2,356,0,0,0,2,90,9437,2,2,253,0,0,0,0,0,0,0,0,0
201712,340,30780, ,Little Rock-North Little Rock-Conway  AR ,132,132,24109,0,0,0,0,0,0,6,304,18889,77,77,15735,0,0,0,0,0,0,6,304,18889
201712,340,38220, ,Pine Bluff  AR ,1,1,114,0,0,0,0,0,0,0,0,0,0,0,0,0,0,0,0,0,0,0,0,0
201712,346,30980, ,Longview  TX ,3,3,654,0,0,0,0,0,0,0,0,0,3,3,654,0,0,0,0,0,0,0,0,0
201712,348,31080,C,Los Angeles-Long Beach-Anaheim  CA ,1036,1036,360508,62,124,22692,8,25,3628,62,1369,220877,926,926,317005,59,118,21098,6,19,3184,56,1187,197930
201712,348,37100, ,Oxnard-Thousand Oaks-Ventura  CA ,21,21,4959,0,0,0,7,27,2870,2,39,4621,13,13,2960,0,0,0,6,23,2239,0,0,0
201712,348,40140, ,Riverside-San Bernardino-Ontario  CA ,706,706,183605,2,4,1440,2,8,966,22,567,41951,456,456,117348,2,4,1440,2,8,966,19,535,37996
201712,350,21060, ,Elizabethtown-Fort Knox  KY ,21,21,3932,0,0,0,0,0,0,0,0,0,21,21,3932,0,0,0,0,0,0,0,0,0
201712,350,31140, ,Louisville-Jefferson County  KY-IN ,208,208,54147,1,2,99,3,10,1437,1,7,938,175,175,44991,0,0,0,3,10,1437,1,7,938
201712,352,31180, ,Lubbock  TX ,102,102,23007,3,6,734,1,3,402,5,66,7562,10,10,2093,0,0,0,0,0,0,0,0,0
201712,356,31420, ,Macon-Bibb County  GA ,15,15,2950,0,0,0,0,0,0,0,0,0,0,0,0,0,0,0,0,0,0,0,0,0
201712,356,47580, ,Warner Robins  GA ,102,102,20704,0,0,0,0,0,0,0,0,0,102,102,20704,0,0,0,0,0,0,0,0,0
201712,357,27500, ,Janesville-Beloit  WI ,13,13,3154,0,0,0,0,0,0,0,0,0,13,13,3154,0,0,0,0,0,0,0,0,0
201712,357,31540, ,Madison  WI ,90,90,28753,4,8,1121,3,11,1499,6,303,40603,47,47,16902,2,4,442,2,8,1052,2,112,16130
201712,358,31740, ,Manhattan  KS ,9,9,3277,0,0,0,0,0,0,0,0,0,9,9,3277,0,0,0,0,0,0,0,0,0
201712,359,31860, ,Mankato-North Mankato  MN ,8,8,1721,0,0,0,0,0,0,1,7,740,0,0,0,0,0,0,0,0,0,0,0,0
201712,365,32580,C,McAllen-Edinburg-Mission  TX ,184,184,31329,5,10,632,12,47,2836,1,31,2426,130,130,21777,3,6,403,7,27,1535,0,0,0
201712,366,32780, ,Medford  OR ,33,33,7527,1,2,304,0,0,0,0,0,0,33,33,7527,1,2,304,0,0,0,0,0,0
201712,368,32820, ,Memphis  TN-MS-AR ,241,241,51710,0,0,0,0,0,0,5,211,20252,228,228,50269,0,0,0,0,0,0,4,206,19895
201712,370,33100, ,Miami-Fort Lauderdale-West Palm Beach  FL ,420,420,173267,9,18,4450,1,4,130,26,555,54626,355,355,144735,8,16,3750,1,4,130,19,480,48388
201712,370,38940, ,Port St. Lucie  FL ,109,109,23397,2,4,345,6,23,6161,1,5,1332,109,109,23397,2,4,345,6,23,6161,1,5,1332
201712,370,42680, ,Sebastian-Vero Beach  FL ,53,53,21064,0,0,0,0,0,0,0,0,0,53,53,21064,0,0,0,0,0,0,0,0,0
201712,372,33260, ,Midland  TX ,37,37,7135,0,0,0,0,0,0,0,0,0,37,37,7135,0,0,0,0,0,0,0,0,0
201712,372,36220,C,Odessa  TX ,34,34,6501,0,0,0,0,0,0,0,0,0,0,0,0,0,0,0,0,0,0,0,0,0
201712,376,33340,C,Milwaukee-Waukesha-West Allis  WI ,97,97,32940,3,6,1269,0,0,0,1,6,453,70,70,21277,3,6,1269,0,0,0,0,0,0
201712,376,39540, ,Racine  WI ,10,10,2843,0,0,0,0,0,0,0,0,0,4,4,1185,0,0,0,0,0,0,0,0,0
201712,378,33460, ,Minneapolis-St. Paul-Bloomington  MN-WI ,550,550,169741,2,4,433,4,16,2950,9,641,101383,499,499,153006,2,4,433,4,16,2950,6,609,95900
201712,378,41060, ,St. Cloud  MN ,1,1,213,0,0,0,0,0,0,0,0,0,0,0,0,0,0,0,0,0,0,0,0,0
201712,380,19300, ,Daphne-Fairhope-Foley  AL ,127,127,24541,1,2,252,4,15,1641,1,6,580,42,42,8693,0,0,0,2,7,739,1,6,580
201712,380,33660, ,Mobile  AL ,41,41,8226,0,0,0,0,0,0,0,0,0,41,41,8226,0,0,0,0,0,0,0,0,0
201712,382,32900, ,Merced  CA ,15,15,3857,0,0,0,0,0,0,0,0,0,12,12,2841,0,0,0,0,0,0,0,0,0
201712,382,33700, ,Modesto  CA ,5,5,675,0,0,0,0,0,0,0,0,0,5,5,675,0,0,0,0,0,0,0,0,0
201712,384,33740, ,Monroe  LA ,36,36,7574,0,0,0,1,4,629,1,5,579,0,0,0,0,0,0,0,0,0,0,0,0
201712,390,34060, ,Morgantown  WV ,0,0,0,0,0,0,0,0,0,0,0,0,0,0,0,0,0,0,0,0,0,0,0,0
201712,396,34820, ,Myrtle Beach-Conway-North Myrtle Beach  SC-NC ,453,453,82467,0,0,0,0,0,0,0,0,0,328,328,56808,0,0,0,0,0,0,0,0,0
201712,400,34980, ,Nashville-Davidson--Murfreesboro--Franklin  TN ,862,862,219605,6,12,1167,0,0,0,34,474,33025,836,836,214479,6,12,1167,0,0,0,34,474,33025
201712,406,25220, ,Hammond  LA ,38,38,4090,0,0,0,0,0,0,0,0,0,34,34,3470,0,0,0,0,0,0,0,0,0
201712,406,35380, ,New Orleans-Metairie  LA ,169,169,38130,3,6,728,0,0,0,2,20,3758,110,110,24880,0,0,0,0,0,0,0,0,0
201712,408,10900, ,Allentown-Bethlehem-Easton  PA-NJ ,23,23,4275,0,0,0,0,0,0,1,18,788,20,20,3695,0,0,0,0,0,0,0,0,0
201712,408,14860,C,Bridgeport-Stamford-Norwalk  CT ,59,59,38748,2,4,880,1,3,1338,1,8,648,42,42,25451,2,4,880,1,3,1338,0,0,0
201712,408,20700, ,East Stroudsburg  PA ,19,19,3548,0,0,0,0,0,0,0,0,0,18,18,3293,0,0,0,0,0,0,0,0,0
201712,408,28740, ,Kingston  NY ,2,2,320,0,0,0,0,0,0,1,9,2195,1,1,156,0,0,0,0,0,0,0,0,0
201712,408,35300, ,New Haven-Milford  CT ,14,14,2149,0,0,0,0,0,0,1,22,1354,8,8,1295,0,0,0,0,0,0,0,0,0
201712,408,35620, ,New York-Newark-Jersey City  NY-NJ-PA ,711,711,219826,83,166,20400,22,71,7794,131,4579,536626,445,445,148148,69,138,16989,16,52,6037,74,3453,432030
201712,408,45940,C,Trenton  NJ ,8,8,2724,1,2,87,3,12,1601,2,38,2155,4,4,1832,0,0,0,2,8,1248,0,0,0
201712,412,35840,C,North Port-Sarasota-Bradenton  FL ,519,519,135931,1,2,50,6,23,4517,12,379,52556,489,489,126277,1,2,50,6,23,4517,12,379,52556
201712,412,39460, ,Punta Gorda  FL ,41,41,790,0,0,0,0,0,0,0,0,0,0,0,0,0,0,0,0,0,0,0,0,0
201712,416,36420,C,Oklahoma City  OK ,382,382,87711,9,18,4683,0,0,0,1,13,918,121,121,34742,6,12,4078,0,0,0,0,0,0
201712,420,36540, ,Omaha-Council Bluffs  NE-IA ,187,187,45553,0,0,0,0,0,0,13,298,22864,165,165,40181,0,0,0,0,0,0,13,298,22864
201712,422,19660, ,Deltona-Daytona Beach-Ormond Beach  FL ,169,169,51290,5,10,1780,0,0,0,0,0,0,158,158,48360,5,10,1780,0,0,0,0,0,0
201712,422,36740, ,Orlando-Kissimmee-Sanford  FL ,1171,1171,321053,4,8,713,2,6,1103,23,646,87328,959,959,250265,4,8,713,2,6,1103,16,535,78520
201712,422,45540,C,The Villages  FL ,205,205,56058,0,0,0,0,0,0,0,0,0,205,205,56058,0,0,0,0,0,0,0,0,0
201712,425,37620, ,Parkersburg-Vienna  WV ,2,2,184,0,0,0,0,0,0,0,0,0,2,2,184,0,0,0,0,0,0,0,0,0
201712,426,37860,C,Pensacola-Ferry Pass-Brent  FL ,161,161,32406,0,0,0,0,0,0,0,0,0,161,161,32406,0,0,0,0,0,0,0,0,0
201712,427,37900, ,Peoria  IL ,0,0,0,0,0,0,0,0,0,0,0,0,0,0,0,0,0,0,0,0,0,0,0,0
201712,428,12100,C,Atlantic City-Hammonton  NJ ,35,35,7568,0,0,0,0,0,0,3,95,6522,28,28,6062,0,0,0,0,0,0,0,0,0
201712,428,20100,C,Dover  DE ,103,103,15515,0,0,0,0,0,0,5,90,13090,101,101,15226,0,0,0,0,0,0,5,90,13090
201712,428,36140,C,Ocean City  NJ ,29,29,8338,2,4,532,1,3,17,0,0,0,21,21,6423,1,2,270,0,0,0,0,0,0
201712,428,37980,C,Philadelphia-Camden-Wilmington  PA-NJ-DE-MD ,492,492,93640,8,16,2266,11,36,4200,20,601,75836,222,222,46801,1,2,49,1,4,789,4,283,37038
201712,428,39740, ,Reading  PA ,1,1,262,0,0,0,0,0,0,0,0,0,0,0,0,0,0,0,0,0,0,0,0,0
201712,428,47220,C,Vineland-Bridgeton  NJ ,6,6,649,0,0,0,0,0,0,1,5,666,0,0,0,0,0,0,0,0,0,0,0,0
201712,430,38300, ,Pittsburgh  PA ,71,71,21578,0,0,0,0,0,0,1,54,4428,41,41,14143,0,0,0,0,0,0,0,0,0
201712,430,48260, ,Weirton-Steubenville  WV-OH ,0,0,0,0,0,0,0,0,0,0,0,0,0,0,0,0,0,0,0,0,0,0,0,0
201712,438,30340, ,Lewiston-Auburn  ME ,6,6,758,0,0,0,0,0,0,0,0,0,4,4,545,0,0,0,0,0,0,0,0,0
201712,438,38860, ,Portland-South Portland  ME ,95,95,25245,1,2,195,0,0,0,4,80,7708,53,53,15124,0,0,0,0,0,0,2,48,4756
201712,440,10540, ,Albany  OR ,19,19,4156,0,0,0,0,0,0,0,0,0,13,13,3152,0,0,0,0,0,0,0,0,0
201712,440,18700, ,Corvallis  OR ,6,6,2007,0,0,0,0,0,0,0,0,0,6,6,2007,0,0,0,0,0,0,0,0,0
201712,440,31020, ,Longview  WA ,15,15,3764,0,0,0,0,0,0,0,0,0,15,15,3764,0,0,0,0,0,0,0,0,0
201712,440,38900, ,Portland-Vancouver-Hillsboro  OR-WA ,515,515,141974,22,44,7741,5,15,2337,30,1150,163925,304,304,77690,22,44,7741,4,12,1984,26,1105,158664
201712,440,41420, ,Salem  OR ,58,58,15743,1,2,335,0,0,0,0,0,0,58,58,15743,1,2,335,0,0,0,0,0,0
201712,444,39380,C,Pueblo  CO ,30,30,5115,0,0,0,0,0,0,0,0,0,30,30,5115,0,0,0,0,0,0,0,0,0
201712,450,20500,C,Durham-Chapel Hill  NC ,213,213,51160,1,2,170,0,0,0,5,147,19517,80,80,26146,0,0,0,0,0,0,1,69,12800
201712,450,39580,C,Raleigh  NC ,673,673,138179,0,0,0,0,0,0,13,350,23910,506,506,106805,0,0,0,0,0,0,13,350,23910
201712,452,39660, ,Rapid City  SD ,61,61,13690,1,2,194,0,0,0,0,0,0,52,52,12350,1,2,194,0,0,0,0,0,0
201712,454,39820, ,Redding  CA ,35,35,8613,0,0,0,0,0,0,0,0,0,35,35,8613,0,0,0,0,0,0,0,0,0
201712,456,16180,C,Carson City  NV ,5,5,1590,0,0,0,0,0,0,0,0,0,5,5,1590,0,0,0,0,0,0,0,0,0
201712,456,39900,C,Reno  NV ,159,159,42859,22,44,632,0,0,0,23,138,14510,159,159,42859,22,44,632,0,0,0,23,138,14510
201712,462,40340, ,Rochester  MN ,35,35,9323,0,0,0,0,0,0,0,0,0,35,35,9323,0,0,0,0,0,0,0,0,0
201712,464,40380, ,Rochester  NY ,58,58,12976,0,0,0,1,3,78,3,17,672,44,44,10816,0,0,0,0,0,0,0,0,0
201712,466,40420, ,Rockford  IL ,5,5,776,0,0,0,0,0,0,0,0,0,5,5,776,0,0,0,0,0,0,0,0,0
201712,470,40660,C,Rome  GA ,9,9,1369,0,0,0,0,0,0,0,0,0,9,9,1369,0,0,0,0,0,0,0,0,0
201712,472,40900,C,Sacramento--Roseville--Arden-Arcade  CA ,472,472,136227,2,4,493,0,0,0,7,112,13306,468,468,134352,2,4,493,0,0,0,7,112,13306
201712,474,13020, ,Bay City  MI ,2,2,250,0,0,0,0,0,0,0,0,0,2,2,250,0,0,0,0,0,0,0,0,0
201712,474,33220, ,Midland  MI ,2,2,352,0,0,0,0,0,0,0,0,0,2,2,352,0,0,0,0,0,0,0,0,0
201712,474,40980, ,Saginaw  MI ,0,0,0,1,2,228,0,0,0,0,0,0,0,0,0,1,2,228,0,0,0,0,0,0
201712,476,41180, ,St. Louis  MO-IL ,317,317,85550,0,0,0,1,4,480,8,111,12336,233,233,61671,0,0,0,1,4,480,7,98,10738
201712,482,36260, ,Ogden-Clearfield  UT ,146,146,41238,0,0,0,8,28,3952,2,10,1100,100,100,26539,0,0,0,5,18,2404,2,10,1100
201712,482,39340, ,Provo-Orem  UT ,313,313,83241,0,0,0,2,7,1053,5,296,36322,302,302,79903,0,0,0,2,7,1053,5,296,36322
201712,482,41620, ,Salt Lake City  UT ,415,415,97477,1,2,292,4,14,2362,3,18,2537,323,323,73861,0,0,0,2,7,1200,1,5,517
201712,488,41860,C,San Francisco-Oakland-Hayward  CA ,661,661,265787,4,8,2105,9,34,9029,39,1301,269768,571,571,229904,4,8,2105,7,27,7225,28,1139,240252
201712,488,41940,C,San Jose-Sunnyvale-Santa Clara  CA ,213,213,70620,1,2,726,3,9,1536,13,509,67220,195,195,63702,1,2,726,3,9,1536,13,509,67220
201712,488,42100, ,Santa Cruz-Watsonville  CA ,10,10,2153,0,0,0,1,3,344,1,9,915,0,0,0,0,0,0,0,0,0,0,0,0
201712,488,42220, ,Santa Rosa  CA ,61,61,11329,1,2,265,1,3,387,1,14,380,61,61,11329,1,2,265,1,3,387,1,14,380
201712,488,44700, ,Stockton-Lodi  CA ,146,146,44123,0,0,0,1,4,403,6,96,11311,146,146,44123,0,0,0,1,4,403,6,96,11311
201712,488,46700, ,Vallejo-Fairfield  CA ,37,37,10369,0,0,0,0,0,0,0,0,0,37,37,10369,0,0,0,0,0,0,0,0,0
201712,496,25980, ,Hinesville  GA ,21,21,4818,0,0,0,0,0,0,0,0,0,11,11,2955,0,0,0,0,0,0,0,0,0
201712,496,42340, ,Savannah  GA ,118,118,29508,0,0,0,0,0,0,8,78,8122,73,73,18970,0,0,0,0,0,0,7,68,7325
201712,500,14740,C,Bremerton-Silverdale  WA ,74,74,22630,0,0,0,0,0,0,0,0,0,74,74,22630,0,0,0,0,0,0,0,0,0
201712,500,34580, ,Mount Vernon-Anacortes  WA ,29,29,6293,0,0,0,0,0,0,0,0,0,16,16,4157,0,0,0,0,0,0,0,0,0
201712,500,36500, ,Olympia-Tumwater  WA ,72,72,20219,0,0,0,0,0,0,0,0,0,72,72,20219,0,0,0,0,0,0,0,0,0
201712,500,42660,C,Seattle-Tacoma-Bellevue  WA ,769,769,255957,16,32,7647,19,66,14442,28,1300,161740,637,637,211076,15,30,7274,19,66,14442,24,1215,152268
201712,512,43580, ,Sioux City  IA-NE-SD ,10,10,2607,0,0,0,0,0,0,0,0,0,4,4,900,0,0,0,0,0,0,0,0,0
201712,515,21140, ,Elkhart-Goshen  IN ,15,15,4287,0,0,0,0,0,0,0,0,0,15,15,4287,0,0,0,0,0,0,0,0,0
201712,515,35660, ,Niles-Benton Harbor  MI ,2,2,443,0,0,0,0,0,0,0,0,0,2,2,443,0,0,0,0,0,0,0,0,0
201712,515,43780, ,South Bend-Mishawaka  IN-MI ,24,24,5215,0,0,0,0,0,0,8,80,8842,24,24,5215,0,0,0,0,0,0,8,80,8842
201712,518,17660, ,Coeur dAlene  ID ,70,70,17951,1,2,262,0,0,0,0,0,0,46,46,13130,0,0,0,0,0,0,0,0,0
201712,518,44060, ,Spokane-Spokane Valley  WA ,102,102,26493,7,14,2118,0,0,0,3,27,3565,100,100,25906,7,14,2118,0,0,0,3,27,3565
201712,520,44180, ,Springfield  MO ,48,48,11601,0,0,0,0,0,0,0,0,0,48,48,11601,0,0,0,0,0,0,0,0,0
201712,521,44140, ,Springfield  MA ,7,7,1839,0,0,0,0,0,0,0,0,0,5,5,1503,0,0,0,0,0,0,0,0,0
201712,522,44100, ,Springfield  IL ,1,1,300,0,0,0,0,0,0,0,0,0,1,1,300,0,0,0,0,0,0,0,0,0
201712,524,44300, ,State College  PA ,8,8,2283,0,0,0,0,0,0,0,0,0,6,6,1952,0,0,0,0,0,0,0,0,0
201712,532,45060, ,Syracuse  NY ,12,12,2882,0,0,0,0,0,0,1,39,4167,11,11,2821,0,0,0,0,0,0,0,0,0
201712,533,45220, ,Tallahassee  FL ,64,64,11512,1,2,290,0,0,0,2,49,3625,20,20,2630,0,0,0,0,0,0,0,0,0
201712,534,45780, ,Toledo  OH ,48,48,10867,0,0,0,0,0,0,1,5,400,47,47,10755,0,0,0,0,0,0,0,0,0
201712,536,46060,C,Tucson  AZ ,223,223,63485,0,0,0,0,0,0,0,0,0,66,66,18086,0,0,0,0,0,0,0,0,0
201712,538,46140,C,Tulsa  OK ,168,168,38459,0,0,0,0,0,0,1,9,1600,156,156,35598,0,0,0,0,0,0,1,9,1600
201712,540,46340, ,Tyler  TX ,12,12,3963,0,0,0,0,0,0,0,0,0,12,12,3963,0,0,0,0,0,0,0,0,0
201712,545,47260, ,Virginia Beach-Norfolk-Newport News  VA-NC ,320,320,73885,4,8,931,4,15,2265,0,0,0,284,284,68211,3,6,671,3,12,2017,0,0,0
201712,546,47300, ,Visalia-Porterville  CA ,72,72,18973,0,0,0,0,0,0,1,8,927,72,72,18973,0,0,0,0,0,0,1,8,927
201712,548,12580,C,Baltimore-Columbia-Towson  MD ,379,379,84955,0,0,0,0,0,0,1,11,902,375,375,83413,0,0,0,0,0,0,0,0,0
201712,548,15680,C,California-Lexington Park  MD ,86,86,15402,0,0,0,0,0,0,0,0,0,86,86,15402,0,0,0,0,0,0,0,0,0
201712,548,16540,C,Chambersburg-Waynesboro  PA ,31,31,3798,0,0,0,0,0,0,1,8,780,23,23,2500,0,0,0,0,0,0,0,0,0
201712,548,25180, ,Hagerstown-Martinsburg  MD-WV ,66,66,12988,0,0,0,0,0,0,0,0,0,66,66,12988,0,0,0,0,0,0,0,0,0
201712,548,47900, ,Washington-Arlington-Alexandria  DC-VA-MD-WV ,872,872,206698,4,8,869,0,0,0,7,226,25106,847,847,201424,4,8,869,0,0,0,7,226,25106
201712,548,49020, ,Winchester  VA-WV ,48,48,12019,0,0,0,3,11,1416,0,0,0,48,48,12019,0,0,0,3,11,1416,0,0,0
201712,554,48140, ,Wausau  WI ,16,16,2911,0,0,0,0,0,0,0,0,0,10,10,1500,0,0,0,0,0,0,0,0,0
201712,556,48620, ,Wichita  KS ,55,55,13897,7,14,1167,0,0,0,2,36,2519,3,3,587,0,0,0,0,0,0,0,0,0
201712,558,48700, ,Williamsport  PA ,3,3,465,0,0,0,0,0,0,0,0,0,3,3,465,0,0,0,0,0,0,0,0,0
201712,566,49660, ,Youngstown-Warren-Boardman  OH-PA ,12,12,2544,0,0,0,0,0,0,0,0,0,12,12,2544,0,0,0,0,0,0,0,0,0
201712,999,10180, ,Abilene  TX ,28,28,5646,2,4,160,0,0,0,0,0,0,28,28,5646,2,4,160,0,0,0,0,0,0
201712,999,10500, ,Albany  GA ,11,11,1410,0,0,0,0,0,0,1,5,504,0,0,0,0,0,0,0,0,0,0,0,0
201712,999,10780, ,Alexandria  LA ,10,10,2247,0,0,0,0,0,0,0,0,0,10,10,2247,0,0,0,0,0,0,0,0,0
201712,999,11020, ,Altoona  PA ,0,0,0,0,0,0,0,0,0,0,0,0,0,0,0,0,0,0,0,0,0,0,0,0
201712,999,11260,C,Anchorage  AK ,67,67,20735,0,0,0,1,4,694,2,15,2371,0,0,0,0,0,0,0,0,0,0,0,0
201712,999,11500, ,Anniston-Oxford-Jacksonville  AL ,3,3,582,0,0,0,0,0,0,0,0,0,3,3,582,0,0,0,0,0,0,0,0,0
201712,999,12260, ,Augusta-Richmond County  GA-SC ,174,174,30732,0,0,0,0,0,0,1,16,1071,109,109,18073,0,0,0,0,0,0,0,0,0
201712,999,12420, ,Austin-Round Rock  TX ,1130,1130,252622,2,4,289,0,0,0,1,263,18191,1022,1022,229733,1,2,115,0,0,0,1,263,18191
201712,999,12540, ,Bakersfield  CA ,138,138,35012,5,10,1183,0,0,0,0,0,0,15,15,2090,0,0,0,0,0,0,0,0,0
201712,999,12620, ,Bangor  ME ,5,5,1179,0,0,0,0,0,0,0,0,0,1,1,268,0,0,0,0,0,0,0,0,0
201712,999,12940,C,Baton Rouge  LA ,211,211,45670,7,14,1704,1,3,232,0,0,0,85,85,21025,7,14,1704,0,0,0,0,0,0
201712,999,13140, ,Beaumont-Port Arthur  TX ,28,28,5722,1,2,216,0,0,0,0,0,0,28,28,5722,1,2,216,0,0,0,0,0,0
201712,999,13220,C,Beckley  WV ,3,3,307,0,0,0,0,0,0,0,0,0,1,1,90,0,0,0,0,0,0,0,0,0
201712,999,13380, ,Bellingham  WA ,62,62,15598,0,0,0,0,0,0,2,10,1171,29,29,5811,0,0,0,0,0,0,1,5,683
201712,999,13740, ,Billings  MT ,28,28,5309,0,0,0,0,0,0,0,0,0,28,28,5309,0,0,0,0,0,0,0,0,0
201712,999,13780, ,Binghamton  NY ,0,0,0,0,0,0,0,0,0,0,0,0,0,0,0,0,0,0,0,0,0,0,0,0
201712,999,13900, ,Bismarck  ND ,6,6,1822,0,0,0,0,0,0,0,0,0,1,1,327,0,0,0,0,0,0,0,0,0
201712,999,13980, ,Blacksburg-Christiansburg-Radford  VA ,5,5,1461,0,0,0,0,0,0,0,0,0,5,5,1461,0,0,0,0,0,0,0,0,0
201712,999,15260, ,Brunswick  GA ,40,40,11843,0,0,0,0,0,0,0,0,0,0,0,0,0,0,0,0,0,0,0,0,0
201712,999,15540, ,Burlington-South Burlington  VT ,21,21,4145,0,0,0,2,7,542,0,0,0,21,21,4145,0,0,0,2,7,542,0,0,0
201712,999,16220, ,Casper  WY ,6,6,1000,0,0,0,0,0,0,0,0,0,6,6,1000,0,0,0,0,0,0,0,0,0
201712,999,16580, ,Champaign-Urbana  IL ,6,6,1028,0,0,0,0,0,0,2,56,7021,6,6,1028,0,0,0,0,0,0,2,56,7021
201712,999,16700,C,Charleston-North Charleston  SC ,359,359,107412,0,0,0,0,0,0,5,179,16321,218,218,78285,0,0,0,0,0,0,1,100,12512
201712,999,16820, ,Charlottesville  VA ,49,49,14941,0,0,0,0,0,0,2,11,1133,9,9,2041,0,0,0,0,0,0,0,0,0
201712,999,16940, ,Cheyenne  WY ,21,21,4212,0,0,0,4,16,1712,0,0,0,21,21,4212,0,0,0,4,16,1712,0,0,0
201712,999,17020, ,Chico  CA ,24,24,4908,0,0,0,0,0,0,5,45,5745,24,24,4908,0,0,0,0,0,0,5,45,5745
201712,999,17300,C,Clarksville  TN-KY ,113,113,18169,1,2,100,0,0,0,0,0,0,111,111,18027,1,2,100,0,0,0,0,0,0
201712,999,17780, ,College Station-Bryan  TX ,173,173,25884,3,6,772,0,0,0,0,0,0,173,173,25884,3,6,772,0,0,0,0,0,0
201712,999,17820,C,Colorado Springs  CO ,305,305,110013,0,0,0,0,0,0,1,65,9844,305,305,110013,0,0,0,0,0,0,1,65,9844
201712,999,18880,C,Crestview-Fort Walton Beach-Destin  FL ,167,167,55949,0,0,0,0,0,0,0,0,0,153,153,52490,0,0,0,0,0,0,0,0,0
201712,999,19060, ,Cumberland  MD-WV ,2,2,462,1,2,250,0,0,0,0,0,0,2,2,462,1,2,250,0,0,0,0,0,0
201712,999,19180, ,Danville  IL ,0,0,0,0,0,0,0,0,0,0,0,0,0,0,0,0,0,0,0,0,0,0,0,0
201712,999,19500, ,Decatur  IL ,0,0,0,0,0,0,0,0,0,0,0,0,0,0,0,0,0,0,0,0,0,0,0,0
201712,999,20220, ,Dubuque  IA ,2,2,487,0,0,0,0,0,0,0,0,0,2,2,487,0,0,0,0,0,0,0,0,0
201712,999,20260, ,Duluth  MN-WI ,6,6,1538,0,0,0,0,0,0,1,5,720,5,5,1351,0,0,0,0,0,0,0,0,0
201712,999,20940, ,El Centro  CA ,25,25,4237,0,0,0,0,0,0,0,0,0,24,24,4052,0,0,0,0,0,0,0,0,0
201712,999,21420, ,Enid  OK ,3,3,800,0,0,0,0,0,0,0,0,0,3,3,800,0,0,0,0,0,0,0,0,0
201712,999,21660, ,Eugene  OR ,49,49,12454,0,0,0,0,0,0,0,0,0,19,19,5212,0,0,0,0,0,0,0,0,0
201712,999,21780, ,Evansville  IN-KY ,37,37,8367,1,2,83,0,0,0,1,7,85,16,16,4975,0,0,0,0,0,0,0,0,0
201712,999,21820,C,Fairbanks  AK ,0,0,0,0,0,0,0,0,0,0,0,0,0,0,0,0,0,0,0,0,0,0,0,0
201712,999,22140,C,Farmington  NM ,7,7,1603,0,0,0,0,0,0,0,0,0,2,2,453,0,0,0,0,0,0,0,0,0
201712,999,22220, ,Fayetteville-Springdale-Rogers  AR-MO ,225,225,55759,4,8,929,0,0,0,10,206,20403,183,183,48830,4,8,929,0,0,0,9,199,19901
201712,999,22380, ,Flagstaff  AZ ,29,29,8599,0,0,0,0,0,0,0,0,0,16,16,5473,0,0,0,0,0,0,0,0,0
201712,999,22500, ,Florence  SC ,25,25,4005,1,2,135,1,3,187,0,0,0,0,0,0,0,0,0,0,0,0,0,0,0
201712,999,22520, ,Florence-Muscle Shoals  AL ,13,13,1437,0,0,0,0,0,0,6,420,15877,5,5,491,0,0,0,0,0,0,6,420,15877
201712,999,22540, ,Fond du Lac  WI ,3,3,734,0,0,0,0,0,0,1,13,488,0,0,0,0,0,0,0,0,0,0,0,0
201712,999,22660,C,Fort Collins  CO ,138,138,35468,0,0,0,2,7,1855,1,25,1573,138,138,35468,0,0,0,2,7,1855,1,25,1573
201712,999,22900, ,Fort Smith  AR-OK ,24,24,3158,15,30,2097,0,0,0,0,0,0,16,16,2106,13,26,1727,0,0,0,0,0,0
201712,999,23460, ,Gadsden  AL ,4,4,778,0,0,0,0,0,0,0,0,0,4,4,778,0,0,0,0,0,0,0,0,0
201712,999,24220, ,Grand Forks  ND-MN ,1,1,373,0,0,0,0,0,0,0,0,0,1,1,373,0,0,0,0,0,0,0,0,0
201712,999,24260, ,Grand Island  NE ,3,3,529,0,0,0,0,0,0,0,0,0,3,3,529,0,0,0,0,0,0,0,0,0
201712,999,24300,C,Grand Junction  CO ,46,46,7800,0,0,0,0,0,0,0,0,0,46,46,7800,0,0,0,0,0,0,0,0,0
201712,999,24500, ,Great Falls  MT ,11,11,2708,0,0,0,0,0,0,0,0,0,11,11,2708,0,0,0,0,0,0,0,0,0
201712,999,25060, ,Gulfport-Biloxi-Pascagoula  MS ,128,128,21715,1,2,185,0,0,0,1,6,508,99,99,17593,0,0,0,0,0,0,0,0,0
201712,999,25620, ,Hattiesburg  MS ,5,5,446,0,0,0,1,4,105,0,0,0,0,0,0,0,0,0,0,0,0,0,0,0
201712,999,25940, ,Hilton Head Island-Bluffton-Beaufort  SC ,50,50,20159,0,0,0,0,0,0,0,0,0,50,50,20159,0,0,0,0,0,0,0,0,0
201712,999,26140, ,Homosassa Springs  FL ,28,28,6003,1,2,44,0,0,0,1,7,470,0,0,0,0,0,0,0,0,0,0,0,0
201712,999,26380, ,Houma-Thibodaux  LA ,26,26,4151,0,0,0,0,0,0,0,0,0,26,26,4151,0,0,0,0,0,0,0,0,0
201712,999,27100, ,Jackson  MI ,1,1,259,0,0,0,0,0,0,0,0,0,1,1,259,0,0,0,0,0,0,0,0,0
201712,999,27340,C,Jacksonville  NC ,76,76,11031,2,4,436,0,0,0,3,56,2730,76,76,11031,2,4,436,0,0,0,3,56,2730
201712,999,27980,C,Kahului-Wailuku-Lahaina  HI ,22,22,5234,0,0,0,1,4,948,4,32,4942,22,22,5234,0,0,0,1,4,948,4,32,4942
201712,999,28420,C,Kennewick-Richland  WA ,110,110,30982,2,4,676,1,3,407,1,21,1978,19,19,5180,0,0,0,0,0,0,0,0,0
201712,999,28660,C,Killeen-Temple  TX ,106,106,21850,9,18,2438,0,0,0,14,211,12072,93,93,19722,8,16,2292,0,0,0,13,206,11675
201712,999,29100, ,La Crosse-Onalaska  WI-MN ,6,6,2214,0,0,0,0,0,0,0,0,0,6,6,2214,0,0,0,0,0,0,0,0,0
201712,999,29460, ,Lakeland-Winter Haven  FL ,269,269,51680,0,0,0,0,0,0,0,0,0,265,265,50836,0,0,0,0,0,0,0,0,0
201712,999,29540, ,Lancaster  PA ,9,9,1683,0,0,0,0,0,0,1,12,1300,9,9,1683,0,0,0,0,0,0,1,12,1300
201712,999,29700, ,Laredo  TX ,72,72,14702,2,4,284,0,0,0,1,8,803,0,0,0,0,0,0,0,0,0,0,0,0
201712,999,30020, ,Lawton  OK ,2,2,380,1,2,150,0,0,0,0,0,0,2,2,380,1,2,150,0,0,0,0,0,0
201712,999,30300, ,Lewiston  ID-WA ,0,0,0,0,0,0,0,0,0,0,0,0,0,0,0,0,0,0,0,0,0,0,0,0
201712,999,30860, ,Logan  UT-ID ,7,7,1368,0,0,0,0,0,0,0,0,0,7,7,1368,0,0,0,0,0,0,0,0,0
201712,999,31340, ,Lynchburg  VA ,37,37,9234,0,0,0,0,0,0,0,0,0,12,12,2995,0,0,0,0,0,0,0,0,0
201712,999,33540,C,Missoula  MT ,7,7,1226,0,0,0,2,6,693,0,0,0,7,7,1226,0,0,0,2,6,693,0,0,0
201712,999,33860, ,Montgomery  AL ,35,35,7978,0,0,0,0,0,0,0,0,0,31,31,7329,0,0,0,0,0,0,0,0,0
201712,999,36100, ,Ocala  FL ,157,157,27999,0,0,0,0,0,0,0,0,0,157,157,27999,0,0,0,0,0,0,0,0,0
201712,999,36980, ,Owensboro  KY ,27,27,2503,0,0,0,0,0,0,0,0,0,27,27,2503,0,0,0,0,0,0,0,0,0
201712,999,37340, ,Palm Bay-Melbourne-Titusville  FL ,176,176,56861,0,0,0,2,7,1694,0,0,0,160,160,51103,0,0,0,1,4,959,0,0,0
201712,999,37460, ,Panama City  FL ,73,73,18110,0,0,0,0,0,0,0,0,0,68,68,16266,0,0,0,0,0,0,0,0,0
201712,999,38060,C,Phoenix-Mesa-Scottsdale  AZ ,1498,1498,383921,12,24,2354,1,3,530,13,744,87573,1474,1474,370790,12,24,2354,1,3,530,12,739,86817
201712,999,38340, ,Pittsfield  MA ,1,1,351,0,0,0,0,0,0,0,0,0,0,0,0,0,0,0,0,0,0,0,0,0
201712,999,38540, ,Pocatello  ID ,18,18,2413,0,0,0,0,0,0,0,0,0,5,5,597,0,0,0,0,0,0,0,0,0
201712,999,39140, ,Prescott  AZ ,95,95,27081,3,6,913,0,0,0,0,0,0,64,64,17278,2,4,622,0,0,0,0,0,0
201712,999,40060, ,Richmond  VA ,329,329,66180,0,0,0,3,10,896,0,0,0,312,312,64095,0,0,0,3,10,896,0,0,0
201712,999,41100, ,St. George  UT ,137,137,28826,1,2,194,0,0,0,1,7,1182,65,65,17070,0,0,0,0,0,0,0,0,0
201712,999,41500, ,Salinas  CA ,13,13,4773,0,0,0,0,0,0,0,0,0,12,12,4577,0,0,0,0,0,0,0,0,0
201712,999,41540, ,Salisbury  MD-DE ,264,264,37285,8,16,1398,2,8,864,1,5,666,263,263,37112,8,16,1398,2,8,864,1,5,666
201712,999,41660,C,San Angelo  TX ,12,12,2342,0,0,0,0,0,0,0,0,0,12,12,2342,0,0,0,0,0,0,0,0,0
201712,999,41700,C,San Antonio-New Braunfels  TX ,512,512,113167,5,10,781,4,16,467,26,361,31113,456,456,102754,5,10,781,4,16,467,24,341,28938
201712,999,41740,C,San Diego-Carlsbad  CA ,588,588,182087,5,10,1872,22,71,13704,33,1422,201488,577,577,180225,5,10,1872,22,71,13704,33,1422,201488
201712,999,42020, ,San Luis Obispo-Paso Robles-Arroyo Grande  CA ,30,30,11372,0,0,0,1,3,603,1,13,1368,0,0,0,0,0,0,0,0,0,0,0,0
201712,999,42200, ,Santa Maria-Santa Barbara  CA ,42,42,21019,1,2,390,0,0,0,0,0,0,42,42,21019,1,2,390,0,0,0,0,0,0
201712,999,42540, ,Scranton--Wilkes-Barre--Hazleton  PA ,4,4,651,0,0,0,0,0,0,0,0,0,2,2,180,0,0,0,0,0,0,0,0,0
201712,999,43100, ,Sheboygan  WI ,0,0,0,0,0,0,0,0,0,0,0,0,0,0,0,0,0,0,0,0,0,0,0,0
201712,999,43340, ,Shreveport-Bossier City  LA ,62,62,13095,0,0,0,0,0,0,0,0,0,42,42,7857,0,0,0,0,0,0,0,0,0
201712,999,43420, ,Sierra Vista-Douglas  AZ ,17,17,2797,0,0,0,0,0,0,0,0,0,17,17,2797,0,0,0,0,0,0,0,0,0
201712,999,43620, ,Sioux Falls  SD ,53,53,10500,2,4,410,0,0,0,1,98,10500,53,53,10500,2,4,410,0,0,0,1,98,10500
201712,999,44940,C,Sumter  SC ,13,13,1578,0,0,0,0,0,0,0,0,0,13,13,1578,0,0,0,0,0,0,0,0,0
201712,999,45300,C,Tampa-St. Petersburg-Clearwater  FL ,720,720,218434,0,0,0,1,4,500,20,778,131813,669,669,208745,0,0,0,1,4,500,18,744,128860
201712,999,45460, ,Terre Haute  IN ,1,1,133,1,2,173,0,0,0,1,26,1641,0,0,0,0,0,0,0,0,0,0,0,0
201712,999,45500, ,Texarkana  TX-AR ,3,3,447,0,0,0,0,0,0,0,0,0,0,0,0,0,0,0,0,0,0,0,0,0
201712,999,45820, ,Topeka  KS ,15,15,3336,0,0,0,0,0,0,0,0,0,15,15,3336,0,0,0,0,0,0,0,0,0
201712,999,46220, ,Tuscaloosa  AL ,39,39,10818,1,2,568,1,4,574,5,49,4832,16,16,4460,0,0,0,0,0,0,0,0,0
201712,999,46520,C,Urban Honolulu  HI ,53,53,18975,0,0,0,0,0,0,2,138,19500,53,53,18975,0,0,0,0,0,0,2,138,19500
201712,999,46540, ,Utica-Rome  NY ,0,0,0,0,0,0,0,0,0,0,0,0,0,0,0,0,0,0,0,0,0,0,0,0
201712,999,46660, ,Valdosta  GA ,50,50,8810,0,0,0,0,0,0,0,0,0,17,17,3277,0,0,0,0,0,0,0,0,0
201712,999,47380, ,Waco  TX ,66,66,15953,5,10,1275,0,0,0,0,0,0,66,66,15953,5,10,1275,0,0,0,0,0,0
201712,999,47460, ,Walla Walla  WA ,4,4,1157,0,0,0,0,0,0,0,0,0,4,4,1157,0,0,0,0,0,0,0,0,0
201712,999,47940, ,Waterloo-Cedar Falls  IA ,7,7,1387,0,0,0,0,0,0,0,0,0,7,7,1387,0,0,0,0,0,0,0,0,0
201712,999,48060, ,Watertown-Fort Drum  NY ,6,6,713,0,0,0,0,0,0,0,0,0,0,0,0,0,0,0,0,0,0,0,0,0
201712,999,48300, ,Wenatchee  WA ,19,19,3813,1,2,367,0,0,0,0,0,0,19,19,3813,1,2,367,0,0,0,0,0,0
201712,999,48540, ,Wheeling  WV-OH ,0,0,0,0,0,0,0,0,0,0,0,0,0,0,0,0,0,0,0,0,0,0,0,0
201712,999,48660, ,Wichita Falls  TX ,0,0,0,0,0,0,0,0,0,0,0,0,0,0,0,0,0,0,0,0,0,0,0,0
201712,999,48900, ,Wilmington  NC ,120,120,30843,0,0,0,0,0,0,0,0,0,119,119,30521,0,0,0,0,0,0,0,0,0
201712,999,49420, ,Yakima  WA ,35,35,8215,0,0,0,0,0,0,0,0,0,19,19,3455,0,0,0,0,0,0,0,0,0
201712,999,49740, ,Yuma  AZ ,56,56,9292,0,0,0,0,0,0,0,0,0,56,56,9292,0,0,0,0,0,0,0,0,0
