Survey,CSA,CBSA,MONCOV,CBSA,,1-unit,,,2-units,,,3-4 units,,,5+ units,,,1-unit rep,,,2-units rep,,,3-4 units rep,,,5+ units rep
Date,Code,Code,,Name,Bldgs,Units,Value,Bldgs,Units,Value,Bldgs,Units,Value,Bldgs,Units,Value,Bldgs,Units,Value,Bldgs,Units,Value,      Bldgs,Units,Value,Bldgs,Units,Value
 
201702,104,10580,C,Albany-Schenectady-Troy  NY ,45,45,10170,0,0,0,0,0,0,6,61,4973,30,30,6938,0,0,0,0,0,0,3,44,2740
201702,104,24020, ,Glens Falls  NY ,6,6,1031,0,0,0,0,0,0,0,0,0,3,3,785,0,0,0,0,0,0,0,0,0
201702,106,10740,C,Albuquerque  NM ,169,169,36782,0,0,0,0,0,0,2,13,944,67,67,17185,0,0,0,0,0,0,0,0,0
201702,106,42140,C,Santa Fe  NM ,10,10,2421,0,0,0,0,0,0,0,0,0,0,0,0,0,0,0,0,0,0,0,0,0
201702,108,11100, ,Amarillo  TX ,42,42,10635,1,2,248,0,0,0,0,0,0,42,42,10635,1,2,248,0,0,0,0,0,0
201702,118,11540, ,Appleton  WI ,29,29,6616,0,0,0,0,0,0,0,0,0,29,29,6616,0,0,0,0,0,0,0,0,0
201702,118,36780, ,Oshkosh-Neenah  WI ,17,17,4036,0,0,0,0,0,0,0,0,0,17,17,4036,0,0,0,0,0,0,0,0,0
201702,120,11700, ,Asheville  NC ,133,133,37815,0,0,0,0,0,0,2,17,2058,43,43,12652,0,0,0,0,0,0,0,0,0
201702,122,12020, ,Athens-Clarke County  GA ,41,41,11779,0,0,0,0,0,0,0,0,0,41,41,11779,0,0,0,0,0,0,0,0,0
201702,122,12060, ,Atlanta-Sandy Springs-Roswell  GA ,1936,1936,428935,1,2,347,4,14,3020,13,769,119774,1757,1757,380189,1,2,347,4,14,3020,9,712,113318
201702,122,23580, ,Gainesville  GA ,74,74,16698,0,0,0,0,0,0,0,0,0,74,74,16698,0,0,0,0,0,0,0,0,0
201702,140,13460, ,Bend-Redmond  OR ,119,119,32724,0,0,0,0,0,0,0,0,0,102,102,28761,0,0,0,0,0,0,0,0,0
201702,142,13820,C,Birmingham-Hoover  AL ,218,218,53065,0,0,0,0,0,0,2,11,562,181,181,43907,0,0,0,0,0,0,0,0,0
201702,144,14020,C,Bloomington  IN ,17,17,4012,5,10,1159,0,0,0,0,0,0,17,17,4012,5,10,1159,0,0,0,0,0,0
201702,145,14010, ,Bloomington  IL ,18,18,2466,0,0,0,0,0,0,0,0,0,18,18,2466,0,0,0,0,0,0,0,0,0
201702,146,14100,C,Bloomsburg-Berwick  PA ,9,9,1980,0,0,0,0,0,0,0,0,0,3,3,730,0,0,0,0,0,0,0,0,0
201702,147,14260,C,Boise City  ID ,479,479,118989,2,4,515,28,112,9374,1,6,490,476,476,118455,2,4,515,28,112,9374,1,6,490
201702,148,12700, ,Barnstable Town  MA ,9,9,2556,0,0,0,0,0,0,0,0,0,6,6,1560,0,0,0,0,0,0,0,0,0
201702,148,14460,C,Boston-Cambridge-Newton  MA-NH ,268,268,78972,16,32,4640,3,10,2207,16,385,51273,181,181,56407,11,22,2830,2,7,1700,7,315,40220
201702,148,31700, ,Manchester-Nashua  NH ,26,26,4300,1,2,313,0,0,0,1,6,808,20,20,3269,0,0,0,0,0,0,0,0,0
201702,148,39300,C,Providence-Warwick  RI-MA ,88,88,20196,2,4,504,0,0,0,0,0,0,57,57,13911,1,2,288,0,0,0,0,0,0
201702,148,49340, ,Worcester  MA-CT ,7,7,1123,0,0,0,0,0,0,0,0,0,4,4,630,0,0,0,0,0,0,0,0,0
201702,150,14540, ,Bowling Green  KY ,55,55,12532,0,0,0,1,4,600,2,16,1000,55,55,12532,0,0,0,1,4,600,2,16,1000
201702,154,15180, ,Brownsville-Harlingen  TX ,52,52,5077,1,2,87,0,0,0,0,0,0,52,52,5077,1,2,87,0,0,0,0,0,0
201702,160,15380,C,Buffalo-Cheektowaga-Niagara Falls  NY ,50,50,12623,0,0,0,0,0,0,1,13,1430,35,35,8833,0,0,0,0,0,0,0,0,0
201702,162,15980,C,Cape Coral-Fort Myers  FL ,327,327,81869,9,18,2278,2,8,2189,7,154,14210,327,327,81869,9,18,2278,2,8,2189,7,154,14210
201702,162,34940, ,Naples-Immokalee-Marco Island  FL ,201,201,42666,0,0,0,5,20,5259,1,8,1700,201,201,42666,0,0,0,5,20,5259,1,8,1700
201702,164,16020, ,Cape Girardeau  MO-IL ,0,0,0,0,0,0,0,0,0,0,0,0,0,0,0,0,0,0,0,0,0,0,0,0
201702,168,16300, ,Cedar Rapids  IA ,38,38,4347,1,2,176,2,6,616,0,0,0,38,38,4347,1,2,176,2,6,616,0,0,0
201702,168,26980, ,Iowa City  IA ,37,37,7100,0,0,0,0,0,0,0,0,0,27,27,5085,0,0,0,0,0,0,0,0,0
201702,170,16620, ,Charleston  WV ,8,8,402,0,0,0,0,0,0,0,0,0,8,8,402,0,0,0,0,0,0,0,0,0
201702,170,26580, ,Huntington-Ashland  WV-KY-OH ,10,10,1739,1,2,83,0,0,0,0,0,0,3,3,438,0,0,0,0,0,0,0,0,0
201702,172,16740, ,Charlotte-Concord-Gastonia  NC-SC ,1049,1049,260562,3,6,525,1,4,804,20,751,38743,905,905,215609,3,6,525,1,4,804,18,722,36000
201702,174,16860, ,Chattanooga  TN-GA ,133,133,23664,0,0,0,0,0,0,1,9,682,92,92,15686,0,0,0,0,0,0,0,0,0
201702,174,17420, ,Cleveland  TN ,19,19,3882,0,0,0,0,0,0,0,0,0,5,5,1360,0,0,0,0,0,0,0,0,0
201702,176,16980, ,Chicago-Naperville-Elgin  IL-IN-WI ,419,419,120467,7,14,1851,14,50,8410,18,1140,112823,320,320,89216,6,12,1538,13,46,7942,16,1112,110454
201702,176,28100, ,Kankakee  IL ,0,0,0,0,0,0,0,0,0,0,0,0,0,0,0,0,0,0,0,0,0,0,0,0
201702,176,33140, ,Michigan City-La Porte  IN ,8,8,1471,0,0,0,0,0,0,1,6,710,8,8,1471,0,0,0,0,0,0,1,6,710
201702,178,17140, ,Cincinnati  OH-KY-IN ,307,307,77251,1,2,150,2,7,854,17,174,12549,271,271,68297,1,2,150,1,4,467,17,174,12549
201702,184,10420, ,Akron  OH ,47,47,14773,0,0,0,0,0,0,0,0,0,47,47,14773,0,0,0,0,0,0,0,0,0
201702,184,15940, ,Canton-Massillon  OH ,18,18,4217,0,0,0,1,3,154,1,5,384,15,15,3867,0,0,0,0,0,0,0,0,0
201702,184,17460, ,Cleveland-Elyria  OH ,184,184,43583,1,2,11,2,8,527,1,6,450,151,151,39015,0,0,0,2,8,527,1,6,450
201702,190,17860,C,Columbia  MO ,58,58,14076,1,2,150,0,0,0,0,0,0,58,58,14076,1,2,150,0,0,0,0,0,0
201702,192,17900,C,Columbia  SC ,331,331,63430,0,0,0,0,0,0,3,39,2360,71,71,12307,0,0,0,0,0,0,0,0,0
201702,194,12220,C,Auburn-Opelika  AL ,77,77,24531,0,0,0,0,0,0,1,14,1892,77,77,24531,0,0,0,0,0,0,1,14,1892
201702,194,17980, ,Columbus  GA-AL ,46,46,9087,0,0,0,0,0,0,1,19,1799,20,20,3777,0,0,0,0,0,0,0,0,0
201702,198,18140, ,Columbus  OH ,238,238,63166,0,0,0,0,0,0,9,187,21450,205,205,54238,0,0,0,0,0,0,8,182,21362
201702,204,18580, ,Corpus Christi  TX ,108,108,19715,0,0,0,0,0,0,0,0,0,7,7,2243,0,0,0,0,0,0,0,0,0
201702,206,19100, ,Dallas-Fort Worth-Arlington  TX ,2657,2657,754199,23,46,7851,2,6,891,45,2205,218508,2385,2385,654500,22,44,7701,2,6,891,42,2129,210361
201702,209,19340, ,Davenport-Moline-Rock Island  IA-IL ,31,31,6328,0,0,0,0,0,0,0,0,0,20,20,3466,0,0,0,0,0,0,0,0,0
201702,212,19380, ,Dayton  OH ,109,109,32094,0,0,0,0,0,0,0,0,0,109,109,32094,0,0,0,0,0,0,0,0,0
201702,212,44220, ,Springfield  OH ,5,5,1123,0,0,0,0,0,0,0,0,0,5,5,1123,0,0,0,0,0,0,0,0,0
201702,216,14500, ,Boulder  CO ,55,55,22771,0,0,0,1,3,782,1,5,1408,16,16,7273,0,0,0,0,0,0,0,0,0
201702,216,19740, ,Denver-Aurora-Lakewood  CO ,810,810,233835,15,30,3110,2,8,1138,21,1129,168377,799,799,229041,14,28,2750,2,8,1138,21,1129,168377
201702,216,24540, ,Greeley  CO ,160,160,42962,0,0,0,1,4,661,2,10,1112,63,63,16009,0,0,0,1,4,661,0,0,0
201702,218,11180, ,Ames  IA ,31,31,9011,0,0,0,0,0,0,4,48,4857,31,31,9011,0,0,0,0,0,0,4,48,4857
201702,218,19780, ,Des Moines-West Des Moines  IA ,207,207,54212,0,0,0,0,0,0,5,161,20013,205,205,53798,0,0,0,0,0,0,4,156,19553
201702,220,11460, ,Ann Arbor  MI ,19,19,7373,0,0,0,2,6,1108,0,0,0,18,18,7165,0,0,0,2,6,1108,0,0,0
201702,220,19820, ,Detroit-Warren-Dearborn  MI ,384,384,107230,3,6,1237,2,8,1544,6,121,9152,327,327,89734,3,6,1237,2,8,1544,4,110,7489
201702,220,22420, ,Flint  MI ,15,15,3568,0,0,0,0,0,0,0,0,0,6,6,1498,0,0,0,0,0,0,0,0,0
201702,220,33780, ,Monroe  MI ,0,0,0,0,0,0,0,0,0,0,0,0,0,0,0,0,0,0,0,0,0,0,0,0
201702,222,20020, ,Dothan  AL ,16,16,3231,0,0,0,0,0,0,0,0,0,15,15,3100,0,0,0,0,0,0,0,0,0
201702,232,20740, ,Eau Claire  WI ,16,16,3342,1,2,250,0,0,0,0,0,0,13,13,2759,1,2,250,0,0,0,0,0,0
201702,236,21300, ,Elmira  NY ,0,0,0,0,0,0,0,0,0,0,0,0,0,0,0,0,0,0,0,0,0,0,0,0
201702,238,21340,C,El Paso  TX ,238,238,37738,4,8,649,1,4,400,7,103,10445,33,33,3482,0,0,0,0,0,0,0,0,0
201702,238,29740,C,Las Cruces  NM ,65,65,13352,0,0,0,1,4,511,0,0,0,65,65,13352,0,0,0,1,4,511,0,0,0
201702,240,21500, ,Erie  PA ,0,0,0,0,0,0,0,0,0,0,0,0,0,0,0,0,0,0,0,0,0,0,0,0
201702,244,22020, ,Fargo  ND-MN ,12,12,3444,0,0,0,0,0,0,1,66,5273,9,9,2714,0,0,0,0,0,0,1,66,5273
201702,246,22180,C,Fayetteville  NC ,73,73,13411,0,0,0,0,0,0,0,0,0,73,73,13411,0,0,0,0,0,0,0,0,0
201702,258,23060, ,Fort Wayne  IN ,79,79,20288,0,0,0,0,0,0,1,120,18400,79,79,20288,0,0,0,0,0,0,1,120,18400
201702,260,23420,C,Fresno  CA ,98,98,26937,0,0,0,0,0,0,1,5,338,94,94,26399,0,0,0,0,0,0,0,0,0
201702,260,31460, ,Madera  CA ,2,2,547,0,0,0,0,0,0,0,0,0,2,2,547,0,0,0,0,0,0,0,0,0
201702,264,23540, ,Gainesville  FL ,41,41,6055,0,0,0,0,0,0,2,16,980,35,35,5378,0,0,0,0,0,0,0,0,0
201702,266,24340, ,Grand Rapids-Wyoming  MI ,99,99,24720,2,4,421,0,0,0,7,134,11526,75,75,20461,0,0,0,0,0,0,5,86,8760
201702,266,34740, ,Muskegon  MI ,3,3,349,0,0,0,0,0,0,0,0,0,0,0,0,0,0,0,0,0,0,0,0,0
201702,267,24580, ,Green Bay  WI ,34,34,8324,0,0,0,0,0,0,0,0,0,22,22,5948,0,0,0,0,0,0,0,0,0
201702,268,15500, ,Burlington  NC ,47,47,8069,0,0,0,0,0,0,0,0,0,47,47,8069,0,0,0,0,0,0,0,0,0
201702,268,24660,C,Greensboro-High Point  NC ,128,128,29934,0,0,0,0,0,0,0,0,0,112,112,26193,0,0,0,0,0,0,0,0,0
201702,268,49180, ,Winston-Salem  NC ,97,97,16391,0,0,0,0,0,0,3,24,757,0,0,0,0,0,0,0,0,0,0,0,0
201702,273,24860, ,Greenville-Anderson-Mauldin  SC ,373,373,89870,0,0,0,0,0,0,1,11,1075,360,360,87685,0,0,0,0,0,0,0,0,0
201702,273,43900, ,Spartanburg  SC ,168,168,30727,0,0,0,0,0,0,0,0,0,168,168,30727,0,0,0,0,0,0,0,0,0
201702,274,24780, ,Greenville  NC ,32,32,6908,1,2,210,0,0,0,0,0,0,32,32,6908,1,2,210,0,0,0,0,0,0
201702,276,23900,C,Gettysburg  PA ,10,10,2136,0,0,0,0,0,0,0,0,0,10,10,2136,0,0,0,0,0,0,0,0,0
201702,276,25420,C,Harrisburg-Carlisle  PA ,66,66,13533,1,2,332,0,0,0,1,5,251,53,53,10665,1,2,332,0,0,0,0,0,0
201702,276,30140, ,Lebanon  PA ,9,9,1570,0,0,0,0,0,0,0,0,0,0,0,0,0,0,0,0,0,0,0,0,0
201702,276,49620, ,York-Hanover  PA ,6,6,2224,2,4,403,0,0,0,0,0,0,5,5,1966,2,4,403,0,0,0,0,0,0
201702,277,25500,C,Harrisonburg  VA ,40,40,7962,0,0,0,0,0,0,0,0,0,40,40,7962,0,0,0,0,0,0,0,0,0
201702,277,44420, ,Staunton-Waynesboro  VA ,6,6,1534,0,0,0,0,0,0,0,0,0,6,6,1534,0,0,0,0,0,0,0,0,0
201702,278,25540,C,Hartford-West Hartford-East Hartford  CT ,35,35,7673,1,2,207,0,0,0,3,26,2357,20,20,4760,1,2,207,0,0,0,1,16,1200
201702,278,35980, ,Norwich-New London  CT ,8,8,1686,1,2,266,0,0,0,1,10,1349,4,4,954,1,2,266,0,0,0,1,10,1349
201702,280,25860, ,Hickory-Lenoir-Morganton  NC ,1,1,153,0,0,0,0,0,0,1,6,334,0,0,0,0,0,0,0,0,0,0,0,0
201702,284,26300, ,Hot Springs  AR ,3,3,412,0,0,0,0,0,0,0,0,0,3,3,412,0,0,0,0,0,0,0,0,0
201702,288,26420, ,Houston-The Woodlands-Sugar Land  TX ,3064,3064,537837,11,22,2213,3,9,837,5,233,51868,2163,2163,425666,11,22,2213,3,9,837,2,216,50934
201702,290,19460, ,Decatur  AL ,20,20,3009,0,0,0,0,0,0,0,0,0,20,20,3009,0,0,0,0,0,0,0,0,0
201702,290,26620,C,Huntsville  AL ,223,223,37588,0,0,0,0,0,0,0,0,0,223,223,37588,0,0,0,0,0,0,0,0,0
201702,292,26820, ,Idaho Falls  ID ,50,50,9483,0,0,0,0,0,0,0,0,0,50,50,9483,0,0,0,0,0,0,0,0,0
201702,294,18020, ,Columbus  IN ,20,20,9002,0,0,0,0,0,0,0,0,0,20,20,9002,0,0,0,0,0,0,0,0,0
201702,294,26900, ,Indianapolis-Carmel-Anderson  IN ,334,334,96153,2,4,930,1,3,650,1,236,45000,307,307,91241,2,4,930,1,3,650,1,236,45000
201702,294,34620, ,Muncie  IN ,0,0,0,0,0,0,0,0,0,0,0,0,0,0,0,0,0,0,0,0,0,0,0,0
201702,296,27060, ,Ithaca  NY ,2,2,325,0,0,0,0,0,0,0,0,0,0,0,0,0,0,0,0,0,0,0,0,0
201702,297,27180, ,Jackson  TN ,15,15,3540,0,0,0,0,0,0,0,0,0,15,15,3540,0,0,0,0,0,0,0,0,0
201702,298,27140, ,Jackson  MS ,130,130,28660,0,0,0,0,0,0,0,0,0,102,102,22886,0,0,0,0,0,0,0,0,0
201702,300,27260,C,Jacksonville  FL ,751,751,183225,4,8,854,1,4,808,10,445,44657,726,726,175297,4,8,854,1,4,808,10,445,44657
201702,304,27740, ,Johnson City  TN ,11,11,2134,0,0,0,0,0,0,0,0,0,11,11,2134,0,0,0,0,0,0,0,0,0
201702,304,28700, ,Kingsport-Bristol-Bristol  TN-VA ,2,2,369,0,0,0,0,0,0,0,0,0,1,1,180,0,0,0,0,0,0,0,0,0
201702,306,27780, ,Johnstown  PA ,1,1,300,0,0,0,0,0,0,0,0,0,1,1,300,0,0,0,0,0,0,0,0,0
201702,308,27860, ,Jonesboro  AR ,31,31,4533,2,4,286,1,4,221,0,0,0,5,5,466,0,0,0,0,0,0,0,0,0
201702,309,27900, ,Joplin  MO ,18,18,3227,7,14,1860,0,0,0,0,0,0,18,18,3227,7,14,1860,0,0,0,0,0,0
201702,310,12980, ,Battle Creek  MI ,0,0,0,0,0,0,0,0,0,0,0,0,0,0,0,0,0,0,0,0,0,0,0,0
201702,310,28020, ,Kalamazoo-Portage  MI ,7,7,2687,0,0,0,0,0,0,0,0,0,7,7,2687,0,0,0,0,0,0,0,0,0
201702,312,28140, ,Kansas City  MO-KS ,480,480,118135,4,8,721,8,31,4115,8,347,42387,420,420,98725,4,8,721,7,28,3638,6,326,40470
201702,312,29940, ,Lawrence  KS ,31,31,8265,0,0,0,0,0,0,0,0,0,31,31,8265,0,0,0,0,0,0,0,0,0
201702,312,41140, ,St. Joseph  MO-KS ,0,0,0,0,0,0,0,0,0,0,0,0,0,0,0,0,0,0,0,0,0,0,0,0
201702,314,28940, ,Knoxville  TN ,228,228,41609,0,0,0,0,0,0,5,69,2973,115,115,21502,0,0,0,0,0,0,4,58,2250
201702,316,29020, ,Kokomo  IN ,5,5,860,0,0,0,0,0,0,0,0,0,5,5,860,0,0,0,0,0,0,0,0,0
201702,318,29180, ,Lafayette  LA ,182,182,37927,0,0,0,0,0,0,1,23,1680,45,45,9366,0,0,0,0,0,0,0,0,0
201702,320,29200, ,Lafayette-West Lafayette  IN ,29,29,6444,1,2,360,0,0,0,0,0,0,2,2,414,0,0,0,0,0,0,0,0,0
201702,324,29340, ,Lake Charles  LA ,63,63,11955,0,0,0,0,0,0,0,0,0,29,29,4750,0,0,0,0,0,0,0,0,0
201702,330,29620, ,Lansing-East Lansing  MI ,10,10,2466,2,4,715,0,0,0,4,23,1770,7,7,2108,2,4,715,0,0,0,3,18,1440
201702,332,29420, ,Lake Havasu City-Kingman  AZ ,71,71,15103,1,2,245,0,0,0,0,0,0,71,71,15103,1,2,245,0,0,0,0,0,0
201702,332,29820,C,Las Vegas-Henderson-Paradise  NV ,732,732,136259,1,2,396,4,12,2142,5,54,3283,732,732,136259,1,2,396,4,12,2142,5,54,3283
201702,336,30460,C,Lexington-Fayette  KY ,113,113,19673,1,2,205,2,7,920,2,41,2348,55,55,10825,0,0,0,1,4,500,0,0,0
201702,338,30620, ,Lima  OH ,0,0,0,0,0,0,0,0,0,0,0,0,0,0,0,0,0,0,0,0,0,0,0,0
201702,339,30700, ,Lincoln  NE ,71,71,14976,1,2,250,0,0,0,3,122,12871,1,1,133,0,0,0,0,0,0,0,0,0
201702,340,30780, ,Little Rock-North Little Rock-Conway  AR ,125,125,23689,0,0,0,0,0,0,0,0,0,88,88,19157,0,0,0,0,0,0,0,0,0
201702,340,38220, ,Pine Bluff  AR ,1,1,157,0,0,0,0,0,0,0,0,0,0,0,0,0,0,0,0,0,0,0,0,0
201702,346,30980, ,Longview  TX ,16,16,2916,0,0,0,0,0,0,0,0,0,16,16,2916,0,0,0,0,0,0,0,0,0
201702,348,31080,C,Los Angeles-Long Beach-Anaheim  CA ,727,727,266321,43,86,23185,14,46,9329,26,658,116677,622,622,220703,41,82,21852,12,40,8212,18,546,101853
201702,348,37100, ,Oxnard-Thousand Oaks-Ventura  CA ,40,40,7921,0,0,0,1,4,634,4,47,5018,32,32,5926,0,0,0,0,0,0,3,28,2776
201702,348,40140, ,Riverside-San Bernardino-Ontario  CA ,630,630,168336,7,14,2495,33,114,16197,12,88,11567,553,553,147612,1,2,469,30,103,14601,9,69,9471
201702,350,21060, ,Elizabethtown-Fort Knox  KY ,33,33,5505,1,2,214,0,0,0,0,0,0,33,33,5505,1,2,214,0,0,0,0,0,0
201702,350,31140, ,Louisville-Jefferson County  KY-IN ,231,231,52690,1,2,209,2,8,223,4,58,4732,112,112,26540,0,0,0,0,0,0,0,0,0
201702,352,31180, ,Lubbock  TX ,87,87,21900,4,8,750,0,0,0,4,45,3070,1,1,50,0,0,0,0,0,0,0,0,0
201702,356,31420, ,Macon-Bibb County  GA ,19,19,4316,0,0,0,0,0,0,0,0,0,19,19,4316,0,0,0,0,0,0,0,0,0
201702,356,47580, ,Warner Robins  GA ,74,74,14276,0,0,0,0,0,0,0,0,0,74,74,14276,0,0,0,0,0,0,0,0,0
201702,357,27500, ,Janesville-Beloit  WI ,5,5,1056,0,0,0,0,0,0,0,0,0,5,5,1056,0,0,0,0,0,0,0,0,0
201702,357,31540, ,Madison  WI ,97,97,32743,2,4,829,1,3,325,9,385,49604,70,70,24682,1,2,359,0,0,0,5,236,30620
201702,358,31740, ,Manhattan  KS ,30,30,7877,0,0,0,1,4,369,0,0,0,30,30,7877,0,0,0,1,4,369,0,0,0
201702,359,31860, ,Mankato-North Mankato  MN ,6,6,1197,0,0,0,2,8,637,1,30,2341,0,0,0,0,0,0,0,0,0,0,0,0
201702,365,32580,C,McAllen-Edinburg-Mission  TX ,197,197,35439,7,14,644,3,12,545,2,14,570,164,164,30482,6,12,536,3,12,545,1,5,80
201702,366,32780, ,Medford  OR ,29,29,7501,0,0,0,0,0,0,1,12,1360,29,29,7501,0,0,0,0,0,0,1,12,1360
201702,368,32820, ,Memphis  TN-MS-AR ,229,229,45840,0,0,0,0,0,0,0,0,0,191,191,38640,0,0,0,0,0,0,0,0,0
201702,370,33100, ,Miami-Fort Lauderdale-West Palm Beach  FL ,572,572,203177,11,22,2601,2,6,736,38,913,184016,500,500,167999,10,20,2420,2,6,736,32,760,154111
201702,370,38940, ,Port St. Lucie  FL ,119,119,26241,3,6,897,0,0,0,0,0,0,119,119,26241,3,6,897,0,0,0,0,0,0
201702,370,42680, ,Sebastian-Vero Beach  FL ,87,87,34628,0,0,0,0,0,0,0,0,0,87,87,34628,0,0,0,0,0,0,0,0,0
201702,372,33260, ,Midland  TX ,75,75,17533,0,0,0,0,0,0,0,0,0,75,75,17533,0,0,0,0,0,0,0,0,0
201702,372,36220,C,Odessa  TX ,42,42,8361,0,0,0,0,0,0,0,0,0,42,42,8361,0,0,0,0,0,0,0,0,0
201702,376,33340,C,Milwaukee-Waukesha-West Allis  WI ,102,102,31789,4,8,1085,0,0,0,3,52,6206,79,79,22940,4,8,1085,0,0,0,0,0,0
201702,376,39540, ,Racine  WI ,15,15,4456,3,6,1097,0,0,0,0,0,0,8,8,2436,2,4,736,0,0,0,0,0,0
201702,378,33460, ,Minneapolis-St. Paul-Bloomington  MN-WI ,509,509,155076,0,0,0,1,4,690,4,512,78898,484,484,146846,0,0,0,1,4,690,4,512,78898
201702,378,41060, ,St. Cloud  MN ,1,1,162,0,0,0,0,0,0,0,0,0,0,0,0,0,0,0,0,0,0,0,0,0
201702,380,19300, ,Daphne-Fairhope-Foley  AL ,135,135,21998,1,2,188,2,8,872,1,5,566,56,56,7783,0,0,0,0,0,0,0,0,0
201702,380,33660, ,Mobile  AL ,66,66,14077,0,0,0,0,0,0,0,0,0,65,65,14003,0,0,0,0,0,0,0,0,0
201702,382,32900, ,Merced  CA ,13,13,2395,0,0,0,0,0,0,0,0,0,13,13,2395,0,0,0,0,0,0,0,0,0
201702,382,33700, ,Modesto  CA ,5,5,716,0,0,0,0,0,0,0,0,0,0,0,0,0,0,0,0,0,0,0,0,0
201702,384,33740, ,Monroe  LA ,41,41,8792,0,0,0,1,3,472,1,5,579,0,0,0,0,0,0,0,0,0,0,0,0
201702,390,34060, ,Morgantown  WV ,3,3,461,0,0,0,0,0,0,0,0,0,3,3,461,0,0,0,0,0,0,0,0,0
201702,396,34820, ,Myrtle Beach-Conway-North Myrtle Beach  SC-NC ,500,500,93986,7,14,1884,0,0,0,1,5,312,155,155,34770,2,4,790,0,0,0,0,0,0
201702,400,34980, ,Nashville-Davidson--Murfreesboro--Franklin  TN ,1050,1050,281644,2,4,494,2,8,908,22,592,35130,886,886,249867,0,0,0,1,4,503,17,491,25375
201702,406,25220, ,Hammond  LA ,63,63,7902,1,2,150,0,0,0,0,0,0,59,59,7314,0,0,0,0,0,0,0,0,0
201702,406,35380, ,New Orleans-Metairie  LA ,176,176,39379,3,6,793,0,0,0,1,15,1863,123,123,27921,1,2,350,0,0,0,0,0,0
201702,408,10900, ,Allentown-Bethlehem-Easton  PA-NJ ,17,17,3533,0,0,0,0,0,0,2,11,960,2,2,167,0,0,0,0,0,0,0,0,0
201702,408,14860,C,Bridgeport-Stamford-Norwalk  CT ,50,50,24471,1,2,380,0,0,0,1,5,771,32,32,10297,1,2,380,0,0,0,0,0,0
201702,408,20700, ,East Stroudsburg  PA ,7,7,1475,0,0,0,0,0,0,0,0,0,4,4,750,0,0,0,0,0,0,0,0,0
201702,408,28740, ,Kingston  NY ,0,0,0,0,0,0,0,0,0,1,5,1220,0,0,0,0,0,0,0,0,0,0,0,0
201702,408,35300, ,New Haven-Milford  CT ,6,6,643,1,2,252,0,0,0,1,8,492,3,3,132,1,2,252,0,0,0,0,0,0
201702,408,35620, ,New York-Newark-Jersey City  NY-NJ-PA ,702,702,207440,63,126,23205,16,51,6253,75,1846,313027,535,535,166414,54,108,20713,13,41,5000,46,1649,298943
201702,408,45940,C,Trenton  NJ ,15,15,5144,0,0,0,0,0,0,0,0,0,14,14,4971,0,0,0,0,0,0,0,0,0
201702,412,35840,C,North Port-Sarasota-Bradenton  FL ,419,419,99436,3,6,1202,3,12,2095,3,50,3081,418,418,99289,3,6,1202,3,12,2095,3,50,3081
201702,412,39460, ,Punta Gorda  FL ,73,73,16529,0,0,0,0,0,0,1,7,708,0,0,0,0,0,0,0,0,0,0,0,0
201702,416,36420,C,Oklahoma City  OK ,395,395,92644,4,8,786,4,12,1050,3,15,1500,361,361,85991,3,6,656,4,12,1050,3,15,1500
201702,420,36540, ,Omaha-Council Bluffs  NE-IA ,216,216,39690,1,2,150,1,3,500,16,186,13932,173,173,28932,1,2,150,0,0,0,16,186,13932
201702,422,19660, ,Deltona-Daytona Beach-Ormond Beach  FL ,143,143,43304,3,6,1068,0,0,0,1,8,680,100,100,29318,3,6,1068,0,0,0,0,0,0
201702,422,36740, ,Orlando-Kissimmee-Sanford  FL ,1160,1160,318895,12,24,1952,4,12,2208,25,409,56177,1038,1038,280110,12,24,1952,4,12,2208,23,396,55020
201702,422,45540,C,The Villages  FL ,87,87,22979,0,0,0,0,0,0,0,0,0,87,87,22979,0,0,0,0,0,0,0,0,0
201702,425,37620, ,Parkersburg-Vienna  WV ,3,3,540,0,0,0,0,0,0,0,0,0,3,3,540,0,0,0,0,0,0,0,0,0
201702,426,37860,C,Pensacola-Ferry Pass-Brent  FL ,171,171,32684,0,0,0,0,0,0,0,0,0,171,171,32684,0,0,0,0,0,0,0,0,0
201702,427,37900, ,Peoria  IL ,2,2,150,0,0,0,0,0,0,0,0,0,2,2,150,0,0,0,0,0,0,0,0,0
201702,428,12100,C,Atlantic City-Hammonton  NJ ,16,16,5576,1,2,340,0,0,0,1,10,1493,14,14,5446,1,2,340,0,0,0,0,0,0
201702,428,20100,C,Dover  DE ,64,64,9928,2,4,421,0,0,0,3,38,2241,64,64,9928,2,4,421,0,0,0,3,38,2241
201702,428,36140,C,Ocean City  NJ ,50,50,12218,6,12,2103,1,3,388,0,0,0,49,49,12085,6,12,2103,1,3,388,0,0,0
201702,428,37980,C,Philadelphia-Camden-Wilmington  PA-NJ-DE-MD ,471,471,86400,10,20,2022,13,43,4925,30,310,29108,284,284,59664,9,18,1865,12,40,4442,24,268,22690
201702,428,39740, ,Reading  PA ,3,3,175,0,0,0,0,0,0,0,0,0,3,3,175,0,0,0,0,0,0,0,0,0
201702,428,47220,C,Vineland-Bridgeton  NJ ,7,7,777,0,0,0,0,0,0,1,5,666,1,1,51,0,0,0,0,0,0,0,0,0
201702,430,38300, ,Pittsburgh  PA ,87,87,26042,2,4,530,0,0,0,4,43,3841,56,56,18108,1,2,284,0,0,0,3,15,1545
201702,430,48260, ,Weirton-Steubenville  WV-OH ,0,0,0,0,0,0,0,0,0,0,0,0,0,0,0,0,0,0,0,0,0,0,0,0
201702,438,30340, ,Lewiston-Auburn  ME ,3,3,397,0,0,0,0,0,0,0,0,0,3,3,397,0,0,0,0,0,0,0,0,0
201702,438,38860, ,Portland-South Portland  ME ,87,87,18156,1,2,200,0,0,0,1,5,618,55,55,10995,1,2,200,0,0,0,0,0,0
201702,440,10540, ,Albany  OR ,22,22,5425,0,0,0,0,0,0,0,0,0,16,16,4277,0,0,0,0,0,0,0,0,0
201702,440,18700, ,Corvallis  OR ,8,8,2048,0,0,0,0,0,0,0,0,0,0,0,0,0,0,0,0,0,0,0,0,0
201702,440,31020, ,Longview  WA ,10,10,2080,0,0,0,0,0,0,0,0,0,0,0,0,0,0,0,0,0,0,0,0,0
201702,440,38900, ,Portland-Vancouver-Hillsboro  OR-WA ,569,569,159203,5,10,1442,2,8,1149,22,574,57820,409,409,113727,5,10,1442,2,8,1149,20,548,55092
201702,440,41420, ,Salem  OR ,27,27,7142,1,2,296,0,0,0,2,24,2241,27,27,7142,1,2,296,0,0,0,2,24,2241
201702,444,39380,C,Pueblo  CO ,17,17,2973,1,2,252,0,0,0,1,5,707,0,0,0,0,0,0,0,0,0,0,0,0
201702,450,20500,C,Durham-Chapel Hill  NC ,261,261,57723,0,0,0,1,3,162,4,81,5140,118,118,34061,0,0,0,0,0,0,0,0,0
201702,450,39580,C,Raleigh  NC ,682,682,149023,0,0,0,0,0,0,23,635,68432,662,662,145617,0,0,0,0,0,0,23,635,68432
201702,452,39660, ,Rapid City  SD ,29,29,5813,2,4,430,0,0,0,0,0,0,24,24,5014,2,4,430,0,0,0,0,0,0
201702,454,39820, ,Redding  CA ,21,21,4669,0,0,0,0,0,0,0,0,0,21,21,4669,0,0,0,0,0,0,0,0,0
201702,456,16180,C,Carson City  NV ,12,12,3285,0,0,0,0,0,0,0,0,0,12,12,3285,0,0,0,0,0,0,0,0,0
201702,456,39900,C,Reno  NV ,177,177,44362,1,2,249,0,0,0,3,37,4052,0,0,0,0,0,0,0,0,0,0,0,0
201702,462,40340, ,Rochester  MN ,22,22,5597,0,0,0,0,0,0,0,0,0,22,22,5597,0,0,0,0,0,0,0,0,0
201702,464,40380, ,Rochester  NY ,77,77,16151,0,0,0,0,0,0,3,15,1349,57,57,12067,0,0,0,0,0,0,0,0,0
201702,466,40420, ,Rockford  IL ,7,7,1779,0,0,0,0,0,0,0,0,0,7,7,1779,0,0,0,0,0,0,0,0,0
201702,470,40660,C,Rome  GA ,16,16,2168,0,0,0,0,0,0,0,0,0,16,16,2168,0,0,0,0,0,0,0,0,0
201702,472,40900,C,Sacramento--Roseville--Arden-Arcade  CA ,443,443,129692,2,4,451,0,0,0,0,0,0,438,438,128521,2,4,451,0,0,0,0,0,0
201702,474,13020, ,Bay City  MI ,0,0,0,0,0,0,0,0,0,0,0,0,0,0,0,0,0,0,0,0,0,0,0,0
201702,474,33220, ,Midland  MI ,1,1,127,0,0,0,0,0,0,0,0,0,1,1,127,0,0,0,0,0,0,0,0,0
201702,474,40980, ,Saginaw  MI ,7,7,859,0,0,0,0,0,0,0,0,0,7,7,859,0,0,0,0,0,0,0,0,0
201702,476,41180, ,St. Louis  MO-IL ,431,431,109534,0,0,0,0,0,0,5,84,9292,339,339,75216,0,0,0,0,0,0,0,0,0
201702,482,36260, ,Ogden-Clearfield  UT ,131,131,33568,0,0,0,3,10,1226,3,17,2036,107,107,27046,0,0,0,2,7,873,3,17,2036
201702,482,39340, ,Provo-Orem  UT ,388,388,101338,2,4,922,7,27,3880,4,31,4132,386,386,100729,2,4,922,7,27,3880,4,31,4132
201702,482,41620, ,Salt Lake City  UT ,322,322,79813,2,4,950,2,7,1120,7,134,13656,232,232,54213,1,2,425,1,3,527,3,52,4372
201702,488,41860,C,San Francisco-Oakland-Hayward  CA ,319,319,104023,2,4,1729,6,18,4965,14,676,413156,233,233,71523,2,4,1729,6,18,4965,6,610,401908
201702,488,41940,C,San Jose-Sunnyvale-Santa Clara  CA ,60,60,26385,0,0,0,1,3,720,7,438,173569,48,48,22213,0,0,0,1,3,720,7,438,173569
201702,488,42100, ,Santa Cruz-Watsonville  CA ,8,8,1723,0,0,0,0,0,0,1,5,509,0,0,0,0,0,0,0,0,0,0,0,0
201702,488,42220, ,Santa Rosa  CA ,51,51,12624,0,0,0,0,0,0,0,0,0,48,48,11651,0,0,0,0,0,0,0,0,0
201702,488,44700, ,Stockton-Lodi  CA ,85,85,24568,0,0,0,0,0,0,1,15,1735,71,71,20805,0,0,0,0,0,0,0,0,0
201702,488,46700, ,Vallejo-Fairfield  CA ,65,65,17620,0,0,0,0,0,0,0,0,0,65,65,17620,0,0,0,0,0,0,0,0,0
201702,496,25980, ,Hinesville  GA ,20,20,5291,0,0,0,2,8,324,7,52,2167,20,20,5291,0,0,0,2,8,324,7,52,2167
201702,496,42340, ,Savannah  GA ,163,163,35017,0,0,0,0,0,0,0,0,0,128,128,27764,0,0,0,0,0,0,0,0,0
201702,500,14740,C,Bremerton-Silverdale  WA ,103,103,31227,0,0,0,0,0,0,0,0,0,103,103,31227,0,0,0,0,0,0,0,0,0
201702,500,34580, ,Mount Vernon-Anacortes  WA ,29,29,6780,0,0,0,0,0,0,0,0,0,18,18,4973,0,0,0,0,0,0,0,0,0
201702,500,36500, ,Olympia-Tumwater  WA ,50,50,14712,0,0,0,2,6,960,0,0,0,50,50,14712,0,0,0,2,6,960,0,0,0
201702,500,42660,C,Seattle-Tacoma-Bellevue  WA ,777,777,256816,17,34,5194,11,40,7585,24,785,97943,727,727,237895,16,32,4885,11,40,7585,21,753,94295
201702,512,43580, ,Sioux City  IA-NE-SD ,8,8,2267,0,0,0,0,0,0,0,0,0,1,1,275,0,0,0,0,0,0,0,0,0
201702,515,21140, ,Elkhart-Goshen  IN ,22,22,5168,0,0,0,0,0,0,0,0,0,22,22,5168,0,0,0,0,0,0,0,0,0
201702,515,35660, ,Niles-Benton Harbor  MI ,0,0,0,0,0,0,0,0,0,0,0,0,0,0,0,0,0,0,0,0,0,0,0,0
201702,515,43780, ,South Bend-Mishawaka  IN-MI ,37,37,8366,0,0,0,0,0,0,0,0,0,37,37,8366,0,0,0,0,0,0,0,0,0
201702,518,17660, ,Coeur dAlene  ID ,74,74,18635,0,0,0,0,0,0,1,24,1225,74,74,18635,0,0,0,0,0,0,1,24,1225
201702,518,44060, ,Spokane-Spokane Valley  WA ,108,108,26761,2,4,569,1,3,392,13,152,17709,61,61,15883,0,0,0,0,0,0,11,120,14502
201702,520,44180, ,Springfield  MO ,67,67,15515,1,2,150,0,0,0,2,77,3201,56,56,13607,1,2,150,0,0,0,0,0,0
201702,521,44140, ,Springfield  MA ,1,1,128,0,0,0,0,0,0,0,0,0,1,1,128,0,0,0,0,0,0,0,0,0
201702,522,44100, ,Springfield  IL ,2,2,390,1,2,320,0,0,0,0,0,0,2,2,390,1,2,320,0,0,0,0,0,0
201702,524,44300, ,State College  PA ,4,4,1942,0,0,0,0,0,0,0,0,0,3,3,1771,0,0,0,0,0,0,0,0,0
201702,532,45060, ,Syracuse  NY ,12,12,3066,0,0,0,1,3,326,1,7,430,11,11,2963,0,0,0,0,0,0,0,0,0
201702,533,45220, ,Tallahassee  FL ,62,62,11683,0,0,0,0,0,0,1,7,597,13,13,2071,0,0,0,0,0,0,0,0,0
201702,534,45780, ,Toledo  OH ,33,33,10151,0,0,0,2,6,865,2,16,2443,31,31,9926,0,0,0,2,6,865,2,16,2443
201702,536,46060,C,Tucson  AZ ,204,204,58209,1,2,346,0,0,0,1,10,1766,158,158,44350,0,0,0,0,0,0,0,0,0
201702,538,46140,C,Tulsa  OK ,306,306,67585,0,0,0,0,0,0,9,49,3655,304,304,67285,0,0,0,0,0,0,9,49,3655
201702,540,46340, ,Tyler  TX ,20,20,7507,0,0,0,0,0,0,0,0,0,20,20,7507,0,0,0,0,0,0,0,0,0
201702,545,47260, ,Virginia Beach-Norfolk-Newport News  VA-NC ,358,358,83919,1,2,330,4,14,2045,1,23,882,307,307,74245,1,2,330,4,14,2045,0,0,0
201702,546,47300, ,Visalia-Porterville  CA ,73,73,13610,1,2,101,0,0,0,0,0,0,73,73,13610,1,2,101,0,0,0,0,0,0
201702,548,12580,C,Baltimore-Columbia-Towson  MD ,360,360,75037,0,0,0,0,0,0,5,64,5200,354,354,72868,0,0,0,0,0,0,5,64,5200
201702,548,15680,C,California-Lexington Park  MD ,83,83,11393,0,0,0,0,0,0,0,0,0,83,83,11393,0,0,0,0,0,0,0,0,0
201702,548,16540,C,Chambersburg-Waynesboro  PA ,11,11,1952,2,4,400,1,4,320,0,0,0,5,5,852,2,4,400,1,4,320,0,0,0
201702,548,25180, ,Hagerstown-Martinsburg  MD-WV ,75,75,14669,0,0,0,0,0,0,0,0,0,75,75,14669,0,0,0,0,0,0,0,0,0
201702,548,47900, ,Washington-Arlington-Alexandria  DC-VA-MD-WV ,1069,1069,245778,1,2,214,0,0,0,11,370,37261,1031,1031,233304,1,2,214,0,0,0,9,343,35171
201702,548,49020, ,Winchester  VA-WV ,42,42,3909,0,0,0,0,0,0,0,0,0,42,42,3909,0,0,0,0,0,0,0,0,0
201702,554,48140, ,Wausau  WI ,7,7,1482,0,0,0,0,0,0,0,0,0,2,2,515,0,0,0,0,0,0,0,0,0
201702,556,48620, ,Wichita  KS ,57,57,14859,6,12,982,0,0,0,2,37,2603,5,5,1247,0,0,0,0,0,0,0,0,0
201702,558,48700, ,Williamsport  PA ,1,1,414,0,0,0,0,0,0,0,0,0,1,1,414,0,0,0,0,0,0,0,0,0
201702,566,49660, ,Youngstown-Warren-Boardman  OH-PA ,11,11,2522,0,0,0,0,0,0,0,0,0,2,2,525,0,0,0,0,0,0,0,0,0
201702,999,10180, ,Abilene  TX ,18,18,5240,1,2,180,0,0,0,0,0,0,18,18,5240,1,2,180,0,0,0,0,0,0
201702,999,10500, ,Albany  GA ,10,10,1195,0,0,0,0,0,0,0,0,0,10,10,1195,0,0,0,0,0,0,0,0,0
201702,999,10780, ,Alexandria  LA ,18,18,3413,0,0,0,0,0,0,0,0,0,18,18,3413,0,0,0,0,0,0,0,0,0
201702,999,11020, ,Altoona  PA ,0,0,0,0,0,0,0,0,0,0,0,0,0,0,0,0,0,0,0,0,0,0,0,0
201702,999,11260,C,Anchorage  AK ,60,60,18714,2,4,567,2,7,1038,1,7,1107,1,1,292,0,0,0,0,0,0,0,0,0
201702,999,11500, ,Anniston-Oxford-Jacksonville  AL ,4,4,553,0,0,0,0,0,0,0,0,0,3,3,408,0,0,0,0,0,0,0,0,0
201702,999,12260, ,Augusta-Richmond County  GA-SC ,233,233,43342,1,2,180,0,0,0,2,22,776,73,73,15589,0,0,0,0,0,0,1,5,280
201702,999,12420, ,Austin-Round Rock  TX ,1147,1147,253054,0,0,0,7,28,2469,21,959,66290,958,958,214428,0,0,0,7,28,2469,21,959,66290
201702,999,12540, ,Bakersfield  CA ,155,155,36928,0,0,0,0,0,0,1,5,459,32,32,5019,0,0,0,0,0,0,0,0,0
201702,999,12620, ,Bangor  ME ,2,2,375,0,0,0,0,0,0,3,18,1440,2,2,375,0,0,0,0,0,0,3,18,1440
201702,999,12940,C,Baton Rouge  LA ,283,283,55857,0,0,0,0,0,0,0,0,0,202,202,39230,0,0,0,0,0,0,0,0,0
201702,999,13140, ,Beaumont-Port Arthur  TX ,31,31,7486,0,0,0,0,0,0,0,0,0,31,31,7486,0,0,0,0,0,0,0,0,0
201702,999,13220,C,Beckley  WV ,8,8,1596,0,0,0,0,0,0,0,0,0,8,8,1596,0,0,0,0,0,0,0,0,0
201702,999,13380, ,Bellingham  WA ,44,44,11915,2,4,759,0,0,0,2,16,1128,21,21,5571,2,4,759,0,0,0,2,16,1128
201702,999,13740, ,Billings  MT ,25,25,5134,0,0,0,7,28,2545,0,0,0,25,25,5134,0,0,0,7,28,2545,0,0,0
201702,999,13780, ,Binghamton  NY ,0,0,0,0,0,0,0,0,0,0,0,0,0,0,0,0,0,0,0,0,0,0,0,0
201702,999,13900, ,Bismarck  ND ,10,10,2563,0,0,0,1,4,730,0,0,0,7,7,1505,0,0,0,1,4,730,0,0,0
201702,999,13980, ,Blacksburg-Christiansburg-Radford  VA ,3,3,550,0,0,0,0,0,0,0,0,0,3,3,550,0,0,0,0,0,0,0,0,0
201702,999,15260, ,Brunswick  GA ,51,51,12805,0,0,0,0,0,0,0,0,0,9,9,1726,0,0,0,0,0,0,0,0,0
201702,999,15540, ,Burlington-South Burlington  VT ,19,19,4650,2,4,587,1,3,453,0,0,0,16,16,3449,1,2,266,0,0,0,0,0,0
201702,999,16220, ,Casper  WY ,7,7,1539,0,0,0,0,0,0,0,0,0,7,7,1539,0,0,0,0,0,0,0,0,0
201702,999,16580, ,Champaign-Urbana  IL ,20,20,3768,0,0,0,0,0,0,2,32,2300,19,19,3643,0,0,0,0,0,0,2,32,2300
201702,999,16700,C,Charleston-North Charleston  SC ,357,357,103791,0,0,0,0,0,0,4,140,29487,165,165,63184,0,0,0,0,0,0,1,72,26397
201702,999,16820, ,Charlottesville  VA ,45,45,12984,0,0,0,0,0,0,2,14,1730,0,0,0,0,0,0,0,0,0,0,0,0
201702,999,16940, ,Cheyenne  WY ,33,33,6072,0,0,0,1,4,310,0,0,0,13,13,2379,0,0,0,0,0,0,0,0,0
201702,999,17020, ,Chico  CA ,37,37,6991,0,0,0,0,0,0,0,0,0,37,37,6991,0,0,0,0,0,0,0,0,0
201702,999,17300,C,Clarksville  TN-KY ,109,109,17634,0,0,0,0,0,0,0,0,0,107,107,17491,0,0,0,0,0,0,0,0,0
201702,999,17780, ,College Station-Bryan  TX ,106,106,20196,19,38,3315,0,0,0,10,117,10415,106,106,20196,19,38,3315,0,0,0,10,117,10415
201702,999,17820,C,Colorado Springs  CO ,272,272,109536,0,0,0,0,0,0,0,0,0,272,272,109536,0,0,0,0,0,0,0,0,0
201702,999,18880,C,Crestview-Fort Walton Beach-Destin  FL ,154,154,57155,0,0,0,13,39,6949,0,0,0,148,148,55265,0,0,0,13,39,6949,0,0,0
201702,999,19060, ,Cumberland  MD-WV ,0,0,0,0,0,0,0,0,0,0,0,0,0,0,0,0,0,0,0,0,0,0,0,0
201702,999,19180, ,Danville  IL ,0,0,0,0,0,0,0,0,0,0,0,0,0,0,0,0,0,0,0,0,0,0,0,0
201702,999,19500, ,Decatur  IL ,3,3,233,0,0,0,0,0,0,0,0,0,3,3,233,0,0,0,0,0,0,0,0,0
201702,999,20220, ,Dubuque  IA ,5,5,1409,0,0,0,0,0,0,0,0,0,5,5,1409,0,0,0,0,0,0,0,0,0
201702,999,20260, ,Duluth  MN-WI ,2,2,325,0,0,0,0,0,0,0,0,0,2,2,325,0,0,0,0,0,0,0,0,0
201702,999,20940, ,El Centro  CA ,5,5,1165,0,0,0,0,0,0,0,0,0,0,0,0,0,0,0,0,0,0,0,0,0
201702,999,21420, ,Enid  OK ,1,1,200,0,0,0,0,0,0,0,0,0,1,1,200,0,0,0,0,0,0,0,0,0
201702,999,21660, ,Eugene  OR ,46,46,11351,0,0,0,0,0,0,0,0,0,29,29,7129,0,0,0,0,0,0,0,0,0
201702,999,21780, ,Evansville  IN-KY ,50,50,9914,0,0,0,0,0,0,3,48,1200,50,50,9914,0,0,0,0,0,0,3,48,1200
201702,999,21820,C,Fairbanks  AK ,0,0,0,0,0,0,0,0,0,0,0,0,0,0,0,0,0,0,0,0,0,0,0,0
201702,999,22140,C,Farmington  NM ,4,4,686,0,0,0,0,0,0,0,0,0,4,4,686,0,0,0,0,0,0,0,0,0
201702,999,22220, ,Fayetteville-Springdale-Rogers  AR-MO ,334,334,76914,7,14,2431,0,0,0,1,6,430,290,290,69102,7,14,2431,0,0,0,0,0,0
201702,999,22380, ,Flagstaff  AZ ,25,25,6701,0,0,0,0,0,0,0,0,0,16,16,4705,0,0,0,0,0,0,0,0,0
201702,999,22500, ,Florence  SC ,23,23,3613,0,0,0,0,0,0,0,0,0,0,0,0,0,0,0,0,0,0,0,0,0
201702,999,22520, ,Florence-Muscle Shoals  AL ,14,14,1662,0,0,0,0,0,0,3,28,800,4,4,480,0,0,0,0,0,0,3,28,800
201702,999,22540, ,Fond du Lac  WI ,2,2,320,0,0,0,0,0,0,0,0,0,2,2,320,0,0,0,0,0,0,0,0,0
201702,999,22660,C,Fort Collins  CO ,198,198,51366,0,0,0,0,0,0,1,6,894,198,198,51366,0,0,0,0,0,0,1,6,894
201702,999,22900, ,Fort Smith  AR-OK ,24,24,5171,6,12,783,0,0,0,0,0,0,13,13,3602,6,12,783,0,0,0,0,0,0
201702,999,23460, ,Gadsden  AL ,4,4,500,0,0,0,0,0,0,0,0,0,0,0,0,0,0,0,0,0,0,0,0,0
201702,999,24220, ,Grand Forks  ND-MN ,0,0,0,0,0,0,0,0,0,0,0,0,0,0,0,0,0,0,0,0,0,0,0,0
201702,999,24260, ,Grand Island  NE ,5,5,767,0,0,0,0,0,0,0,0,0,5,5,767,0,0,0,0,0,0,0,0,0
201702,999,24300,C,Grand Junction  CO ,46,46,12582,1,2,358,1,4,624,0,0,0,46,46,12582,1,2,358,1,4,624,0,0,0
201702,999,24500, ,Great Falls  MT ,13,13,3609,0,0,0,0,0,0,0,0,0,13,13,3609,0,0,0,0,0,0,0,0,0
201702,999,25060, ,Gulfport-Biloxi-Pascagoula  MS ,129,129,19869,1,2,185,1,4,401,1,9,762,94,94,15009,0,0,0,0,0,0,0,0,0
201702,999,25620, ,Hattiesburg  MS ,5,5,3010,0,0,0,0,0,0,0,0,0,5,5,3010,0,0,0,0,0,0,0,0,0
201702,999,25940, ,Hilton Head Island-Bluffton-Beaufort  SC ,67,67,24863,0,0,0,0,0,0,10,88,11595,67,67,24863,0,0,0,0,0,0,10,88,11595
201702,999,26140, ,Homosassa Springs  FL ,31,31,6857,0,0,0,0,0,0,1,5,2093,0,0,0,0,0,0,0,0,0,0,0,0
201702,999,26380, ,Houma-Thibodaux  LA ,36,36,7579,0,0,0,0,0,0,0,0,0,36,36,7579,0,0,0,0,0,0,0,0,0
201702,999,27100, ,Jackson  MI ,0,0,0,0,0,0,0,0,0,0,0,0,0,0,0,0,0,0,0,0,0,0,0,0
201702,999,27340,C,Jacksonville  NC ,84,84,12479,2,4,250,0,0,0,0,0,0,84,84,12479,2,4,250,0,0,0,0,0,0
201702,999,27980,C,Kahului-Wailuku-Lahaina  HI ,70,70,19147,0,0,0,0,0,0,0,0,0,70,70,19147,0,0,0,0,0,0,0,0,0
201702,999,28420,C,Kennewick-Richland  WA ,102,102,29018,0,0,0,0,0,0,1,9,1032,22,22,6847,0,0,0,0,0,0,0,0,0
201702,999,28660,C,Killeen-Temple  TX ,153,153,28967,6,12,1033,0,0,0,1,5,685,135,135,26010,5,10,900,0,0,0,0,0,0
201702,999,29100, ,La Crosse-Onalaska  WI-MN ,9,9,2295,0,0,0,0,0,0,0,0,0,9,9,2295,0,0,0,0,0,0,0,0,0
201702,999,29460, ,Lakeland-Winter Haven  FL ,254,254,52235,0,0,0,0,0,0,0,0,0,254,254,52235,0,0,0,0,0,0,0,0,0
201702,999,29540, ,Lancaster  PA ,3,3,605,0,0,0,1,3,300,0,0,0,3,3,605,0,0,0,1,3,300,0,0,0
201702,999,29700, ,Laredo  TX ,93,93,13591,0,0,0,1,3,143,1,44,2750,0,0,0,0,0,0,0,0,0,0,0,0
201702,999,30020, ,Lawton  OK ,10,10,1873,0,0,0,0,0,0,0,0,0,10,10,1873,0,0,0,0,0,0,0,0,0
201702,999,30300, ,Lewiston  ID-WA ,0,0,0,0,0,0,0,0,0,0,0,0,0,0,0,0,0,0,0,0,0,0,0,0
201702,999,30860, ,Logan  UT-ID ,10,10,2314,0,0,0,0,0,0,0,0,0,10,10,2314,0,0,0,0,0,0,0,0,0
201702,999,31340, ,Lynchburg  VA ,29,29,6097,0,0,0,0,0,0,0,0,0,29,29,6097,0,0,0,0,0,0,0,0,0
201702,999,33540,C,Missoula  MT ,30,30,6362,3,6,567,0,0,0,0,0,0,30,30,6362,3,6,567,0,0,0,0,0,0
201702,999,33860, ,Montgomery  AL ,77,77,14311,0,0,0,0,0,0,0,0,0,77,77,14311,0,0,0,0,0,0,0,0,0
201702,999,36100, ,Ocala  FL ,129,129,23029,0,0,0,0,0,0,0,0,0,129,129,23029,0,0,0,0,0,0,0,0,0
201702,999,36980, ,Owensboro  KY ,13,13,1376,0,0,0,0,0,0,0,0,0,13,13,1376,0,0,0,0,0,0,0,0,0
201702,999,37340, ,Palm Bay-Melbourne-Titusville  FL ,116,116,37425,0,0,0,0,0,0,0,0,0,116,116,37425,0,0,0,0,0,0,0,0,0
201702,999,37460, ,Panama City  FL ,38,38,9482,0,0,0,0,0,0,0,0,0,38,38,9482,0,0,0,0,0,0,0,0,0
201702,999,38060,C,Phoenix-Mesa-Scottsdale  AZ ,1465,1465,370819,15,30,4688,6,23,3816,8,244,42896,1457,1457,368950,15,30,4688,6,23,3816,8,244,42896
201702,999,38340, ,Pittsfield  MA ,0,0,0,0,0,0,0,0,0,0,0,0,0,0,0,0,0,0,0,0,0,0,0,0
201702,999,38540, ,Pocatello  ID ,11,11,1164,0,0,0,3,12,647,0,0,0,11,11,1164,0,0,0,3,12,647,0,0,0
201702,999,39140, ,Prescott  AZ ,98,98,26449,0,0,0,0,0,0,0,0,0,98,98,26449,0,0,0,0,0,0,0,0,0
201702,999,40060, ,Richmond  VA ,329,329,68735,0,0,0,2,7,700,2,10,916,317,317,66549,0,0,0,2,7,700,1,5,662
201702,999,41100, ,St. George  UT ,92,92,17644,0,0,0,0,0,0,0,0,0,92,92,17644,0,0,0,0,0,0,0,0,0
201702,999,41500, ,Salinas  CA ,16,16,8448,0,0,0,2,6,1638,0,0,0,15,15,8265,0,0,0,2,6,1638,0,0,0
201702,999,41540, ,Salisbury  MD-DE ,180,180,27710,9,18,1516,1,3,412,3,15,2190,178,178,27289,9,18,1516,1,3,412,3,15,2190
201702,999,41660,C,San Angelo  TX ,13,13,2676,0,0,0,0,0,0,0,0,0,13,13,2676,0,0,0,0,0,0,0,0,0
201702,999,41700,C,San Antonio-New Braunfels  TX ,580,580,131182,15,30,3203,4,15,1207,7,36,3893,498,498,115724,15,30,3203,3,12,1207,5,25,2509
201702,999,41740,C,San Diego-Carlsbad  CA ,271,271,97447,4,8,1433,8,31,4174,6,119,42977,254,254,91242,4,8,1433,8,31,4174,6,119,42977
201702,999,42020, ,San Luis Obispo-Paso Robles-Arroyo Grande  CA ,27,27,11014,0,0,0,0,0,0,0,0,0,0,0,0,0,0,0,0,0,0,0,0,0
201702,999,42200, ,Santa Maria-Santa Barbara  CA ,9,9,3331,0,0,0,2,6,1111,0,0,0,9,9,3331,0,0,0,2,6,1111,0,0,0
201702,999,42540, ,Scranton--Wilkes-Barre--Hazleton  PA ,4,4,843,0,0,0,0,0,0,0,0,0,3,3,616,0,0,0,0,0,0,0,0,0
201702,999,43100, ,Sheboygan  WI ,1,1,250,0,0,0,0,0,0,0,0,0,1,1,250,0,0,0,0,0,0,0,0,0
201702,999,43340, ,Shreveport-Bossier City  LA ,99,99,21056,0,0,0,0,0,0,0,0,0,66,66,13323,0,0,0,0,0,0,0,0,0
201702,999,43420, ,Sierra Vista-Douglas  AZ ,8,8,1178,0,0,0,0,0,0,0,0,0,8,8,1178,0,0,0,0,0,0,0,0,0
201702,999,43620, ,Sioux Falls  SD ,61,61,12400,0,0,0,0,0,0,5,130,11737,61,61,12400,0,0,0,0,0,0,5,130,11737
201702,999,44940,C,Sumter  SC ,17,17,2958,0,0,0,0,0,0,0,0,0,17,17,2958,0,0,0,0,0,0,0,0,0
201702,999,45300,C,Tampa-St. Petersburg-Clearwater  FL ,893,893,237003,3,6,747,0,0,0,4,44,3650,880,880,231943,2,4,467,0,0,0,2,13,1084
201702,999,45460, ,Terre Haute  IN ,1,1,158,1,2,164,0,0,0,0,0,0,0,0,0,0,0,0,0,0,0,0,0,0
201702,999,45500, ,Texarkana  TX-AR ,4,4,577,1,2,95,0,0,0,0,0,0,0,0,0,0,0,0,0,0,0,0,0,0
201702,999,45820, ,Topeka  KS ,28,28,4332,0,0,0,0,0,0,0,0,0,28,28,4332,0,0,0,0,0,0,0,0,0
201702,999,46220, ,Tuscaloosa  AL ,58,58,14312,5,10,1569,1,3,637,1,10,1078,34,34,7918,0,0,0,0,0,0,0,0,0
201702,999,46520,C,Urban Honolulu  HI ,68,68,21118,0,0,0,0,0,0,0,0,0,68,68,21118,0,0,0,0,0,0,0,0,0
201702,999,46540, ,Utica-Rome  NY ,2,2,124,0,0,0,0,0,0,0,0,0,1,1,18,0,0,0,0,0,0,0,0,0
201702,999,46660, ,Valdosta  GA ,82,82,16160,0,0,0,0,0,0,0,0,0,41,41,9106,0,0,0,0,0,0,0,0,0
201702,999,47380, ,Waco  TX ,62,62,14760,0,0,0,0,0,0,0,0,0,62,62,14760,0,0,0,0,0,0,0,0,0
201702,999,47460, ,Walla Walla  WA ,11,11,2951,0,0,0,0,0,0,0,0,0,10,10,2851,0,0,0,0,0,0,0,0,0
201702,999,47940, ,Waterloo-Cedar Falls  IA ,8,8,2018,0,0,0,0,0,0,1,7,559,0,0,0,0,0,0,0,0,0,0,0,0
201702,999,48060, ,Watertown-Fort Drum  NY ,8,8,811,0,0,0,0,0,0,0,0,0,0,0,0,0,0,0,0,0,0,0,0,0
201702,999,48300, ,Wenatchee  WA ,21,21,4312,0,0,0,0,0,0,0,0,0,21,21,4312,0,0,0,0,0,0,0,0,0
201702,999,48540, ,Wheeling  WV-OH ,0,0,0,0,0,0,0,0,0,0,0,0,0,0,0,0,0,0,0,0,0,0,0,0
201702,999,48660, ,Wichita Falls  TX ,0,0,0,0,0,0,0,0,0,0,0,0,0,0,0,0,0,0,0,0,0,0,0,0
201702,999,48900, ,Wilmington  NC ,104,104,35405,0,0,0,0,0,0,0,0,0,104,104,35405,0,0,0,0,0,0,0,0,0
201702,999,49420, ,Yakima  WA ,15,15,4621,0,0,0,0,0,0,0,0,0,15,15,4621,0,0,0,0,0,0,0,0,0
201702,999,49740, ,Yuma  AZ ,79,79,11835,0,0,0,1,4,553,0,0,0,68,68,10873,0,0,0,1,4,553,0,0,0
