Survey,CSA,CBSA,MONCOV,CBSA,,1-unit,,,2-units,,,3-4 units,,,5+ units,,,1-unit rep,,,2-units rep,,,3-4 units rep,,,5+ units rep
Date,Code,Code,,Name,Bldgs,Units,Value,Bldgs,Units,Value,Bldgs,Units,Value,Bldgs,Units,Value,Bldgs,Units,Value,Bldgs,Units,Value,      Bldgs,Units,Value,Bldgs,Units,Value
 
201709,104,10580,C,Albany-Schenectady-Troy  NY ,141,141,35001,7,14,1724,10,38,3680,5,33,3251,106,106,25507,6,12,1355,8,32,3331,1,8,440
201709,104,24020, ,Glens Falls  NY ,20,20,4470,0,0,0,0,0,0,0,0,0,13,13,3916,0,0,0,0,0,0,0,0,0
201709,106,10740,C,Albuquerque  NM ,184,184,41127,0,0,0,0,0,0,1,5,208,166,166,38080,0,0,0,0,0,0,0,0,0
201709,106,42140,C,Santa Fe  NM ,10,10,2496,0,0,0,0,0,0,0,0,0,0,0,0,0,0,0,0,0,0,0,0,0
201709,108,11100, ,Amarillo  TX ,54,54,12394,0,0,0,0,0,0,0,0,0,54,54,12394,0,0,0,0,0,0,0,0,0
201709,118,11540, ,Appleton  WI ,32,32,6691,1,2,188,0,0,0,0,0,0,28,28,6037,0,0,0,0,0,0,0,0,0
201709,118,36780, ,Oshkosh-Neenah  WI ,17,17,4018,0,0,0,0,0,0,9,104,4400,14,14,3331,0,0,0,0,0,0,9,104,4400
201709,120,11700, ,Asheville  NC ,131,131,33928,1,2,136,0,0,0,3,80,5173,35,35,7607,0,0,0,0,0,0,0,0,0
201709,122,12020, ,Athens-Clarke County  GA ,30,30,6880,0,0,0,0,0,0,0,0,0,30,30,6880,0,0,0,0,0,0,0,0,0
201709,122,12060, ,Atlanta-Sandy Springs-Roswell  GA ,1960,1960,428842,1,2,400,0,0,0,18,715,59095,1857,1857,405586,1,2,400,0,0,0,18,715,59095
201709,122,23580, ,Gainesville  GA ,51,51,10097,0,0,0,0,0,0,0,0,0,17,17,2551,0,0,0,0,0,0,0,0,0
201709,140,13460, ,Bend-Redmond  OR ,154,154,43274,3,6,871,0,0,0,3,16,1962,129,129,37850,3,6,871,0,0,0,3,16,1962
201709,142,13820,C,Birmingham-Hoover  AL ,210,210,51245,0,0,0,0,0,0,1,5,767,159,159,39624,0,0,0,0,0,0,0,0,0
201709,144,14020,C,Bloomington  IN ,25,25,6200,1,2,238,0,0,0,1,18,2071,2,2,517,0,0,0,0,0,0,0,0,0
201709,145,14010, ,Bloomington  IL ,11,11,2300,0,0,0,0,0,0,0,0,0,11,11,2300,0,0,0,0,0,0,0,0,0
201709,146,14100,C,Bloomsburg-Berwick  PA ,8,8,1878,0,0,0,0,0,0,0,0,0,4,4,931,0,0,0,0,0,0,0,0,0
201709,147,14260,C,Boise City  ID ,484,484,115666,1,2,80,11,44,3807,9,93,7020,426,426,104323,1,2,80,11,44,3807,8,88,6722
201709,148,12700, ,Barnstable Town  MA ,8,8,2654,0,0,0,0,0,0,0,0,0,3,3,733,0,0,0,0,0,0,0,0,0
201709,148,14460,C,Boston-Cambridge-Newton  MA-NH ,459,459,140355,14,28,4480,6,19,6750,25,739,82373,259,259,81316,5,10,1717,5,16,6089,10,620,66719
201709,148,31700, ,Manchester-Nashua  NH ,36,36,6165,1,2,290,0,0,0,1,10,1283,19,19,3450,0,0,0,0,0,0,0,0,0
201709,148,39300,C,Providence-Warwick  RI-MA ,144,144,36292,0,0,0,4,12,1960,2,11,990,81,81,21573,0,0,0,3,9,1800,0,0,0
201709,148,49340, ,Worcester  MA-CT ,30,30,6349,0,0,0,0,0,0,0,0,0,21,21,4617,0,0,0,0,0,0,0,0,0
201709,150,14540, ,Bowling Green  KY ,52,52,12025,1,2,175,0,0,0,0,0,0,52,52,12025,1,2,175,0,0,0,0,0,0
201709,154,15180, ,Brownsville-Harlingen  TX ,83,83,7843,0,0,0,0,0,0,0,0,0,83,83,7843,0,0,0,0,0,0,0,0,0
201709,160,15380,C,Buffalo-Cheektowaga-Niagara Falls  NY ,113,113,35950,0,0,0,0,0,0,5,59,7435,106,106,34586,0,0,0,0,0,0,4,38,2700
201709,162,15980,C,Cape Coral-Fort Myers  FL ,267,267,63041,8,16,2254,0,0,0,1,12,1961,267,267,63041,8,16,2254,0,0,0,1,12,1961
201709,162,34940, ,Naples-Immokalee-Marco Island  FL ,176,176,34035,1,2,185,0,0,0,3,24,3601,176,176,34035,1,2,185,0,0,0,3,24,3601
201709,164,16020, ,Cape Girardeau  MO-IL ,0,0,0,0,0,0,0,0,0,0,0,0,0,0,0,0,0,0,0,0,0,0,0,0
201709,168,16300, ,Cedar Rapids  IA ,50,50,6075,10,20,1729,0,0,0,0,0,0,50,50,6075,10,20,1729,0,0,0,0,0,0
201709,168,26980, ,Iowa City  IA ,42,42,12317,0,0,0,2,8,1660,1,30,4500,41,41,12179,0,0,0,2,8,1660,1,30,4500
201709,170,16620, ,Charleston  WV ,4,4,560,1,2,216,1,3,201,1,5,318,2,2,150,0,0,0,0,0,0,0,0,0
201709,170,26580, ,Huntington-Ashland  WV-KY-OH ,7,7,1192,0,0,0,0,0,0,0,0,0,5,5,1033,0,0,0,0,0,0,0,0,0
201709,172,16740, ,Charlotte-Concord-Gastonia  NC-SC ,1180,1180,299404,0,0,0,6,20,1568,17,1058,127720,1032,1032,250379,0,0,0,6,20,1568,15,1025,124257
201709,174,16860, ,Chattanooga  TN-GA ,106,106,18648,0,0,0,0,0,0,0,0,0,106,106,18648,0,0,0,0,0,0,0,0,0
201709,174,17420, ,Cleveland  TN ,15,15,2802,0,0,0,1,3,230,0,0,0,1,1,280,0,0,0,1,3,230,0,0,0
201709,176,16980, ,Chicago-Naperville-Elgin  IL-IN-WI ,759,759,224249,7,14,2874,25,81,15280,38,956,172458,626,626,187096,5,10,2450,24,78,14832,27,839,163432
201709,176,28100, ,Kankakee  IL ,7,7,2500,0,0,0,0,0,0,0,0,0,7,7,2500,0,0,0,0,0,0,0,0,0
201709,176,33140, ,Michigan City-La Porte  IN ,22,22,3009,0,0,0,0,0,0,0,0,0,22,22,3009,0,0,0,0,0,0,0,0,0
201709,178,17140, ,Cincinnati  OH-KY-IN ,368,368,89485,0,0,0,4,14,1390,3,26,2250,314,314,75780,0,0,0,4,14,1390,2,21,1813
201709,184,10420, ,Akron  OH ,53,53,11706,0,0,0,0,0,0,0,0,0,53,53,11706,0,0,0,0,0,0,0,0,0
201709,184,15940, ,Canton-Massillon  OH ,33,33,7944,0,0,0,1,3,154,1,5,384,29,29,7476,0,0,0,0,0,0,0,0,0
201709,184,17460, ,Cleveland-Elyria  OH ,221,221,53712,2,4,21,0,0,0,5,42,2842,162,162,42797,0,0,0,0,0,0,4,29,2132
201709,190,17860,C,Columbia  MO ,72,72,17190,2,4,706,0,0,0,6,130,9929,72,72,17190,2,4,706,0,0,0,6,130,9929
201709,192,17900,C,Columbia  SC ,336,336,65290,0,0,0,0,0,0,2,45,3244,83,83,15889,0,0,0,0,0,0,0,0,0
201709,194,12220,C,Auburn-Opelika  AL ,75,75,20965,1,2,144,0,0,0,0,0,0,19,19,5541,0,0,0,0,0,0,0,0,0
201709,194,17980, ,Columbus  GA-AL ,56,56,12601,0,0,0,1,3,185,10,90,11721,33,33,8188,0,0,0,0,0,0,9,84,10228
201709,198,18140, ,Columbus  OH ,347,347,94787,1,2,300,2,8,2000,20,506,56505,285,285,79938,1,2,300,2,8,2000,19,496,55749
201709,204,18580, ,Corpus Christi  TX ,104,104,19345,0,0,0,0,0,0,0,0,0,0,0,0,0,0,0,0,0,0,0,0,0
201709,206,19100, ,Dallas-Fort Worth-Arlington  TX ,2507,2507,695911,10,20,5532,2,7,950,31,1912,204267,2292,2292,615906,9,18,5452,2,7,950,28,1834,196285
201709,209,19340, ,Davenport-Moline-Rock Island  IA-IL ,32,32,9283,0,0,0,0,0,0,0,0,0,17,17,4739,0,0,0,0,0,0,0,0,0
201709,212,19380, ,Dayton  OH ,71,71,21239,0,0,0,0,0,0,0,0,0,40,40,14978,0,0,0,0,0,0,0,0,0
201709,212,44220, ,Springfield  OH ,8,8,1924,0,0,0,0,0,0,0,0,0,8,8,1924,0,0,0,0,0,0,0,0,0
201709,216,14500, ,Boulder  CO ,59,59,22654,0,0,0,1,4,764,0,0,0,59,59,22654,0,0,0,1,4,764,0,0,0
201709,216,19740, ,Denver-Aurora-Lakewood  CO ,895,895,253553,0,0,0,2,6,1055,10,462,67357,878,878,248725,0,0,0,2,6,1055,9,446,64972
201709,216,24540, ,Greeley  CO ,144,144,40313,0,0,0,0,0,0,12,225,20090,91,91,24655,0,0,0,0,0,0,10,212,18839
201709,218,11180, ,Ames  IA ,7,7,2366,0,0,0,0,0,0,0,0,0,6,6,2235,0,0,0,0,0,0,0,0,0
201709,218,19780, ,Des Moines-West Des Moines  IA ,347,347,76545,1,2,274,0,0,0,6,75,10475,341,341,74800,1,2,274,0,0,0,5,70,10015
201709,220,11460, ,Ann Arbor  MI ,23,23,6283,0,0,0,1,4,900,0,0,0,13,13,3760,0,0,0,1,4,900,0,0,0
201709,220,19820, ,Detroit-Warren-Dearborn  MI ,536,536,161978,4,8,823,6,22,3956,10,79,14054,464,464,139582,0,0,0,4,16,3088,6,47,8138
201709,220,22420, ,Flint  MI ,9,9,2216,0,0,0,0,0,0,0,0,0,3,3,564,0,0,0,0,0,0,0,0,0
201709,220,33780, ,Monroe  MI ,1,1,105,0,0,0,0,0,0,0,0,0,1,1,105,0,0,0,0,0,0,0,0,0
201709,222,20020, ,Dothan  AL ,19,19,4317,0,0,0,0,0,0,0,0,0,18,18,4185,0,0,0,0,0,0,0,0,0
201709,232,20740, ,Eau Claire  WI ,47,47,13620,11,22,2697,0,0,0,0,0,0,47,47,13620,11,22,2697,0,0,0,0,0,0
201709,236,21300, ,Elmira  NY ,0,0,0,0,0,0,0,0,0,0,0,0,0,0,0,0,0,0,0,0,0,0,0,0
201709,238,21340,C,El Paso  TX ,161,161,36723,1,2,216,2,6,527,0,0,0,143,143,33718,1,2,216,2,6,527,0,0,0
201709,238,29740,C,Las Cruces  NM ,60,60,11923,0,0,0,1,3,157,0,0,0,45,45,9186,0,0,0,1,3,157,0,0,0
201709,240,21500, ,Erie  PA ,10,10,2172,0,0,0,0,0,0,0,0,0,10,10,2172,0,0,0,0,0,0,0,0,0
201709,244,22020, ,Fargo  ND-MN ,89,89,18688,0,0,0,0,0,0,1,86,8500,88,88,18397,0,0,0,0,0,0,1,86,8500
201709,246,22180,C,Fayetteville  NC ,83,83,15851,0,0,0,0,0,0,0,0,0,83,83,15851,0,0,0,0,0,0,0,0,0
201709,258,23060, ,Fort Wayne  IN ,85,85,21861,0,0,0,0,0,0,0,0,0,85,85,21861,0,0,0,0,0,0,0,0,0
201709,260,23420,C,Fresno  CA ,138,138,40398,0,0,0,0,0,0,4,34,5166,127,127,38106,0,0,0,0,0,0,4,34,5166
201709,260,31460, ,Madera  CA ,39,39,9428,0,0,0,0,0,0,0,0,0,39,39,9428,0,0,0,0,0,0,0,0,0
201709,264,23540, ,Gainesville  FL ,22,22,3438,0,0,0,0,0,0,1,16,980,16,16,2760,0,0,0,0,0,0,0,0,0
201709,266,24340, ,Grand Rapids-Wyoming  MI ,150,150,35810,1,2,406,0,0,0,7,200,21224,109,109,27792,1,2,406,0,0,0,3,72,4500
201709,266,34740, ,Muskegon  MI ,1,1,174,0,0,0,0,0,0,0,0,0,0,0,0,0,0,0,0,0,0,0,0,0
201709,267,24580, ,Green Bay  WI ,59,59,13968,0,0,0,0,0,0,3,26,2100,44,44,9961,0,0,0,0,0,0,1,14,951
201709,268,15500, ,Burlington  NC ,46,46,7403,1,2,205,1,3,319,0,0,0,46,46,7403,1,2,205,1,3,319,0,0,0
201709,268,24660,C,Greensboro-High Point  NC ,116,116,27438,0,0,0,0,0,0,1,5,282,83,83,21056,0,0,0,0,0,0,0,0,0
201709,268,49180, ,Winston-Salem  NC ,150,150,23931,0,0,0,0,0,0,3,123,20919,140,140,21913,0,0,0,0,0,0,3,123,20919
201709,273,24860, ,Greenville-Anderson-Mauldin  SC ,341,341,132768,0,0,0,0,0,0,1,28,3684,330,330,131024,0,0,0,0,0,0,0,0,0
201709,273,43900, ,Spartanburg  SC ,221,221,38537,0,0,0,0,0,0,0,0,0,221,221,38537,0,0,0,0,0,0,0,0,0
201709,274,24780, ,Greenville  NC ,23,23,4392,3,6,1551,0,0,0,0,0,0,22,22,4215,3,6,1551,0,0,0,0,0,0
201709,276,23900,C,Gettysburg  PA ,30,30,6301,0,0,0,0,0,0,0,0,0,30,30,6301,0,0,0,0,0,0,0,0,0
201709,276,25420,C,Harrisburg-Carlisle  PA ,100,100,18823,1,2,316,0,0,0,1,6,947,74,74,12515,1,2,316,0,0,0,0,0,0
201709,276,30140, ,Lebanon  PA ,20,20,3509,0,0,0,0,0,0,0,0,0,0,0,0,0,0,0,0,0,0,0,0,0
201709,276,49620, ,York-Hanover  PA ,12,12,2362,1,2,394,0,0,0,0,0,0,10,10,1839,1,2,394,0,0,0,0,0,0
201709,277,25500,C,Harrisonburg  VA ,52,52,11742,0,0,0,0,0,0,0,0,0,0,0,0,0,0,0,0,0,0,0,0,0
201709,277,44420, ,Staunton-Waynesboro  VA ,10,10,2488,0,0,0,0,0,0,0,0,0,10,10,2488,0,0,0,0,0,0,0,0,0
201709,278,25540,C,Hartford-West Hartford-East Hartford  CT ,78,78,15877,0,0,0,1,4,419,3,170,30186,60,60,11758,0,0,0,1,4,419,1,160,29329
201709,278,35980, ,Norwich-New London  CT ,11,11,2318,2,4,584,0,0,0,0,0,0,4,4,1071,0,0,0,0,0,0,0,0,0
201709,280,25860, ,Hickory-Lenoir-Morganton  NC ,1,1,150,0,0,0,0,0,0,0,0,0,0,0,0,0,0,0,0,0,0,0,0,0
201709,284,26300, ,Hot Springs  AR ,1,1,530,0,0,0,0,0,0,0,0,0,1,1,530,0,0,0,0,0,0,0,0,0
201709,288,26420, ,Houston-The Woodlands-Sugar Land  TX ,2950,2950,531534,13,26,2632,0,0,0,4,322,19871,2062,2062,417222,13,26,2632,0,0,0,2,309,19134
201709,290,19460, ,Decatur  AL ,12,12,2584,0,0,0,0,0,0,0,0,0,12,12,2584,0,0,0,0,0,0,0,0,0
201709,290,26620,C,Huntsville  AL ,200,200,33182,0,0,0,0,0,0,2,248,26379,200,200,33182,0,0,0,0,0,0,2,248,26379
201709,292,26820, ,Idaho Falls  ID ,77,77,12609,0,0,0,0,0,0,1,24,1983,76,76,12447,0,0,0,0,0,0,1,24,1983
201709,294,18020, ,Columbus  IN ,12,12,2935,0,0,0,0,0,0,0,0,0,12,12,2935,0,0,0,0,0,0,0,0,0
201709,294,26900, ,Indianapolis-Carmel-Anderson  IN ,447,447,134685,5,10,1462,0,0,0,1,5,480,437,437,132790,4,8,1325,0,0,0,1,5,480
201709,294,34620, ,Muncie  IN ,2,2,115,0,0,0,0,0,0,0,0,0,2,2,115,0,0,0,0,0,0,0,0,0
201709,296,27060, ,Ithaca  NY ,1,1,150,0,0,0,0,0,0,1,6,720,1,1,150,0,0,0,0,0,0,0,0,0
201709,297,27180, ,Jackson  TN ,14,14,2586,0,0,0,0,0,0,0,0,0,0,0,0,0,0,0,0,0,0,0,0,0
201709,298,27140, ,Jackson  MS ,131,131,29745,0,0,0,0,0,0,0,0,0,104,104,22071,0,0,0,0,0,0,0,0,0
201709,300,27260,C,Jacksonville  FL ,586,586,139260,2,4,434,0,0,0,9,469,48633,496,496,112439,2,4,434,0,0,0,8,464,47420
201709,304,27740, ,Johnson City  TN ,34,34,5689,0,0,0,0,0,0,2,32,1210,34,34,5689,0,0,0,0,0,0,2,32,1210
201709,304,28700, ,Kingsport-Bristol-Bristol  TN-VA ,1,1,237,0,0,0,0,0,0,0,0,0,0,0,0,0,0,0,0,0,0,0,0,0
201709,306,27780, ,Johnstown  PA ,0,0,0,0,0,0,0,0,0,0,0,0,0,0,0,0,0,0,0,0,0,0,0,0
201709,308,27860, ,Jonesboro  AR ,41,41,6426,0,0,0,21,73,4136,0,0,0,41,41,6426,0,0,0,21,73,4136,0,0,0
201709,309,27900, ,Joplin  MO ,12,12,1863,4,8,1279,0,0,0,4,58,4274,12,12,1863,4,8,1279,0,0,0,4,58,4274
201709,310,12980, ,Battle Creek  MI ,0,0,0,0,0,0,0,0,0,0,0,0,0,0,0,0,0,0,0,0,0,0,0,0
201709,310,28020, ,Kalamazoo-Portage  MI ,11,11,3881,0,0,0,0,0,0,0,0,0,8,8,2769,0,0,0,0,0,0,0,0,0
201709,312,28140, ,Kansas City  MO-KS ,470,470,127851,15,30,3483,14,54,5966,33,363,53085,384,384,100745,15,30,3483,12,48,5270,30,314,47181
201709,312,29940, ,Lawrence  KS ,19,19,4540,0,0,0,0,0,0,7,97,6291,0,0,0,0,0,0,0,0,0,0,0,0
201709,312,41140, ,St. Joseph  MO-KS ,0,0,0,0,0,0,0,0,0,0,0,0,0,0,0,0,0,0,0,0,0,0,0,0
201709,314,28940, ,Knoxville  TN ,242,242,53632,0,0,0,0,0,0,1,12,789,143,143,33888,0,0,0,0,0,0,0,0,0
201709,316,29020, ,Kokomo  IN ,2,2,270,0,0,0,0,0,0,0,0,0,2,2,270,0,0,0,0,0,0,0,0,0
201709,318,29180, ,Lafayette  LA ,134,134,25896,0,0,0,1,3,750,0,0,0,54,54,10843,0,0,0,0,0,0,0,0,0
201709,320,29200, ,Lafayette-West Lafayette  IN ,36,36,8648,2,4,720,0,0,0,0,0,0,3,3,912,0,0,0,0,0,0,0,0,0
201709,324,29340, ,Lake Charles  LA ,65,65,11623,4,8,500,0,0,0,0,0,0,28,28,4060,4,8,500,0,0,0,0,0,0
201709,330,29620, ,Lansing-East Lansing  MI ,18,18,5194,0,0,0,0,0,0,0,0,0,8,8,2720,0,0,0,0,0,0,0,0,0
201709,332,29420, ,Lake Havasu City-Kingman  AZ ,57,57,11534,3,6,376,0,0,0,0,0,0,50,50,9627,3,6,376,0,0,0,0,0,0
201709,332,29820,C,Las Vegas-Henderson-Paradise  NV ,685,685,135620,4,8,604,0,0,0,5,29,2708,685,685,135620,4,8,604,0,0,0,5,29,2708
201709,336,30460,C,Lexington-Fayette  KY ,113,113,22186,11,22,1585,0,0,0,2,51,3946,53,53,12108,10,20,1380,0,0,0,0,0,0
201709,338,30620, ,Lima  OH ,0,0,0,0,0,0,0,0,0,0,0,0,0,0,0,0,0,0,0,0,0,0,0,0
201709,339,30700, ,Lincoln  NE ,97,97,20748,1,2,356,0,0,0,4,107,11220,8,8,1807,0,0,0,0,0,0,0,0,0
201709,340,30780, ,Little Rock-North Little Rock-Conway  AR ,195,195,31812,0,0,0,0,0,0,6,162,12000,151,151,25174,0,0,0,0,0,0,6,162,12000
201709,340,38220, ,Pine Bluff  AR ,2,2,444,0,0,0,0,0,0,0,0,0,1,1,330,0,0,0,0,0,0,0,0,0
201709,346,30980, ,Longview  TX ,10,10,1773,0,0,0,0,0,0,0,0,0,0,0,0,0,0,0,0,0,0,0,0,0
201709,348,31080,C,Los Angeles-Long Beach-Anaheim  CA ,769,769,289433,54,108,21970,13,46,9466,41,2268,395089,601,601,231606,52,104,20637,10,37,7445,34,2067,367499
201709,348,37100, ,Oxnard-Thousand Oaks-Ventura  CA ,67,67,10453,0,0,0,1,4,630,2,36,4265,59,59,8454,0,0,0,0,0,0,0,0,0
201709,348,40140, ,Riverside-San Bernardino-Ontario  CA ,716,716,175902,0,0,0,2,8,1029,5,41,4443,647,647,160799,0,0,0,1,4,612,2,20,2577
201709,350,21060, ,Elizabethtown-Fort Knox  KY ,35,35,5206,0,0,0,0,0,0,0,0,0,32,32,4706,0,0,0,0,0,0,0,0,0
201709,350,31140, ,Louisville-Jefferson County  KY-IN ,362,362,81419,2,4,813,5,19,2534,1,5,247,322,322,70493,2,4,813,5,19,2534,0,0,0
201709,352,31180, ,Lubbock  TX ,156,156,31021,0,0,0,0,0,0,0,0,0,154,154,30781,0,0,0,0,0,0,0,0,0
201709,356,31420, ,Macon-Bibb County  GA ,17,17,3340,0,0,0,0,0,0,0,0,0,0,0,0,0,0,0,0,0,0,0,0,0
201709,356,47580, ,Warner Robins  GA ,59,59,13494,0,0,0,0,0,0,0,0,0,59,59,13494,0,0,0,0,0,0,0,0,0
201709,357,27500, ,Janesville-Beloit  WI ,19,19,4253,3,6,810,0,0,0,0,0,0,19,19,4253,3,6,810,0,0,0,0,0,0
201709,357,31540, ,Madison  WI ,147,147,46695,2,4,638,2,7,918,5,94,8307,114,114,37513,0,0,0,0,0,0,1,47,4500
201709,358,31740, ,Manhattan  KS ,21,21,5911,0,0,0,0,0,0,2,47,6023,20,20,5751,0,0,0,0,0,0,2,47,6023
201709,359,31860, ,Mankato-North Mankato  MN ,11,11,2350,0,0,0,1,3,450,1,9,952,0,0,0,0,0,0,0,0,0,0,0,0
201709,365,32580,C,McAllen-Edinburg-Mission  TX ,241,241,43197,4,8,525,10,38,2162,2,50,3312,103,103,15652,2,4,296,4,15,740,1,14,495
201709,366,32780, ,Medford  OR ,39,39,12022,0,0,0,1,4,624,0,0,0,39,39,12022,0,0,0,1,4,624,0,0,0
201709,368,32820, ,Memphis  TN-MS-AR ,251,251,52816,20,40,4125,9,36,2996,2,10,858,237,237,51036,20,40,4125,9,36,2996,0,0,0
201709,370,33100, ,Miami-Fort Lauderdale-West Palm Beach  FL ,418,418,162381,3,6,1094,2,8,1530,17,828,120214,351,351,131828,2,4,851,2,8,1530,11,730,100215
201709,370,38940, ,Port St. Lucie  FL ,110,110,24376,4,8,1207,2,6,571,0,0,0,110,110,24376,4,8,1207,2,6,571,0,0,0
201709,370,42680, ,Sebastian-Vero Beach  FL ,29,29,11936,0,0,0,0,0,0,0,0,0,29,29,11936,0,0,0,0,0,0,0,0,0
201709,372,33260, ,Midland  TX ,44,44,8880,0,0,0,0,0,0,0,0,0,44,44,8880,0,0,0,0,0,0,0,0,0
201709,372,36220,C,Odessa  TX ,37,37,7075,0,0,0,0,0,0,0,0,0,0,0,0,0,0,0,0,0,0,0,0,0
201709,376,33340,C,Milwaukee-Waukesha-West Allis  WI ,131,131,45361,3,6,1150,0,0,0,5,305,40672,94,94,30520,3,6,1150,0,0,0,3,293,39789
201709,376,39540, ,Racine  WI ,11,11,3043,2,4,640,0,0,0,0,0,0,3,3,833,2,4,640,0,0,0,0,0,0
201709,378,33460, ,Minneapolis-St. Paul-Bloomington  MN-WI ,705,705,203610,6,12,4179,1,4,979,12,652,86480,608,608,172397,4,8,3710,1,4,979,9,618,81564
201709,378,41060, ,St. Cloud  MN ,1,1,213,0,0,0,0,0,0,0,0,0,0,0,0,0,0,0,0,0,0,0,0,0
201709,380,19300, ,Daphne-Fairhope-Foley  AL ,156,156,32155,0,0,0,0,0,0,0,0,0,104,104,20769,0,0,0,0,0,0,0,0,0
201709,380,33660, ,Mobile  AL ,59,59,11130,0,0,0,0,0,0,0,0,0,59,59,11130,0,0,0,0,0,0,0,0,0
201709,382,32900, ,Merced  CA ,31,31,9194,2,4,629,0,0,0,0,0,0,31,31,9194,2,4,629,0,0,0,0,0,0
201709,382,33700, ,Modesto  CA ,6,6,778,0,0,0,0,0,0,0,0,0,6,6,778,0,0,0,0,0,0,0,0,0
201709,384,33740, ,Monroe  LA ,41,41,8629,0,0,0,0,0,0,1,5,579,0,0,0,0,0,0,0,0,0,0,0,0
201709,390,34060, ,Morgantown  WV ,0,0,0,0,0,0,0,0,0,0,0,0,0,0,0,0,0,0,0,0,0,0,0,0
201709,396,34820, ,Myrtle Beach-Conway-North Myrtle Beach  SC-NC ,405,405,81559,0,0,0,0,0,0,21,159,22172,298,298,57529,0,0,0,0,0,0,20,154,21922
201709,400,34980, ,Nashville-Davidson--Murfreesboro--Franklin  TN ,904,904,225974,3,6,1674,0,0,0,42,1189,118594,894,894,222723,3,6,1674,0,0,0,42,1189,118594
201709,406,25220, ,Hammond  LA ,62,62,9227,1,2,160,0,0,0,0,0,0,58,58,8608,0,0,0,0,0,0,0,0,0
201709,406,35380, ,New Orleans-Metairie  LA ,221,221,48960,3,6,635,1,3,490,1,15,3692,186,186,40835,0,0,0,0,0,0,0,0,0
201709,408,10900, ,Allentown-Bethlehem-Easton  PA-NJ ,32,32,6315,0,0,0,0,0,0,1,9,394,13,13,1678,0,0,0,0,0,0,0,0,0
201709,408,14860,C,Bridgeport-Stamford-Norwalk  CT ,75,75,44190,2,4,1359,2,6,2198,2,25,4589,48,48,21834,2,4,1359,2,6,2198,1,20,4183
201709,408,20700, ,East Stroudsburg  PA ,22,22,4142,0,0,0,0,0,0,0,0,0,22,22,4142,0,0,0,0,0,0,0,0,0
201709,408,28740, ,Kingston  NY ,8,8,1566,0,0,0,0,0,0,1,7,1707,6,6,1167,0,0,0,0,0,0,0,0,0
201709,408,35300, ,New Haven-Milford  CT ,19,19,3926,0,0,0,0,0,0,1,9,554,12,12,2770,0,0,0,0,0,0,0,0,0
201709,408,35620, ,New York-Newark-Jersey City  NY-NJ-PA ,969,969,262132,77,154,18196,19,66,9426,115,2203,262124,750,750,206431,65,130,15438,17,59,8794,75,1758,224099
201709,408,45940,C,Trenton  NJ ,9,9,2254,0,0,0,0,0,0,1,20,1743,9,9,2254,0,0,0,0,0,0,1,20,1743
201709,412,35840,C,North Port-Sarasota-Bradenton  FL ,451,451,108036,1,2,405,3,12,2333,4,78,14499,194,194,47038,1,2,405,0,0,0,2,42,3830
201709,412,39460, ,Punta Gorda  FL ,79,79,19791,2,4,350,1,4,500,0,0,0,79,79,19791,2,4,350,1,4,500,0,0,0
201709,416,36420,C,Oklahoma City  OK ,374,374,84804,5,10,633,0,0,0,0,0,0,334,334,75852,4,8,520,0,0,0,0,0,0
201709,420,36540, ,Omaha-Council Bluffs  NE-IA ,315,315,62220,1,2,183,0,0,0,1,18,2576,264,264,49336,0,0,0,0,0,0,1,18,2576
201709,422,19660, ,Deltona-Daytona Beach-Ormond Beach  FL ,121,121,36622,2,4,606,0,0,0,0,0,0,110,110,33692,2,4,606,0,0,0,0,0,0
201709,422,36740, ,Orlando-Kissimmee-Sanford  FL ,1061,1061,287532,6,12,2214,8,24,4209,15,395,44805,943,943,248225,6,12,2214,8,24,4209,12,331,38826
201709,422,45540,C,The Villages  FL ,131,131,41723,0,0,0,0,0,0,0,0,0,131,131,41723,0,0,0,0,0,0,0,0,0
201709,425,37620, ,Parkersburg-Vienna  WV ,9,9,1323,0,0,0,0,0,0,0,0,0,9,9,1323,0,0,0,0,0,0,0,0,0
201709,426,37860,C,Pensacola-Ferry Pass-Brent  FL ,173,173,31798,4,8,238,0,0,0,0,0,0,173,173,31798,4,8,238,0,0,0,0,0,0
201709,427,37900, ,Peoria  IL ,5,5,1370,0,0,0,0,0,0,0,0,0,5,5,1370,0,0,0,0,0,0,0,0,0
201709,428,12100,C,Atlantic City-Hammonton  NJ ,27,27,5718,0,0,0,0,0,0,1,6,878,26,26,5503,0,0,0,0,0,0,0,0,0
201709,428,20100,C,Dover  DE ,86,86,13239,0,0,0,0,0,0,1,8,633,85,85,13043,0,0,0,0,0,0,1,8,633
201709,428,36140,C,Ocean City  NJ ,42,42,22384,4,8,1344,0,0,0,4,47,6627,38,38,20937,4,8,1344,0,0,0,4,47,6627
201709,428,37980,C,Philadelphia-Camden-Wilmington  PA-NJ-DE-MD ,638,638,124043,8,16,2421,12,38,4259,18,379,47732,280,280,56903,2,4,207,0,0,0,3,132,20393
201709,428,39740, ,Reading  PA ,1,1,262,0,0,0,0,0,0,0,0,0,0,0,0,0,0,0,0,0,0,0,0,0
201709,428,47220,C,Vineland-Bridgeton  NJ ,11,11,1154,0,0,0,0,0,0,0,0,0,0,0,0,0,0,0,0,0,0,0,0,0
201709,430,38300, ,Pittsburgh  PA ,85,85,24248,2,4,487,0,0,0,1,28,2296,55,55,16678,1,2,241,0,0,0,0,0,0
201709,430,48260, ,Weirton-Steubenville  WV-OH ,0,0,0,0,0,0,0,0,0,0,0,0,0,0,0,0,0,0,0,0,0,0,0,0
201709,438,30340, ,Lewiston-Auburn  ME ,6,6,925,0,0,0,0,0,0,0,0,0,4,4,712,0,0,0,0,0,0,0,0,0
201709,438,38860, ,Portland-South Portland  ME ,132,132,30847,2,4,395,0,0,0,2,17,1527,59,59,13329,1,2,200,0,0,0,0,0,0
201709,440,10540, ,Albany  OR ,32,32,7763,0,0,0,0,0,0,0,0,0,26,26,6759,0,0,0,0,0,0,0,0,0
201709,440,18700, ,Corvallis  OR ,1,1,229,0,0,0,0,0,0,0,0,0,1,1,229,0,0,0,0,0,0,0,0,0
201709,440,31020, ,Longview  WA ,15,15,3447,0,0,0,0,0,0,0,0,0,0,0,0,0,0,0,0,0,0,0,0,0
201709,440,38900, ,Portland-Vancouver-Hillsboro  OR-WA ,495,495,142494,9,18,3396,2,7,1085,23,912,123045,305,305,83970,8,16,3044,2,7,1085,19,870,118078
201709,440,41420, ,Salem  OR ,44,44,12285,6,12,1932,0,0,0,3,36,3476,44,44,12285,6,12,1932,0,0,0,3,36,3476
201709,444,39380,C,Pueblo  CO ,24,24,4061,0,0,0,0,0,0,0,0,0,24,24,4061,0,0,0,0,0,0,0,0,0
201709,450,20500,C,Durham-Chapel Hill  NC ,245,245,58757,0,0,0,0,0,0,4,90,7751,98,98,31170,0,0,0,0,0,0,0,0,0
201709,450,39580,C,Raleigh  NC ,746,746,152600,0,0,0,0,0,0,4,96,5250,681,681,139934,0,0,0,0,0,0,4,96,5250
201709,452,39660, ,Rapid City  SD ,35,35,5317,1,2,220,2,8,480,0,0,0,26,26,4225,1,2,220,2,8,480,0,0,0
201709,454,39820, ,Redding  CA ,10,10,2797,0,0,0,0,0,0,0,0,0,10,10,2797,0,0,0,0,0,0,0,0,0
201709,456,16180,C,Carson City  NV ,7,7,2033,0,0,0,0,0,0,0,0,0,7,7,2033,0,0,0,0,0,0,0,0,0
201709,456,39900,C,Reno  NV ,169,169,45658,1,2,125,0,0,0,6,86,9361,168,168,45537,1,2,125,0,0,0,6,86,9361
201709,462,40340, ,Rochester  MN ,40,40,12739,0,0,0,0,0,0,4,176,23698,36,36,11988,0,0,0,0,0,0,4,176,23698
201709,464,40380, ,Rochester  NY ,109,109,25025,0,0,0,1,4,376,5,111,12088,74,74,15958,0,0,0,0,0,0,2,96,11600
201709,466,40420, ,Rockford  IL ,5,5,837,0,0,0,0,0,0,0,0,0,5,5,837,0,0,0,0,0,0,0,0,0
201709,470,40660,C,Rome  GA ,11,11,1958,0,0,0,0,0,0,0,0,0,11,11,1958,0,0,0,0,0,0,0,0,0
201709,472,40900,C,Sacramento--Roseville--Arden-Arcade  CA ,519,519,158753,9,18,2870,0,0,0,4,222,27710,493,493,152073,8,16,2549,0,0,0,3,217,26971
201709,474,13020, ,Bay City  MI ,1,1,1660,0,0,0,0,0,0,0,0,0,1,1,1660,0,0,0,0,0,0,0,0,0
201709,474,33220, ,Midland  MI ,3,3,450,0,0,0,0,0,0,0,0,0,3,3,450,0,0,0,0,0,0,0,0,0
201709,474,40980, ,Saginaw  MI ,4,4,200,0,0,0,0,0,0,0,0,0,4,4,200,0,0,0,0,0,0,0,0,0
201709,476,41180, ,St. Louis  MO-IL ,463,463,125907,2,4,753,0,0,0,4,134,15340,330,330,86279,2,4,753,0,0,0,3,117,13250
201709,482,36260, ,Ogden-Clearfield  UT ,158,158,41350,3,6,900,7,23,3450,6,33,3659,142,142,36746,3,6,900,5,15,2174,6,33,3659
201709,482,39340, ,Provo-Orem  UT ,412,412,114955,0,0,0,2,6,1041,24,378,39175,401,401,111716,0,0,0,2,6,1041,24,378,39175
201709,482,41620, ,Salt Lake City  UT ,379,379,94197,3,6,959,5,17,2489,6,55,8373,253,253,62073,1,2,334,2,7,1219,3,27,3344
201709,488,41860,C,San Francisco-Oakland-Hayward  CA ,346,346,138503,7,14,3937,9,29,6953,21,517,91591,252,252,102012,5,10,2787,6,19,5008,9,354,60327
201709,488,41940,C,San Jose-Sunnyvale-Santa Clara  CA ,255,255,86149,0,0,0,2,8,1969,9,180,30206,218,218,73948,0,0,0,0,0,0,7,146,24665
201709,488,42100, ,Santa Cruz-Watsonville  CA ,10,10,2153,0,0,0,1,3,344,1,5,509,0,0,0,0,0,0,0,0,0,0,0,0
201709,488,42220, ,Santa Rosa  CA ,56,56,22252,0,0,0,0,0,0,0,0,0,56,56,22252,0,0,0,0,0,0,0,0,0
201709,488,44700, ,Stockton-Lodi  CA ,158,158,48961,0,0,0,0,0,0,0,0,0,158,158,48961,0,0,0,0,0,0,0,0,0
201709,488,46700, ,Vallejo-Fairfield  CA ,33,33,10292,0,0,0,0,0,0,0,0,0,29,29,9149,0,0,0,0,0,0,0,0,0
201709,496,25980, ,Hinesville  GA ,28,28,6801,0,0,0,0,0,0,0,0,0,17,17,4752,0,0,0,0,0,0,0,0,0
201709,496,42340, ,Savannah  GA ,127,127,27455,2,4,400,0,0,0,0,0,0,124,124,26643,2,4,400,0,0,0,0,0,0
201709,500,14740,C,Bremerton-Silverdale  WA ,86,86,25536,0,0,0,0,0,0,0,0,0,86,86,25536,0,0,0,0,0,0,0,0,0
201709,500,34580, ,Mount Vernon-Anacortes  WA ,35,35,8032,1,2,253,0,0,0,0,0,0,23,23,6061,1,2,253,0,0,0,0,0,0
201709,500,36500, ,Olympia-Tumwater  WA ,55,55,14713,1,2,373,0,0,0,2,13,1726,45,45,12724,0,0,0,0,0,0,1,6,924
201709,500,42660,C,Seattle-Tacoma-Bellevue  WA ,779,779,262669,26,52,9102,11,39,7317,31,1196,192514,662,662,217830,25,50,8472,11,39,7317,27,1117,183025
201709,512,43580, ,Sioux City  IA-NE-SD ,9,9,2561,0,0,0,0,0,0,0,0,0,0,0,0,0,0,0,0,0,0,0,0,0
201709,515,21140, ,Elkhart-Goshen  IN ,22,22,6475,0,0,0,0,0,0,0,0,0,22,22,6475,0,0,0,0,0,0,0,0,0
201709,515,35660, ,Niles-Benton Harbor  MI ,0,0,0,0,0,0,0,0,0,0,0,0,0,0,0,0,0,0,0,0,0,0,0,0
201709,515,43780, ,South Bend-Mishawaka  IN-MI ,14,14,6652,0,0,0,0,0,0,6,60,6631,14,14,6652,0,0,0,0,0,0,6,60,6631
201709,518,17660, ,Coeur dAlene  ID ,119,119,29028,1,2,262,0,0,0,16,96,12898,96,96,24408,0,0,0,0,0,0,16,96,12898
201709,518,44060, ,Spokane-Spokane Valley  WA ,180,180,43294,3,6,973,2,7,940,3,74,7390,130,130,31504,0,0,0,0,0,0,0,0,0
201709,520,44180, ,Springfield  MO ,41,41,10944,0,0,0,0,0,0,2,46,3713,33,33,9192,0,0,0,0,0,0,0,0,0
201709,521,44140, ,Springfield  MA ,3,3,514,0,0,0,0,0,0,0,0,0,0,0,0,0,0,0,0,0,0,0,0,0
201709,522,44100, ,Springfield  IL ,7,7,2056,2,4,677,0,0,0,1,6,300,0,0,0,0,0,0,0,0,0,0,0,0
201709,524,44300, ,State College  PA ,5,5,1251,0,0,0,0,0,0,0,0,0,2,2,755,0,0,0,0,0,0,0,0,0
201709,532,45060, ,Syracuse  NY ,30,30,7836,0,0,0,0,0,0,1,21,2244,29,29,7775,0,0,0,0,0,0,0,0,0
201709,533,45220, ,Tallahassee  FL ,77,77,14525,1,2,290,1,3,750,1,36,2612,50,50,9906,0,0,0,0,0,0,0,0,0
201709,534,45780, ,Toledo  OH ,31,31,7802,0,0,0,0,0,0,12,72,1680,30,30,7689,0,0,0,0,0,0,12,72,1680
201709,536,46060,C,Tucson  AZ ,226,226,64349,1,2,330,0,0,0,2,16,2268,94,94,25941,0,0,0,0,0,0,2,16,2268
201709,538,46140,C,Tulsa  OK ,277,277,61355,2,4,350,0,0,0,3,18,923,275,275,61189,2,4,350,0,0,0,3,18,923
201709,540,46340, ,Tyler  TX ,22,22,7294,4,8,1588,3,11,2437,0,0,0,22,22,7294,4,8,1588,3,11,2437,0,0,0
201709,545,47260, ,Virginia Beach-Norfolk-Newport News  VA-NC ,330,330,79019,0,0,0,9,28,2762,2,64,3237,304,304,75508,0,0,0,9,28,2762,2,64,3237
201709,546,47300, ,Visalia-Porterville  CA ,84,84,19609,2,4,190,0,0,0,0,0,0,84,84,19609,2,4,190,0,0,0,0,0,0
201709,548,12580,C,Baltimore-Columbia-Towson  MD ,372,372,73800,3,6,151,0,0,0,14,649,67123,369,369,72644,3,6,151,0,0,0,13,636,66057
201709,548,15680,C,California-Lexington Park  MD ,74,74,14764,0,0,0,0,0,0,0,0,0,74,74,14764,0,0,0,0,0,0,0,0,0
201709,548,16540,C,Chambersburg-Waynesboro  PA ,25,25,4615,0,0,0,0,0,0,1,5,488,18,18,3585,0,0,0,0,0,0,0,0,0
201709,548,25180, ,Hagerstown-Martinsburg  MD-WV ,92,92,16449,0,0,0,0,0,0,0,0,0,92,92,16449,0,0,0,0,0,0,0,0,0
201709,548,47900, ,Washington-Arlington-Alexandria  DC-VA-MD-WV ,1358,1358,261848,4,8,1387,0,0,0,20,878,139036,1277,1277,242318,1,2,200,0,0,0,17,474,92257
201709,548,49020, ,Winchester  VA-WV ,51,51,12302,0,0,0,3,12,1486,0,0,0,51,51,12302,0,0,0,3,12,1486,0,0,0
201709,554,48140, ,Wausau  WI ,13,13,3033,1,2,240,0,0,0,0,0,0,6,6,1391,1,2,240,0,0,0,0,0,0
201709,556,48620, ,Wichita  KS ,81,81,20283,12,24,2001,0,0,0,4,43,3009,16,16,3610,0,0,0,0,0,0,0,0,0
201709,558,48700, ,Williamsport  PA ,1,1,87,0,0,0,0,0,0,0,0,0,1,1,87,0,0,0,0,0,0,0,0,0
201709,566,49660, ,Youngstown-Warren-Boardman  OH-PA ,18,18,3382,0,0,0,0,0,0,0,0,0,18,18,3382,0,0,0,0,0,0,0,0,0
201709,999,10180, ,Abilene  TX ,24,24,4733,3,6,920,0,0,0,0,0,0,24,24,4733,3,6,920,0,0,0,0,0,0
201709,999,10500, ,Albany  GA ,13,13,2162,0,0,0,0,0,0,0,0,0,13,13,2162,0,0,0,0,0,0,0,0,0
201709,999,10780, ,Alexandria  LA ,19,19,4162,0,0,0,0,0,0,0,0,0,5,5,1636,0,0,0,0,0,0,0,0,0
201709,999,11020, ,Altoona  PA ,0,0,0,0,0,0,0,0,0,0,0,0,0,0,0,0,0,0,0,0,0,0,0,0
201709,999,11260,C,Anchorage  AK ,68,68,21143,1,2,354,1,4,694,1,14,2213,4,4,1090,1,2,354,0,0,0,0,0,0
201709,999,11500, ,Anniston-Oxford-Jacksonville  AL ,4,4,654,0,0,0,0,0,0,0,0,0,3,3,511,0,0,0,0,0,0,0,0,0
201709,999,12260, ,Augusta-Richmond County  GA-SC ,188,188,35612,0,0,0,0,0,0,1,19,1272,65,65,13328,0,0,0,0,0,0,0,0,0
201709,999,12420, ,Austin-Round Rock  TX ,1235,1235,302787,2,4,291,2,8,596,9,565,38906,1079,1079,267076,0,0,0,2,8,596,9,565,38906
201709,999,12540, ,Bakersfield  CA ,145,145,36043,5,10,1183,0,0,0,0,0,0,26,26,4194,0,0,0,0,0,0,0,0,0
201709,999,12620, ,Bangor  ME ,7,7,1597,0,0,0,0,0,0,0,0,0,6,6,1356,0,0,0,0,0,0,0,0,0
201709,999,12940,C,Baton Rouge  LA ,262,262,56247,0,0,0,0,0,0,0,0,0,114,114,27421,0,0,0,0,0,0,0,0,0
201709,999,13140, ,Beaumont-Port Arthur  TX ,31,31,6723,0,0,0,0,0,0,0,0,0,15,15,3374,0,0,0,0,0,0,0,0,0
201709,999,13220,C,Beckley  WV ,3,3,523,0,0,0,0,0,0,0,0,0,2,2,465,0,0,0,0,0,0,0,0,0
201709,999,13380, ,Bellingham  WA ,55,55,14758,3,6,884,1,4,661,1,5,488,23,23,5278,3,6,884,0,0,0,0,0,0
201709,999,13740, ,Billings  MT ,31,31,6934,0,0,0,0,0,0,0,0,0,31,31,6934,0,0,0,0,0,0,0,0,0
201709,999,13780, ,Binghamton  NY ,0,0,0,0,0,0,0,0,0,0,0,0,0,0,0,0,0,0,0,0,0,0,0,0
201709,999,13900, ,Bismarck  ND ,55,55,12962,8,16,2546,0,0,0,0,0,0,51,51,11556,8,16,2546,0,0,0,0,0,0
201709,999,13980, ,Blacksburg-Christiansburg-Radford  VA ,2,2,550,0,0,0,0,0,0,0,0,0,2,2,550,0,0,0,0,0,0,0,0,0
201709,999,15260, ,Brunswick  GA ,43,43,12749,0,0,0,0,0,0,0,0,0,0,0,0,0,0,0,0,0,0,0,0,0
201709,999,15540, ,Burlington-South Burlington  VT ,30,30,6849,1,2,270,0,0,0,3,104,15638,27,27,6171,1,2,270,0,0,0,2,99,15179
201709,999,16220, ,Casper  WY ,19,19,4816,0,0,0,0,0,0,0,0,0,19,19,4816,0,0,0,0,0,0,0,0,0
201709,999,16580, ,Champaign-Urbana  IL ,11,11,4310,0,0,0,1,3,414,0,0,0,11,11,4310,0,0,0,1,3,414,0,0,0
201709,999,16700,C,Charleston-North Charleston  SC ,321,321,94300,0,0,0,0,0,0,8,205,11935,170,170,60879,0,0,0,0,0,0,7,182,10783
201709,999,16820, ,Charlottesville  VA ,50,50,15439,0,0,0,0,0,0,2,21,2477,0,0,0,0,0,0,0,0,0,0,0,0
201709,999,16940, ,Cheyenne  WY ,21,21,3576,0,0,0,0,0,0,4,40,4400,21,21,3576,0,0,0,0,0,0,4,40,4400
201709,999,17020, ,Chico  CA ,27,27,5424,0,0,0,0,0,0,1,46,5268,27,27,5424,0,0,0,0,0,0,1,46,5268
201709,999,17300,C,Clarksville  TN-KY ,141,141,18568,1,2,100,2,8,650,1,5,400,139,139,18426,1,2,100,2,8,650,1,5,400
201709,999,17780, ,College Station-Bryan  TX ,81,81,15676,0,0,0,0,0,0,0,0,0,81,81,15676,0,0,0,0,0,0,0,0,0
201709,999,17820,C,Colorado Springs  CO ,319,319,124022,0,0,0,0,0,0,1,12,2100,319,319,124022,0,0,0,0,0,0,1,12,2100
201709,999,18880,C,Crestview-Fort Walton Beach-Destin  FL ,143,143,57659,1,2,279,1,3,430,1,5,1204,132,132,54604,1,2,279,0,0,0,0,0,0
201709,999,19060, ,Cumberland  MD-WV ,0,0,0,0,0,0,0,0,0,0,0,0,0,0,0,0,0,0,0,0,0,0,0,0
201709,999,19180, ,Danville  IL ,2,2,500,0,0,0,0,0,0,0,0,0,2,2,500,0,0,0,0,0,0,0,0,0
201709,999,19500, ,Decatur  IL ,2,2,609,0,0,0,0,0,0,0,0,0,2,2,609,0,0,0,0,0,0,0,0,0
201709,999,20220, ,Dubuque  IA ,16,16,5009,0,0,0,0,0,0,0,0,0,16,16,5009,0,0,0,0,0,0,0,0,0
201709,999,20260, ,Duluth  MN-WI ,11,11,2758,0,0,0,0,0,0,1,5,720,11,11,2758,0,0,0,0,0,0,0,0,0
201709,999,20940, ,El Centro  CA ,2,2,238,0,0,0,0,0,0,0,0,0,2,2,238,0,0,0,0,0,0,0,0,0
201709,999,21420, ,Enid  OK ,1,1,200,0,0,0,0,0,0,2,36,3500,1,1,200,0,0,0,0,0,0,2,36,3500
201709,999,21660, ,Eugene  OR ,46,46,10857,0,0,0,0,0,0,0,0,0,19,19,4304,0,0,0,0,0,0,0,0,0
201709,999,21780, ,Evansville  IN-KY ,44,44,9364,2,4,380,0,0,0,0,0,0,44,44,9364,2,4,380,0,0,0,0,0,0
201709,999,21820,C,Fairbanks  AK ,0,0,0,0,0,0,0,0,0,0,0,0,0,0,0,0,0,0,0,0,0,0,0,0
201709,999,22140,C,Farmington  NM ,9,9,2161,0,0,0,0,0,0,0,0,0,4,4,1010,0,0,0,0,0,0,0,0,0
201709,999,22220, ,Fayetteville-Springdale-Rogers  AR-MO ,321,321,77391,0,0,0,4,16,2267,1,11,788,273,273,69528,0,0,0,4,16,2267,0,0,0
201709,999,22380, ,Flagstaff  AZ ,27,27,8295,0,0,0,0,0,0,0,0,0,14,14,5169,0,0,0,0,0,0,0,0,0
201709,999,22500, ,Florence  SC ,26,26,4165,1,2,135,1,3,187,0,0,0,0,0,0,0,0,0,0,0,0,0,0,0
201709,999,22520, ,Florence-Muscle Shoals  AL ,12,12,1272,0,0,0,0,0,0,4,35,1400,2,2,128,0,0,0,0,0,0,4,35,1400
201709,999,22540, ,Fond du Lac  WI ,8,8,1748,0,0,0,0,0,0,2,18,758,5,5,1010,0,0,0,0,0,0,0,0,0
201709,999,22660,C,Fort Collins  CO ,78,78,22831,6,12,3325,0,0,0,3,129,14552,78,78,22831,6,12,3325,0,0,0,3,129,14552
201709,999,22900, ,Fort Smith  AR-OK ,35,35,4017,1,2,200,1,4,180,0,0,0,24,24,2532,0,0,0,1,4,180,0,0,0
201709,999,23460, ,Gadsden  AL ,4,4,676,0,0,0,0,0,0,0,0,0,4,4,676,0,0,0,0,0,0,0,0,0
201709,999,24220, ,Grand Forks  ND-MN ,9,9,2248,0,0,0,0,0,0,3,138,12593,9,9,2248,0,0,0,0,0,0,3,138,12593
201709,999,24260, ,Grand Island  NE ,6,6,1244,1,2,193,1,4,673,0,0,0,6,6,1244,1,2,193,1,4,673,0,0,0
201709,999,24300,C,Grand Junction  CO ,57,57,8755,0,0,0,0,0,0,0,0,0,57,57,8755,0,0,0,0,0,0,0,0,0
201709,999,24500, ,Great Falls  MT ,18,18,4287,0,0,0,0,0,0,0,0,0,18,18,4287,0,0,0,0,0,0,0,0,0
201709,999,25060, ,Gulfport-Biloxi-Pascagoula  MS ,114,114,19060,0,0,0,1,3,301,1,7,593,83,83,14671,0,0,0,0,0,0,0,0,0
201709,999,25620, ,Hattiesburg  MS ,6,6,536,0,0,0,0,0,0,0,0,0,0,0,0,0,0,0,0,0,0,0,0,0
201709,999,25940, ,Hilton Head Island-Bluffton-Beaufort  SC ,31,31,12714,0,0,0,0,0,0,1,105,8870,29,29,12154,0,0,0,0,0,0,1,105,8870
201709,999,26140, ,Homosassa Springs  FL ,30,30,6432,1,2,44,0,0,0,1,8,537,0,0,0,0,0,0,0,0,0,0,0,0
201709,999,26380, ,Houma-Thibodaux  LA ,24,24,5517,1,2,200,0,0,0,0,0,0,24,24,5517,1,2,200,0,0,0,0,0,0
201709,999,27100, ,Jackson  MI ,0,0,0,0,0,0,0,0,0,0,0,0,0,0,0,0,0,0,0,0,0,0,0,0
201709,999,27340,C,Jacksonville  NC ,90,90,13435,2,4,79,0,0,0,0,0,0,90,90,13435,2,4,79,0,0,0,0,0,0
201709,999,27980,C,Kahului-Wailuku-Lahaina  HI ,57,57,19378,1,2,552,0,0,0,0,0,0,57,57,19378,1,2,552,0,0,0,0,0,0
201709,999,28420,C,Kennewick-Richland  WA ,123,123,34945,4,8,1535,0,0,0,2,24,2194,6,6,2258,2,4,860,0,0,0,0,0,0
201709,999,28660,C,Killeen-Temple  TX ,119,119,24033,15,30,2282,0,0,0,1,6,439,89,89,18017,12,24,1718,0,0,0,0,0,0
201709,999,29100, ,La Crosse-Onalaska  WI-MN ,20,20,4599,0,0,0,0,0,0,0,0,0,19,19,4363,0,0,0,0,0,0,0,0,0
201709,999,29460, ,Lakeland-Winter Haven  FL ,216,216,45687,0,0,0,0,0,0,0,0,0,216,216,45687,0,0,0,0,0,0,0,0,0
201709,999,29540, ,Lancaster  PA ,7,7,1623,0,0,0,0,0,0,0,0,0,7,7,1623,0,0,0,0,0,0,0,0,0
201709,999,29700, ,Laredo  TX ,79,79,16131,1,2,142,1,3,192,1,13,1305,0,0,0,0,0,0,0,0,0,0,0,0
201709,999,30020, ,Lawton  OK ,5,5,949,0,0,0,0,0,0,0,0,0,5,5,949,0,0,0,0,0,0,0,0,0
201709,999,30300, ,Lewiston  ID-WA ,0,0,0,0,0,0,0,0,0,0,0,0,0,0,0,0,0,0,0,0,0,0,0,0
201709,999,30860, ,Logan  UT-ID ,20,20,2702,0,0,0,3,12,2395,0,0,0,18,18,2274,0,0,0,3,12,2395,0,0,0
201709,999,31340, ,Lynchburg  VA ,4,4,717,0,0,0,3,9,1890,0,0,0,4,4,717,0,0,0,3,9,1890,0,0,0
201709,999,33540,C,Missoula  MT ,25,25,6059,0,0,0,0,0,0,4,78,7613,25,25,6059,0,0,0,0,0,0,4,78,7613
201709,999,33860, ,Montgomery  AL ,54,54,11412,0,0,0,0,0,0,0,0,0,54,54,11412,0,0,0,0,0,0,0,0,0
201709,999,36100, ,Ocala  FL ,130,130,23683,0,0,0,0,0,0,0,0,0,130,130,23683,0,0,0,0,0,0,0,0,0
201709,999,36980, ,Owensboro  KY ,38,38,3163,0,0,0,0,0,0,0,0,0,38,38,3163,0,0,0,0,0,0,0,0,0
201709,999,37340, ,Palm Bay-Melbourne-Titusville  FL ,137,137,43878,0,0,0,0,0,0,2,54,3454,137,137,43878,0,0,0,0,0,0,2,54,3454
201709,999,37460, ,Panama City  FL ,43,43,10020,0,0,0,0,0,0,0,0,0,38,38,8175,0,0,0,0,0,0,0,0,0
201709,999,38060,C,Phoenix-Mesa-Scottsdale  AZ ,1625,1625,428657,21,42,2664,1,3,1548,12,866,122552,1605,1605,417932,21,42,2664,0,0,0,11,861,121882
201709,999,38340, ,Pittsfield  MA ,1,1,351,0,0,0,0,0,0,0,0,0,0,0,0,0,0,0,0,0,0,0,0,0
201709,999,38540, ,Pocatello  ID ,21,21,2908,0,0,0,0,0,0,0,0,0,21,21,2908,0,0,0,0,0,0,0,0,0
201709,999,39140, ,Prescott  AZ ,111,111,29424,0,0,0,0,0,0,0,0,0,81,81,19937,0,0,0,0,0,0,0,0,0
201709,999,40060, ,Richmond  VA ,387,387,84280,0,0,0,5,17,2200,15,325,17750,371,371,82084,0,0,0,5,17,2200,15,325,17750
201709,999,41100, ,St. George  UT ,139,139,29025,0,0,0,1,3,287,1,6,1013,69,69,17596,0,0,0,0,0,0,0,0,0
201709,999,41500, ,Salinas  CA ,22,22,6403,1,2,301,0,0,0,6,75,9828,22,22,6403,1,2,301,0,0,0,6,75,9828
201709,999,41540, ,Salisbury  MD-DE ,244,244,38873,5,10,1794,1,4,525,1,7,1566,242,242,38527,5,10,1794,1,4,525,1,7,1566
201709,999,41660,C,San Angelo  TX ,15,15,2839,0,0,0,0,0,0,0,0,0,15,15,2839,0,0,0,0,0,0,0,0,0
201709,999,41700,C,San Antonio-New Braunfels  TX ,707,707,150958,6,12,1242,1,4,271,14,70,6582,662,662,144236,6,12,1242,1,4,271,13,65,5516
201709,999,41740,C,San Diego-Carlsbad  CA ,264,264,90398,11,22,4592,18,57,10841,17,290,50899,262,262,89966,10,20,4341,18,57,10841,14,268,45380
201709,999,42020, ,San Luis Obispo-Paso Robles-Arroyo Grande  CA ,29,29,10993,0,0,0,1,3,603,1,9,947,0,0,0,0,0,0,0,0,0,0,0,0
201709,999,42200, ,Santa Maria-Santa Barbara  CA ,17,17,11671,0,0,0,0,0,0,0,0,0,17,17,11671,0,0,0,0,0,0,0,0,0
201709,999,42540, ,Scranton--Wilkes-Barre--Hazleton  PA ,6,6,1087,0,0,0,0,0,0,0,0,0,4,4,595,0,0,0,0,0,0,0,0,0
201709,999,43100, ,Sheboygan  WI ,1,1,254,0,0,0,0,0,0,0,0,0,0,0,0,0,0,0,0,0,0,0,0,0
201709,999,43340, ,Shreveport-Bossier City  LA ,87,87,18726,0,0,0,0,0,0,0,0,0,56,56,12300,0,0,0,0,0,0,0,0,0
201709,999,43420, ,Sierra Vista-Douglas  AZ ,15,15,2481,0,0,0,0,0,0,0,0,0,15,15,2481,0,0,0,0,0,0,0,0,0
201709,999,43620, ,Sioux Falls  SD ,130,130,24697,0,0,0,0,0,0,6,230,26917,130,130,24697,0,0,0,0,0,0,6,230,26917
201709,999,44940,C,Sumter  SC ,20,20,2925,0,0,0,0,0,0,0,0,0,0,0,0,0,0,0,0,0,0,0,0,0
201709,999,45300,C,Tampa-St. Petersburg-Clearwater  FL ,880,880,252896,1,2,175,0,0,0,8,341,13269,868,868,249795,1,2,175,0,0,0,6,311,10981
201709,999,45460, ,Terre Haute  IN ,2,2,267,1,2,173,0,0,0,1,28,1767,0,0,0,0,0,0,0,0,0,0,0,0
201709,999,45500, ,Texarkana  TX-AR ,4,4,720,0,0,0,0,0,0,0,0,0,4,4,720,0,0,0,0,0,0,0,0,0
201709,999,45820, ,Topeka  KS ,23,23,4895,0,0,0,0,0,0,0,0,0,23,23,4895,0,0,0,0,0,0,0,0,0
201709,999,46220, ,Tuscaloosa  AL ,36,36,10083,1,2,568,1,3,431,4,60,5917,10,10,2895,0,0,0,0,0,0,0,0,0
201709,999,46520,C,Urban Honolulu  HI ,80,80,39028,0,0,0,0,0,0,2,594,84418,80,80,39028,0,0,0,0,0,0,2,594,84418
201709,999,46540, ,Utica-Rome  NY ,2,2,422,0,0,0,0,0,0,0,0,0,1,1,290,0,0,0,0,0,0,0,0,0
201709,999,46660, ,Valdosta  GA ,57,57,10165,0,0,0,0,0,0,0,0,0,20,20,3961,0,0,0,0,0,0,0,0,0
201709,999,47380, ,Waco  TX ,34,34,6506,3,6,515,1,3,375,3,72,6603,0,0,0,0,0,0,0,0,0,0,0,0
201709,999,47460, ,Walla Walla  WA ,7,7,1682,0,0,0,0,0,0,0,0,0,6,6,1582,0,0,0,0,0,0,0,0,0
201709,999,47940, ,Waterloo-Cedar Falls  IA ,13,13,2852,0,0,0,0,0,0,1,7,826,0,0,0,0,0,0,0,0,0,0,0,0
201709,999,48060, ,Watertown-Fort Drum  NY ,9,9,1070,0,0,0,0,0,0,0,0,0,0,0,0,0,0,0,0,0,0,0,0,0
201709,999,48300, ,Wenatchee  WA ,60,60,12533,0,0,0,0,0,0,0,0,0,60,60,12533,0,0,0,0,0,0,0,0,0
201709,999,48540, ,Wheeling  WV-OH ,3,3,596,0,0,0,0,0,0,0,0,0,2,2,389,0,0,0,0,0,0,0,0,0
201709,999,48660, ,Wichita Falls  TX ,0,0,0,0,0,0,0,0,0,0,0,0,0,0,0,0,0,0,0,0,0,0,0,0
201709,999,48900, ,Wilmington  NC ,143,143,41004,0,0,0,0,0,0,0,0,0,143,143,41004,0,0,0,0,0,0,0,0,0
201709,999,49420, ,Yakima  WA ,28,28,7684,0,0,0,1,3,170,0,0,0,28,28,7684,0,0,0,1,3,170,0,0,0
201709,999,49740, ,Yuma  AZ ,64,64,11131,0,0,0,1,4,454,1,5,553,64,64,11131,0,0,0,1,4,454,1,5,553
