Survey,CSA,CBSA,MONCOV,CBSA,,1-unit,,,2-units,,,3-4 units,,,5+ units,,,1-unit rep,,,2-units rep,,,3-4 units rep,,,5+ units rep
Date,Code,Code,,Name,Bldgs,Units,Value,Bldgs,Units,Value,Bldgs,Units,Value,Bldgs,Units,Value,Bldgs,Units,Value,Bldgs,Units,Value,      Bldgs,Units,Value,Bldgs,Units,Value
 
201710,104,10580,C,Albany-Schenectady-Troy  NY ,110,110,26796,5,10,1666,15,59,7110,6,77,8679,67,67,15711,2,4,769,12,48,5946,1,46,5365
201710,104,24020, ,Glens Falls  NY ,20,20,4211,0,0,0,0,0,0,0,0,0,14,14,3736,0,0,0,0,0,0,0,0,0
201710,106,10740,C,Albuquerque  NM ,146,146,31974,0,0,0,0,0,0,4,45,4162,41,41,11823,0,0,0,0,0,0,0,0,0
201710,106,42140,C,Santa Fe  NM ,12,12,2995,0,0,0,0,0,0,0,0,0,0,0,0,0,0,0,0,0,0,0,0,0
201710,108,11100, ,Amarillo  TX ,31,31,8413,0,0,0,0,0,0,0,0,0,31,31,8413,0,0,0,0,0,0,0,0,0
201710,118,11540, ,Appleton  WI ,41,41,9154,1,2,210,0,0,0,9,108,7311,41,41,9154,1,2,210,0,0,0,9,108,7311
201710,118,36780, ,Oshkosh-Neenah  WI ,24,24,6090,1,2,298,0,0,0,2,16,1280,21,21,5403,1,2,298,0,0,0,2,16,1280
201710,120,11700, ,Asheville  NC ,153,153,42680,0,0,0,0,0,0,4,108,6587,48,48,13866,0,0,0,0,0,0,0,0,0
201710,122,12020, ,Athens-Clarke County  GA ,38,38,11521,0,0,0,0,0,0,0,0,0,38,38,11521,0,0,0,0,0,0,0,0,0
201710,122,12060, ,Atlanta-Sandy Springs-Roswell  GA ,1988,1988,462788,0,0,0,2,7,1501,19,864,78248,1886,1886,439208,0,0,0,2,7,1501,18,836,75378
201710,122,23580, ,Gainesville  GA ,112,112,20000,0,0,0,0,0,0,0,0,0,112,112,20000,0,0,0,0,0,0,0,0,0
201710,140,13460, ,Bend-Redmond  OR ,167,167,41832,2,4,710,2,6,442,2,36,3986,43,43,13723,0,0,0,0,0,0,0,0,0
201710,142,13820,C,Birmingham-Hoover  AL ,214,214,56286,0,0,0,0,0,0,2,54,7367,139,139,39360,0,0,0,0,0,0,0,0,0
201710,144,14020,C,Bloomington  IN ,23,23,5683,1,2,238,0,0,0,1,20,2301,0,0,0,0,0,0,0,0,0,0,0,0
201710,145,14010, ,Bloomington  IL ,8,8,1144,2,4,665,0,0,0,0,0,0,8,8,1144,2,4,665,0,0,0,0,0,0
201710,146,14100,C,Bloomsburg-Berwick  PA ,11,11,2265,0,0,0,0,0,0,0,0,0,7,7,1413,0,0,0,0,0,0,0,0,0
201710,147,14260,C,Boise City  ID ,694,694,150089,0,0,0,2,8,524,19,180,15692,636,636,142163,0,0,0,2,8,524,19,180,15692
201710,148,12700, ,Barnstable Town  MA ,10,10,4348,0,0,0,0,0,0,0,0,0,5,5,2427,0,0,0,0,0,0,0,0,0
201710,148,14460,C,Boston-Cambridge-Newton  MA-NH ,430,430,125842,34,68,11416,10,33,5781,33,696,105427,262,262,77453,21,42,7220,7,23,4092,18,561,85510
201710,148,31700, ,Manchester-Nashua  NH ,37,37,6294,2,4,490,0,0,0,1,15,1924,23,23,4015,1,2,200,0,0,0,0,0,0
201710,148,39300,C,Providence-Warwick  RI-MA ,159,159,39989,1,2,350,1,3,429,3,43,3602,93,93,25492,1,2,350,0,0,0,0,0,0
201710,148,49340, ,Worcester  MA-CT ,26,26,5754,1,2,200,0,0,0,0,0,0,24,24,5422,0,0,0,0,0,0,0,0,0
201710,150,14540, ,Bowling Green  KY ,51,51,11794,3,6,605,2,8,875,2,16,1000,51,51,11794,3,6,605,2,8,875,2,16,1000
201710,154,15180, ,Brownsville-Harlingen  TX ,72,72,9984,1,2,248,0,0,0,0,0,0,20,20,2285,1,2,248,0,0,0,0,0,0
201710,160,15380,C,Buffalo-Cheektowaga-Niagara Falls  NY ,96,96,27740,0,0,0,2,8,1050,1,24,5412,87,87,25866,0,0,0,2,8,1050,0,0,0
201710,162,15980,C,Cape Coral-Fort Myers  FL ,508,508,109386,7,14,2172,2,8,2103,5,260,18986,508,508,109386,7,14,2172,2,8,2103,5,260,18986
201710,162,34940, ,Naples-Immokalee-Marco Island  FL ,199,199,41703,0,0,0,3,12,2365,0,0,0,199,199,41703,0,0,0,3,12,2365,0,0,0
201710,164,16020, ,Cape Girardeau  MO-IL ,0,0,0,0,0,0,0,0,0,0,0,0,0,0,0,0,0,0,0,0,0,0,0,0
201710,168,16300, ,Cedar Rapids  IA ,55,55,7073,2,4,293,0,0,0,1,12,714,55,55,7073,2,4,293,0,0,0,1,12,714
201710,168,26980, ,Iowa City  IA ,34,34,7943,0,0,0,0,0,0,1,36,3498,20,20,5215,0,0,0,0,0,0,1,36,3498
201710,170,16620, ,Charleston  WV ,3,3,1395,0,0,0,0,0,0,0,0,0,3,3,1395,0,0,0,0,0,0,0,0,0
201710,170,26580, ,Huntington-Ashland  WV-KY-OH ,15,15,2635,0,0,0,1,4,265,0,0,0,13,13,2476,0,0,0,1,4,265,0,0,0
201710,172,16740, ,Charlotte-Concord-Gastonia  NC-SC ,1214,1214,306337,1,2,409,1,4,320,21,1276,71808,1040,1040,250825,1,2,409,1,4,320,18,1237,67863
201710,174,16860, ,Chattanooga  TN-GA ,180,180,32183,0,0,0,0,0,0,0,0,0,180,180,32183,0,0,0,0,0,0,0,0,0
201710,174,17420, ,Cleveland  TN ,24,24,4140,1,2,142,1,3,235,0,0,0,0,0,0,0,0,0,0,0,0,0,0,0
201710,176,16980, ,Chicago-Naperville-Elgin  IL-IN-WI ,764,764,225417,16,32,4849,28,94,20548,34,1005,178185,648,648,193208,15,30,4766,28,94,20548,27,932,169962
201710,176,28100, ,Kankakee  IL ,2,2,1036,0,0,0,0,0,0,0,0,0,2,2,1036,0,0,0,0,0,0,0,0,0
201710,176,33140, ,Michigan City-La Porte  IN ,18,18,5810,0,0,0,0,0,0,0,0,0,18,18,5810,0,0,0,0,0,0,0,0,0
201710,178,17140, ,Cincinnati  OH-KY-IN ,405,405,97033,0,0,0,4,15,3367,3,20,3115,348,348,83928,0,0,0,4,15,3367,3,20,3115
201710,184,10420, ,Akron  OH ,50,50,12891,0,0,0,1,4,500,0,0,0,9,9,1746,0,0,0,1,4,500,0,0,0
201710,184,15940, ,Canton-Massillon  OH ,36,36,10201,1,2,200,1,3,154,1,5,384,31,31,9617,1,2,200,0,0,0,0,0,0
201710,184,17460, ,Cleveland-Elyria  OH ,234,234,59333,2,4,21,2,7,649,1,14,765,183,183,46485,0,0,0,2,7,649,0,0,0
201710,190,17860,C,Columbia  MO ,91,91,16177,0,0,0,0,0,0,14,391,60960,91,91,16177,0,0,0,0,0,0,14,391,60960
201710,192,17900,C,Columbia  SC ,357,357,65903,0,0,0,0,0,0,1,38,2145,214,214,47127,0,0,0,0,0,0,0,0,0
201710,194,12220,C,Auburn-Opelika  AL ,73,73,20391,1,2,144,0,0,0,0,0,0,28,28,7380,0,0,0,0,0,0,0,0,0
201710,194,17980, ,Columbus  GA-AL ,49,49,10818,1,2,162,1,3,185,1,8,1992,25,25,6214,0,0,0,0,0,0,0,0,0
201710,198,18140, ,Columbus  OH ,353,353,98188,2,4,490,7,28,1684,23,404,34037,283,283,82559,2,4,490,7,28,1684,20,377,32214
201710,204,18580, ,Corpus Christi  TX ,110,110,20268,1,2,200,1,3,454,0,0,0,6,6,935,0,0,0,0,0,0,0,0,0
201710,206,19100, ,Dallas-Fort Worth-Arlington  TX ,2484,2484,718648,16,32,3293,0,0,0,83,3943,376958,1970,1970,556282,16,32,3293,0,0,0,78,3769,359233
201710,209,19340, ,Davenport-Moline-Rock Island  IA-IL ,33,33,8742,0,0,0,0,0,0,0,0,0,20,20,4764,0,0,0,0,0,0,0,0,0
201710,212,19380, ,Dayton  OH ,78,78,26662,0,0,0,0,0,0,0,0,0,49,49,20537,0,0,0,0,0,0,0,0,0
201710,212,44220, ,Springfield  OH ,1,1,259,0,0,0,0,0,0,0,0,0,1,1,259,0,0,0,0,0,0,0,0,0
201710,216,14500, ,Boulder  CO ,52,52,19648,0,0,0,1,3,718,4,80,10260,52,52,19648,0,0,0,1,3,718,4,80,10260
201710,216,19740, ,Denver-Aurora-Lakewood  CO ,960,960,279517,5,10,773,0,0,0,9,438,56148,854,854,249508,5,10,773,0,0,0,5,361,49071
201710,216,24540, ,Greeley  CO ,197,197,49708,0,0,0,0,0,0,4,26,3199,98,98,21530,0,0,0,0,0,0,2,10,1678
201710,218,11180, ,Ames  IA ,12,12,3753,0,0,0,0,0,0,8,181,15151,12,12,3753,0,0,0,0,0,0,8,181,15151
201710,218,19780, ,Des Moines-West Des Moines  IA ,298,298,79501,4,8,1198,0,0,0,2,29,2141,289,289,76994,4,8,1198,0,0,0,1,24,1680
201710,220,11460, ,Ann Arbor  MI ,31,31,7312,0,0,0,0,0,0,0,0,0,20,20,4531,0,0,0,0,0,0,0,0,0
201710,220,19820, ,Detroit-Warren-Dearborn  MI ,611,611,170359,2,4,436,10,36,6750,22,489,52715,495,495,136452,0,0,0,9,32,6432,20,460,49427
201710,220,22420, ,Flint  MI ,23,23,7203,0,0,0,0,0,0,0,0,0,23,23,7203,0,0,0,0,0,0,0,0,0
201710,220,33780, ,Monroe  MI ,0,0,0,0,0,0,0,0,0,0,0,0,0,0,0,0,0,0,0,0,0,0,0,0
201710,222,20020, ,Dothan  AL ,16,16,4667,0,0,0,0,0,0,0,0,0,14,14,4402,0,0,0,0,0,0,0,0,0
201710,232,20740, ,Eau Claire  WI ,46,46,11589,2,4,600,0,0,0,2,24,900,46,46,11589,2,4,600,0,0,0,2,24,900
201710,236,21300, ,Elmira  NY ,0,0,0,0,0,0,0,0,0,0,0,0,0,0,0,0,0,0,0,0,0,0,0,0
201710,238,21340,C,El Paso  TX ,252,252,49044,3,6,588,1,4,362,5,63,8957,58,58,6,0,0,0,0,0,0,0,0,0
201710,238,29740,C,Las Cruces  NM ,73,73,14471,0,0,0,0,0,0,3,24,2503,57,57,11551,0,0,0,0,0,0,3,24,2503
201710,240,21500, ,Erie  PA ,3,3,650,0,0,0,0,0,0,0,0,0,2,2,388,0,0,0,0,0,0,0,0,0
201710,244,22020, ,Fargo  ND-MN ,143,143,31757,0,0,0,0,0,0,3,162,9900,139,139,30527,0,0,0,0,0,0,3,162,9900
201710,246,22180,C,Fayetteville  NC ,80,80,15684,0,0,0,0,0,0,0,0,0,80,80,15684,0,0,0,0,0,0,0,0,0
201710,258,23060, ,Fort Wayne  IN ,82,82,23698,8,16,1278,0,0,0,2,43,1240,82,82,23698,8,16,1278,0,0,0,2,43,1240
201710,260,23420,C,Fresno  CA ,234,234,62092,1,2,428,0,0,0,0,0,0,219,219,58299,1,2,428,0,0,0,0,0,0
201710,260,31460, ,Madera  CA ,36,36,10415,0,0,0,0,0,0,0,0,0,36,36,10415,0,0,0,0,0,0,0,0,0
201710,264,23540, ,Gainesville  FL ,56,56,13678,0,0,0,0,0,0,1,23,1409,49,49,12887,0,0,0,0,0,0,0,0,0
201710,266,24340, ,Grand Rapids-Wyoming  MI ,180,180,45795,2,4,768,0,0,0,5,205,18153,148,148,39302,1,2,415,0,0,0,3,187,16164
201710,266,34740, ,Muskegon  MI ,2,2,348,0,0,0,0,0,0,0,0,0,0,0,0,0,0,0,0,0,0,0,0,0
201710,267,24580, ,Green Bay  WI ,54,54,12123,0,0,0,0,0,0,2,10,993,30,30,6156,0,0,0,0,0,0,0,0,0
201710,268,15500, ,Burlington  NC ,59,59,10478,0,0,0,0,0,0,0,0,0,59,59,10478,0,0,0,0,0,0,0,0,0
201710,268,24660,C,Greensboro-High Point  NC ,170,170,42611,0,0,0,0,0,0,0,0,0,170,170,42611,0,0,0,0,0,0,0,0,0
201710,268,49180, ,Winston-Salem  NC ,200,200,31589,0,0,0,0,0,0,0,0,0,189,189,29369,0,0,0,0,0,0,0,0,0
201710,273,24860, ,Greenville-Anderson-Mauldin  SC ,337,337,143064,0,0,0,0,0,0,1,38,5000,325,325,141104,0,0,0,0,0,0,0,0,0
201710,273,43900, ,Spartanburg  SC ,189,189,31092,0,0,0,0,0,0,0,0,0,189,189,31092,0,0,0,0,0,0,0,0,0
201710,274,24780, ,Greenville  NC ,25,25,5668,10,20,2752,0,0,0,0,0,0,25,25,5668,10,20,2752,0,0,0,0,0,0
201710,276,23900,C,Gettysburg  PA ,14,14,3194,0,0,0,0,0,0,0,0,0,14,14,3194,0,0,0,0,0,0,0,0,0
201710,276,25420,C,Harrisburg-Carlisle  PA ,136,136,27859,1,2,293,0,0,0,4,62,6150,115,115,22362,1,2,293,0,0,0,3,51,4413
201710,276,30140, ,Lebanon  PA ,14,14,1658,0,0,0,0,0,0,0,0,0,14,14,1658,0,0,0,0,0,0,0,0,0
201710,276,49620, ,York-Hanover  PA ,11,11,2527,2,4,358,0,0,0,0,0,0,8,8,1885,2,4,358,0,0,0,0,0,0
201710,277,25500,C,Harrisonburg  VA ,50,50,10232,0,0,0,0,0,0,0,0,0,39,39,8270,0,0,0,0,0,0,0,0,0
201710,277,44420, ,Staunton-Waynesboro  VA ,32,32,4508,0,0,0,3,12,860,0,0,0,32,32,4508,0,0,0,3,12,860,0,0,0
201710,278,25540,C,Hartford-West Hartford-East Hartford  CT ,75,75,18472,0,0,0,0,0,0,4,28,1757,63,63,15744,0,0,0,0,0,0,2,18,900
201710,278,35980, ,Norwich-New London  CT ,7,7,1502,2,4,584,0,0,0,1,9,141,2,2,616,0,0,0,0,0,0,1,9,141
201710,280,25860, ,Hickory-Lenoir-Morganton  NC ,0,0,0,0,0,0,0,0,0,0,0,0,0,0,0,0,0,0,0,0,0,0,0,0
201710,284,26300, ,Hot Springs  AR ,3,3,659,0,0,0,0,0,0,0,0,0,3,3,659,0,0,0,0,0,0,0,0,0
201710,288,26420, ,Houston-The Woodlands-Sugar Land  TX ,3344,3344,614405,6,12,1564,2,8,492,5,62,5399,2312,2312,476143,4,8,1302,0,0,0,2,40,4130
201710,290,19460, ,Decatur  AL ,14,14,2112,0,0,0,0,0,0,0,0,0,14,14,2112,0,0,0,0,0,0,0,0,0
201710,290,26620,C,Huntsville  AL ,220,220,32034,0,0,0,0,0,0,0,0,0,219,219,31955,0,0,0,0,0,0,0,0,0
201710,292,26820, ,Idaho Falls  ID ,79,79,13331,0,0,0,0,0,0,2,42,3638,79,79,13331,0,0,0,0,0,0,2,42,3638
201710,294,18020, ,Columbus  IN ,19,19,3378,0,0,0,0,0,0,0,0,0,19,19,3378,0,0,0,0,0,0,0,0,0
201710,294,26900, ,Indianapolis-Carmel-Anderson  IN ,569,569,158927,10,20,2611,1,3,360,1,5,450,559,559,157100,9,18,2474,1,3,360,1,5,450
201710,294,34620, ,Muncie  IN ,0,0,0,0,0,0,0,0,0,0,0,0,0,0,0,0,0,0,0,0,0,0,0,0
201710,296,27060, ,Ithaca  NY ,1,1,263,1,2,237,0,0,0,1,7,840,0,0,0,0,0,0,0,0,0,0,0,0
201710,297,27180, ,Jackson  TN ,16,16,2955,0,0,0,0,0,0,0,0,0,0,0,0,0,0,0,0,0,0,0,0,0
201710,298,27140, ,Jackson  MS ,159,159,37705,0,0,0,0,0,0,0,0,0,122,122,28074,0,0,0,0,0,0,0,0,0
201710,300,27260,C,Jacksonville  FL ,891,891,212559,11,22,2389,0,0,0,6,452,49430,871,871,206103,11,22,2389,0,0,0,6,452,49430
201710,304,27740, ,Johnson City  TN ,12,12,2909,0,0,0,0,0,0,1,12,455,12,12,2909,0,0,0,0,0,0,1,12,455
201710,304,28700, ,Kingsport-Bristol-Bristol  TN-VA ,1,1,237,0,0,0,0,0,0,0,0,0,0,0,0,0,0,0,0,0,0,0,0,0
201710,306,27780, ,Johnstown  PA ,0,0,0,0,0,0,0,0,0,0,0,0,0,0,0,0,0,0,0,0,0,0,0,0
201710,308,27860, ,Jonesboro  AR ,54,54,6533,2,4,284,2,7,372,1,25,1751,15,15,771,0,0,0,0,0,0,0,0,0
201710,309,27900, ,Joplin  MO ,6,6,1434,0,0,0,0,0,0,0,0,0,6,6,1434,0,0,0,0,0,0,0,0,0
201710,310,12980, ,Battle Creek  MI ,0,0,0,0,0,0,0,0,0,1,6,550,0,0,0,0,0,0,0,0,0,1,6,550
201710,310,28020, ,Kalamazoo-Portage  MI ,11,11,3264,0,0,0,0,0,0,0,0,0,10,10,2950,0,0,0,0,0,0,0,0,0
201710,312,28140, ,Kansas City  MO-KS ,461,461,121951,11,22,2174,8,32,4221,30,384,37873,379,379,95246,10,20,1934,7,28,3626,27,330,31418
201710,312,29940, ,Lawrence  KS ,14,14,5260,0,0,0,0,0,0,0,0,0,14,14,5260,0,0,0,0,0,0,0,0,0
201710,312,41140, ,St. Joseph  MO-KS ,0,0,0,0,0,0,0,0,0,0,0,0,0,0,0,0,0,0,0,0,0,0,0,0
201710,314,28940, ,Knoxville  TN ,262,262,53322,0,0,0,0,0,0,2,118,26118,108,108,22000,0,0,0,0,0,0,1,101,25000
201710,316,29020, ,Kokomo  IN ,4,4,740,0,0,0,0,0,0,0,0,0,4,4,740,0,0,0,0,0,0,0,0,0
201710,318,29180, ,Lafayette  LA ,130,130,26771,0,0,0,0,0,0,0,0,0,99,99,22697,0,0,0,0,0,0,0,0,0
201710,320,29200, ,Lafayette-West Lafayette  IN ,37,37,8452,1,2,360,0,0,0,0,0,0,2,2,338,0,0,0,0,0,0,0,0,0
201710,324,29340, ,Lake Charles  LA ,75,75,14584,0,0,0,0,0,0,0,0,0,34,34,6204,0,0,0,0,0,0,0,0,0
201710,330,29620, ,Lansing-East Lansing  MI ,13,13,3826,0,0,0,0,0,0,0,0,0,11,11,3528,0,0,0,0,0,0,0,0,0
201710,332,29420, ,Lake Havasu City-Kingman  AZ ,85,85,17643,2,4,206,2,6,227,0,0,0,85,85,17643,2,4,206,2,6,227,0,0,0
201710,332,29820,C,Las Vegas-Henderson-Paradise  NV ,755,755,145386,0,0,0,8,29,4285,8,112,10177,755,755,145386,0,0,0,8,29,4285,8,112,10177
201710,336,30460,C,Lexington-Fayette  KY ,142,142,26359,0,0,0,0,0,0,3,69,5346,69,69,13916,0,0,0,0,0,0,0,0,0
201710,338,30620, ,Lima  OH ,1,1,300,0,0,0,0,0,0,0,0,0,1,1,300,0,0,0,0,0,0,0,0,0
201710,339,30700, ,Lincoln  NE ,97,97,20978,2,4,712,0,0,0,4,118,12373,3,3,908,0,0,0,0,0,0,0,0,0
201710,340,30780, ,Little Rock-North Little Rock-Conway  AR ,212,212,37685,1,2,153,1,4,425,1,5,188,152,152,28112,0,0,0,1,4,425,0,0,0
201710,340,38220, ,Pine Bluff  AR ,1,1,114,1,2,121,0,0,0,0,0,0,0,0,0,0,0,0,0,0,0,0,0,0
201710,346,30980, ,Longview  TX ,12,12,2128,0,0,0,0,0,0,0,0,0,0,0,0,0,0,0,0,0,0,0,0,0
201710,348,31080,C,Los Angeles-Long Beach-Anaheim  CA ,923,923,319496,55,110,19993,4,13,2863,51,1679,341525,813,813,270335,51,102,18126,2,7,1614,40,1368,301112
201710,348,37100, ,Oxnard-Thousand Oaks-Ventura  CA ,37,37,8733,0,0,0,1,4,630,2,46,5450,28,28,6485,0,0,0,0,0,0,0,0,0
201710,348,40140, ,Riverside-San Bernardino-Ontario  CA ,698,698,164540,0,0,0,1,3,313,9,82,9868,615,615,142213,0,0,0,0,0,0,3,30,4011
201710,350,21060, ,Elizabethtown-Fort Knox  KY ,31,31,5081,2,4,508,0,0,0,0,0,0,31,31,5081,2,4,508,0,0,0,0,0,0
201710,350,31140, ,Louisville-Jefferson County  KY-IN ,289,289,79754,1,2,99,0,0,0,2,18,350,249,249,68840,0,0,0,0,0,0,2,18,350
201710,352,31180, ,Lubbock  TX ,116,116,26507,5,10,1232,1,4,536,5,111,12673,1,1,171,0,0,0,0,0,0,0,0,0
201710,356,31420, ,Macon-Bibb County  GA ,17,17,2829,0,0,0,0,0,0,0,0,0,8,8,832,0,0,0,0,0,0,0,0,0
201710,356,47580, ,Warner Robins  GA ,86,86,15200,0,0,0,0,0,0,0,0,0,86,86,15200,0,0,0,0,0,0,0,0,0
201710,357,27500, ,Janesville-Beloit  WI ,21,21,4536,0,0,0,0,0,0,0,0,0,21,21,4536,0,0,0,0,0,0,0,0,0
201710,357,31540, ,Madison  WI ,131,131,42002,3,6,1099,2,7,876,8,282,36322,67,67,24497,0,0,0,0,0,0,1,27,3470
201710,358,31740, ,Manhattan  KS ,22,22,6582,0,0,0,0,0,0,0,0,0,21,21,6422,0,0,0,0,0,0,0,0,0
201710,359,31860, ,Mankato-North Mankato  MN ,28,28,4534,0,0,0,0,0,0,0,0,0,27,27,4280,0,0,0,0,0,0,0,0,0
201710,365,32580,C,McAllen-Edinburg-Mission  TX ,272,272,46282,6,12,574,6,23,1375,2,53,4252,136,136,18115,5,10,460,2,8,400,0,0,0
201710,366,32780, ,Medford  OR ,53,53,12811,0,0,0,0,0,0,0,0,0,53,53,12811,0,0,0,0,0,0,0,0,0
201710,368,32820, ,Memphis  TN-MS-AR ,275,275,50701,2,4,322,0,0,0,1,5,357,260,260,48818,2,4,322,0,0,0,0,0,0
201710,370,33100, ,Miami-Fort Lauderdale-West Palm Beach  FL ,499,499,190470,5,10,2137,5,16,6267,32,1633,291046,442,442,161243,5,10,2137,4,13,5753,29,1594,280401
201710,370,38940, ,Port St. Lucie  FL ,173,173,32135,4,8,945,0,0,0,0,0,0,173,173,32135,4,8,945,0,0,0,0,0,0
201710,370,42680, ,Sebastian-Vero Beach  FL ,34,34,14559,0,0,0,0,0,0,0,0,0,34,34,14559,0,0,0,0,0,0,0,0,0
201710,372,33260, ,Midland  TX ,53,53,13936,0,0,0,0,0,0,0,0,0,53,53,13936,0,0,0,0,0,0,0,0,0
201710,372,36220,C,Odessa  TX ,41,41,7839,0,0,0,0,0,0,0,0,0,0,0,0,0,0,0,0,0,0,0,0,0
201710,376,33340,C,Milwaukee-Waukesha-West Allis  WI ,131,131,46085,7,14,1920,0,0,0,10,132,17094,93,93,31496,7,14,1920,0,0,0,9,124,16490
201710,376,39540, ,Racine  WI ,13,13,3787,0,0,0,0,0,0,0,0,0,5,5,1577,0,0,0,0,0,0,0,0,0
201710,378,33460, ,Minneapolis-St. Paul-Bloomington  MN-WI ,861,861,259519,5,10,1303,1,4,615,7,571,80016,809,809,239060,4,8,1045,1,4,615,5,537,74269
201710,378,41060, ,St. Cloud  MN ,1,1,213,0,0,0,0,0,0,0,0,0,0,0,0,0,0,0,0,0,0,0,0,0
201710,380,19300, ,Daphne-Fairhope-Foley  AL ,155,155,29160,1,2,252,2,7,789,0,0,0,36,36,7489,0,0,0,0,0,0,0,0,0
201710,380,33660, ,Mobile  AL ,38,38,7065,0,0,0,0,0,0,0,0,0,37,37,6991,0,0,0,0,0,0,0,0,0
201710,382,32900, ,Merced  CA ,4,4,937,0,0,0,0,0,0,0,0,0,4,4,937,0,0,0,0,0,0,0,0,0
201710,382,33700, ,Modesto  CA ,4,4,581,0,0,0,0,0,0,0,0,0,0,0,0,0,0,0,0,0,0,0,0,0
201710,384,33740, ,Monroe  LA ,44,44,9252,0,0,0,1,4,629,1,5,579,0,0,0,0,0,0,0,0,0,0,0,0
201710,390,34060, ,Morgantown  WV ,0,0,0,0,0,0,0,0,0,0,0,0,0,0,0,0,0,0,0,0,0,0,0,0
201710,396,34820, ,Myrtle Beach-Conway-North Myrtle Beach  SC-NC ,685,685,109155,1,2,296,0,0,0,1,8,700,569,569,83072,1,2,296,0,0,0,1,8,700
201710,400,34980, ,Nashville-Davidson--Murfreesboro--Franklin  TN ,878,878,213531,1,2,250,0,0,0,20,788,93660,793,793,186019,1,2,250,0,0,0,19,783,93196
201710,406,25220, ,Hammond  LA ,44,44,5594,0,0,0,0,0,0,0,0,0,39,39,4820,0,0,0,0,0,0,0,0,0
201710,406,35380, ,New Orleans-Metairie  LA ,248,248,59780,3,6,728,0,0,0,2,34,6477,174,174,43094,0,0,0,0,0,0,0,0,0
201710,408,10900, ,Allentown-Bethlehem-Easton  PA-NJ ,22,22,4793,0,0,0,0,0,0,0,0,0,7,7,870,0,0,0,0,0,0,0,0,0
201710,408,14860,C,Bridgeport-Stamford-Norwalk  CT ,64,64,35618,3,6,1007,2,7,901,4,274,31342,41,41,17040,2,4,880,2,7,901,3,269,30937
201710,408,20700, ,East Stroudsburg  PA ,11,11,3166,0,0,0,0,0,0,0,0,0,11,11,3166,0,0,0,0,0,0,0,0,0
201710,408,28740, ,Kingston  NY ,3,3,380,1,2,150,1,4,400,1,5,1220,2,2,216,1,2,150,1,4,400,0,0,0
201710,408,35300, ,New Haven-Milford  CT ,16,16,2272,0,0,0,0,0,0,2,13,800,9,9,1115,0,0,0,0,0,0,0,0,0
201710,408,35620, ,New York-Newark-Jersey City  NY-NJ-PA ,937,937,283494,82,164,22139,21,71,9297,114,2694,354859,745,745,228142,63,126,17701,15,52,6987,72,2233,315604
201710,408,45940,C,Trenton  NJ ,11,11,2691,2,4,174,1,4,353,4,69,6989,7,7,1799,0,0,0,0,0,0,4,69,6989
201710,412,35840,C,North Port-Sarasota-Bradenton  FL ,440,440,115663,0,0,0,4,16,3071,2,41,10195,399,399,103185,0,0,0,4,16,3071,1,36,3088
201710,412,39460, ,Punta Gorda  FL ,49,49,944,0,0,0,0,0,0,0,0,0,0,0,0,0,0,0,0,0,0,0,0,0
201710,416,36420,C,Oklahoma City  OK ,444,444,102388,5,10,1313,0,0,0,0,0,0,405,405,95434,5,10,1313,0,0,0,0,0,0
201710,420,36540, ,Omaha-Council Bluffs  NE-IA ,220,220,44340,2,4,587,0,0,0,1,5,342,167,167,31511,2,4,587,0,0,0,0,0,0
201710,422,19660, ,Deltona-Daytona Beach-Ormond Beach  FL ,158,158,49396,1,2,388,0,0,0,0,0,0,112,112,35207,1,2,388,0,0,0,0,0,0
201710,422,36740, ,Orlando-Kissimmee-Sanford  FL ,1086,1086,302587,5,10,1431,2,6,1053,3,47,5780,961,961,260931,5,10,1431,2,6,1053,1,16,1497
201710,422,45540,C,The Villages  FL ,180,180,52635,0,0,0,0,0,0,0,0,0,180,180,52635,0,0,0,0,0,0,0,0,0
201710,425,37620, ,Parkersburg-Vienna  WV ,3,3,540,0,0,0,0,0,0,0,0,0,3,3,540,0,0,0,0,0,0,0,0,0
201710,426,37860,C,Pensacola-Ferry Pass-Brent  FL ,315,315,57571,4,8,322,0,0,0,0,0,0,315,315,57571,4,8,322,0,0,0,0,0,0
201710,427,37900, ,Peoria  IL ,4,4,1109,0,0,0,0,0,0,0,0,0,4,4,1109,0,0,0,0,0,0,0,0,0
201710,428,12100,C,Atlantic City-Hammonton  NJ ,36,36,11718,1,2,290,0,0,0,10,146,9428,35,35,11503,0,0,0,0,0,0,9,139,8403
201710,428,20100,C,Dover  DE ,83,83,12068,1,2,165,0,0,0,0,0,0,81,81,11780,1,2,165,0,0,0,0,0,0
201710,428,36140,C,Ocean City  NJ ,45,45,18434,31,62,10167,0,0,0,0,0,0,38,38,16594,31,62,10167,0,0,0,0,0,0
201710,428,37980,C,Philadelphia-Camden-Wilmington  PA-NJ-DE-MD ,599,599,109135,12,24,3065,12,43,5184,31,561,50379,363,363,72714,12,24,3065,11,40,4861,22,427,41278
201710,428,39740, ,Reading  PA ,0,0,0,0,0,0,0,0,0,0,0,0,0,0,0,0,0,0,0,0,0,0,0,0
201710,428,47220,C,Vineland-Bridgeton  NJ ,7,7,750,0,0,0,0,0,0,0,0,0,1,1,113,0,0,0,0,0,0,0,0,0
201710,430,38300, ,Pittsburgh  PA ,100,100,27851,1,2,246,1,4,431,1,33,2706,73,73,21141,0,0,0,1,4,431,0,0,0
201710,430,48260, ,Weirton-Steubenville  WV-OH ,0,0,0,0,0,0,0,0,0,0,0,0,0,0,0,0,0,0,0,0,0,0,0,0
201710,438,30340, ,Lewiston-Auburn  ME ,4,4,621,0,0,0,0,0,0,0,0,0,2,2,408,0,0,0,0,0,0,0,0,0
201710,438,38860, ,Portland-South Portland  ME ,126,126,36105,2,4,620,0,0,0,2,20,1845,55,55,19317,1,2,260,0,0,0,0,0,0
201710,440,10540, ,Albany  OR ,45,45,10803,0,0,0,0,0,0,4,48,4766,41,41,10017,0,0,0,0,0,0,4,48,4766
201710,440,18700, ,Corvallis  OR ,4,4,971,0,0,0,0,0,0,0,0,0,4,4,971,0,0,0,0,0,0,0,0,0
201710,440,31020, ,Longview  WA ,16,16,3677,0,0,0,0,0,0,0,0,0,0,0,0,0,0,0,0,0,0,0,0,0
201710,440,38900, ,Portland-Vancouver-Hillsboro  OR-WA ,505,505,147670,7,14,1927,1,3,184,15,690,77224,314,314,88323,7,14,1927,1,3,184,11,643,71445
201710,440,41420, ,Salem  OR ,46,46,12343,0,0,0,0,0,0,12,144,13535,46,46,12343,0,0,0,0,0,0,12,144,13535
201710,444,39380,C,Pueblo  CO ,41,41,7209,0,0,0,0,0,0,0,0,0,41,41,7209,0,0,0,0,0,0,0,0,0
201710,450,20500,C,Durham-Chapel Hill  NC ,273,273,70842,3,6,864,0,0,0,3,122,10506,112,112,40555,2,4,695,0,0,0,0,0,0
201710,450,39580,C,Raleigh  NC ,916,916,199396,1,2,527,2,8,1778,2,48,6506,844,844,185426,1,2,527,2,8,1778,2,48,6506
201710,452,39660, ,Rapid City  SD ,33,33,7305,1,2,355,0,0,0,0,0,0,28,28,6284,1,2,355,0,0,0,0,0,0
201710,454,39820, ,Redding  CA ,9,9,2283,0,0,0,0,0,0,0,0,0,9,9,2283,0,0,0,0,0,0,0,0,0
201710,456,16180,C,Carson City  NV ,7,7,1935,0,0,0,0,0,0,0,0,0,7,7,1935,0,0,0,0,0,0,0,0,0
201710,456,39900,C,Reno  NV ,248,248,62339,0,0,0,0,0,0,40,370,42178,247,247,62219,0,0,0,0,0,0,40,370,42178
201710,462,40340, ,Rochester  MN ,38,38,11452,0,0,0,0,0,0,6,88,10308,38,38,11452,0,0,0,0,0,0,6,88,10308
201710,464,40380, ,Rochester  NY ,117,117,31328,0,0,0,3,11,1122,2,10,712,95,95,27533,0,0,0,1,4,600,0,0,0
201710,466,40420, ,Rockford  IL ,9,9,1871,0,0,0,0,0,0,0,0,0,9,9,1871,0,0,0,0,0,0,0,0,0
201710,470,40660,C,Rome  GA ,7,7,1414,0,0,0,0,0,0,0,0,0,7,7,1414,0,0,0,0,0,0,0,0,0
201710,472,40900,C,Sacramento--Roseville--Arden-Arcade  CA ,694,694,197556,0,0,0,0,0,0,25,463,67833,682,682,193569,0,0,0,0,0,0,25,463,67833
201710,474,13020, ,Bay City  MI ,0,0,0,0,0,0,0,0,0,0,0,0,0,0,0,0,0,0,0,0,0,0,0,0
201710,474,33220, ,Midland  MI ,25,25,3549,0,0,0,0,0,0,0,0,0,25,25,3549,0,0,0,0,0,0,0,0,0
201710,474,40980, ,Saginaw  MI ,9,9,1406,0,0,0,0,0,0,0,0,0,9,9,1406,0,0,0,0,0,0,0,0,0
201710,476,41180, ,St. Louis  MO-IL ,463,463,132785,2,4,593,6,21,2413,22,434,36624,335,335,91811,2,4,593,5,18,2054,20,409,33709
201710,482,36260, ,Ogden-Clearfield  UT ,179,179,49903,0,0,0,4,15,1804,4,39,4281,159,159,44384,0,0,0,3,11,1166,2,29,2851
201710,482,39340, ,Provo-Orem  UT ,476,476,130091,0,0,0,1,3,447,3,15,2095,462,462,125101,0,0,0,1,3,447,3,15,2095
201710,482,41620, ,Salt Lake City  UT ,490,490,113644,3,6,1144,8,31,4757,13,403,50657,381,381,85604,1,2,519,5,20,3224,6,56,7542
201710,488,41860,C,San Francisco-Oakland-Hayward  CA ,340,340,123772,11,22,6536,10,36,9478,31,1178,168316,239,239,88862,11,22,6536,8,29,8126,18,1014,139236
201710,488,41940,C,San Jose-Sunnyvale-Santa Clara  CA ,276,276,89674,0,0,0,3,11,2503,13,992,137466,236,236,76555,0,0,0,1,4,793,11,948,130253
201710,488,42100, ,Santa Cruz-Watsonville  CA ,11,11,2535,0,0,0,0,0,0,1,5,509,0,0,0,0,0,0,0,0,0,0,0,0
201710,488,42220, ,Santa Rosa  CA ,87,87,20774,0,0,0,0,0,0,0,0,0,87,87,20774,0,0,0,0,0,0,0,0,0
201710,488,44700, ,Stockton-Lodi  CA ,185,185,48007,0,0,0,0,0,0,3,54,7226,185,185,48007,0,0,0,0,0,0,3,54,7226
201710,488,46700, ,Vallejo-Fairfield  CA ,52,52,13855,0,0,0,0,0,0,0,0,0,49,49,12951,0,0,0,0,0,0,0,0,0
201710,496,25980, ,Hinesville  GA ,34,34,7770,0,0,0,0,0,0,0,0,0,34,34,7770,0,0,0,0,0,0,0,0,0
201710,496,42340, ,Savannah  GA ,137,137,29548,2,4,416,0,0,0,0,0,0,131,131,28473,2,4,416,0,0,0,0,0,0
201710,500,14740,C,Bremerton-Silverdale  WA ,71,71,20998,0,0,0,0,0,0,0,0,0,71,71,20998,0,0,0,0,0,0,0,0,0
201710,500,34580, ,Mount Vernon-Anacortes  WA ,42,42,10486,0,0,0,0,0,0,0,0,0,28,28,8186,0,0,0,0,0,0,0,0,0
201710,500,36500, ,Olympia-Tumwater  WA ,95,95,26566,1,2,373,0,0,0,1,8,917,85,85,24577,0,0,0,0,0,0,0,0,0
201710,500,42660,C,Seattle-Tacoma-Bellevue  WA ,842,842,267252,26,52,11511,12,41,8402,35,1872,390879,718,718,219887,25,50,11207,12,41,8402,32,1773,378359
201710,512,43580, ,Sioux City  IA-NE-SD ,10,10,2761,0,0,0,0,0,0,0,0,0,1,1,200,0,0,0,0,0,0,0,0,0
201710,515,21140, ,Elkhart-Goshen  IN ,25,25,6577,1,2,130,0,0,0,0,0,0,25,25,6577,1,2,130,0,0,0,0,0,0
201710,515,35660, ,Niles-Benton Harbor  MI ,0,0,0,0,0,0,0,0,0,0,0,0,0,0,0,0,0,0,0,0,0,0,0,0
201710,515,43780, ,South Bend-Mishawaka  IN-MI ,38,38,7820,0,0,0,0,0,0,0,0,0,38,38,7820,0,0,0,0,0,0,0,0,0
201710,518,17660, ,Coeur dAlene  ID ,110,110,28822,3,6,829,0,0,0,1,5,313,85,85,23800,2,4,567,0,0,0,0,0,0
201710,518,44060, ,Spokane-Spokane Valley  WA ,177,177,44344,8,16,2546,2,6,663,5,101,10112,121,121,31148,6,12,1895,0,0,0,0,0,0
201710,520,44180, ,Springfield  MO ,40,40,10638,0,0,0,0,0,0,2,20,1070,40,40,10638,0,0,0,0,0,0,2,20,1070
201710,521,44140, ,Springfield  MA ,5,5,1750,0,0,0,0,0,0,0,0,0,4,4,1600,0,0,0,0,0,0,0,0,0
201710,522,44100, ,Springfield  IL ,8,8,2357,2,4,677,0,0,0,1,6,300,0,0,0,0,0,0,0,0,0,0,0,0
201710,524,44300, ,State College  PA ,7,7,1591,0,0,0,0,0,0,0,0,0,1,1,60,0,0,0,0,0,0,0,0,0
201710,532,45060, ,Syracuse  NY ,21,21,4752,0,0,0,0,0,0,1,25,2671,21,21,4752,0,0,0,0,0,0,0,0,0
201710,533,45220, ,Tallahassee  FL ,72,72,11619,0,0,0,0,0,0,1,49,3556,42,42,6487,0,0,0,0,0,0,0,0,0
201710,534,45780, ,Toledo  OH ,51,51,14876,0,0,0,5,20,1000,6,36,1620,50,50,14763,0,0,0,5,20,1000,6,36,1620
201710,536,46060,C,Tucson  AZ ,242,242,67631,0,0,0,0,0,0,1,5,428,91,91,25823,0,0,0,0,0,0,0,0,0
201710,538,46140,C,Tulsa  OK ,220,220,48409,1,2,221,0,0,0,1,99,9500,214,214,47386,1,2,221,0,0,0,1,99,9500
201710,540,46340, ,Tyler  TX ,31,31,11231,0,0,0,0,0,0,0,0,0,31,31,11231,0,0,0,0,0,0,0,0,0
201710,545,47260, ,Virginia Beach-Norfolk-Newport News  VA-NC ,359,359,87677,5,10,577,2,6,999,2,12,1405,330,330,83845,5,10,577,2,6,999,2,12,1405
201710,546,47300, ,Visalia-Porterville  CA ,86,86,18680,9,18,1790,0,0,0,1,8,927,86,86,18680,9,18,1790,0,0,0,1,8,927
201710,548,12580,C,Baltimore-Columbia-Towson  MD ,336,336,78834,0,0,0,0,0,0,2,27,2345,332,332,77293,0,0,0,0,0,0,1,10,950
201710,548,15680,C,California-Lexington Park  MD ,86,86,16840,0,0,0,0,0,0,0,0,0,86,86,16840,0,0,0,0,0,0,0,0,0
201710,548,16540,C,Chambersburg-Waynesboro  PA ,29,29,5857,0,0,0,0,0,0,1,5,488,24,24,5216,0,0,0,0,0,0,0,0,0
201710,548,25180, ,Hagerstown-Martinsburg  MD-WV ,98,98,20006,0,0,0,0,0,0,0,0,0,98,98,20006,0,0,0,0,0,0,0,0,0
201710,548,47900, ,Washington-Arlington-Alexandria  DC-VA-MD-WV ,1036,1036,246199,6,12,1855,0,0,0,11,2131,189562,973,973,231054,4,8,884,0,0,0,10,1990,166835
201710,548,49020, ,Winchester  VA-WV ,46,46,11417,0,0,0,0,0,0,0,0,0,46,46,11417,0,0,0,0,0,0,0,0,0
201710,554,48140, ,Wausau  WI ,19,19,4228,0,0,0,0,0,0,0,0,0,11,11,2035,0,0,0,0,0,0,0,0,0
201710,556,48620, ,Wichita  KS ,78,78,19883,11,22,1834,0,0,0,3,48,3359,3,3,688,0,0,0,0,0,0,0,0,0
201710,558,48700, ,Williamsport  PA ,0,0,0,0,0,0,0,0,0,0,0,0,0,0,0,0,0,0,0,0,0,0,0,0
201710,566,49660, ,Youngstown-Warren-Boardman  OH-PA ,16,16,3402,1,2,311,0,0,0,0,0,0,16,16,3402,1,2,311,0,0,0,0,0,0
201710,999,10180, ,Abilene  TX ,18,18,3616,0,0,0,0,0,0,0,0,0,18,18,3616,0,0,0,0,0,0,0,0,0
201710,999,10500, ,Albany  GA ,11,11,1946,0,0,0,0,0,0,1,5,504,8,8,1501,0,0,0,0,0,0,0,0,0
201710,999,10780, ,Alexandria  LA ,26,26,4478,0,0,0,0,0,0,0,0,0,26,26,4478,0,0,0,0,0,0,0,0,0
201710,999,11020, ,Altoona  PA ,0,0,0,0,0,0,0,0,0,0,0,0,0,0,0,0,0,0,0,0,0,0,0,0
201710,999,11260,C,Anchorage  AK ,84,84,25788,0,0,0,1,4,694,2,18,2846,15,15,4168,0,0,0,0,0,0,0,0,0
201710,999,11500, ,Anniston-Oxford-Jacksonville  AL ,5,5,869,0,0,0,0,0,0,0,0,0,5,5,869,0,0,0,0,0,0,0,0,0
201710,999,12260, ,Augusta-Richmond County  GA-SC ,215,215,41345,0,0,0,0,0,0,1,26,1741,68,68,15048,0,0,0,0,0,0,0,0,0
201710,999,12420, ,Austin-Round Rock  TX ,1146,1146,302602,7,14,1593,2,7,435,27,1019,51329,952,952,258843,6,12,1451,2,7,435,26,1012,50843
201710,999,12540, ,Bakersfield  CA ,157,157,39353,5,10,1183,1,3,357,0,0,0,28,28,4729,0,0,0,0,0,0,0,0,0
201710,999,12620, ,Bangor  ME ,9,9,2097,1,2,267,0,0,0,0,0,0,6,6,1329,1,2,267,0,0,0,0,0,0
201710,999,12940,C,Baton Rouge  LA ,272,272,63276,0,0,0,0,0,0,1,5,963,126,126,35340,0,0,0,0,0,0,1,5,963
201710,999,13140, ,Beaumont-Port Arthur  TX ,32,32,6897,0,0,0,0,0,0,0,0,0,22,22,4879,0,0,0,0,0,0,0,0,0
201710,999,13220,C,Beckley  WV ,8,8,1410,0,0,0,0,0,0,0,0,0,1,1,385,0,0,0,0,0,0,0,0,0
201710,999,13380, ,Bellingham  WA ,56,56,15654,0,0,0,0,0,0,2,45,3559,17,17,4062,0,0,0,0,0,0,1,40,3071
201710,999,13740, ,Billings  MT ,36,36,7432,10,20,3286,1,4,447,0,0,0,36,36,7432,10,20,3286,1,4,447,0,0,0
201710,999,13780, ,Binghamton  NY ,0,0,0,0,0,0,0,0,0,0,0,0,0,0,0,0,0,0,0,0,0,0,0,0
201710,999,13900, ,Bismarck  ND ,45,45,11763,4,8,1356,1,3,427,1,60,4420,41,41,10358,4,8,1356,1,3,427,1,60,4420
201710,999,13980, ,Blacksburg-Christiansburg-Radford  VA ,29,29,4271,0,0,0,0,0,0,0,0,0,29,29,4271,0,0,0,0,0,0,0,0,0
201710,999,15260, ,Brunswick  GA ,47,47,13957,0,0,0,0,0,0,0,0,0,0,0,0,0,0,0,0,0,0,0,0,0
201710,999,15540, ,Burlington-South Burlington  VT ,22,22,6070,3,6,1120,1,3,431,1,6,551,18,18,5140,3,6,1120,0,0,0,0,0,0
201710,999,16220, ,Casper  WY ,18,18,3649,0,0,0,0,0,0,0,0,0,12,12,2060,0,0,0,0,0,0,0,0,0
201710,999,16580, ,Champaign-Urbana  IL ,8,8,2512,0,0,0,0,0,0,0,0,0,8,8,2512,0,0,0,0,0,0,0,0,0
201710,999,16700,C,Charleston-North Charleston  SC ,433,433,124433,0,0,0,0,0,0,4,112,8236,133,133,49713,0,0,0,0,0,0,0,0,0
201710,999,16820, ,Charlottesville  VA ,54,54,16729,0,0,0,0,0,0,2,30,3538,0,0,0,0,0,0,0,0,0,0,0,0
201710,999,16940, ,Cheyenne  WY ,43,43,7339,0,0,0,0,0,0,0,0,0,43,43,7339,0,0,0,0,0,0,0,0,0
201710,999,17020, ,Chico  CA ,23,23,3989,0,0,0,0,0,0,0,0,0,23,23,3989,0,0,0,0,0,0,0,0,0
201710,999,17300,C,Clarksville  TN-KY ,153,153,22524,3,6,330,3,12,640,5,31,1548,151,151,22382,3,6,330,3,12,640,5,31,1548
201710,999,17780, ,College Station-Bryan  TX ,70,70,12899,3,6,849,0,0,0,0,0,0,70,70,12899,3,6,849,0,0,0,0,0,0
201710,999,17820,C,Colorado Springs  CO ,303,303,116496,0,0,0,0,0,0,5,284,35834,303,303,116496,0,0,0,0,0,0,5,284,35834
201710,999,18880,C,Crestview-Fort Walton Beach-Destin  FL ,169,169,61577,0,0,0,0,0,0,0,0,0,166,166,61149,0,0,0,0,0,0,0,0,0
201710,999,19060, ,Cumberland  MD-WV ,4,4,925,0,0,0,0,0,0,0,0,0,4,4,925,0,0,0,0,0,0,0,0,0
201710,999,19180, ,Danville  IL ,0,0,0,0,0,0,0,0,0,0,0,0,0,0,0,0,0,0,0,0,0,0,0,0
201710,999,19500, ,Decatur  IL ,2,2,409,0,0,0,0,0,0,0,0,0,2,2,409,0,0,0,0,0,0,0,0,0
201710,999,20220, ,Dubuque  IA ,12,12,3620,0,0,0,0,0,0,0,0,0,12,12,3620,0,0,0,0,0,0,0,0,0
201710,999,20260, ,Duluth  MN-WI ,13,13,2435,1,2,350,0,0,0,0,0,0,11,11,2047,1,2,350,0,0,0,0,0,0
201710,999,20940, ,El Centro  CA ,2,2,447,0,0,0,0,0,0,0,0,0,2,2,447,0,0,0,0,0,0,0,0,0
201710,999,21420, ,Enid  OK ,0,0,0,0,0,0,0,0,0,0,0,0,0,0,0,0,0,0,0,0,0,0,0,0
201710,999,21660, ,Eugene  OR ,55,55,13647,1,2,524,0,0,0,1,5,466,25,25,6405,1,2,524,0,0,0,0,0,0
201710,999,21780, ,Evansville  IN-KY ,47,47,11855,0,0,0,0,0,0,2,19,670,47,47,11855,0,0,0,0,0,0,2,19,670
201710,999,21820,C,Fairbanks  AK ,0,0,0,0,0,0,0,0,0,0,0,0,0,0,0,0,0,0,0,0,0,0,0,0
201710,999,22140,C,Farmington  NM ,10,10,1953,0,0,0,0,0,0,0,0,0,10,10,1953,0,0,0,0,0,0,0,0,0
201710,999,22220, ,Fayetteville-Springdale-Rogers  AR-MO ,290,290,67787,3,6,495,0,0,0,1,11,788,238,238,59161,3,6,495,0,0,0,0,0,0
201710,999,22380, ,Flagstaff  AZ ,27,27,5869,0,0,0,0,0,0,3,260,53819,13,13,2503,0,0,0,0,0,0,3,260,53819
201710,999,22500, ,Florence  SC ,29,29,4646,1,2,135,1,3,187,1,5,270,0,0,0,0,0,0,0,0,0,0,0,0
201710,999,22520, ,Florence-Muscle Shoals  AL ,18,18,1912,0,0,0,0,0,0,0,0,0,8,8,730,0,0,0,0,0,0,0,0,0
201710,999,22540, ,Fond du Lac  WI ,5,5,1140,0,0,0,0,0,0,1,5,682,2,2,490,0,0,0,0,0,0,0,0,0
201710,999,22660,C,Fort Collins  CO ,127,127,35073,1,2,496,0,0,0,2,36,3866,127,127,35073,1,2,496,0,0,0,2,36,3866
201710,999,22900, ,Fort Smith  AR-OK ,22,22,2940,8,16,2471,0,0,0,10,80,5000,12,12,1694,8,16,2471,0,0,0,10,80,5000
201710,999,23460, ,Gadsden  AL ,5,5,830,0,0,0,0,0,0,0,0,0,5,5,830,0,0,0,0,0,0,0,0,0
201710,999,24220, ,Grand Forks  ND-MN ,19,19,5164,0,0,0,0,0,0,0,0,0,19,19,5164,0,0,0,0,0,0,0,0,0
201710,999,24260, ,Grand Island  NE ,2,2,415,1,2,240,0,0,0,0,0,0,2,2,415,1,2,240,0,0,0,0,0,0
201710,999,24300,C,Grand Junction  CO ,62,62,9032,0,0,0,0,0,0,1,6,395,62,62,9032,0,0,0,0,0,0,1,6,395
201710,999,24500, ,Great Falls  MT ,19,19,4991,0,0,0,0,0,0,0,0,0,19,19,4991,0,0,0,0,0,0,0,0,0
201710,999,25060, ,Gulfport-Biloxi-Pascagoula  MS ,144,144,24706,0,0,0,0,0,0,1,5,423,80,80,15217,0,0,0,0,0,0,0,0,0
201710,999,25620, ,Hattiesburg  MS ,6,6,536,1,2,172,1,3,79,1,5,115,0,0,0,0,0,0,0,0,0,0,0,0
201710,999,25940, ,Hilton Head Island-Bluffton-Beaufort  SC ,57,57,23290,0,0,0,0,0,0,0,0,0,57,57,23290,0,0,0,0,0,0,0,0,0
201710,999,26140, ,Homosassa Springs  FL ,33,33,7075,1,2,44,0,0,0,1,11,739,0,0,0,0,0,0,0,0,0,0,0,0
201710,999,26380, ,Houma-Thibodaux  LA ,27,27,6527,0,0,0,0,0,0,0,0,0,27,27,6527,0,0,0,0,0,0,0,0,0
201710,999,27100, ,Jackson  MI ,0,0,0,0,0,0,0,0,0,0,0,0,0,0,0,0,0,0,0,0,0,0,0,0
201710,999,27340,C,Jacksonville  NC ,75,75,11312,0,0,0,0,0,0,0,0,0,75,75,11312,0,0,0,0,0,0,0,0,0
201710,999,27980,C,Kahului-Wailuku-Lahaina  HI ,40,40,10788,0,0,0,0,0,0,1,40,4094,40,40,10788,0,0,0,0,0,0,1,40,4094
201710,999,28420,C,Kennewick-Richland  WA ,146,146,41349,2,4,603,1,3,407,2,31,2841,42,42,12650,0,0,0,0,0,0,0,0,0
201710,999,28660,C,Killeen-Temple  TX ,136,136,25433,12,24,2001,0,0,0,1,14,1167,107,107,20578,11,22,1944,0,0,0,0,0,0
201710,999,29100, ,La Crosse-Onalaska  WI-MN ,22,22,6562,3,6,525,0,0,0,2,16,1090,22,22,6562,3,6,525,0,0,0,2,16,1090
201710,999,29460, ,Lakeland-Winter Haven  FL ,380,380,75115,0,0,0,0,0,0,0,0,0,379,379,75032,0,0,0,0,0,0,0,0,0
201710,999,29540, ,Lancaster  PA ,2,2,464,0,0,0,0,0,0,0,0,0,0,0,0,0,0,0,0,0,0,0,0,0
201710,999,29700, ,Laredo  TX ,87,87,17765,1,2,142,0,0,0,1,12,1204,0,0,0,0,0,0,0,0,0,0,0,0
201710,999,30020, ,Lawton  OK ,7,7,1711,0,0,0,0,0,0,0,0,0,7,7,1711,0,0,0,0,0,0,0,0,0
201710,999,30300, ,Lewiston  ID-WA ,0,0,0,0,0,0,0,0,0,0,0,0,0,0,0,0,0,0,0,0,0,0,0,0
201710,999,30860, ,Logan  UT-ID ,22,22,4282,0,0,0,0,0,0,7,196,17672,21,21,4068,0,0,0,0,0,0,7,196,17672
201710,999,31340, ,Lynchburg  VA ,9,9,2053,0,0,0,0,0,0,0,0,0,9,9,2053,0,0,0,0,0,0,0,0,0
201710,999,33540,C,Missoula  MT ,33,33,3971,1,2,123,1,3,128,1,6,240,33,33,3971,1,2,123,1,3,128,1,6,240
201710,999,33860, ,Montgomery  AL ,47,47,9246,0,0,0,0,0,0,0,0,0,47,47,9246,0,0,0,0,0,0,0,0,0
201710,999,36100, ,Ocala  FL ,173,173,27783,0,0,0,0,0,0,0,0,0,173,173,27783,0,0,0,0,0,0,0,0,0
201710,999,36980, ,Owensboro  KY ,16,16,1413,0,0,0,0,0,0,0,0,0,16,16,1413,0,0,0,0,0,0,0,0,0
201710,999,37340, ,Palm Bay-Melbourne-Titusville  FL ,168,168,56287,0,0,0,0,0,0,4,107,12882,71,71,19295,0,0,0,0,0,0,3,72,5248
201710,999,37460, ,Panama City  FL ,46,46,11963,0,0,0,0,0,0,0,0,0,0,0,0,0,0,0,0,0,0,0,0,0
201710,999,38060,C,Phoenix-Mesa-Scottsdale  AZ ,1611,1611,421209,12,24,1900,4,15,3319,38,887,98708,1591,1591,409546,12,24,1900,4,15,3319,37,882,97952
201710,999,38340, ,Pittsfield  MA ,2,2,1519,0,0,0,0,0,0,0,0,0,0,0,0,0,0,0,0,0,0,0,0,0
201710,999,38540, ,Pocatello  ID ,23,23,2924,0,0,0,0,0,0,0,0,0,23,23,2924,0,0,0,0,0,0,0,0,0
201710,999,39140, ,Prescott  AZ ,117,117,31831,4,8,1228,0,0,0,17,214,27610,85,85,21711,4,8,1228,0,0,0,17,214,27610
201710,999,40060, ,Richmond  VA ,348,348,75502,1,2,300,6,23,2663,20,100,1752,326,326,72833,1,2,300,6,23,2663,20,100,1752
201710,999,41100, ,St. George  UT ,137,137,26382,0,0,0,4,14,1314,2,64,3478,137,137,26382,0,0,0,4,14,1314,2,64,3478
201710,999,41500, ,Salinas  CA ,31,31,13443,0,0,0,0,0,0,1,6,1638,30,30,13247,0,0,0,0,0,0,1,6,1638
201710,999,41540, ,Salisbury  MD-DE ,313,313,45401,10,20,3482,3,11,1339,2,11,953,310,310,44898,10,20,3482,2,8,864,1,6,420
201710,999,41660,C,San Angelo  TX ,17,17,5508,0,0,0,0,0,0,0,0,0,17,17,5508,0,0,0,0,0,0,0,0,0
201710,999,41700,C,San Antonio-New Braunfels  TX ,563,563,130915,9,18,1526,0,0,0,9,248,32167,493,493,117544,9,18,1526,0,0,0,7,214,28539
201710,999,41740,C,San Diego-Carlsbad  CA ,305,305,94550,8,16,3373,3,10,1445,17,470,118134,293,293,92547,8,16,3373,3,10,1445,17,470,118134
201710,999,42020, ,San Luis Obispo-Paso Robles-Arroyo Grande  CA ,31,31,11751,0,0,0,0,0,0,1,15,1578,0,0,0,0,0,0,0,0,0,0,0,0
201710,999,42200, ,Santa Maria-Santa Barbara  CA ,9,9,5675,0,0,0,0,0,0,0,0,0,9,9,5675,0,0,0,0,0,0,0,0,0
201710,999,42540, ,Scranton--Wilkes-Barre--Hazleton  PA ,4,4,816,0,0,0,0,0,0,0,0,0,1,1,78,0,0,0,0,0,0,0,0,0
201710,999,43100, ,Sheboygan  WI ,1,1,254,0,0,0,0,0,0,0,0,0,0,0,0,0,0,0,0,0,0,0,0,0
201710,999,43340, ,Shreveport-Bossier City  LA ,87,87,22067,0,0,0,0,0,0,0,0,0,57,57,16072,0,0,0,0,0,0,0,0,0
201710,999,43420, ,Sierra Vista-Douglas  AZ ,23,23,4481,0,0,0,0,0,0,0,0,0,22,22,4400,0,0,0,0,0,0,0,0,0
201710,999,43620, ,Sioux Falls  SD ,153,153,29079,0,0,0,0,0,0,8,192,18072,153,153,29079,0,0,0,0,0,0,8,192,18072
201710,999,44940,C,Sumter  SC ,22,22,3217,0,0,0,0,0,0,1,5,533,0,0,0,0,0,0,0,0,0,0,0,0
201710,999,45300,C,Tampa-St. Petersburg-Clearwater  FL ,994,994,287177,0,0,0,0,0,0,17,979,83088,987,987,285211,0,0,0,0,0,0,15,934,77757
201710,999,45460, ,Terre Haute  IN ,2,2,267,1,2,173,0,0,0,1,31,1956,0,0,0,0,0,0,0,0,0,0,0,0
201710,999,45500, ,Texarkana  TX-AR ,4,4,552,0,0,0,0,0,0,0,0,0,1,1,105,0,0,0,0,0,0,0,0,0
201710,999,45820, ,Topeka  KS ,21,21,4645,0,0,0,0,0,0,0,0,0,21,21,4645,0,0,0,0,0,0,0,0,0
201710,999,46220, ,Tuscaloosa  AL ,35,35,9420,0,0,0,1,4,574,4,80,7889,7,7,1680,0,0,0,0,0,0,0,0,0
201710,999,46520,C,Urban Honolulu  HI ,104,104,36407,0,0,0,0,0,0,14,124,21164,104,104,36407,0,0,0,0,0,0,14,124,21164
201710,999,46540, ,Utica-Rome  NY ,0,0,0,0,0,0,0,0,0,0,0,0,0,0,0,0,0,0,0,0,0,0,0,0
201710,999,46660, ,Valdosta  GA ,84,84,15813,0,0,0,0,0,0,0,0,0,44,44,9106,0,0,0,0,0,0,0,0,0
201710,999,47380, ,Waco  TX ,37,37,7080,2,4,343,1,3,375,4,92,8437,0,0,0,0,0,0,0,0,0,0,0,0
201710,999,47460, ,Walla Walla  WA ,10,10,2502,0,0,0,0,0,0,0,0,0,1,1,516,0,0,0,0,0,0,0,0,0
201710,999,47940, ,Waterloo-Cedar Falls  IA ,14,14,3294,0,0,0,0,0,0,0,0,0,14,14,3294,0,0,0,0,0,0,0,0,0
201710,999,48060, ,Watertown-Fort Drum  NY ,10,10,1133,0,0,0,0,0,0,0,0,0,1,1,150,0,0,0,0,0,0,0,0,0
201710,999,48300, ,Wenatchee  WA ,39,39,9281,2,4,542,0,0,0,0,0,0,39,39,9281,2,4,542,0,0,0,0,0,0
201710,999,48540, ,Wheeling  WV-OH ,0,0,0,0,0,0,0,0,0,0,0,0,0,0,0,0,0,0,0,0,0,0,0,0
201710,999,48660, ,Wichita Falls  TX ,0,0,0,0,0,0,0,0,0,0,0,0,0,0,0,0,0,0,0,0,0,0,0,0
201710,999,48900, ,Wilmington  NC ,129,129,46842,0,0,0,0,0,0,13,320,42054,128,128,46520,0,0,0,0,0,0,13,320,42054
201710,999,49420, ,Yakima  WA ,27,27,7251,0,0,0,0,0,0,0,0,0,10,10,2194,0,0,0,0,0,0,0,0,0
201710,999,49740, ,Yuma  AZ ,109,109,18170,0,0,0,0,0,0,0,0,0,109,109,18170,0,0,0,0,0,0,0,0,0
