Survey,CSA,CBSA,MONCOV,CBSA,,1-unit,,,2-units,,,3-4 units,,,5+ units,,,1-unit rep,,,2-units rep,,,3-4 units rep,,,5+ units rep
Date,Code,Code,,Name,Bldgs,Units,Value,Bldgs,Units,Value,Bldgs,Units,Value,Bldgs,Units,Value,Bldgs,Units,Value,Bldgs,Units,Value,      Bldgs,Units,Value,Bldgs,Units,Value
 
201711,104,10580,C,Albany-Schenectady-Troy  NY ,103,103,27645,3,6,790,4,15,1718,6,47,5425,61,61,17012,3,6,790,3,12,1450,0,0,0
201711,104,24020, ,Glens Falls  NY ,25,25,6565,1,2,250,0,0,0,0,0,0,19,19,6090,1,2,250,0,0,0,0,0,0
201711,106,10740,C,Albuquerque  NM ,147,147,29427,0,0,0,0,0,0,1,8,333,129,129,26244,0,0,0,0,0,0,0,0,0
201711,106,42140,C,Santa Fe  NM ,10,10,2496,0,0,0,0,0,0,0,0,0,0,0,0,0,0,0,0,0,0,0,0,0
201711,108,11100, ,Amarillo  TX ,38,38,9722,1,2,326,0,0,0,0,0,0,38,38,9722,1,2,326,0,0,0,0,0,0
201711,118,11540, ,Appleton  WI ,25,25,6363,3,6,1138,0,0,0,0,0,0,20,20,5220,2,4,950,0,0,0,0,0,0
201711,118,36780, ,Oshkosh-Neenah  WI ,13,13,3938,1,2,335,0,0,0,0,0,0,10,10,3251,1,2,335,0,0,0,0,0,0
201711,120,11700, ,Asheville  NC ,144,144,40853,2,4,250,0,0,0,5,84,5375,50,50,15130,1,2,113,0,0,0,0,0,0
201711,122,12020, ,Athens-Clarke County  GA ,19,19,6031,0,0,0,0,0,0,0,0,0,19,19,6031,0,0,0,0,0,0,0,0,0
201711,122,12060, ,Atlanta-Sandy Springs-Roswell  GA ,1785,1785,391901,0,0,0,1,3,579,14,196,26639,1633,1633,353691,0,0,0,1,3,579,12,158,22660
201711,122,23580, ,Gainesville  GA ,48,48,10651,0,0,0,0,0,0,0,0,0,48,48,10651,0,0,0,0,0,0,0,0,0
201711,140,13460, ,Bend-Redmond  OR ,151,151,37226,3,6,1065,3,10,736,1,31,3433,39,39,11832,0,0,0,0,0,0,0,0,0
201711,142,13820,C,Birmingham-Hoover  AL ,204,204,48850,0,0,0,0,0,0,3,43,5871,114,114,28621,0,0,0,0,0,0,0,0,0
201711,144,14020,C,Bloomington  IN ,22,22,5691,1,2,242,0,0,0,0,0,0,22,22,5691,1,2,242,0,0,0,0,0,0
201711,145,14010, ,Bloomington  IL ,9,9,1338,0,0,0,0,0,0,0,0,0,9,9,1338,0,0,0,0,0,0,0,0,0
201711,146,14100,C,Bloomsburg-Berwick  PA ,9,9,1832,0,0,0,0,0,0,1,5,675,3,3,345,0,0,0,0,0,0,0,0,0
201711,147,14260,C,Boise City  ID ,568,568,139475,4,8,657,0,0,0,7,109,10517,558,558,137723,4,8,657,0,0,0,7,109,10517
201711,148,12700, ,Barnstable Town  MA ,7,7,2791,0,0,0,0,0,0,0,0,0,3,3,1254,0,0,0,0,0,0,0,0,0
201711,148,14460,C,Boston-Cambridge-Newton  MA-NH ,489,489,155219,19,38,6233,10,35,5437,28,427,74234,349,349,114857,4,8,1247,7,25,4036,12,305,56385
201711,148,31700, ,Manchester-Nashua  NH ,35,35,7265,2,4,556,0,0,0,1,9,1155,24,24,5558,0,0,0,0,0,0,0,0,0
201711,148,39300,C,Providence-Warwick  RI-MA ,127,127,27249,4,8,1048,0,0,0,1,7,458,90,90,18512,4,8,1048,0,0,0,0,0,0
201711,148,49340, ,Worcester  MA-CT ,11,11,2148,0,0,0,0,0,0,0,0,0,8,8,1626,0,0,0,0,0,0,0,0,0
201711,150,14540, ,Bowling Green  KY ,53,53,12256,6,12,1170,0,0,0,2,32,2513,53,53,12256,6,12,1170,0,0,0,2,32,2513
201711,154,15180, ,Brownsville-Harlingen  TX ,64,64,9269,0,0,0,0,0,0,0,0,0,18,18,2458,0,0,0,0,0,0,0,0,0
201711,160,15380,C,Buffalo-Cheektowaga-Niagara Falls  NY ,68,68,18872,1,2,275,0,0,0,1,22,4961,63,63,18016,1,2,275,0,0,0,0,0,0
201711,162,15980,C,Cape Coral-Fort Myers  FL ,407,407,76955,7,14,2016,1,4,995,2,34,4196,407,407,76955,7,14,2016,1,4,995,2,34,4196
201711,162,34940, ,Naples-Immokalee-Marco Island  FL ,163,163,45742,0,0,0,4,14,2642,9,280,25315,163,163,45742,0,0,0,4,14,2642,9,280,25315
201711,164,16020, ,Cape Girardeau  MO-IL ,0,0,0,0,0,0,0,0,0,0,0,0,0,0,0,0,0,0,0,0,0,0,0,0
201711,168,16300, ,Cedar Rapids  IA ,27,27,3363,7,14,1110,2,6,638,0,0,0,27,27,3363,7,14,1110,2,6,638,0,0,0
201711,168,26980, ,Iowa City  IA ,22,22,5645,0,0,0,0,0,0,0,0,0,12,12,3668,0,0,0,0,0,0,0,0,0
201711,170,16620, ,Charleston  WV ,5,5,936,1,2,216,1,4,268,1,6,382,3,3,526,0,0,0,0,0,0,0,0,0
201711,170,26580, ,Huntington-Ashland  WV-KY-OH ,9,9,1460,1,2,400,0,0,0,0,0,0,7,7,1301,1,2,400,0,0,0,0,0,0
201711,172,16740, ,Charlotte-Concord-Gastonia  NC-SC ,1052,1052,263200,9,18,4765,0,0,0,29,912,47669,918,918,219507,9,18,4765,0,0,0,27,878,44093
201711,174,16860, ,Chattanooga  TN-GA ,123,123,21883,1,2,220,0,0,0,0,0,0,123,123,21883,1,2,220,0,0,0,0,0,0
201711,174,17420, ,Cleveland  TN ,23,23,3901,0,0,0,1,4,432,0,0,0,9,9,1379,0,0,0,1,4,432,0,0,0
201711,176,16980, ,Chicago-Naperville-Elgin  IL-IN-WI ,722,722,198808,11,22,7155,14,45,10186,22,710,143080,605,605,166530,11,22,7155,14,45,10186,17,669,138142
201711,176,28100, ,Kankakee  IL ,3,3,776,0,0,0,0,0,0,0,0,0,3,3,776,0,0,0,0,0,0,0,0,0
201711,176,33140, ,Michigan City-La Porte  IN ,19,19,3693,0,0,0,0,0,0,0,0,0,19,19,3693,0,0,0,0,0,0,0,0,0
201711,178,17140, ,Cincinnati  OH-KY-IN ,283,283,71390,1,2,130,1,4,432,13,220,22994,216,216,54743,1,2,130,1,4,432,13,220,22994
201711,184,10420, ,Akron  OH ,50,50,14623,0,0,0,0,0,0,0,0,0,50,50,14623,0,0,0,0,0,0,0,0,0
201711,184,15940, ,Canton-Massillon  OH ,23,23,5691,0,0,0,0,0,0,1,5,384,19,19,5224,0,0,0,0,0,0,0,0,0
201711,184,17460, ,Cleveland-Elyria  OH ,194,194,50414,2,4,259,6,23,2223,1,8,437,149,149,40913,1,2,248,6,23,2223,0,0,0
201711,190,17860,C,Columbia  MO ,51,51,11417,0,0,0,0,0,0,3,144,15144,51,51,11417,0,0,0,0,0,0,3,144,15144
201711,192,17900,C,Columbia  SC ,306,306,59558,0,0,0,0,0,0,3,43,3173,60,60,12095,0,0,0,0,0,0,0,0,0
201711,194,12220,C,Auburn-Opelika  AL ,76,76,21437,1,2,144,0,0,0,0,0,0,35,35,9582,0,0,0,0,0,0,0,0,0
201711,194,17980, ,Columbus  GA-AL ,56,56,10909,0,0,0,1,3,185,2,10,2489,34,34,6688,0,0,0,0,0,0,0,0,0
201711,198,18140, ,Columbus  OH ,259,259,73075,1,2,300,0,0,0,22,263,18041,193,193,58196,1,2,300,0,0,0,19,240,16775
201711,204,18580, ,Corpus Christi  TX ,99,99,19055,0,0,0,0,0,0,0,0,0,6,6,1803,0,0,0,0,0,0,0,0,0
201711,206,19100, ,Dallas-Fort Worth-Arlington  TX ,2717,2717,708954,8,16,2089,5,18,3826,41,1003,107961,2394,2394,600051,8,16,2089,4,15,2010,38,920,99497
201711,209,19340, ,Davenport-Moline-Rock Island  IA-IL ,20,20,4308,0,0,0,0,0,0,0,0,0,20,20,4308,0,0,0,0,0,0,0,0,0
201711,212,19380, ,Dayton  OH ,79,79,22810,0,0,0,0,0,0,0,0,0,43,43,15502,0,0,0,0,0,0,0,0,0
201711,212,44220, ,Springfield  OH ,5,5,1437,0,0,0,0,0,0,0,0,0,5,5,1437,0,0,0,0,0,0,0,0,0
201711,216,14500, ,Boulder  CO ,63,63,20570,0,0,0,1,3,600,3,68,6531,63,63,20570,0,0,0,1,3,600,3,68,6531
201711,216,19740, ,Denver-Aurora-Lakewood  CO ,821,821,230875,1,2,402,3,12,1823,21,1058,155495,796,796,222665,1,2,402,3,12,1823,20,1032,152681
201711,216,24540, ,Greeley  CO ,141,141,31780,0,0,0,0,0,0,1,6,1017,98,98,18820,0,0,0,0,0,0,0,0,0
201711,218,11180, ,Ames  IA ,11,11,4125,0,0,0,0,0,0,1,8,872,11,11,4125,0,0,0,0,0,0,1,8,872
201711,218,19780, ,Des Moines-West Des Moines  IA ,309,309,84139,3,6,929,0,0,0,3,234,33449,307,307,83661,3,6,929,0,0,0,2,229,32989
201711,220,11460, ,Ann Arbor  MI ,18,18,5340,0,0,0,0,0,0,0,0,0,4,4,1932,0,0,0,0,0,0,0,0,0
201711,220,19820, ,Detroit-Warren-Dearborn  MI ,506,506,146798,2,4,436,0,0,0,20,196,21764,430,430,124829,0,0,0,0,0,0,17,167,18535
201711,220,22420, ,Flint  MI ,8,8,1371,0,0,0,0,0,0,0,0,0,8,8,1371,0,0,0,0,0,0,0,0,0
201711,220,33780, ,Monroe  MI ,0,0,0,0,0,0,0,0,0,0,0,0,0,0,0,0,0,0,0,0,0,0,0,0
201711,222,20020, ,Dothan  AL ,14,14,3786,0,0,0,0,0,0,0,0,0,13,13,3654,0,0,0,0,0,0,0,0,0
201711,232,20740, ,Eau Claire  WI ,31,31,9671,0,0,0,0,0,0,0,0,0,31,31,9671,0,0,0,0,0,0,0,0,0
201711,236,21300, ,Elmira  NY ,0,0,0,0,0,0,0,0,0,0,0,0,0,0,0,0,0,0,0,0,0,0,0,0
201711,238,21340,C,El Paso  TX ,201,201,46358,3,6,588,1,4,362,7,50,7109,26,26,2370,0,0,0,0,0,0,0,0,0
201711,238,29740,C,Las Cruces  NM ,64,64,12983,0,0,0,0,0,0,0,0,0,49,49,10246,0,0,0,0,0,0,0,0,0
201711,240,21500, ,Erie  PA ,4,4,1330,0,0,0,0,0,0,0,0,0,4,4,1330,0,0,0,0,0,0,0,0,0
201711,244,22020, ,Fargo  ND-MN ,101,101,21826,0,0,0,0,0,0,1,5,658,100,100,21535,0,0,0,0,0,0,1,5,658
201711,246,22180,C,Fayetteville  NC ,88,88,15878,0,0,0,0,0,0,0,0,0,88,88,15878,0,0,0,0,0,0,0,0,0
201711,258,23060, ,Fort Wayne  IN ,83,83,3849,0,0,0,0,0,0,0,0,0,83,83,3849,0,0,0,0,0,0,0,0,0
201711,260,23420,C,Fresno  CA ,151,151,41865,0,0,0,0,0,0,32,282,32669,137,137,39382,0,0,0,0,0,0,32,282,32669
201711,260,31460, ,Madera  CA ,34,34,7563,0,0,0,0,0,0,0,0,0,34,34,7563,0,0,0,0,0,0,0,0,0
201711,264,23540, ,Gainesville  FL ,23,23,5717,0,0,0,0,0,0,1,18,1103,16,16,4926,0,0,0,0,0,0,0,0,0
201711,266,24340, ,Grand Rapids-Wyoming  MI ,148,148,39539,1,2,750,1,3,360,6,88,10121,123,123,34584,1,2,750,1,3,360,4,75,8739
201711,266,34740, ,Muskegon  MI ,2,2,348,0,0,0,0,0,0,0,0,0,0,0,0,0,0,0,0,0,0,0,0,0
201711,267,24580, ,Green Bay  WI ,49,49,11912,2,4,623,0,0,0,1,5,389,34,34,7967,1,2,325,0,0,0,0,0,0
201711,268,15500, ,Burlington  NC ,55,55,9057,0,0,0,0,0,0,0,0,0,19,19,2860,0,0,0,0,0,0,0,0,0
201711,268,24660,C,Greensboro-High Point  NC ,152,152,35151,0,0,0,0,0,0,1,5,282,119,119,28874,0,0,0,0,0,0,0,0,0
201711,268,49180, ,Winston-Salem  NC ,194,194,34136,0,0,0,0,0,0,0,0,0,184,184,32118,0,0,0,0,0,0,0,0,0
201711,273,24860, ,Greenville-Anderson-Mauldin  SC ,295,295,127195,1,2,500,0,0,0,1,31,4079,284,284,125451,1,2,500,0,0,0,0,0,0
201711,273,43900, ,Spartanburg  SC ,147,147,24610,0,0,0,0,0,0,0,0,0,147,147,24610,0,0,0,0,0,0,0,0,0
201711,274,24780, ,Greenville  NC ,31,31,5347,3,6,702,0,0,0,0,0,0,31,31,5347,3,6,702,0,0,0,0,0,0
201711,276,23900,C,Gettysburg  PA ,11,11,2746,0,0,0,0,0,0,0,0,0,11,11,2746,0,0,0,0,0,0,0,0,0
201711,276,25420,C,Harrisburg-Carlisle  PA ,78,78,16690,0,0,0,0,0,0,3,40,3421,48,48,9587,0,0,0,0,0,0,2,34,2474
201711,276,30140, ,Lebanon  PA ,13,13,2306,0,0,0,0,0,0,0,0,0,13,13,2306,0,0,0,0,0,0,0,0,0
201711,276,49620, ,York-Hanover  PA ,13,13,3182,0,0,0,0,0,0,0,0,0,10,10,2540,0,0,0,0,0,0,0,0,0
201711,277,25500,C,Harrisonburg  VA ,27,27,5558,0,0,0,0,0,0,0,0,0,17,17,3775,0,0,0,0,0,0,0,0,0
201711,277,44420, ,Staunton-Waynesboro  VA ,15,15,3083,0,0,0,0,0,0,0,0,0,15,15,3083,0,0,0,0,0,0,0,0,0
201711,278,25540,C,Hartford-West Hartford-East Hartford  CT ,63,63,18244,3,6,1296,0,0,0,5,65,5309,49,49,15006,3,6,1296,0,0,0,2,48,3900
201711,278,35980, ,Norwich-New London  CT ,7,7,1419,2,4,584,0,0,0,0,0,0,2,2,533,0,0,0,0,0,0,0,0,0
201711,280,25860, ,Hickory-Lenoir-Morganton  NC ,0,0,0,0,0,0,0,0,0,0,0,0,0,0,0,0,0,0,0,0,0,0,0,0
201711,284,26300, ,Hot Springs  AR ,4,4,201,0,0,0,0,0,0,0,0,0,4,4,201,0,0,0,0,0,0,0,0,0
201711,288,26420, ,Houston-The Woodlands-Sugar Land  TX ,2971,2971,548132,5,10,790,0,0,0,25,1112,261150,2039,2039,426019,5,10,790,0,0,0,21,1089,260027
201711,290,19460, ,Decatur  AL ,14,14,2794,0,0,0,0,0,0,0,0,0,14,14,2794,0,0,0,0,0,0,0,0,0
201711,290,26620,C,Huntsville  AL ,208,208,33708,1,2,217,0,0,0,0,0,0,208,208,33708,1,2,217,0,0,0,0,0,0
201711,292,26820, ,Idaho Falls  ID ,57,57,9998,0,0,0,0,0,0,0,0,0,57,57,9998,0,0,0,0,0,0,0,0,0
201711,294,18020, ,Columbus  IN ,16,16,3516,0,0,0,0,0,0,0,0,0,16,16,3516,0,0,0,0,0,0,0,0,0
201711,294,26900, ,Indianapolis-Carmel-Anderson  IN ,464,464,139377,3,6,723,0,0,0,1,209,16000,455,455,137533,2,4,586,0,0,0,1,209,16000
201711,294,34620, ,Muncie  IN ,1,1,99,0,0,0,0,0,0,0,0,0,0,0,0,0,0,0,0,0,0,0,0,0
201711,296,27060, ,Ithaca  NY ,2,2,461,0,0,0,0,0,0,1,5,600,0,0,0,0,0,0,0,0,0,0,0,0
201711,297,27180, ,Jackson  TN ,18,18,4121,0,0,0,0,0,0,0,0,0,18,18,4121,0,0,0,0,0,0,0,0,0
201711,298,27140, ,Jackson  MS ,123,123,30410,0,0,0,0,0,0,0,0,0,98,98,24803,0,0,0,0,0,0,0,0,0
201711,300,27260,C,Jacksonville  FL ,751,751,181086,2,4,434,0,0,0,1,6,1636,719,719,172276,2,4,434,0,0,0,1,6,1636
201711,304,27740, ,Johnson City  TN ,11,11,2291,0,0,0,0,0,0,0,0,0,11,11,2291,0,0,0,0,0,0,0,0,0
201711,304,28700, ,Kingsport-Bristol-Bristol  TN-VA ,1,1,237,0,0,0,0,0,0,0,0,0,0,0,0,0,0,0,0,0,0,0,0,0
201711,306,27780, ,Johnstown  PA ,0,0,0,0,0,0,0,0,0,0,0,0,0,0,0,0,0,0,0,0,0,0,0,0
201711,308,27860, ,Jonesboro  AR ,42,42,5719,2,4,284,2,8,425,1,17,1190,0,0,0,0,0,0,0,0,0,0,0,0
201711,309,27900, ,Joplin  MO ,9,9,1267,0,0,0,0,0,0,0,0,0,9,9,1267,0,0,0,0,0,0,0,0,0
201711,310,12980, ,Battle Creek  MI ,0,0,0,0,0,0,0,0,0,0,0,0,0,0,0,0,0,0,0,0,0,0,0,0
201711,310,28020, ,Kalamazoo-Portage  MI ,7,7,2447,0,0,0,0,0,0,0,0,0,4,4,1251,0,0,0,0,0,0,0,0,0
201711,312,28140, ,Kansas City  MO-KS ,498,498,133030,10,20,2707,9,35,5550,9,212,25961,416,416,107575,10,20,2707,8,32,5103,7,186,22528
201711,312,29940, ,Lawrence  KS ,15,15,5039,0,0,0,0,0,0,1,8,1100,15,15,5039,0,0,0,0,0,0,1,8,1100
201711,312,41140, ,St. Joseph  MO-KS ,1,1,150,0,0,0,0,0,0,0,0,0,1,1,150,0,0,0,0,0,0,0,0,0
201711,314,28940, ,Knoxville  TN ,207,207,44122,2,4,500,0,0,0,1,14,921,108,108,24384,2,4,500,0,0,0,0,0,0
201711,316,29020, ,Kokomo  IN ,10,10,1829,0,0,0,0,0,0,0,0,0,10,10,1829,0,0,0,0,0,0,0,0,0
201711,318,29180, ,Lafayette  LA ,112,112,22811,0,0,0,0,0,0,0,0,0,80,80,17983,0,0,0,0,0,0,0,0,0
201711,320,29200, ,Lafayette-West Lafayette  IN ,58,58,13767,0,0,0,0,0,0,0,0,0,52,52,13022,0,0,0,0,0,0,0,0,0
201711,324,29340, ,Lake Charles  LA ,58,58,14680,5,10,1209,0,0,0,27,742,85647,22,22,7322,5,10,1209,0,0,0,27,742,85647
201711,330,29620, ,Lansing-East Lansing  MI ,12,12,3125,0,0,0,0,0,0,0,0,0,10,10,2827,0,0,0,0,0,0,0,0,0
201711,332,29420, ,Lake Havasu City-Kingman  AZ ,78,78,16190,0,0,0,0,0,0,0,0,0,78,78,16190,0,0,0,0,0,0,0,0,0
201711,332,29820,C,Las Vegas-Henderson-Paradise  NV ,764,764,133617,11,22,3817,0,0,0,31,874,65661,764,764,133617,11,22,3817,0,0,0,31,874,65661
201711,336,30460,C,Lexington-Fayette  KY ,103,103,24009,4,8,1915,0,0,0,3,54,4181,36,36,12362,3,6,1710,0,0,0,0,0,0
201711,338,30620, ,Lima  OH ,0,0,0,0,0,0,0,0,0,0,0,0,0,0,0,0,0,0,0,0,0,0,0,0
201711,339,30700, ,Lincoln  NE ,86,86,18368,1,2,356,0,0,0,2,76,7969,4,4,871,0,0,0,0,0,0,0,0,0
201711,340,30780, ,Little Rock-North Little Rock-Conway  AR ,134,134,24726,1,2,153,0,0,0,3,75,4154,92,92,18260,0,0,0,0,0,0,2,70,3967
201711,340,38220, ,Pine Bluff  AR ,2,2,228,0,0,0,0,0,0,0,0,0,0,0,0,0,0,0,0,0,0,0,0,0
201711,346,30980, ,Longview  TX ,11,11,1688,0,0,0,0,0,0,0,0,0,11,11,1688,0,0,0,0,0,0,0,0,0
201711,348,31080,C,Los Angeles-Long Beach-Anaheim  CA ,804,804,267871,58,116,24101,18,64,12098,55,1177,173624,651,651,208745,55,110,21968,17,60,11605,44,953,146146
201711,348,37100, ,Oxnard-Thousand Oaks-Ventura  CA ,31,31,6823,0,0,0,6,22,2745,2,46,5337,22,22,4575,0,0,0,4,16,1799,1,6,598
201711,348,40140, ,Riverside-San Bernardino-Ontario  CA ,704,704,176196,3,6,1051,2,7,802,9,338,33368,618,618,151610,2,4,719,1,3,386,3,279,26152
201711,350,21060, ,Elizabethtown-Fort Knox  KY ,41,41,8899,0,0,0,0,0,0,0,0,0,35,35,8027,0,0,0,0,0,0,0,0,0
201711,350,31140, ,Louisville-Jefferson County  KY-IN ,237,237,65072,1,2,149,0,0,0,11,238,13344,199,199,54797,1,2,149,0,0,0,11,238,13344
201711,352,31180, ,Lubbock  TX ,103,103,23551,5,10,1232,1,3,402,7,87,9934,0,0,0,0,0,0,0,0,0,0,0,0
201711,356,31420, ,Macon-Bibb County  GA ,16,16,3172,0,0,0,0,0,0,0,0,0,0,0,0,0,0,0,0,0,0,0,0,0
201711,356,47580, ,Warner Robins  GA ,49,49,9491,0,0,0,0,0,0,0,0,0,49,49,9491,0,0,0,0,0,0,0,0,0
201711,357,27500, ,Janesville-Beloit  WI ,7,7,1814,0,0,0,0,0,0,0,0,0,7,7,1814,0,0,0,0,0,0,0,0,0
201711,357,31540, ,Madison  WI ,135,135,42834,6,12,2038,2,7,1108,4,156,20652,98,98,32756,4,8,1359,1,4,661,1,9,880
201711,358,31740, ,Manhattan  KS ,18,18,4988,0,0,0,0,0,0,0,0,0,18,18,4988,0,0,0,0,0,0,0,0,0
201711,359,31860, ,Mankato-North Mankato  MN ,18,18,2752,0,0,0,0,0,0,0,0,0,18,18,2752,0,0,0,0,0,0,0,0,0
201711,365,32580,C,McAllen-Edinburg-Mission  TX ,226,226,41680,2,4,229,9,36,2002,1,36,2817,90,90,15000,0,0,0,4,16,800,0,0,0
201711,366,32780, ,Medford  OR ,40,40,11653,0,0,0,0,0,0,0,0,0,40,40,11653,0,0,0,0,0,0,0,0,0
201711,368,32820, ,Memphis  TN-MS-AR ,222,222,47786,0,0,0,0,0,0,1,74,6509,210,210,46352,0,0,0,0,0,0,1,74,6509
201711,370,33100, ,Miami-Fort Lauderdale-West Palm Beach  FL ,402,402,165924,3,6,1594,1,3,514,22,296,37229,302,302,135927,3,6,1594,0,0,0,7,163,18331
201711,370,38940, ,Port St. Lucie  FL ,150,150,35257,0,0,0,2,7,1876,1,6,417,150,150,35257,0,0,0,2,7,1876,1,6,417
201711,370,42680, ,Sebastian-Vero Beach  FL ,90,90,39851,0,0,0,0,0,0,0,0,0,90,90,39851,0,0,0,0,0,0,0,0,0
201711,372,33260, ,Midland  TX ,62,62,12274,0,0,0,0,0,0,0,0,0,62,62,12274,0,0,0,0,0,0,0,0,0
201711,372,36220,C,Odessa  TX ,37,37,7075,0,0,0,0,0,0,0,0,0,0,0,0,0,0,0,0,0,0,0,0,0
201711,376,33340,C,Milwaukee-Waukesha-West Allis  WI ,92,92,35728,2,4,480,0,0,0,2,104,15378,61,61,23256,2,4,480,0,0,0,1,99,15000
201711,376,39540, ,Racine  WI ,15,15,4023,0,0,0,0,0,0,0,0,0,8,8,2089,0,0,0,0,0,0,0,0,0
201711,378,33460, ,Minneapolis-St. Paul-Bloomington  MN-WI ,686,686,207919,8,16,2582,2,7,1788,10,737,111887,611,611,183208,8,16,2582,2,7,1788,8,679,106150
201711,378,41060, ,St. Cloud  MN ,0,0,0,0,0,0,0,0,0,0,0,0,0,0,0,0,0,0,0,0,0,0,0,0
201711,380,19300, ,Daphne-Fairhope-Foley  AL ,142,142,26852,0,0,0,2,6,677,0,0,0,50,50,9877,0,0,0,0,0,0,0,0,0
201711,380,33660, ,Mobile  AL ,58,58,12398,0,0,0,0,0,0,0,0,0,57,57,12324,0,0,0,0,0,0,0,0,0
201711,382,32900, ,Merced  CA ,20,20,4485,0,0,0,0,0,0,0,0,0,20,20,4485,0,0,0,0,0,0,0,0,0
201711,382,33700, ,Modesto  CA ,0,0,0,0,0,0,0,0,0,0,0,0,0,0,0,0,0,0,0,0,0,0,0,0
201711,384,33740, ,Monroe  LA ,26,26,5666,0,0,0,1,3,472,1,5,579,17,17,3931,0,0,0,0,0,0,0,0,0
201711,390,34060, ,Morgantown  WV ,1,1,45,0,0,0,0,0,0,0,0,0,1,1,45,0,0,0,0,0,0,0,0,0
201711,396,34820, ,Myrtle Beach-Conway-North Myrtle Beach  SC-NC ,462,462,83181,0,0,0,0,0,0,16,538,42389,358,358,59765,0,0,0,0,0,0,15,533,41793
201711,400,34980, ,Nashville-Davidson--Murfreesboro--Franklin  TN ,906,906,237451,2,4,660,2,6,634,2,147,20604,825,825,212202,2,4,660,2,6,634,1,142,20139
201711,406,25220, ,Hammond  LA ,54,54,8646,1,2,160,0,0,0,0,0,0,50,50,8027,0,0,0,0,0,0,0,0,0
201711,406,35380, ,New Orleans-Metairie  LA ,186,186,44420,3,6,680,1,3,141,2,26,4944,117,117,28096,0,0,0,0,0,0,0,0,0
201711,408,10900, ,Allentown-Bethlehem-Easton  PA-NJ ,23,23,4786,0,0,0,0,0,0,1,9,394,8,8,1095,0,0,0,0,0,0,0,0,0
201711,408,14860,C,Bridgeport-Stamford-Norwalk  CT ,74,74,37975,2,4,379,4,13,2204,4,56,5208,55,55,24283,1,2,80,3,10,1974,3,43,3084
201711,408,20700, ,East Stroudsburg  PA ,12,12,3098,0,0,0,0,0,0,0,0,0,5,5,1830,0,0,0,0,0,0,0,0,0
201711,408,28740, ,Kingston  NY ,5,5,1074,0,0,0,0,0,0,1,5,1220,3,3,676,0,0,0,0,0,0,0,0,0
201711,408,35300, ,New Haven-Milford  CT ,18,18,3125,0,0,0,0,0,0,1,10,615,12,12,2109,0,0,0,0,0,0,0,0,0
201711,408,35620, ,New York-Newark-Jersey City  NY-NJ-PA ,847,847,304906,87,174,22362,33,106,18616,98,2466,318442,594,594,241600,64,128,16845,27,87,16067,60,2075,286085
201711,408,45940,C,Trenton  NJ ,15,15,3665,0,0,0,45,158,4758,1,13,630,15,15,3665,0,0,0,45,158,4758,0,0,0
201711,412,35840,C,North Port-Sarasota-Bradenton  FL ,429,429,107330,0,0,0,1,4,479,16,509,102314,394,394,95740,0,0,0,1,4,479,16,509,102314
201711,412,39460, ,Punta Gorda  FL ,44,44,847,1,2,158,0,0,0,0,0,0,0,0,0,0,0,0,0,0,0,0,0,0
201711,416,36420,C,Oklahoma City  OK ,385,385,85521,12,24,3340,0,0,0,2,10,2000,334,334,75510,12,24,3340,0,0,0,2,10,2000
201711,420,36540, ,Omaha-Council Bluffs  NE-IA ,270,270,60420,3,6,484,0,0,0,2,137,8587,235,235,52076,3,6,484,0,0,0,2,137,8587
201711,422,19660, ,Deltona-Daytona Beach-Ormond Beach  FL ,157,157,47443,6,12,1986,0,0,0,0,0,0,116,116,34762,6,12,1986,0,0,0,0,0,0
201711,422,36740, ,Orlando-Kissimmee-Sanford  FL ,1051,1051,284031,3,6,809,2,6,1103,7,117,9257,805,805,213932,2,4,608,2,6,1103,2,12,642
201711,422,45540,C,The Villages  FL ,226,226,61307,0,0,0,0,0,0,0,0,0,226,226,61307,0,0,0,0,0,0,0,0,0
201711,425,37620, ,Parkersburg-Vienna  WV ,5,5,1129,0,0,0,0,0,0,0,0,0,5,5,1129,0,0,0,0,0,0,0,0,0
201711,426,37860,C,Pensacola-Ferry Pass-Brent  FL ,189,189,37735,0,0,0,0,0,0,0,0,0,189,189,37735,0,0,0,0,0,0,0,0,0
201711,427,37900, ,Peoria  IL ,4,4,918,0,0,0,0,0,0,0,0,0,3,3,618,0,0,0,0,0,0,0,0,0
201711,428,12100,C,Atlantic City-Hammonton  NJ ,17,17,4767,0,0,0,0,0,0,2,21,2208,15,15,4637,0,0,0,0,0,0,0,0,0
201711,428,20100,C,Dover  DE ,109,109,15848,0,0,0,0,0,0,0,0,0,108,108,15756,0,0,0,0,0,0,0,0,0
201711,428,36140,C,Ocean City  NJ ,35,35,13131,0,0,0,0,0,0,1,6,650,30,30,11841,0,0,0,0,0,0,1,6,650
201711,428,37980,C,Philadelphia-Camden-Wilmington  PA-NJ-DE-MD ,509,509,98966,14,28,3661,13,46,5848,34,570,64121,312,312,68819,14,28,3661,13,46,5848,24,447,56486
201711,428,39740, ,Reading  PA ,2,2,524,0,0,0,0,0,0,0,0,0,0,0,0,0,0,0,0,0,0,0,0,0
201711,428,47220,C,Vineland-Bridgeton  NJ ,10,10,1065,0,0,0,0,0,0,0,0,0,1,1,149,0,0,0,0,0,0,0,0,0
201711,430,38300, ,Pittsburgh  PA ,76,76,20366,0,0,0,1,4,549,1,29,2378,37,37,10705,0,0,0,0,0,0,0,0,0
201711,430,48260, ,Weirton-Steubenville  WV-OH ,0,0,0,0,0,0,0,0,0,0,0,0,0,0,0,0,0,0,0,0,0,0,0,0
201711,438,30340, ,Lewiston-Auburn  ME ,6,6,1113,0,0,0,0,0,0,1,41,5000,4,4,900,0,0,0,0,0,0,1,41,5000
201711,438,38860, ,Portland-South Portland  ME ,99,99,23652,1,2,349,0,0,0,5,52,3996,44,44,11394,0,0,0,0,0,0,3,36,2520
201711,440,10540, ,Albany  OR ,15,15,3778,0,0,0,0,0,0,0,0,0,5,5,1087,0,0,0,0,0,0,0,0,0
201711,440,18700, ,Corvallis  OR ,2,2,542,0,0,0,0,0,0,0,0,0,2,2,542,0,0,0,0,0,0,0,0,0
201711,440,31020, ,Longview  WA ,14,14,3217,0,0,0,0,0,0,0,0,0,0,0,0,0,0,0,0,0,0,0,0,0
201711,440,38900, ,Portland-Vancouver-Hillsboro  OR-WA ,581,581,163311,12,24,3595,2,8,1208,18,921,150203,369,369,98829,11,22,3275,2,8,1208,15,880,145172
201711,440,41420, ,Salem  OR ,34,34,9585,0,0,0,0,0,0,3,24,2078,34,34,9585,0,0,0,0,0,0,3,24,2078
201711,444,39380,C,Pueblo  CO ,23,23,3943,0,0,0,0,0,0,0,0,0,0,0,0,0,0,0,0,0,0,0,0,0
201711,450,20500,C,Durham-Chapel Hill  NC ,264,264,58947,0,0,0,0,0,0,4,97,8353,120,120,31912,0,0,0,0,0,0,0,0,0
201711,450,39580,C,Raleigh  NC ,703,703,143675,1,2,156,0,0,0,16,755,62813,544,544,116543,1,2,156,0,0,0,16,755,62813
201711,452,39660, ,Rapid City  SD ,48,48,8870,0,0,0,0,0,0,0,0,0,48,48,8870,0,0,0,0,0,0,0,0,0
201711,454,39820, ,Redding  CA ,8,8,2013,0,0,0,0,0,0,0,0,0,8,8,2013,0,0,0,0,0,0,0,0,0
201711,456,16180,C,Carson City  NV ,13,13,3844,0,0,0,0,0,0,0,0,0,13,13,3844,0,0,0,0,0,0,0,0,0
201711,456,39900,C,Reno  NV ,153,153,35556,0,0,0,0,0,0,9,152,19015,153,153,35556,0,0,0,0,0,0,9,152,19015
201711,462,40340, ,Rochester  MN ,48,48,9465,0,0,0,0,0,0,1,8,1015,47,47,9286,0,0,0,0,0,0,1,8,1015
201711,464,40380, ,Rochester  NY ,67,67,15669,1,2,200,4,13,898,21,172,16676,41,41,10814,1,2,200,0,0,0,19,162,15964
201711,466,40420, ,Rockford  IL ,8,8,1239,1,2,178,0,0,0,0,0,0,8,8,1239,1,2,178,0,0,0,0,0,0
201711,470,40660,C,Rome  GA ,10,10,2531,0,0,0,0,0,0,0,0,0,10,10,2531,0,0,0,0,0,0,0,0,0
201711,472,40900,C,Sacramento--Roseville--Arden-Arcade  CA ,543,543,153713,0,0,0,0,0,0,1,213,42500,541,541,153059,0,0,0,0,0,0,1,213,42500
201711,474,13020, ,Bay City  MI ,0,0,0,0,0,0,0,0,0,0,0,0,0,0,0,0,0,0,0,0,0,0,0,0
201711,474,33220, ,Midland  MI ,0,0,0,0,0,0,0,0,0,0,0,0,0,0,0,0,0,0,0,0,0,0,0,0
201711,474,40980, ,Saginaw  MI ,2,2,330,0,0,0,1,4,200,0,0,0,2,2,330,0,0,0,1,4,200,0,0,0
201711,476,41180, ,St. Louis  MO-IL ,428,428,112687,4,8,1704,3,10,939,8,50,5950,309,309,76912,4,8,1704,2,7,580,7,38,4475
201711,482,36260, ,Ogden-Clearfield  UT ,206,206,48190,0,0,0,4,15,2264,2,10,1675,182,182,41100,0,0,0,2,8,1296,0,0,0
201711,482,39340, ,Provo-Orem  UT ,405,405,114922,2,4,220,82,322,16955,2,38,3900,394,394,111523,2,4,220,82,322,16955,2,38,3900
201711,482,41620, ,Salt Lake City  UT ,422,422,88605,2,4,706,3,11,1501,16,385,48974,308,308,59081,1,2,406,0,0,0,9,77,10962
201711,488,41860,C,San Francisco-Oakland-Hayward  CA ,284,284,110539,2,4,1400,9,29,7791,31,1055,253155,235,235,92923,1,2,900,5,17,5188,20,898,224949
201711,488,41940,C,San Jose-Sunnyvale-Santa Clara  CA ,214,214,70631,1,2,294,2,8,1969,2,41,6922,159,159,54833,1,2,294,0,0,0,0,0,0
201711,488,42100, ,Santa Cruz-Watsonville  CA ,10,10,2320,0,0,0,0,0,0,1,8,814,0,0,0,0,0,0,0,0,0,0,0,0
201711,488,42220, ,Santa Rosa  CA ,78,78,21311,1,2,1288,0,0,0,0,0,0,75,75,20701,1,2,1288,0,0,0,0,0,0
201711,488,44700, ,Stockton-Lodi  CA ,175,175,50711,0,0,0,0,0,0,1,6,694,156,156,45458,0,0,0,0,0,0,0,0,0
201711,488,46700, ,Vallejo-Fairfield  CA ,39,39,10782,0,0,0,0,0,0,0,0,0,35,35,9638,0,0,0,0,0,0,0,0,0
201711,496,25980, ,Hinesville  GA ,26,26,6572,0,0,0,0,0,0,0,0,0,26,26,6572,0,0,0,0,0,0,0,0,0
201711,496,42340, ,Savannah  GA ,124,124,31883,0,0,0,0,0,0,1,84,9048,119,119,30895,0,0,0,0,0,0,1,84,9048
201711,500,14740,C,Bremerton-Silverdale  WA ,55,55,17655,0,0,0,0,0,0,0,0,0,55,55,17655,0,0,0,0,0,0,0,0,0
201711,500,34580, ,Mount Vernon-Anacortes  WA ,39,39,7647,0,0,0,0,0,0,0,0,0,26,26,5511,0,0,0,0,0,0,0,0,0
201711,500,36500, ,Olympia-Tumwater  WA ,58,58,15922,0,0,0,0,0,0,2,13,1726,49,49,14132,0,0,0,0,0,0,1,6,924
201711,500,42660,C,Seattle-Tacoma-Bellevue  WA ,677,677,226410,27,54,11757,12,39,8623,25,2139,303324,579,579,186389,26,52,11128,11,36,7423,22,2054,292563
201711,512,43580, ,Sioux City  IA-NE-SD ,10,10,2706,0,0,0,0,0,0,0,0,0,1,1,145,0,0,0,0,0,0,0,0,0
201711,515,21140, ,Elkhart-Goshen  IN ,20,20,4465,0,0,0,0,0,0,0,0,0,20,20,4465,0,0,0,0,0,0,0,0,0
201711,515,35660, ,Niles-Benton Harbor  MI ,2,2,294,0,0,0,0,0,0,0,0,0,1,1,128,0,0,0,0,0,0,0,0,0
201711,515,43780, ,South Bend-Mishawaka  IN-MI ,30,30,7340,0,0,0,0,0,0,0,0,0,30,30,7340,0,0,0,0,0,0,0,0,0
201711,518,17660, ,Coeur dAlene  ID ,107,107,26606,1,2,262,0,0,0,1,20,4300,84,84,21986,0,0,0,0,0,0,1,20,4300
201711,518,44060, ,Spokane-Spokane Valley  WA ,145,145,36437,5,10,1611,1,4,619,4,89,8914,96,96,24850,1,2,313,0,0,0,0,0,0
201711,520,44180, ,Springfield  MO ,74,74,18812,0,0,0,0,0,0,1,12,840,74,74,18812,0,0,0,0,0,0,1,12,840
201711,521,44140, ,Springfield  MA ,2,2,425,0,0,0,0,0,0,0,0,0,2,2,425,0,0,0,0,0,0,0,0,0
201711,522,44100, ,Springfield  IL ,6,6,1807,2,4,677,0,0,0,1,5,250,0,0,0,0,0,0,0,0,0,0,0,0
201711,524,44300, ,State College  PA ,3,3,609,0,0,0,0,0,0,0,0,0,1,1,278,0,0,0,0,0,0,0,0,0
201711,532,45060, ,Syracuse  NY ,24,24,6464,0,0,0,0,0,0,1,22,2351,24,24,6464,0,0,0,0,0,0,0,0,0
201711,533,45220, ,Tallahassee  FL ,54,54,10161,0,0,0,0,0,0,1,38,2758,27,27,5542,0,0,0,0,0,0,0,0,0
201711,534,45780, ,Toledo  OH ,45,45,10842,0,0,0,2,8,560,0,0,0,43,43,10617,0,0,0,2,8,560,0,0,0
201711,536,46060,C,Tucson  AZ ,205,205,58238,0,0,0,0,0,0,1,5,428,17,17,4546,0,0,0,0,0,0,0,0,0
201711,538,46140,C,Tulsa  OK ,271,271,47389,0,0,0,0,0,0,0,0,0,267,267,46532,0,0,0,0,0,0,0,0,0
201711,540,46340, ,Tyler  TX ,14,14,6675,0,0,0,4,15,2621,0,0,0,14,14,6675,0,0,0,4,15,2621,0,0,0
201711,545,47260, ,Virginia Beach-Norfolk-Newport News  VA-NC ,334,334,75186,3,6,900,0,0,0,22,291,28340,295,295,69050,3,6,900,0,0,0,22,291,28340
201711,546,47300, ,Visalia-Porterville  CA ,91,91,24092,2,4,190,0,0,0,2,16,1854,91,91,24092,2,4,190,0,0,0,2,16,1854
201711,548,12580,C,Baltimore-Columbia-Towson  MD ,333,333,74945,0,0,0,0,0,0,3,63,11210,305,305,69434,0,0,0,0,0,0,0,0,0
201711,548,15680,C,California-Lexington Park  MD ,99,99,12159,0,0,0,0,0,0,0,0,0,99,99,12159,0,0,0,0,0,0,0,0,0
201711,548,16540,C,Chambersburg-Waynesboro  PA ,19,19,3467,0,0,0,0,0,0,1,5,488,11,11,2233,0,0,0,0,0,0,0,0,0
201711,548,25180, ,Hagerstown-Martinsburg  MD-WV ,72,72,14348,1,2,300,0,0,0,5,60,9000,72,72,14348,1,2,300,0,0,0,5,60,9000
201711,548,47900, ,Washington-Arlington-Alexandria  DC-VA-MD-WV ,1074,1074,248080,6,12,1217,0,0,0,12,1428,136718,944,944,222215,6,12,1217,0,0,0,9,1377,131764
201711,548,49020, ,Winchester  VA-WV ,30,30,6424,0,0,0,2,8,960,1,16,1200,30,30,6424,0,0,0,2,8,960,1,16,1200
201711,554,48140, ,Wausau  WI ,7,7,1782,0,0,0,0,0,0,0,0,0,2,2,625,0,0,0,0,0,0,0,0,0
201711,556,48620, ,Wichita  KS ,75,75,21826,8,16,1334,1,3,285,2,30,2099,15,15,6414,0,0,0,1,3,285,0,0,0
201711,558,48700, ,Williamsport  PA ,1,1,275,0,0,0,0,0,0,0,0,0,1,1,275,0,0,0,0,0,0,0,0,0
201711,566,49660, ,Youngstown-Warren-Boardman  OH-PA ,28,28,5620,0,0,0,0,0,0,0,0,0,28,28,5620,0,0,0,0,0,0,0,0,0
201711,999,10180, ,Abilene  TX ,21,21,4828,1,2,80,0,0,0,0,0,0,21,21,4828,1,2,80,0,0,0,0,0,0
201711,999,10500, ,Albany  GA ,16,16,1554,0,0,0,0,0,0,0,0,0,16,16,1554,0,0,0,0,0,0,0,0,0
201711,999,10780, ,Alexandria  LA ,18,18,2893,0,0,0,0,0,0,0,0,0,4,4,366,0,0,0,0,0,0,0,0,0
201711,999,11020, ,Altoona  PA ,0,0,0,0,0,0,0,0,0,0,0,0,0,0,0,0,0,0,0,0,0,0,0,0
201711,999,11260,C,Anchorage  AK ,64,64,20009,0,0,0,2,6,1042,2,15,2371,2,2,582,0,0,0,0,0,0,0,0,0
201711,999,11500, ,Anniston-Oxford-Jacksonville  AL ,7,7,1142,0,0,0,0,0,0,0,0,0,7,7,1142,0,0,0,0,0,0,0,0,0
201711,999,12260, ,Augusta-Richmond County  GA-SC ,215,215,38428,1,2,75,0,0,0,2,26,1656,173,173,31910,0,0,0,0,0,0,0,0,0
201711,999,12420, ,Austin-Round Rock  TX ,1105,1105,248106,3,6,816,10,37,4780,45,1067,104399,953,953,215159,2,4,642,10,37,4780,45,1067,104399
201711,999,12540, ,Bakersfield  CA ,156,156,37525,6,12,1420,0,0,0,0,0,0,39,39,6213,0,0,0,0,0,0,0,0,0
201711,999,12620, ,Bangor  ME ,9,9,2254,0,0,0,0,0,0,0,0,0,7,7,1742,0,0,0,0,0,0,0,0,0
201711,999,12940,C,Baton Rouge  LA ,237,237,51935,0,0,0,1,3,232,1,6,1111,100,100,25749,0,0,0,0,0,0,1,6,1111
201711,999,13140, ,Beaumont-Port Arthur  TX ,31,31,6664,0,0,0,0,0,0,1,6,250,31,31,6664,0,0,0,0,0,0,1,6,250
201711,999,13220,C,Beckley  WV ,5,5,536,0,0,0,0,0,0,0,0,0,2,2,210,0,0,0,0,0,0,0,0,0
201711,999,13380, ,Bellingham  WA ,53,53,14347,2,4,791,1,4,661,2,14,1524,21,21,4867,2,4,791,0,0,0,1,9,1036
201711,999,13740, ,Billings  MT ,32,32,6711,0,0,0,1,4,160,0,0,0,32,32,6711,0,0,0,1,4,160,0,0,0
201711,999,13780, ,Binghamton  NY ,0,0,0,0,0,0,0,0,0,0,0,0,0,0,0,0,0,0,0,0,0,0,0,0
201711,999,13900, ,Bismarck  ND ,22,22,5232,1,2,633,0,0,0,0,0,0,18,18,3827,1,2,633,0,0,0,0,0,0
201711,999,13980, ,Blacksburg-Christiansburg-Radford  VA ,4,4,1374,6,12,960,0,0,0,0,0,0,4,4,1374,6,12,960,0,0,0,0,0,0
201711,999,15260, ,Brunswick  GA ,42,42,12447,0,0,0,0,0,0,0,0,0,0,0,0,0,0,0,0,0,0,0,0,0
201711,999,15540, ,Burlington-South Burlington  VT ,17,17,3891,1,2,278,0,0,0,1,7,643,15,15,3416,0,0,0,0,0,0,0,0,0
201711,999,16220, ,Casper  WY ,9,9,2081,0,0,0,0,0,0,0,0,0,4,4,756,0,0,0,0,0,0,0,0,0
201711,999,16580, ,Champaign-Urbana  IL ,9,9,2007,1,2,450,0,0,0,1,96,6077,8,8,1795,1,2,450,0,0,0,1,96,6077
201711,999,16700,C,Charleston-North Charleston  SC ,404,404,108030,3,6,1328,0,0,0,5,118,7204,257,257,67130,2,4,988,0,0,0,0,0,0
201711,999,16820, ,Charlottesville  VA ,50,50,15439,0,0,0,0,0,0,3,24,2830,0,0,0,0,0,0,0,0,0,0,0,0
201711,999,16940, ,Cheyenne  WY ,32,32,5550,0,0,0,0,0,0,2,62,7900,32,32,5550,0,0,0,0,0,0,2,62,7900
201711,999,17020, ,Chico  CA ,20,20,4449,0,0,0,0,0,0,0,0,0,20,20,4449,0,0,0,0,0,0,0,0,0
201711,999,17300,C,Clarksville  TN-KY ,89,89,13184,1,2,100,1,4,245,2,16,1191,87,87,13042,1,2,100,1,4,245,2,16,1191
201711,999,17780, ,College Station-Bryan  TX ,54,54,10210,3,6,735,0,0,0,0,0,0,54,54,10210,3,6,735,0,0,0,0,0,0
201711,999,17820,C,Colorado Springs  CO ,323,323,131137,1,2,212,0,0,0,3,243,33280,323,323,131137,1,2,212,0,0,0,3,243,33280
201711,999,18880,C,Crestview-Fort Walton Beach-Destin  FL ,185,185,64640,0,0,0,0,0,0,0,0,0,184,184,64355,0,0,0,0,0,0,0,0,0
201711,999,19060, ,Cumberland  MD-WV ,3,3,694,0,0,0,0,0,0,0,0,0,3,3,694,0,0,0,0,0,0,0,0,0
201711,999,19180, ,Danville  IL ,1,1,190,0,0,0,0,0,0,0,0,0,1,1,190,0,0,0,0,0,0,0,0,0
201711,999,19500, ,Decatur  IL ,1,1,160,0,0,0,0,0,0,0,0,0,1,1,160,0,0,0,0,0,0,0,0,0
201711,999,20220, ,Dubuque  IA ,9,9,3098,0,0,0,0,0,0,0,0,0,9,9,3098,0,0,0,0,0,0,0,0,0
201711,999,20260, ,Duluth  MN-WI ,3,3,894,0,0,0,0,0,0,0,0,0,1,1,434,0,0,0,0,0,0,0,0,0
201711,999,20940, ,El Centro  CA ,10,10,2253,0,0,0,0,0,0,0,0,0,10,10,2253,0,0,0,0,0,0,0,0,0
201711,999,21420, ,Enid  OK ,0,0,0,0,0,0,0,0,0,0,0,0,0,0,0,0,0,0,0,0,0,0,0,0
201711,999,21660, ,Eugene  OR ,59,59,15383,0,0,0,1,3,608,0,0,0,41,41,10933,0,0,0,1,3,608,0,0,0
201711,999,21780, ,Evansville  IN-KY ,44,44,9456,0,0,0,0,0,0,0,0,0,44,44,9456,0,0,0,0,0,0,0,0,0
201711,999,21820,C,Fairbanks  AK ,0,0,0,0,0,0,0,0,0,0,0,0,0,0,0,0,0,0,0,0,0,0,0,0
201711,999,22140,C,Farmington  NM ,6,6,1583,0,0,0,0,0,0,0,0,0,2,2,663,0,0,0,0,0,0,0,0,0
201711,999,22220, ,Fayetteville-Springdale-Rogers  AR-MO ,222,222,54519,0,0,0,3,11,1379,4,128,14784,177,177,47109,0,0,0,3,11,1379,2,118,14067
201711,999,22380, ,Flagstaff  AZ ,30,30,6522,0,0,0,0,0,0,0,0,0,17,17,3396,0,0,0,0,0,0,0,0,0
201711,999,22500, ,Florence  SC ,27,27,4325,0,0,0,1,3,187,0,0,0,0,0,0,0,0,0,0,0,0,0,0,0
201711,999,22520, ,Florence-Muscle Shoals  AL ,15,15,1606,0,0,0,0,0,0,0,0,0,4,4,371,0,0,0,0,0,0,0,0,0
201711,999,22540, ,Fond du Lac  WI ,3,3,1105,0,0,0,0,0,0,0,0,0,3,3,1105,0,0,0,0,0,0,0,0,0
201711,999,22660,C,Fort Collins  CO ,107,107,29953,0,0,0,0,0,0,9,96,17606,107,107,29953,0,0,0,0,0,0,9,96,17606
201711,999,22900, ,Fort Smith  AR-OK ,26,26,5969,8,16,2859,0,0,0,0,0,0,16,16,4724,8,16,2859,0,0,0,0,0,0
201711,999,23460, ,Gadsden  AL ,4,4,517,0,0,0,0,0,0,0,0,0,0,0,0,0,0,0,0,0,0,0,0,0
201711,999,24220, ,Grand Forks  ND-MN ,5,5,1342,0,0,0,0,0,0,0,0,0,5,5,1342,0,0,0,0,0,0,0,0,0
201711,999,24260, ,Grand Island  NE ,16,16,2689,0,0,0,0,0,0,0,0,0,16,16,2689,0,0,0,0,0,0,0,0,0
201711,999,24300,C,Grand Junction  CO ,63,63,9025,1,2,163,0,0,0,0,0,0,63,63,9025,1,2,163,0,0,0,0,0,0
201711,999,24500, ,Great Falls  MT ,6,6,1618,0,0,0,0,0,0,0,0,0,6,6,1618,0,0,0,0,0,0,0,0,0
201711,999,25060, ,Gulfport-Biloxi-Pascagoula  MS ,132,132,23393,0,0,0,0,0,0,1,7,593,101,101,19005,0,0,0,0,0,0,0,0,0
201711,999,25620, ,Hattiesburg  MS ,6,6,536,0,0,0,1,3,79,1,5,115,0,0,0,0,0,0,0,0,0,0,0,0
201711,999,25940, ,Hilton Head Island-Bluffton-Beaufort  SC ,50,50,16612,0,0,0,0,0,0,0,0,0,50,50,16612,0,0,0,0,0,0,0,0,0
201711,999,26140, ,Homosassa Springs  FL ,30,30,6432,0,0,0,0,0,0,1,9,604,0,0,0,0,0,0,0,0,0,0,0,0
201711,999,26380, ,Houma-Thibodaux  LA ,29,29,6714,1,2,323,0,0,0,0,0,0,29,29,6714,1,2,323,0,0,0,0,0,0
201711,999,27100, ,Jackson  MI ,0,0,0,0,0,0,0,0,0,0,0,0,0,0,0,0,0,0,0,0,0,0,0,0
201711,999,27340,C,Jacksonville  NC ,81,81,11259,0,0,0,0,0,0,0,0,0,81,81,11259,0,0,0,0,0,0,0,0,0
201711,999,27980,C,Kahului-Wailuku-Lahaina  HI ,24,24,6970,0,0,0,0,0,0,0,0,0,24,24,6970,0,0,0,0,0,0,0,0,0
201711,999,28420,C,Kennewick-Richland  WA ,115,115,32035,3,6,941,0,0,0,1,21,1978,29,29,7711,0,0,0,0,0,0,0,0,0
201711,999,28660,C,Killeen-Temple  TX ,140,140,23967,3,6,410,0,0,0,1,6,476,81,81,14707,2,4,283,0,0,0,0,0,0
201711,999,29100, ,La Crosse-Onalaska  WI-MN ,20,20,5724,2,4,1050,0,0,0,1,24,2678,20,20,5724,2,4,1050,0,0,0,1,24,2678
201711,999,29460, ,Lakeland-Winter Haven  FL ,292,292,61231,0,0,0,0,0,0,0,0,0,291,291,61126,0,0,0,0,0,0,0,0,0
201711,999,29540, ,Lancaster  PA ,3,3,619,0,0,0,0,0,0,0,0,0,1,1,141,0,0,0,0,0,0,0,0,0
201711,999,29700, ,Laredo  TX ,77,77,15723,1,2,142,0,0,0,1,9,903,0,0,0,0,0,0,0,0,0,0,0,0
201711,999,30020, ,Lawton  OK ,1,1,145,0,0,0,0,0,0,0,0,0,1,1,145,0,0,0,0,0,0,0,0,0
201711,999,30300, ,Lewiston  ID-WA ,0,0,0,0,0,0,0,0,0,0,0,0,0,0,0,0,0,0,0,0,0,0,0,0
201711,999,30860, ,Logan  UT-ID ,16,16,1933,0,0,0,2,8,1596,0,0,0,16,16,1933,0,0,0,2,8,1596,0,0,0
201711,999,31340, ,Lynchburg  VA ,31,31,8220,0,0,0,0,0,0,0,0,0,4,4,1464,0,0,0,0,0,0,0,0,0
201711,999,33540,C,Missoula  MT ,33,33,6787,1,2,95,1,3,320,2,52,6102,33,33,6787,1,2,95,1,3,320,2,52,6102
201711,999,33860, ,Montgomery  AL ,65,65,14141,0,0,0,0,0,0,0,0,0,65,65,14141,0,0,0,0,0,0,0,0,0
201711,999,36100, ,Ocala  FL ,178,178,35785,0,0,0,0,0,0,0,0,0,178,178,35785,0,0,0,0,0,0,0,0,0
201711,999,36980, ,Owensboro  KY ,26,26,2034,0,0,0,0,0,0,0,0,0,26,26,2034,0,0,0,0,0,0,0,0,0
201711,999,37340, ,Palm Bay-Melbourne-Titusville  FL ,166,166,52084,0,0,0,0,0,0,1,5,782,148,148,45606,0,0,0,0,0,0,0,0,0
201711,999,37460, ,Panama City  FL ,41,41,10631,0,0,0,0,0,0,0,0,0,4,4,1500,0,0,0,0,0,0,0,0,0
201711,999,38060,C,Phoenix-Mesa-Scottsdale  AZ ,1500,1500,405077,20,40,4765,1,3,656,21,584,82197,1464,1464,389010,20,40,4765,1,3,656,20,579,81441
201711,999,38340, ,Pittsfield  MA ,0,0,0,0,0,0,0,0,0,0,0,0,0,0,0,0,0,0,0,0,0,0,0,0
201711,999,38540, ,Pocatello  ID ,13,13,2417,0,0,0,0,0,0,0,0,0,13,13,2417,0,0,0,0,0,0,0,0,0
201711,999,39140, ,Prescott  AZ ,97,97,27874,1,2,315,0,0,0,0,0,0,97,97,27874,1,2,315,0,0,0,0,0,0
201711,999,40060, ,Richmond  VA ,323,323,67383,0,0,0,1,4,476,9,277,18007,313,313,66742,0,0,0,1,4,476,9,277,18007
201711,999,41100, ,St. George  UT ,135,135,25274,0,0,0,1,3,287,1,8,1351,66,66,14008,0,0,0,0,0,0,0,0,0
201711,999,41500, ,Salinas  CA ,34,34,11812,0,0,0,0,0,0,1,6,1639,34,34,11812,0,0,0,0,0,0,1,6,1639
201711,999,41540, ,Salisbury  MD-DE ,232,232,34519,8,16,2595,1,4,561,2,11,1855,231,231,34346,8,16,2595,1,4,561,2,11,1855
201711,999,41660,C,San Angelo  TX ,24,24,6312,0,0,0,0,0,0,0,0,0,24,24,6312,0,0,0,0,0,0,0,0,0
201711,999,41700,C,San Antonio-New Braunfels  TX ,547,547,115147,17,34,3691,0,0,0,31,383,33143,502,502,108429,17,34,3691,0,0,0,30,378,32078
201711,999,41740,C,San Diego-Carlsbad  CA ,341,341,103259,3,6,1078,22,78,11182,18,157,22703,339,339,102655,3,6,1078,21,75,10882,18,157,22703
201711,999,42020, ,San Luis Obispo-Paso Robles-Arroyo Grande  CA ,29,29,10993,0,0,0,0,0,0,1,13,1368,0,0,0,0,0,0,0,0,0,0,0,0
201711,999,42200, ,Santa Maria-Santa Barbara  CA ,19,19,10924,1,2,700,0,0,0,3,24,5948,19,19,10924,1,2,700,0,0,0,3,24,5948
201711,999,42540, ,Scranton--Wilkes-Barre--Hazleton  PA ,5,5,747,0,0,0,0,0,0,0,0,0,3,3,255,0,0,0,0,0,0,0,0,0
201711,999,43100, ,Sheboygan  WI ,1,1,254,0,0,0,0,0,0,0,0,0,0,0,0,0,0,0,0,0,0,0,0,0
201711,999,43340, ,Shreveport-Bossier City  LA ,93,93,14884,0,0,0,0,0,0,0,0,0,91,91,14571,0,0,0,0,0,0,0,0,0
201711,999,43420, ,Sierra Vista-Douglas  AZ ,18,18,3277,0,0,0,0,0,0,0,0,0,17,17,3196,0,0,0,0,0,0,0,0,0
201711,999,43620, ,Sioux Falls  SD ,84,84,17297,0,0,0,0,0,0,4,141,10961,84,84,17297,0,0,0,0,0,0,4,141,10961
201711,999,44940,C,Sumter  SC ,20,20,2925,0,0,0,0,0,0,0,0,0,0,0,0,0,0,0,0,0,0,0,0,0
201711,999,45300,C,Tampa-St. Petersburg-Clearwater  FL ,994,994,276674,1,2,280,2,7,671,4,24,3449,992,992,276161,0,0,0,2,7,671,3,19,1169
201711,999,45460, ,Terre Haute  IN ,2,2,267,2,4,423,0,0,0,1,21,1325,0,0,0,1,2,250,0,0,0,0,0,0
201711,999,45500, ,Texarkana  TX-AR ,4,4,596,0,0,0,0,0,0,0,0,0,0,0,0,0,0,0,0,0,0,0,0,0
201711,999,45820, ,Topeka  KS ,20,20,3857,3,6,540,0,0,0,0,0,0,20,20,3857,3,6,540,0,0,0,0,0,0
201711,999,46220, ,Tuscaloosa  AL ,37,37,10151,1,2,568,1,4,574,6,62,6114,12,12,3240,0,0,0,0,0,0,0,0,0
201711,999,46520,C,Urban Honolulu  HI ,63,63,28174,0,0,0,0,0,0,0,0,0,63,63,28174,0,0,0,0,0,0,0,0,0
201711,999,46540, ,Utica-Rome  NY ,1,1,175,0,0,0,0,0,0,0,0,0,1,1,175,0,0,0,0,0,0,0,0,0
201711,999,46660, ,Valdosta  GA ,59,59,11498,0,0,0,0,0,0,0,0,0,23,23,5462,0,0,0,0,0,0,0,0,0
201711,999,47380, ,Waco  TX ,34,34,6506,2,4,343,0,0,0,4,74,6787,0,0,0,0,0,0,0,0,0,0,0,0
201711,999,47460, ,Walla Walla  WA ,7,7,2056,0,0,0,0,0,0,0,0,0,6,6,1956,0,0,0,0,0,0,0,0,0
201711,999,47940, ,Waterloo-Cedar Falls  IA ,10,10,2137,0,0,0,0,0,0,0,0,0,10,10,2137,0,0,0,0,0,0,0,0,0
201711,999,48060, ,Watertown-Fort Drum  NY ,8,8,864,1,2,63,0,0,0,0,0,0,0,0,0,0,0,0,0,0,0,0,0,0
201711,999,48300, ,Wenatchee  WA ,27,27,5970,0,0,0,0,0,0,0,0,0,27,27,5970,0,0,0,0,0,0,0,0,0
201711,999,48540, ,Wheeling  WV-OH ,1,1,122,0,0,0,0,0,0,0,0,0,1,1,122,0,0,0,0,0,0,0,0,0
201711,999,48660, ,Wichita Falls  TX ,0,0,0,0,0,0,0,0,0,0,0,0,0,0,0,0,0,0,0,0,0,0,0,0
201711,999,48900, ,Wilmington  NC ,118,118,34787,2,4,247,0,0,0,0,0,0,117,117,34464,2,4,247,0,0,0,0,0,0
201711,999,49420, ,Yakima  WA ,30,30,8059,0,0,0,3,12,1207,0,0,0,15,15,3596,0,0,0,3,12,1207,0,0,0
201711,999,49740, ,Yuma  AZ ,67,67,11159,0,0,0,0,0,0,0,0,0,67,67,11159,0,0,0,0,0,0,0,0,0
