Survey,CSA,CBSA,MONCOV,CBSA,,1-unit,,,2-units,,,3-4 units,,,5+ units,,,1-unit rep,,,2-units rep,,,3-4 units rep,,,5+ units rep
Date,Code,Code,,Name,Bldgs,Units,Value,Bldgs,Units,Value,Bldgs,Units,Value,Bldgs,Units,Value,Bldgs,Units,Value,Bldgs,Units,Value,      Bldgs,Units,Value,Bldgs,Units,Value
 
201708,104,10580,C,Albany-Schenectady-Troy  NY ,132,132,32578,6,12,1620,1,4,118,8,146,16115,98,98,23155,6,12,1620,1,4,118,3,119,12840
201708,104,24020, ,Glens Falls  NY ,27,27,5932,0,0,0,0,0,0,0,0,0,20,20,5378,0,0,0,0,0,0,0,0,0
201708,106,10740,C,Albuquerque  NM ,154,154,33787,0,0,0,0,0,0,4,48,4404,37,37,11023,0,0,0,0,0,0,0,0,0
201708,106,42140,C,Santa Fe  NM ,12,12,2995,0,0,0,0,0,0,0,0,0,0,0,0,0,0,0,0,0,0,0,0,0
201708,108,11100, ,Amarillo  TX ,36,36,9737,0,0,0,0,0,0,0,0,0,36,36,9737,0,0,0,0,0,0,0,0,0
201708,118,11540, ,Appleton  WI ,39,39,10458,4,8,1041,0,0,0,3,30,1934,39,39,10458,4,8,1041,0,0,0,3,30,1934
201708,118,36780, ,Oshkosh-Neenah  WI ,26,26,7788,0,0,0,0,0,0,2,29,4058,26,26,7788,0,0,0,0,0,0,2,29,4058
201708,120,11700, ,Asheville  NC ,171,171,47195,0,0,0,0,0,0,8,183,11371,57,57,15988,0,0,0,0,0,0,3,72,4406
201708,122,12020, ,Athens-Clarke County  GA ,29,29,8060,0,0,0,0,0,0,7,68,8805,29,29,8060,0,0,0,0,0,0,7,68,8805
201708,122,12060, ,Atlanta-Sandy Springs-Roswell  GA ,2204,2204,487076,1,2,618,9,34,8876,16,437,57267,1994,1994,439011,1,2,618,9,34,8876,12,375,50989
201708,122,23580, ,Gainesville  GA ,105,105,22956,0,0,0,0,0,0,1,90,10500,105,105,22956,0,0,0,0,0,0,1,90,10500
201708,140,13460, ,Bend-Redmond  OR ,138,138,36188,3,6,1381,0,0,0,0,0,0,109,109,29896,3,6,1381,0,0,0,0,0,0
201708,142,13820,C,Birmingham-Hoover  AL ,259,259,58946,0,0,0,0,0,0,1,6,921,179,179,41427,0,0,0,0,0,0,0,0,0
201708,144,14020,C,Bloomington  IN ,39,39,9747,0,0,0,0,0,0,1,14,1625,35,35,9055,0,0,0,0,0,0,1,14,1625
201708,145,14010, ,Bloomington  IL ,13,13,2339,0,0,0,0,0,0,4,73,4905,13,13,2339,0,0,0,0,0,0,4,73,4905
201708,146,14100,C,Bloomsburg-Berwick  PA ,11,11,2496,0,0,0,1,3,387,0,0,0,3,3,565,0,0,0,0,0,0,0,0,0
201708,147,14260,C,Boise City  ID ,599,599,142501,1,2,560,4,16,1118,31,415,55368,532,532,129234,1,2,560,4,16,1118,31,415,55368
201708,148,12700, ,Barnstable Town  MA ,7,7,3006,0,0,0,0,0,0,0,0,0,1,1,700,0,0,0,0,0,0,0,0,0
201708,148,14460,C,Boston-Cambridge-Newton  MA-NH ,495,495,149684,16,32,5949,13,45,9237,45,460,63739,328,328,98621,9,18,3673,11,39,8021,30,318,41114
201708,148,31700, ,Manchester-Nashua  NH ,40,40,7010,2,4,573,0,0,0,3,52,5440,25,25,4682,1,2,283,0,0,0,2,45,4542
201708,148,39300,C,Providence-Warwick  RI-MA ,226,226,38021,4,8,970,1,4,166,0,0,0,161,161,22830,2,4,600,0,0,0,0,0,0
201708,148,49340, ,Worcester  MA-CT ,19,19,4666,1,2,175,0,0,0,0,0,0,17,17,4286,1,2,175,0,0,0,0,0,0
201708,150,14540, ,Bowling Green  KY ,76,76,17575,0,0,0,2,8,850,2,22,1400,76,76,17575,0,0,0,2,8,850,2,22,1400
201708,154,15180, ,Brownsville-Harlingen  TX ,80,80,10903,1,2,134,0,0,0,0,0,0,23,23,2464,0,0,0,0,0,0,0,0,0
201708,160,15380,C,Buffalo-Cheektowaga-Niagara Falls  NY ,123,123,34546,0,0,0,0,0,0,4,40,6159,109,109,31355,0,0,0,0,0,0,3,22,2100
201708,162,15980,C,Cape Coral-Fort Myers  FL ,525,525,116340,13,26,3562,2,8,2103,5,30,3463,515,515,114306,13,26,3562,2,8,2103,5,30,3463
201708,162,34940, ,Naples-Immokalee-Marco Island  FL ,287,287,68786,0,0,0,0,0,0,5,32,9003,287,287,68786,0,0,0,0,0,0,5,32,9003
201708,164,16020, ,Cape Girardeau  MO-IL ,0,0,0,0,0,0,0,0,0,0,0,0,0,0,0,0,0,0,0,0,0,0,0,0
201708,168,16300, ,Cedar Rapids  IA ,40,40,4971,6,12,917,0,0,0,1,164,24834,40,40,4971,6,12,917,0,0,0,1,164,24834
201708,168,26980, ,Iowa City  IA ,35,35,8836,0,0,0,7,27,4960,4,171,14271,33,33,8561,0,0,0,7,27,4960,4,171,14271
201708,170,16620, ,Charleston  WV ,6,6,1170,1,2,216,0,0,0,1,7,445,2,2,350,0,0,0,0,0,0,0,0,0
201708,170,26580, ,Huntington-Ashland  WV-KY-OH ,12,12,1895,0,0,0,0,0,0,0,0,0,11,11,1816,0,0,0,0,0,0,0,0,0
201708,172,16740, ,Charlotte-Concord-Gastonia  NC-SC ,1244,1244,325239,5,10,845,3,10,2206,31,1075,86101,1081,1081,272083,5,10,845,3,10,2206,28,1036,81958
201708,174,16860, ,Chattanooga  TN-GA ,151,151,27674,1,2,188,1,3,485,1,51,4129,93,93,16401,0,0,0,0,0,0,0,0,0
201708,174,17420, ,Cleveland  TN ,26,26,4480,1,2,142,0,0,0,0,0,0,0,0,0,0,0,0,0,0,0,0,0,0
201708,176,16980, ,Chicago-Naperville-Elgin  IL-IN-WI ,882,882,244033,13,26,8028,28,94,18562,68,783,98036,717,717,198456,12,24,7945,27,91,18115,57,683,88970
201708,176,28100, ,Kankakee  IL ,1,1,259,0,0,0,0,0,0,0,0,0,1,1,259,0,0,0,0,0,0,0,0,0
201708,176,33140, ,Michigan City-La Porte  IN ,13,13,5672,0,0,0,0,0,0,0,0,0,13,13,5672,0,0,0,0,0,0,0,0,0
201708,178,17140, ,Cincinnati  OH-KY-IN ,385,385,91985,0,0,0,4,14,2024,10,441,36916,292,292,69569,0,0,0,3,11,1670,9,436,36565
201708,184,10420, ,Akron  OH ,54,54,13977,0,0,0,0,0,0,0,0,0,9,9,1745,0,0,0,0,0,0,0,0,0
201708,184,15940, ,Canton-Massillon  OH ,37,37,9881,1,2,200,0,0,0,1,5,384,32,32,9297,1,2,200,0,0,0,0,0,0
201708,184,17460, ,Cleveland-Elyria  OH ,252,252,74097,7,14,1482,0,0,0,3,90,7015,193,193,61391,4,8,1450,0,0,0,2,76,6250
201708,190,17860,C,Columbia  MO ,66,66,16483,0,0,0,0,0,0,2,40,6023,66,66,16483,0,0,0,0,0,0,2,40,6023
201708,192,17900,C,Columbia  SC ,400,400,78172,0,0,0,0,0,0,3,58,4185,96,96,19347,0,0,0,0,0,0,0,0,0
201708,194,12220,C,Auburn-Opelika  AL ,91,91,23427,0,0,0,0,0,0,0,0,0,73,73,19144,0,0,0,0,0,0,0,0,0
201708,194,17980, ,Columbus  GA-AL ,61,61,8810,0,0,0,1,4,246,2,10,2489,34,34,3630,0,0,0,0,0,0,0,0,0
201708,198,18140, ,Columbus  OH ,414,414,109780,2,4,720,0,0,0,28,516,190587,340,340,91229,2,4,720,0,0,0,26,502,189743
201708,204,18580, ,Corpus Christi  TX ,122,122,22664,0,0,0,1,3,454,0,0,0,0,0,0,0,0,0,0,0,0,0,0,0
201708,206,19100, ,Dallas-Fort Worth-Arlington  TX ,3171,3171,876633,13,26,5910,3,9,3016,62,3414,849332,2691,2691,746608,13,26,5910,2,6,1200,59,3309,838594
201708,209,19340, ,Davenport-Moline-Rock Island  IA-IL ,29,29,7809,0,0,0,0,0,0,0,0,0,14,14,3219,0,0,0,0,0,0,0,0,0
201708,212,19380, ,Dayton  OH ,104,104,31667,0,0,0,0,0,0,11,166,46747,68,68,24446,0,0,0,0,0,0,11,166,46747
201708,212,44220, ,Springfield  OH ,10,10,2854,0,0,0,0,0,0,0,0,0,10,10,2854,0,0,0,0,0,0,0,0,0
201708,216,14500, ,Boulder  CO ,46,46,18078,0,0,0,0,0,0,5,89,8208,15,15,8179,0,0,0,0,0,0,0,0,0
201708,216,19740, ,Denver-Aurora-Lakewood  CO ,1006,1006,285987,2,4,853,7,22,2305,30,1136,100883,993,993,281436,2,4,853,7,22,2305,30,1136,100883
201708,216,24540, ,Greeley  CO ,262,262,56088,0,0,0,2,7,1817,2,17,1572,176,176,30948,0,0,0,1,4,768,0,0,0
201708,218,11180, ,Ames  IA ,7,7,3032,0,0,0,0,0,0,0,0,0,7,7,3032,0,0,0,0,0,0,0,0,0
201708,218,19780, ,Des Moines-West Des Moines  IA ,447,447,104344,1,2,290,0,0,0,6,302,32846,438,438,101774,1,2,290,0,0,0,5,297,32385
201708,220,11460, ,Ann Arbor  MI ,33,33,8191,0,0,0,0,0,0,0,0,0,20,20,5016,0,0,0,0,0,0,0,0,0
201708,220,19820, ,Detroit-Warren-Dearborn  MI ,704,704,192518,5,10,854,28,102,8213,13,111,7347,594,594,159108,3,6,418,27,98,7895,11,91,4891
201708,220,22420, ,Flint  MI ,9,9,2698,0,0,0,0,0,0,0,0,0,2,2,770,0,0,0,0,0,0,0,0,0
201708,220,33780, ,Monroe  MI ,3,3,523,0,0,0,0,0,0,0,0,0,3,3,523,0,0,0,0,0,0,0,0,0
201708,222,20020, ,Dothan  AL ,17,17,4446,0,0,0,0,0,0,0,0,0,15,15,4181,0,0,0,0,0,0,0,0,0
201708,232,20740, ,Eau Claire  WI ,38,38,10029,4,8,1091,0,0,0,2,14,1033,38,38,10029,4,8,1091,0,0,0,2,14,1033
201708,236,21300, ,Elmira  NY ,0,0,0,0,0,0,0,0,0,0,0,0,0,0,0,0,0,0,0,0,0,0,0,0
201708,238,21340,C,El Paso  TX ,220,220,54261,4,8,674,1,4,362,9,63,8957,1,1,100,0,0,0,0,0,0,0,0,0
201708,238,29740,C,Las Cruces  NM ,76,76,15839,0,0,0,0,0,0,0,0,0,76,76,15839,0,0,0,0,0,0,0,0,0
201708,240,21500, ,Erie  PA ,8,8,2218,0,0,0,0,0,0,0,0,0,8,8,2218,0,0,0,0,0,0,0,0,0
201708,244,22020, ,Fargo  ND-MN ,99,99,23684,0,0,0,0,0,0,1,108,15905,96,96,22711,0,0,0,0,0,0,1,108,15905
201708,246,22180,C,Fayetteville  NC ,74,74,14390,0,0,0,0,0,0,0,0,0,74,74,14390,0,0,0,0,0,0,0,0,0
201708,258,23060, ,Fort Wayne  IN ,97,97,24816,0,0,0,0,0,0,1,22,3000,97,97,24816,0,0,0,0,0,0,1,22,3000
201708,260,23420,C,Fresno  CA ,226,226,59647,0,0,0,6,18,746,0,0,0,222,222,59155,0,0,0,6,18,746,0,0,0
201708,260,31460, ,Madera  CA ,42,42,12400,0,0,0,0,0,0,0,0,0,42,42,12400,0,0,0,0,0,0,0,0,0
201708,264,23540, ,Gainesville  FL ,47,47,7428,0,0,0,0,0,0,2,23,1409,39,39,6525,0,0,0,0,0,0,0,0,0
201708,266,24340, ,Grand Rapids-Wyoming  MI ,165,165,40119,2,4,629,0,0,0,2,98,11355,134,134,34016,2,4,629,0,0,0,1,86,9900
201708,266,34740, ,Muskegon  MI ,2,2,348,0,0,0,0,0,0,0,0,0,0,0,0,0,0,0,0,0,0,0,0,0
201708,267,24580, ,Green Bay  WI ,70,70,17134,2,4,805,0,0,0,1,8,525,56,56,13574,1,2,405,0,0,0,1,8,525
201708,268,15500, ,Burlington  NC ,83,83,9825,0,0,0,0,0,0,0,0,0,83,83,9825,0,0,0,0,0,0,0,0,0
201708,268,24660,C,Greensboro-High Point  NC ,202,202,44392,0,0,0,0,0,0,2,66,9305,202,202,44392,0,0,0,0,0,0,2,66,9305
201708,268,49180, ,Winston-Salem  NC ,204,204,32998,0,0,0,3,12,1890,11,377,60186,191,191,30375,0,0,0,3,12,1890,11,377,60186
201708,273,24860, ,Greenville-Anderson-Mauldin  SC ,462,462,184003,2,4,452,5,18,1283,1,39,5131,450,450,182043,2,4,452,5,18,1283,0,0,0
201708,273,43900, ,Spartanburg  SC ,181,181,30844,0,0,0,0,0,0,0,0,0,181,181,30844,0,0,0,0,0,0,0,0,0
201708,274,24780, ,Greenville  NC ,26,26,5448,0,0,0,0,0,0,5,284,42196,26,26,5448,0,0,0,0,0,0,5,284,42196
201708,276,23900,C,Gettysburg  PA ,21,21,4894,0,0,0,0,0,0,0,0,0,21,21,4894,0,0,0,0,0,0,0,0,0
201708,276,25420,C,Harrisburg-Carlisle  PA ,129,129,28411,2,4,706,0,0,0,3,41,4028,43,43,10320,2,4,706,0,0,0,1,22,1674
201708,276,30140, ,Lebanon  PA ,20,20,3956,0,0,0,0,0,0,0,0,0,20,20,3956,0,0,0,0,0,0,0,0,0
201708,276,49620, ,York-Hanover  PA ,16,16,3053,1,2,179,0,0,0,0,0,0,13,13,2570,1,2,179,0,0,0,0,0,0
201708,277,25500,C,Harrisonburg  VA ,42,42,8987,0,0,0,0,0,0,0,0,0,42,42,8987,0,0,0,0,0,0,0,0,0
201708,277,44420, ,Staunton-Waynesboro  VA ,15,15,3015,0,0,0,0,0,0,0,0,0,15,15,3015,0,0,0,0,0,0,0,0,0
201708,278,25540,C,Hartford-West Hartford-East Hartford  CT ,60,60,12344,0,0,0,0,0,0,5,40,3697,40,40,8574,0,0,0,0,0,0,3,30,2840
201708,278,35980, ,Norwich-New London  CT ,10,10,2050,1,2,292,0,0,0,0,0,0,3,3,804,0,0,0,0,0,0,0,0,0
201708,280,25860, ,Hickory-Lenoir-Morganton  NC ,1,1,150,0,0,0,0,0,0,1,5,279,0,0,0,0,0,0,0,0,0,0,0,0
201708,284,26300, ,Hot Springs  AR ,6,6,1510,0,0,0,0,0,0,0,0,0,6,6,1510,0,0,0,0,0,0,0,0,0
201708,288,26420, ,Houston-The Woodlands-Sugar Land  TX ,2525,2525,557821,15,30,2876,2,8,2000,19,752,55780,2286,2286,497691,15,30,2876,2,8,2000,17,741,55372
201708,290,19460, ,Decatur  AL ,16,16,2487,0,0,0,0,0,0,0,0,0,16,16,2487,0,0,0,0,0,0,0,0,0
201708,290,26620,C,Huntsville  AL ,242,242,33792,0,0,0,0,0,0,0,0,0,242,242,33792,0,0,0,0,0,0,0,0,0
201708,292,26820, ,Idaho Falls  ID ,112,112,14064,0,0,0,0,0,0,0,0,0,112,112,14064,0,0,0,0,0,0,0,0,0
201708,294,18020, ,Columbus  IN ,18,18,3899,0,0,0,0,0,0,0,0,0,18,18,3899,0,0,0,0,0,0,0,0,0
201708,294,26900, ,Indianapolis-Carmel-Anderson  IN ,579,579,161198,8,16,2061,0,0,0,1,23,1906,489,489,142608,7,14,1924,0,0,0,0,0,0
201708,294,34620, ,Muncie  IN ,4,4,381,2,4,375,0,0,0,0,0,0,4,4,381,2,4,375,0,0,0,0,0,0
201708,296,27060, ,Ithaca  NY ,1,1,263,1,2,237,0,0,0,0,0,0,0,0,0,0,0,0,0,0,0,0,0,0
201708,297,27180, ,Jackson  TN ,17,17,3140,0,0,0,0,0,0,0,0,0,0,0,0,0,0,0,0,0,0,0,0,0
201708,298,27140, ,Jackson  MS ,128,128,28385,0,0,0,0,0,0,0,0,0,95,95,19140,0,0,0,0,0,0,0,0,0
201708,300,27260,C,Jacksonville  FL ,851,851,206693,1,2,262,2,8,1612,20,401,43634,826,826,199244,1,2,262,2,8,1612,20,401,43634
201708,304,27740, ,Johnson City  TN ,76,76,4312,0,0,0,0,0,0,0,0,0,76,76,4312,0,0,0,0,0,0,0,0,0
201708,304,28700, ,Kingsport-Bristol-Bristol  TN-VA ,0,0,0,0,0,0,0,0,0,0,0,0,0,0,0,0,0,0,0,0,0,0,0,0
201708,306,27780, ,Johnstown  PA ,1,1,262,0,0,0,0,0,0,0,0,0,0,0,0,0,0,0,0,0,0,0,0,0
201708,308,27860, ,Jonesboro  AR ,33,33,5341,7,14,1112,0,0,0,0,0,0,33,33,5341,7,14,1112,0,0,0,0,0,0
201708,309,27900, ,Joplin  MO ,15,15,2173,2,4,381,0,0,0,2,32,1400,15,15,2173,2,4,381,0,0,0,2,32,1400
201708,310,12980, ,Battle Creek  MI ,1,1,300,0,0,0,0,0,0,0,0,0,1,1,300,0,0,0,0,0,0,0,0,0
201708,310,28020, ,Kalamazoo-Portage  MI ,11,11,2759,0,0,0,0,0,0,0,0,0,10,10,2445,0,0,0,0,0,0,0,0,0
201708,312,28140, ,Kansas City  MO-KS ,494,494,125810,8,16,3442,13,48,8488,6,183,25702,463,463,117045,8,16,3442,13,48,8488,4,148,21874
201708,312,29940, ,Lawrence  KS ,11,11,4664,0,0,0,0,0,0,0,0,0,11,11,4664,0,0,0,0,0,0,0,0,0
201708,312,41140, ,St. Joseph  MO-KS ,0,0,0,0,0,0,0,0,0,0,0,0,0,0,0,0,0,0,0,0,0,0,0,0
201708,314,28940, ,Knoxville  TN ,293,293,62658,1,2,90,0,0,0,12,325,22684,247,247,52967,1,2,90,0,0,0,11,308,21566
201708,316,29020, ,Kokomo  IN ,3,3,553,0,0,0,0,0,0,0,0,0,3,3,553,0,0,0,0,0,0,0,0,0
201708,318,29180, ,Lafayette  LA ,159,159,29518,0,0,0,0,0,0,0,0,0,65,65,11908,0,0,0,0,0,0,0,0,0
201708,320,29200, ,Lafayette-West Lafayette  IN ,42,42,9876,2,4,720,0,0,0,1,5,394,3,3,875,0,0,0,0,0,0,0,0,0
201708,324,29340, ,Lake Charles  LA ,79,79,14445,0,0,0,1,4,170,0,0,0,35,35,5451,0,0,0,1,4,170,0,0,0
201708,330,29620, ,Lansing-East Lansing  MI ,26,26,5521,1,2,168,0,0,0,0,0,0,23,23,5075,0,0,0,0,0,0,0,0,0
201708,332,29420, ,Lake Havasu City-Kingman  AZ ,80,80,17829,1,2,298,0,0,0,0,0,0,80,80,17829,1,2,298,0,0,0,0,0,0
201708,332,29820,C,Las Vegas-Henderson-Paradise  NV ,836,836,145312,3,6,1203,0,0,0,6,424,45102,836,836,145312,3,6,1203,0,0,0,6,424,45102
201708,336,30460,C,Lexington-Fayette  KY ,142,142,27933,6,12,913,1,4,500,3,67,5199,68,68,15348,5,10,750,1,4,500,0,0,0
201708,338,30620, ,Lima  OH ,0,0,0,0,0,0,0,0,0,0,0,0,0,0,0,0,0,0,0,0,0,0,0,0
201708,339,30700, ,Lincoln  NE ,129,129,26085,1,2,356,0,0,0,4,108,11325,26,26,4062,0,0,0,0,0,0,0,0,0
201708,340,30780, ,Little Rock-North Little Rock-Conway  AR ,228,228,36059,1,2,153,0,0,0,1,5,188,186,186,29514,0,0,0,0,0,0,0,0,0
201708,340,38220, ,Pine Bluff  AR ,2,2,228,0,0,0,0,0,0,0,0,0,0,0,0,0,0,0,0,0,0,0,0,0
201708,346,30980, ,Longview  TX ,13,13,1903,0,0,0,0,0,0,0,0,0,13,13,1903,0,0,0,0,0,0,0,0,0
201708,348,31080,C,Los Angeles-Long Beach-Anaheim  CA ,815,815,269841,63,126,25060,14,50,9373,47,2396,456836,650,650,201052,61,122,23727,11,41,7896,42,2243,433627
201708,348,37100, ,Oxnard-Thousand Oaks-Ventura  CA ,35,35,7324,0,0,0,1,4,630,3,153,15118,25,25,4826,0,0,0,0,0,0,1,104,9313
201708,348,40140, ,Riverside-San Bernardino-Ontario  CA ,720,720,188524,0,0,0,6,24,4542,8,62,6444,647,647,169905,0,0,0,5,20,4125,2,20,2190
201708,350,21060, ,Elizabethtown-Fort Knox  KY ,37,37,6670,12,24,2240,0,0,0,0,0,0,25,25,4374,12,24,2240,0,0,0,0,0,0
201708,350,31140, ,Louisville-Jefferson County  KY-IN ,317,317,71211,2,4,399,1,4,627,11,208,12611,165,165,35882,1,2,300,1,4,627,3,48,3309
201708,352,31180, ,Lubbock  TX ,126,126,28860,3,6,734,1,3,402,8,111,12673,1,1,171,0,0,0,0,0,0,0,0,0
201708,356,31420, ,Macon-Bibb County  GA ,26,26,4540,0,0,0,0,0,0,0,0,0,15,15,2099,0,0,0,0,0,0,0,0,0
201708,356,47580, ,Warner Robins  GA ,85,85,17262,0,0,0,0,0,0,0,0,0,85,85,17262,0,0,0,0,0,0,0,0,0
201708,357,27500, ,Janesville-Beloit  WI ,17,17,4067,0,0,0,0,0,0,0,0,0,17,17,4067,0,0,0,0,0,0,0,0,0
201708,357,31540, ,Madison  WI ,173,173,51794,4,8,1278,1,3,447,4,42,4402,144,144,43125,3,6,1020,0,0,0,0,0,0
201708,358,31740, ,Manhattan  KS ,28,28,6152,0,0,0,0,0,0,0,0,0,27,27,5992,0,0,0,0,0,0,0,0,0
201708,359,31860, ,Mankato-North Mankato  MN ,13,13,2900,0,0,0,0,0,0,1,50,7015,13,13,2900,0,0,0,0,0,0,1,50,7015
201708,365,32580,C,McAllen-Edinburg-Mission  TX ,216,216,33161,5,10,707,6,23,1240,21,208,13970,169,169,23218,4,8,592,1,4,200,20,160,10214
201708,366,32780, ,Medford  OR ,37,37,10042,2,4,479,3,12,1771,2,12,634,37,37,10042,2,4,479,3,12,1771,2,12,634
201708,368,32820, ,Memphis  TN-MS-AR ,361,361,75179,0,0,0,0,0,0,1,6,429,334,334,69957,0,0,0,0,0,0,0,0,0
201708,370,33100, ,Miami-Fort Lauderdale-West Palm Beach  FL ,619,619,218097,6,12,2368,3,10,1449,37,698,81272,480,480,166607,5,10,1907,2,7,935,23,518,53594
201708,370,38940, ,Port St. Lucie  FL ,171,171,30816,0,0,0,0,0,0,0,0,0,171,171,30816,0,0,0,0,0,0,0,0,0
201708,370,42680, ,Sebastian-Vero Beach  FL ,71,71,27820,0,0,0,0,0,0,0,0,0,71,71,27820,0,0,0,0,0,0,0,0,0
201708,372,33260, ,Midland  TX ,59,59,12564,0,0,0,0,0,0,0,0,0,59,59,12564,0,0,0,0,0,0,0,0,0
201708,372,36220,C,Odessa  TX ,45,45,8604,0,0,0,0,0,0,0,0,0,0,0,0,0,0,0,0,0,0,0,0,0
201708,376,33340,C,Milwaukee-Waukesha-West Allis  WI ,139,139,49282,5,10,1380,1,3,371,4,27,2522,107,107,36902,5,10,1380,0,0,0,0,0,0
201708,376,39540, ,Racine  WI ,16,16,4430,0,0,0,0,0,0,0,0,0,6,6,1667,0,0,0,0,0,0,0,0,0
201708,378,33460, ,Minneapolis-St. Paul-Bloomington  MN-WI ,838,838,243950,3,6,1200,3,12,2165,8,469,73379,761,761,217044,2,4,942,3,12,2165,5,433,67218
201708,378,41060, ,St. Cloud  MN ,1,1,213,0,0,0,0,0,0,0,0,0,0,0,0,0,0,0,0,0,0,0,0,0
201708,380,19300, ,Daphne-Fairhope-Foley  AL ,168,168,31819,4,8,787,0,0,0,0,0,0,89,89,15626,4,8,787,0,0,0,0,0,0
201708,380,33660, ,Mobile  AL ,49,49,10430,1,2,126,0,0,0,0,0,0,48,48,10356,1,2,126,0,0,0,0,0,0
201708,382,32900, ,Merced  CA ,20,20,6673,0,0,0,0,0,0,0,0,0,20,20,6673,0,0,0,0,0,0,0,0,0
201708,382,33700, ,Modesto  CA ,0,0,0,0,0,0,0,0,0,0,0,0,0,0,0,0,0,0,0,0,0,0,0,0
201708,384,33740, ,Monroe  LA ,49,49,10284,0,0,0,1,4,629,1,5,579,0,0,0,0,0,0,0,0,0,0,0,0
201708,390,34060, ,Morgantown  WV ,2,2,344,0,0,0,0,0,0,0,0,0,2,2,344,0,0,0,0,0,0,0,0,0
201708,396,34820, ,Myrtle Beach-Conway-North Myrtle Beach  SC-NC ,589,589,104143,4,8,1040,0,0,0,6,91,12423,589,589,104143,4,8,1040,0,0,0,6,91,12423
201708,400,34980, ,Nashville-Davidson--Murfreesboro--Franklin  TN ,1166,1166,280650,1,2,400,1,3,294,35,1016,61200,1087,1087,251628,1,2,400,1,3,294,35,1016,61200
201708,406,25220, ,Hammond  LA ,67,67,10080,0,0,0,0,0,0,0,0,0,62,62,9306,0,0,0,0,0,0,0,0,0
201708,406,35380, ,New Orleans-Metairie  LA ,243,243,51533,3,6,635,0,0,0,2,34,6477,163,163,32844,0,0,0,0,0,0,0,0,0
201708,408,10900, ,Allentown-Bethlehem-Easton  PA-NJ ,41,41,7984,0,0,0,0,0,0,1,9,394,21,21,3157,0,0,0,0,0,0,0,0,0
201708,408,14860,C,Bridgeport-Stamford-Norwalk  CT ,87,87,50879,3,6,791,0,0,0,2,75,20805,61,61,33266,2,4,664,0,0,0,1,70,20400
201708,408,20700, ,East Stroudsburg  PA ,15,15,5099,0,0,0,0,0,0,0,0,0,15,15,5099,0,0,0,0,0,0,0,0,0
201708,408,28740, ,Kingston  NY ,5,5,1306,1,2,350,0,0,0,0,0,0,4,4,1071,0,0,0,0,0,0,0,0,0
201708,408,35300, ,New Haven-Milford  CT ,31,31,5400,1,2,231,0,0,0,1,10,615,21,21,3905,1,2,231,0,0,0,0,0,0
201708,408,35620, ,New York-Newark-Jersey City  NY-NJ-PA ,1030,1030,277287,87,174,23672,61,207,16468,125,2709,359276,742,742,191721,75,150,19580,56,190,13602,87,2366,319052
201708,408,45940,C,Trenton  NJ ,12,12,4991,0,0,0,1,4,175,1,20,1922,10,10,4673,0,0,0,1,4,175,1,20,1922
201708,412,35840,C,North Port-Sarasota-Bradenton  FL ,622,622,158639,1,2,565,5,20,4040,5,104,9578,581,581,145349,0,0,0,5,20,4040,5,104,9578
201708,412,39460, ,Punta Gorda  FL ,54,54,1040,0,0,0,0,0,0,0,0,0,0,0,0,0,0,0,0,0,0,0,0,0
201708,416,36420,C,Oklahoma City  OK ,432,432,96913,17,34,4138,1,4,215,0,0,0,393,393,90187,17,34,4138,0,0,0,0,0,0
201708,420,36540, ,Omaha-Council Bluffs  NE-IA ,251,251,53393,0,0,0,0,0,0,3,132,8925,170,170,33281,0,0,0,0,0,0,2,127,8583
201708,422,19660, ,Deltona-Daytona Beach-Ormond Beach  FL ,187,187,55212,7,14,2464,0,0,0,0,0,0,137,137,39783,7,14,2464,0,0,0,0,0,0
201708,422,36740, ,Orlando-Kissimmee-Sanford  FL ,1488,1488,406147,6,12,1549,4,14,2342,16,555,63909,1264,1264,339046,6,12,1549,4,14,2342,11,436,53816
201708,422,45540,C,The Villages  FL ,191,191,56679,0,0,0,0,0,0,0,0,0,191,191,56679,0,0,0,0,0,0,0,0,0
201708,425,37620, ,Parkersburg-Vienna  WV ,11,11,998,0,0,0,0,0,0,0,0,0,11,11,998,0,0,0,0,0,0,0,0,0
201708,426,37860,C,Pensacola-Ferry Pass-Brent  FL ,292,292,53965,2,4,272,0,0,0,0,0,0,292,292,53965,2,4,272,0,0,0,0,0,0
201708,427,37900, ,Peoria  IL ,5,5,1263,0,0,0,0,0,0,0,0,0,4,4,910,0,0,0,0,0,0,0,0,0
201708,428,12100,C,Atlantic City-Hammonton  NJ ,20,20,6764,0,0,0,0,0,334,2,23,2315,14,14,6205,0,0,0,0,0,334,0,0,0
201708,428,20100,C,Dover  DE ,118,118,18403,1,2,430,0,0,0,2,36,4523,114,114,17928,1,2,430,0,0,0,2,36,4523
201708,428,36140,C,Ocean City  NJ ,44,44,20593,4,8,1755,0,0,0,0,0,0,37,37,18752,4,8,1755,0,0,0,0,0,0
201708,428,37980,C,Philadelphia-Camden-Wilmington  PA-NJ-DE-MD ,607,607,107604,11,22,2553,0,0,0,13,179,13371,330,330,63996,11,22,2553,0,0,0,6,114,6845
201708,428,39740, ,Reading  PA ,1,1,262,0,0,0,0,0,0,0,0,0,0,0,0,0,0,0,0,0,0,0,0,0
201708,428,47220,C,Vineland-Bridgeton  NJ ,13,13,1312,0,0,0,0,0,0,1,5,666,1,1,60,0,0,0,0,0,0,0,0,0
201708,430,38300, ,Pittsburgh  PA ,94,94,28563,2,4,746,0,0,0,1,26,2132,62,62,20504,2,4,746,0,0,0,0,0,0
201708,430,48260, ,Weirton-Steubenville  WV-OH ,0,0,0,0,0,0,0,0,0,0,0,0,0,0,0,0,0,0,0,0,0,0,0,0
201708,438,30340, ,Lewiston-Auburn  ME ,12,12,2192,0,0,0,0,0,0,0,0,0,9,9,1872,0,0,0,0,0,0,0,0,0
201708,438,38860, ,Portland-South Portland  ME ,139,139,33504,3,6,849,0,0,0,5,43,3213,67,67,15550,2,4,500,0,0,0,2,24,1680
201708,440,10540, ,Albany  OR ,22,22,5383,0,0,0,0,0,0,0,0,0,15,15,4241,0,0,0,0,0,0,0,0,0
201708,440,18700, ,Corvallis  OR ,2,2,558,0,0,0,0,0,0,0,0,0,2,2,558,0,0,0,0,0,0,0,0,0
201708,440,31020, ,Longview  WA ,26,26,5078,0,0,0,0,0,0,0,0,0,26,26,5078,0,0,0,0,0,0,0,0,0
201708,440,38900, ,Portland-Vancouver-Hillsboro  OR-WA ,677,677,189616,13,26,4234,0,0,0,33,1551,176434,466,466,123869,12,24,3915,0,0,0,29,1495,169819
201708,440,41420, ,Salem  OR ,60,60,16582,0,0,0,0,0,0,4,48,5605,60,60,16582,0,0,0,0,0,0,4,48,5605
201708,444,39380,C,Pueblo  CO ,30,30,5137,0,0,0,0,0,0,0,0,0,30,30,5137,0,0,0,0,0,0,0,0,0
201708,450,20500,C,Durham-Chapel Hill  NC ,296,296,70307,1,2,170,0,0,0,6,130,11534,116,116,36000,0,0,0,0,0,0,0,0,0
201708,450,39580,C,Raleigh  NC ,1000,1000,209358,0,0,0,4,14,1060,14,312,19942,1000,1000,209358,0,0,0,4,14,1060,14,312,19942
201708,452,39660, ,Rapid City  SD ,46,46,8710,0,0,0,0,0,0,0,0,0,36,36,7497,0,0,0,0,0,0,0,0,0
201708,454,39820, ,Redding  CA ,9,9,1663,0,0,0,0,0,0,0,0,0,9,9,1663,0,0,0,0,0,0,0,0,0
201708,456,16180,C,Carson City  NV ,7,7,1927,0,0,0,0,0,0,0,0,0,7,7,1927,0,0,0,0,0,0,0,0,0
201708,456,39900,C,Reno  NV ,223,223,55404,5,10,1478,3,9,1303,8,338,29456,112,112,27969,0,0,0,1,3,440,1,209,16303
201708,462,40340, ,Rochester  MN ,47,47,11129,1,2,413,1,3,463,1,89,11888,1,1,111,0,0,0,0,0,0,0,0,0
201708,464,40380, ,Rochester  NY ,114,114,26224,1,2,344,2,7,1361,4,36,2163,95,95,19640,1,2,344,2,7,1361,2,26,1600
201708,466,40420, ,Rockford  IL ,12,12,1416,1,2,189,1,3,301,0,0,0,12,12,1416,1,2,189,1,3,301,0,0,0
201708,470,40660,C,Rome  GA ,12,12,2156,0,0,0,0,0,0,0,0,0,12,12,2156,0,0,0,0,0,0,0,0,0
201708,472,40900,C,Sacramento--Roseville--Arden-Arcade  CA ,572,572,167860,8,16,1744,0,0,0,2,12,2239,561,561,165396,8,16,1744,0,0,0,2,12,2239
201708,474,13020, ,Bay City  MI ,0,0,0,0,0,0,0,0,0,0,0,0,0,0,0,0,0,0,0,0,0,0,0,0
201708,474,33220, ,Midland  MI ,4,4,628,3,6,435,0,0,0,0,0,0,3,3,420,3,6,435,0,0,0,0,0,0
201708,474,40980, ,Saginaw  MI ,6,6,850,0,0,0,0,0,0,0,0,0,6,6,850,0,0,0,0,0,0,0,0,0
201708,476,41180, ,St. Louis  MO-IL ,523,523,131659,2,4,440,2,7,1070,5,216,26186,365,365,86742,2,4,440,2,7,1070,4,198,23973
201708,482,36260, ,Ogden-Clearfield  UT ,285,285,69300,4,8,1052,6,18,2282,4,42,4369,233,233,54956,4,8,1052,3,9,972,1,24,1950
201708,482,39340, ,Provo-Orem  UT ,479,479,139763,1,2,350,6,24,3812,12,115,14296,475,475,138395,1,2,350,6,24,3812,12,115,14296
201708,482,41620, ,Salt Lake City  UT ,466,466,117905,2,4,592,7,21,3152,18,257,30419,294,294,72255,0,0,0,4,12,1950,12,211,23547
201708,488,41860,C,San Francisco-Oakland-Hayward  CA ,411,411,161731,5,10,2925,4,14,2479,29,1147,208994,212,212,92061,2,4,1151,1,3,486,16,944,169627
201708,488,41940,C,San Jose-Sunnyvale-Santa Clara  CA ,296,296,96608,1,2,560,2,7,1736,9,210,59922,264,264,86061,1,2,560,0,0,0,7,165,52639
201708,488,42100, ,Santa Cruz-Watsonville  CA ,12,12,2751,0,0,0,1,3,344,2,10,1017,0,0,0,0,0,0,0,0,0,0,0,0
201708,488,42220, ,Santa Rosa  CA ,173,173,45090,0,0,0,0,0,0,5,96,10687,171,171,44509,0,0,0,0,0,0,5,96,10687
201708,488,44700, ,Stockton-Lodi  CA ,121,121,34317,0,0,0,0,0,0,0,0,0,106,106,29329,0,0,0,0,0,0,0,0,0
201708,488,46700, ,Vallejo-Fairfield  CA ,20,20,5874,0,0,0,0,0,0,0,0,0,16,16,4669,0,0,0,0,0,0,0,0,0
201708,496,25980, ,Hinesville  GA ,19,19,4037,0,0,0,0,0,0,0,0,0,19,19,4037,0,0,0,0,0,0,0,0,0
201708,496,42340, ,Savannah  GA ,148,148,29712,0,0,0,0,0,0,12,65,3802,128,128,25376,0,0,0,0,0,0,11,60,3300
201708,500,14740,C,Bremerton-Silverdale  WA ,78,78,20855,0,0,0,0,0,0,2,76,3994,78,78,20855,0,0,0,0,0,0,2,76,3994
201708,500,34580, ,Mount Vernon-Anacortes  WA ,64,64,14448,0,0,0,0,0,0,0,0,0,41,41,9589,0,0,0,0,0,0,0,0,0
201708,500,36500, ,Olympia-Tumwater  WA ,92,92,24685,0,0,0,0,0,0,1,9,1032,80,80,22298,0,0,0,0,0,0,0,0,0
201708,500,42660,C,Seattle-Tacoma-Bellevue  WA ,921,921,303396,23,46,9161,12,41,7713,29,1923,282777,774,774,247811,22,44,8715,12,41,7713,24,1780,265620
201708,512,43580, ,Sioux City  IA-NE-SD ,16,16,3857,0,0,0,1,3,0,0,0,0,6,6,1011,0,0,0,0,0,0,0,0,0
201708,515,21140, ,Elkhart-Goshen  IN ,31,31,8045,0,0,0,0,0,0,0,0,0,31,31,8045,0,0,0,0,0,0,0,0,0
201708,515,35660, ,Niles-Benton Harbor  MI ,1,1,166,0,0,0,0,0,0,0,0,0,1,1,166,0,0,0,0,0,0,0,0,0
201708,515,43780, ,South Bend-Mishawaka  IN-MI ,46,46,12642,0,0,0,0,0,0,0,0,0,45,45,12420,0,0,0,0,0,0,0,0,0
201708,518,17660, ,Coeur dAlene  ID ,110,110,27274,0,0,0,0,0,0,8,125,9313,82,82,21650,0,0,0,0,0,0,7,120,9000
201708,518,44060, ,Spokane-Spokane Valley  WA ,198,198,48812,10,20,3828,2,7,893,4,109,10917,140,140,35259,6,12,2530,0,0,0,0,0,0
201708,520,44180, ,Springfield  MO ,70,70,17786,2,4,273,0,0,0,2,43,3470,60,60,15596,1,2,100,0,0,0,0,0,0
201708,521,44140, ,Springfield  MA ,1,1,186,0,0,0,0,0,0,0,0,0,0,0,0,0,0,0,0,0,0,0,0,0
201708,522,44100, ,Springfield  IL ,8,8,2357,3,6,1015,0,0,0,1,5,250,0,0,0,0,0,0,0,0,0,0,0,0
201708,524,44300, ,State College  PA ,9,9,2451,0,0,0,0,0,0,0,0,0,2,2,316,0,0,0,0,0,0,0,0,0
201708,532,45060, ,Syracuse  NY ,37,37,8957,0,0,0,0,0,0,1,20,2137,36,36,8896,0,0,0,0,0,0,0,0,0
201708,533,45220, ,Tallahassee  FL ,86,86,15942,0,0,0,0,0,0,2,49,3556,53,53,10297,0,0,0,0,0,0,0,0,0
201708,534,45780, ,Toledo  OH ,68,68,16570,0,0,0,7,28,3000,0,0,0,67,67,16458,0,0,0,7,28,3000,0,0,0
201708,536,46060,C,Tucson  AZ ,243,243,68435,0,0,0,0,0,0,6,45,6097,88,88,23306,0,0,0,0,0,0,5,40,5669
201708,538,46140,C,Tulsa  OK ,262,262,60193,2,4,620,0,0,0,0,0,0,261,261,60130,2,4,620,0,0,0,0,0,0
201708,540,46340, ,Tyler  TX ,27,27,8264,0,0,0,0,0,0,0,0,0,27,27,8264,0,0,0,0,0,0,0,0,0
201708,545,47260, ,Virginia Beach-Norfolk-Newport News  VA-NC ,356,356,84949,0,0,0,3,9,806,2,72,5141,285,285,74105,0,0,0,3,9,806,1,43,4495
201708,546,47300, ,Visalia-Porterville  CA ,89,89,19060,0,0,0,0,0,0,0,0,0,89,89,19060,0,0,0,0,0,0,0,0,0
201708,548,12580,C,Baltimore-Columbia-Towson  MD ,492,492,99686,0,0,0,0,0,0,3,344,36905,484,484,97454,0,0,0,0,0,0,2,326,35428
201708,548,15680,C,California-Lexington Park  MD ,100,100,19335,0,0,0,0,0,0,0,0,0,100,100,19335,0,0,0,0,0,0,0,0,0
201708,548,16540,C,Chambersburg-Waynesboro  PA ,38,38,5455,0,0,0,0,0,0,1,5,488,32,32,4686,0,0,0,0,0,0,0,0,0
201708,548,25180, ,Hagerstown-Martinsburg  MD-WV ,166,166,32934,0,0,0,0,0,0,0,0,0,166,166,32934,0,0,0,0,0,0,0,0,0
201708,548,47900, ,Washington-Arlington-Alexandria  DC-VA-MD-WV ,1313,1313,312167,4,8,1101,0,0,0,14,687,78420,1099,1099,262648,2,4,400,0,0,0,7,100,10772
201708,548,49020, ,Winchester  VA-WV ,52,52,12094,1,2,200,4,16,2521,1,16,1200,52,52,12094,1,2,200,4,16,2521,1,16,1200
201708,554,48140, ,Wausau  WI ,14,14,3502,0,0,0,0,0,0,0,0,0,6,6,1545,0,0,0,0,0,0,0,0,0
201708,556,48620, ,Wichita  KS ,84,84,21905,16,32,3087,0,0,0,37,488,22658,9,9,2679,2,4,753,0,0,0,32,444,19579
201708,558,48700, ,Williamsport  PA ,0,0,0,0,0,0,0,0,0,0,0,0,0,0,0,0,0,0,0,0,0,0,0,0
201708,566,49660, ,Youngstown-Warren-Boardman  OH-PA ,23,23,5183,1,2,199,0,0,0,0,0,0,23,23,5183,1,2,199,0,0,0,0,0,0
201708,999,10180, ,Abilene  TX ,18,18,3854,1,2,100,0,0,0,0,0,0,17,17,3626,1,2,100,0,0,0,0,0,0
201708,999,10500, ,Albany  GA ,257,257,16276,0,0,0,0,0,0,0,0,0,257,257,16276,0,0,0,0,0,0,0,0,0
201708,999,10780, ,Alexandria  LA ,16,16,3899,0,0,0,0,0,0,0,0,0,9,9,1802,0,0,0,0,0,0,0,0,0
201708,999,11020, ,Altoona  PA ,0,0,0,0,0,0,0,0,0,0,0,0,0,0,0,0,0,0,0,0,0,0,0,0
201708,999,11260,C,Anchorage  AK ,80,80,24938,4,8,1127,1,4,694,2,19,3004,5,5,1438,4,8,1127,0,0,0,0,0,0
201708,999,11500, ,Anniston-Oxford-Jacksonville  AL ,1,1,100,0,0,0,0,0,0,0,0,0,1,1,100,0,0,0,0,0,0,0,0,0
201708,999,12260, ,Augusta-Richmond County  GA-SC ,229,229,42795,0,0,0,0,0,0,1,23,1540,176,176,34575,0,0,0,0,0,0,0,0,0
201708,999,12420, ,Austin-Round Rock  TX ,1238,1238,293365,1,2,117,0,0,0,21,644,45299,1031,1031,247039,0,0,0,0,0,0,21,644,45299
201708,999,12540, ,Bakersfield  CA ,174,174,42154,6,12,1420,0,0,0,0,0,0,34,34,4578,0,0,0,0,0,0,0,0,0
201708,999,12620, ,Bangor  ME ,11,11,2622,0,0,0,0,0,0,0,0,0,9,9,2180,0,0,0,0,0,0,0,0,0
201708,999,12940,C,Baton Rouge  LA ,315,315,65284,1,2,150,1,3,232,0,0,0,145,145,32280,0,0,0,0,0,0,0,0,0
201708,999,13140, ,Beaumont-Port Arthur  TX ,33,33,7225,0,0,0,0,0,0,0,0,0,15,15,3452,0,0,0,0,0,0,0,0,0
201708,999,13220,C,Beckley  WV ,5,5,507,0,0,0,0,0,0,0,0,0,5,5,507,0,0,0,0,0,0,0,0,0
201708,999,13380, ,Bellingham  WA ,87,87,24125,0,0,0,1,4,659,0,0,0,57,57,14888,0,0,0,1,4,659,0,0,0
201708,999,13740, ,Billings  MT ,55,55,9242,0,0,0,0,0,0,0,0,0,55,55,9242,0,0,0,0,0,0,0,0,0
201708,999,13780, ,Binghamton  NY ,1,1,130,0,0,0,0,0,0,0,0,0,1,1,130,0,0,0,0,0,0,0,0,0
201708,999,13900, ,Bismarck  ND ,50,50,12267,1,2,419,0,0,0,0,0,0,45,45,10510,1,2,419,0,0,0,0,0,0
201708,999,13980, ,Blacksburg-Christiansburg-Radford  VA ,9,9,2658,0,0,0,0,0,0,0,0,0,9,9,2658,0,0,0,0,0,0,0,0,0
201708,999,15260, ,Brunswick  GA ,52,52,15389,0,0,0,0,0,0,0,0,0,0,0,0,0,0,0,0,0,0,0,0,0
201708,999,15540, ,Burlington-South Burlington  VT ,21,21,6358,1,2,200,1,4,425,1,6,551,17,17,5447,1,2,200,1,4,425,0,0,0
201708,999,16220, ,Casper  WY ,18,18,3513,0,0,0,0,0,0,0,0,0,11,11,1659,0,0,0,0,0,0,0,0,0
201708,999,16580, ,Champaign-Urbana  IL ,9,9,2118,0,0,0,0,0,0,3,81,6046,9,9,2118,0,0,0,0,0,0,3,81,6046
201708,999,16700,C,Charleston-North Charleston  SC ,475,475,127770,0,0,0,0,0,0,6,124,5949,235,235,77782,0,0,0,0,0,0,0,0,0
201708,999,16820, ,Charlottesville  VA ,60,60,18566,1,2,191,0,0,0,3,28,3332,0,0,0,0,0,0,0,0,0,0,0,0
201708,999,16940, ,Cheyenne  WY ,28,28,2351,0,0,0,0,0,0,0,0,0,28,28,2351,0,0,0,0,0,0,0,0,0
201708,999,17020, ,Chico  CA ,18,18,4073,3,6,825,0,0,0,0,0,0,18,18,4073,3,6,825,0,0,0,0,0,0
201708,999,17300,C,Clarksville  TN-KY ,152,152,21570,0,0,0,0,0,0,2,12,864,150,150,21427,0,0,0,0,0,0,2,12,864
201708,999,17780, ,College Station-Bryan  TX ,50,50,11345,2,4,452,4,16,1000,23,651,65918,50,50,11345,2,4,452,4,16,1000,23,651,65918
201708,999,17820,C,Colorado Springs  CO ,345,345,134743,0,0,0,0,0,0,1,180,17410,345,345,134743,0,0,0,0,0,0,1,180,17410
201708,999,18880,C,Crestview-Fort Walton Beach-Destin  FL ,215,215,59332,0,0,0,0,0,0,0,0,0,211,211,58762,0,0,0,0,0,0,0,0,0
201708,999,19060, ,Cumberland  MD-WV ,3,3,694,0,0,0,0,0,0,0,0,0,3,3,694,0,0,0,0,0,0,0,0,0
201708,999,19180, ,Danville  IL ,0,0,0,0,0,0,0,0,0,0,0,0,0,0,0,0,0,0,0,0,0,0,0,0
201708,999,19500, ,Decatur  IL ,8,8,2031,0,0,0,0,0,0,0,0,0,8,8,2031,0,0,0,0,0,0,0,0,0
201708,999,20220, ,Dubuque  IA ,7,7,2083,0,0,0,0,0,0,0,0,0,7,7,2083,0,0,0,0,0,0,0,0,0
201708,999,20260, ,Duluth  MN-WI ,13,13,3189,0,0,0,0,0,0,0,0,0,12,12,3002,0,0,0,0,0,0,0,0,0
201708,999,20940, ,El Centro  CA ,15,15,3567,0,0,0,0,0,0,0,0,0,15,15,3567,0,0,0,0,0,0,0,0,0
201708,999,21420, ,Enid  OK ,5,5,790,0,0,0,0,0,0,0,0,0,5,5,790,0,0,0,0,0,0,0,0,0
201708,999,21660, ,Eugene  OR ,70,70,16226,2,4,725,0,0,0,0,0,0,38,38,8450,2,4,725,0,0,0,0,0,0
201708,999,21780, ,Evansville  IN-KY ,50,50,12479,1,2,235,0,0,0,0,0,0,50,50,12479,1,2,235,0,0,0,0,0,0
201708,999,21820,C,Fairbanks  AK ,0,0,0,0,0,0,0,0,0,0,0,0,0,0,0,0,0,0,0,0,0,0,0,0
201708,999,22140,C,Farmington  NM ,10,10,2390,0,0,0,0,0,0,0,0,0,5,5,1089,0,0,0,0,0,0,0,0,0
201708,999,22220, ,Fayetteville-Springdale-Rogers  AR-MO ,308,308,80186,5,10,834,0,0,0,11,130,17491,251,251,70726,5,10,834,0,0,0,9,120,16775
201708,999,22380, ,Flagstaff  AZ ,31,31,6968,0,0,0,0,0,0,0,0,0,16,16,3361,0,0,0,0,0,0,0,0,0
201708,999,22500, ,Florence  SC ,32,32,5126,1,2,135,0,0,0,0,0,0,0,0,0,0,0,0,0,0,0,0,0,0
201708,999,22520, ,Florence-Muscle Shoals  AL ,20,20,2414,0,0,0,0,0,0,0,0,0,9,9,1114,0,0,0,0,0,0,0,0,0
201708,999,22540, ,Fond du Lac  WI ,8,8,2200,0,0,0,0,0,0,1,5,682,4,4,1333,0,0,0,0,0,0,0,0,0
201708,999,22660,C,Fort Collins  CO ,123,123,33980,4,8,2202,1,4,683,9,243,33841,120,120,33154,4,8,2202,1,4,683,9,243,33841
201708,999,22900, ,Fort Smith  AR-OK ,44,44,8436,5,10,2107,0,0,0,0,0,0,37,37,7308,5,10,2107,0,0,0,0,0,0
201708,999,23460, ,Gadsden  AL ,5,5,646,0,0,0,0,0,0,0,0,0,0,0,0,0,0,0,0,0,0,0,0,0
201708,999,24220, ,Grand Forks  ND-MN ,10,10,2279,0,0,0,0,0,0,0,0,0,10,10,2279,0,0,0,0,0,0,0,0,0
201708,999,24260, ,Grand Island  NE ,11,11,1806,0,0,0,1,4,383,0,0,0,11,11,1806,0,0,0,1,4,383,0,0,0
201708,999,24300,C,Grand Junction  CO ,64,64,10665,1,2,182,0,0,0,0,0,0,64,64,10665,1,2,182,0,0,0,0,0,0
201708,999,24500, ,Great Falls  MT ,18,18,4911,0,0,0,0,0,0,0,0,0,18,18,4911,0,0,0,0,0,0,0,0,0
201708,999,25060, ,Gulfport-Biloxi-Pascagoula  MS ,156,156,25742,0,0,0,0,0,0,1,9,762,86,86,15212,0,0,0,0,0,0,0,0,0
201708,999,25620, ,Hattiesburg  MS ,0,0,0,0,0,0,0,0,0,0,0,0,0,0,0,0,0,0,0,0,0,0,0,0
201708,999,25940, ,Hilton Head Island-Bluffton-Beaufort  SC ,111,111,38813,0,0,0,0,0,0,0,0,0,111,111,38813,0,0,0,0,0,0,0,0,0
201708,999,26140, ,Homosassa Springs  FL ,36,36,7718,1,2,44,0,0,0,1,11,739,0,0,0,0,0,0,0,0,0,0,0,0
201708,999,26380, ,Houma-Thibodaux  LA ,39,39,7515,1,2,300,0,0,0,0,0,0,39,39,7515,1,2,300,0,0,0,0,0,0
201708,999,27100, ,Jackson  MI ,0,0,0,0,0,0,0,0,0,0,0,0,0,0,0,0,0,0,0,0,0,0,0,0
201708,999,27340,C,Jacksonville  NC ,82,82,10509,0,0,0,0,0,0,1,6,360,82,82,10509,0,0,0,0,0,0,1,6,360
201708,999,27980,C,Kahului-Wailuku-Lahaina  HI ,19,19,4163,15,30,7679,0,0,0,0,0,0,19,19,4163,15,30,7679,0,0,0,0,0,0
201708,999,28420,C,Kennewick-Richland  WA ,137,137,37446,3,6,1013,0,0,0,2,75,7074,33,33,8022,0,0,0,0,0,0,1,48,4531
201708,999,28660,C,Killeen-Temple  TX ,178,178,30266,7,14,1357,0,0,0,10,188,10985,171,171,28892,7,14,1357,0,0,0,10,188,10985
201708,999,29100, ,La Crosse-Onalaska  WI-MN ,18,18,5136,1,2,217,0,0,0,0,0,0,9,9,2668,0,0,0,0,0,0,0,0,0
201708,999,29460, ,Lakeland-Winter Haven  FL ,376,376,63279,0,0,0,0,0,0,0,0,0,376,376,63279,0,0,0,0,0,0,0,0,0
201708,999,29540, ,Lancaster  PA ,12,12,1768,0,0,0,0,0,0,0,0,0,9,9,1154,0,0,0,0,0,0,0,0,0
201708,999,29700, ,Laredo  TX ,94,94,19194,1,2,142,0,0,0,2,16,1606,0,0,0,0,0,0,0,0,0,0,0,0
201708,999,30020, ,Lawton  OK ,8,8,1567,0,0,0,0,0,0,0,0,0,4,4,690,0,0,0,0,0,0,0,0,0
201708,999,30300, ,Lewiston  ID-WA ,0,0,0,0,0,0,0,0,0,0,0,0,0,0,0,0,0,0,0,0,0,0,0,0
201708,999,30860, ,Logan  UT-ID ,13,13,2487,0,0,0,0,0,0,0,0,0,11,11,2059,0,0,0,0,0,0,0,0,0
201708,999,31340, ,Lynchburg  VA ,11,11,1275,0,0,0,0,0,0,0,0,0,11,11,1275,0,0,0,0,0,0,0,0,0
201708,999,33540,C,Missoula  MT ,37,37,7823,2,4,292,0,0,0,2,30,3510,37,37,7823,2,4,292,0,0,0,2,30,3510
201708,999,33860, ,Montgomery  AL ,70,70,13809,0,0,0,0,0,0,0,0,0,70,70,13809,0,0,0,0,0,0,0,0,0
201708,999,36100, ,Ocala  FL ,157,157,38084,0,0,0,0,0,0,11,184,15615,157,157,38084,0,0,0,0,0,0,11,184,15615
201708,999,36980, ,Owensboro  KY ,16,16,1643,0,0,0,0,0,0,0,0,0,16,16,1643,0,0,0,0,0,0,0,0,0
201708,999,37340, ,Palm Bay-Melbourne-Titusville  FL ,189,189,63701,0,0,0,2,8,1521,6,150,10633,189,189,63701,0,0,0,2,8,1521,6,150,10633
201708,999,37460, ,Panama City  FL ,61,61,16813,0,0,0,0,0,0,0,0,0,16,16,5708,0,0,0,0,0,0,0,0,0
201708,999,38060,C,Phoenix-Mesa-Scottsdale  AZ ,1954,1954,502374,20,40,6358,13,44,8139,26,1156,168209,1932,1932,490187,20,40,6358,12,41,6592,25,1151,167452
201708,999,38340, ,Pittsfield  MA ,0,0,0,0,0,0,0,0,0,0,0,0,0,0,0,0,0,0,0,0,0,0,0,0
201708,999,38540, ,Pocatello  ID ,21,21,2448,0,0,0,0,0,0,0,0,0,17,17,1682,0,0,0,0,0,0,0,0,0
201708,999,39140, ,Prescott  AZ ,108,108,29906,1,2,246,0,0,0,0,0,0,108,108,29906,1,2,246,0,0,0,0,0,0
201708,999,40060, ,Richmond  VA ,473,473,97448,0,0,0,8,30,3783,3,215,8031,461,461,96604,0,0,0,8,30,3783,3,215,8031
201708,999,41100, ,St. George  UT ,171,171,31114,7,14,1097,4,15,1296,2,32,2118,171,171,31114,7,14,1097,4,15,1296,2,32,2118
201708,999,41500, ,Salinas  CA ,36,36,9818,0,0,0,0,0,0,0,0,0,35,35,9622,0,0,0,0,0,0,0,0,0
201708,999,41540, ,Salisbury  MD-DE ,244,244,35621,6,12,1897,1,3,450,3,43,3564,241,241,35094,6,12,1897,1,3,450,3,43,3564
201708,999,41660,C,San Angelo  TX ,21,21,4258,0,0,0,0,0,0,0,0,0,21,21,4258,0,0,0,0,0,0,0,0,0
201708,999,41700,C,San Antonio-New Braunfels  TX ,634,634,147457,7,14,1486,0,0,0,14,94,8581,557,557,132663,7,14,1486,0,0,0,12,60,5092
201708,999,41740,C,San Diego-Carlsbad  CA ,269,269,84702,1,2,885,9,30,3274,12,162,25693,267,267,84269,1,2,885,9,30,3274,11,152,20258
201708,999,42020, ,San Luis Obispo-Paso Robles-Arroyo Grande  CA ,34,34,12888,0,0,0,1,3,603,1,17,1789,0,0,0,0,0,0,0,0,0,0,0,0
201708,999,42200, ,Santa Maria-Santa Barbara  CA ,17,17,14399,0,0,0,0,0,0,1,6,522,17,17,14399,0,0,0,0,0,0,1,6,522
201708,999,42540, ,Scranton--Wilkes-Barre--Hazleton  PA ,7,7,1419,0,0,0,1,4,700,0,0,0,3,3,456,0,0,0,1,4,700,0,0,0
201708,999,43100, ,Sheboygan  WI ,0,0,0,0,0,0,0,0,0,0,0,0,0,0,0,0,0,0,0,0,0,0,0,0
201708,999,43340, ,Shreveport-Bossier City  LA ,85,85,17702,0,0,0,0,0,0,0,0,0,84,84,17545,0,0,0,0,0,0,0,0,0
201708,999,43420, ,Sierra Vista-Douglas  AZ ,18,18,3441,0,0,0,0,0,0,0,0,0,17,17,3359,0,0,0,0,0,0,0,0,0
201708,999,43620, ,Sioux Falls  SD ,165,165,29693,1,2,205,1,4,312,9,81,7990,165,165,29693,1,2,205,1,4,312,9,81,7990
201708,999,44940,C,Sumter  SC ,24,24,3510,0,0,0,0,0,0,1,5,533,0,0,0,0,0,0,0,0,0,0,0,0
201708,999,45300,C,Tampa-St. Petersburg-Clearwater  FL ,1179,1179,322566,2,4,607,0,0,0,9,282,44517,1166,1166,319272,2,4,607,0,0,0,6,237,41035
201708,999,45460, ,Terre Haute  IN ,3,3,400,2,4,345,0,0,0,1,29,1830,0,0,0,0,0,0,0,0,0,0,0,0
201708,999,45500, ,Texarkana  TX-AR ,4,4,596,0,0,0,0,0,0,0,0,0,0,0,0,0,0,0,0,0,0,0,0,0
201708,999,45820, ,Topeka  KS ,21,21,4632,0,0,0,0,0,0,0,0,0,21,21,4632,0,0,0,0,0,0,0,0,0
201708,999,46220, ,Tuscaloosa  AL ,40,40,10849,1,2,568,1,3,431,7,82,8086,9,9,2279,0,0,0,0,0,0,0,0,0
201708,999,46520,C,Urban Honolulu  HI ,73,73,30575,0,0,0,0,0,0,0,0,0,73,73,30575,0,0,0,0,0,0,0,0,0
201708,999,46540, ,Utica-Rome  NY ,1,1,105,0,0,0,0,0,0,0,0,0,1,1,105,0,0,0,0,0,0,0,0,0
201708,999,46660, ,Valdosta  GA ,85,85,17855,0,0,0,0,0,0,0,0,0,41,41,10477,0,0,0,0,0,0,0,0,0
201708,999,47380, ,Waco  TX ,52,52,10824,1,2,300,0,0,0,0,0,0,52,52,10824,1,2,300,0,0,0,0,0,0
201708,999,47460, ,Walla Walla  WA ,12,12,2986,0,0,0,0,0,0,0,0,0,3,3,865,0,0,0,0,0,0,0,0,0
201708,999,47940, ,Waterloo-Cedar Falls  IA ,16,16,3510,0,0,0,0,0,0,1,7,826,0,0,0,0,0,0,0,0,0,0,0,0
201708,999,48060, ,Watertown-Fort Drum  NY ,9,9,1070,0,0,0,0,0,0,0,0,0,0,0,0,0,0,0,0,0,0,0,0,0
201708,999,48300, ,Wenatchee  WA ,53,53,11096,0,0,0,0,0,0,0,0,0,53,53,11096,0,0,0,0,0,0,0,0,0
201708,999,48540, ,Wheeling  WV-OH ,0,0,0,0,0,0,0,0,0,0,0,0,0,0,0,0,0,0,0,0,0,0,0,0
201708,999,48660, ,Wichita Falls  TX ,0,0,0,0,0,0,0,0,0,0,0,0,0,0,0,0,0,0,0,0,0,0,0,0
201708,999,48900, ,Wilmington  NC ,144,144,43021,0,0,0,0,0,0,5,72,12583,144,144,43021,0,0,0,0,0,0,5,72,12583
201708,999,49420, ,Yakima  WA ,27,27,5925,0,0,0,0,0,0,0,0,0,27,27,5925,0,0,0,0,0,0,0,0,0
201708,999,49740, ,Yuma  AZ ,92,92,15628,0,0,0,0,0,0,6,58,7866,72,72,12708,0,0,0,0,0,0,6,58,7866
