Survey,CSA,CBSA,MONCOV,CBSA,,1-unit,,,2-units,,,3-4 units,,,5+ units,,,1-unit rep,,,2-units rep,,,3-4 units rep,,,5+ units rep
Date,Code,Code,,Name,Bldgs,Units,Value,Bldgs,Units,Value,Bldgs,Units,Value,Bldgs,Units,Value,Bldgs,Units,Value,Bldgs,Units,Value,      Bldgs,Units,Value,Bldgs,Units,Value
 
201811,104,10580,C,Albany-Schenectady-Troy  NY ,111,111,31960,3,6,1160,0,0,0,4,35,3297,87,87,25139,2,4,610,0,0,0,1,14,750
201811,104,24020, ,Glens Falls  NY ,14,14,3456,0,0,0,0,0,0,0,0,0,8,8,1849,0,0,0,0,0,0,0,0,0
201811,106,10740,C,Albuquerque  NM ,137,137,32219,0,0,0,1,3,252,1,7,292,88,88,21397,0,0,0,0,0,0,0,0,0
201811,106,42140,C,Santa Fe  NM ,22,22,8411,0,0,0,0,0,0,1,5,107,22,22,8411,0,0,0,0,0,0,1,5,107
201811,108,11100, ,Amarillo  TX ,25,25,5840,0,0,0,0,0,0,0,0,0,25,25,5840,0,0,0,0,0,0,0,0,0
201811,118,11540, ,Appleton  WI ,24,24,6685,4,8,940,0,0,0,0,0,0,24,24,6685,4,8,940,0,0,0,0,0,0
201811,118,36780, ,Oshkosh-Neenah  WI ,9,9,1533,0,0,0,0,0,0,1,8,640,6,6,1115,0,0,0,0,0,0,1,8,640
201811,120,11700, ,Asheville  NC ,146,146,39848,0,0,0,0,0,0,3,60,4412,50,50,12137,0,0,0,0,0,0,0,0,0
201811,122,12020, ,Athens-Clarke County  GA ,30,30,7454,0,0,0,0,0,0,0,0,0,30,30,7454,0,0,0,0,0,0,0,0,0
201811,122,12060, ,Atlanta-Sandy Springs-Roswell  GA ,1803,1803,398406,4,8,800,0,0,0,21,1662,231991,1598,1598,361623,4,8,800,0,0,0,19,1642,230520
201811,122,23580, ,Gainesville  GA ,59,59,10975,2,4,560,0,0,0,0,0,0,59,59,10975,2,4,560,0,0,0,0,0,0
201811,140,13460,C,Bend-Redmond  OR ,160,160,41525,5,10,904,0,0,0,2,22,2929,160,160,41525,5,10,904,0,0,0,2,22,2929
201811,142,13820,C,Birmingham-Hoover  AL ,220,220,58007,0,0,0,0,0,0,0,0,0,129,129,37734,0,0,0,0,0,0,0,0,0
201811,144,14020,C,Bloomington  IN ,23,23,5936,1,2,239,0,0,0,1,19,2205,4,4,1034,0,0,0,0,0,0,0,0,0
201811,145,14010, ,Bloomington  IL ,2,2,358,0,0,0,0,0,0,0,0,0,2,2,358,0,0,0,0,0,0,0,0,0
201811,146,14100,C,Bloomsburg-Berwick  PA ,7,7,1877,0,0,0,0,0,0,5,35,3568,4,4,558,0,0,0,0,0,0,4,30,3120
201811,147,14260,C,Boise City  ID ,561,561,133958,5,10,1731,3,12,1200,17,107,10350,542,542,129999,4,8,1368,3,12,1200,17,107,10350
201811,148,12700, ,Barnstable Town  MA ,9,9,3968,0,0,0,0,0,0,0,0,0,9,9,3968,0,0,0,0,0,0,0,0,0
201811,148,14460,C,Boston-Cambridge-Newton  MA-NH ,340,340,107803,16,32,5919,12,43,9146,25,504,97514,211,211,68786,8,16,3415,10,37,8125,7,350,72594
201811,148,31700, ,Manchester-Nashua  NH ,33,33,6825,1,2,263,0,0,0,1,5,631,7,7,2455,0,0,0,0,0,0,0,0,0
201811,148,39300,C,Providence-Warwick  RI-MA ,130,130,31225,2,4,459,0,0,0,1,5,611,70,70,16736,0,0,0,0,0,0,0,0,0
201811,148,49340, ,Worcester  MA-CT ,10,10,2001,0,0,0,0,0,0,1,10,179,6,6,1236,0,0,0,0,0,0,0,0,0
201811,150,14540, ,Bowling Green  KY ,31,31,7329,10,20,1260,0,0,0,12,96,6300,31,31,7329,10,20,1260,0,0,0,12,96,6300
201811,154,15180, ,Brownsville-Harlingen  TX ,61,61,6416,0,0,0,0,0,0,0,0,0,17,17,1484,0,0,0,0,0,0,0,0,0
201811,160,15380,C,Buffalo-Cheektowaga-Niagara Falls  NY ,100,100,26972,1,2,350,0,0,0,2,24,4981,82,82,22128,1,2,350,0,0,0,1,6,952
201811,162,15980,C,Cape Coral-Fort Myers  FL ,442,442,108107,11,22,3692,1,4,1290,6,264,29738,442,442,108107,11,22,3692,1,4,1290,6,264,29738
201811,162,34940, ,Naples-Immokalee-Marco Island  FL ,247,247,62419,1,2,175,0,0,0,3,48,42000,247,247,62419,1,2,175,0,0,0,3,48,42000
201811,164,16020, ,Cape Girardeau  MO-IL ,0,0,0,0,0,0,0,0,0,0,0,0,0,0,0,0,0,0,0,0,0,0,0,0
201811,168,16300, ,Cedar Rapids  IA ,26,26,3548,0,0,0,0,0,0,0,0,0,26,26,3548,0,0,0,0,0,0,0,0,0
201811,168,26980, ,Iowa City  IA ,18,18,7176,0,0,0,2,6,1132,1,53,11040,17,17,7038,0,0,0,2,6,1132,1,53,11040
201811,170,16620, ,Charleston  WV ,18,18,2618,0,0,0,0,0,0,1,6,379,16,16,2271,0,0,0,0,0,0,0,0,0
201811,170,26580, ,Huntington-Ashland  WV-KY-OH ,14,14,2723,0,0,0,0,0,0,0,0,0,2,2,442,0,0,0,0,0,0,0,0,0
201811,172,16740, ,Charlotte-Concord-Gastonia  NC-SC ,1019,1019,264059,1,2,176,3,11,3004,9,474,78433,732,732,172214,1,2,176,2,8,2344,7,441,74989
201811,174,16860, ,Chattanooga  TN-GA ,129,129,23580,1,2,223,2,8,600,1,67,8131,90,90,15725,0,0,0,2,8,600,0,0,0
201811,174,17420, ,Cleveland  TN ,22,22,3723,0,0,0,1,3,230,0,0,0,8,8,1202,0,0,0,1,3,230,0,0,0
201811,176,16980, ,Chicago-Naperville-Elgin  IL-IN-WI ,683,683,179955,15,30,5895,14,49,9575,31,1249,121888,578,578,151678,14,28,5811,14,49,9575,24,1153,107715
201811,176,28100, ,Kankakee  IL ,2,2,995,0,0,0,0,0,0,0,0,0,2,2,995,0,0,0,0,0,0,0,0,0
201811,176,33140, ,Michigan City-La Porte  IN ,13,13,3797,0,0,0,0,0,0,0,0,0,13,13,3797,0,0,0,0,0,0,0,0,0
201811,178,17140, ,Cincinnati  OH-KY-IN ,286,286,68761,0,0,0,0,0,0,3,20,1563,193,193,46575,0,0,0,0,0,0,0,0,0
201811,184,10420, ,Akron  OH ,54,54,21782,0,0,0,0,0,0,0,0,0,54,54,21782,0,0,0,0,0,0,0,0,0
201811,184,15940, ,Canton-Massillon  OH ,25,25,5791,0,0,0,1,3,154,1,5,384,21,21,5325,0,0,0,0,0,0,0,0,0
201811,184,17460, ,Cleveland-Elyria  OH ,211,211,53574,3,6,579,0,0,0,2,10,537,166,166,47044,1,2,325,0,0,0,1,5,380
201811,190,17860,C,Columbia  MO ,39,39,8930,0,0,0,0,0,0,1,65,8719,11,11,2134,0,0,0,0,0,0,0,0,0
201811,192,17900,C,Columbia  SC ,320,320,58922,0,0,0,0,0,0,2,38,2145,74,74,13095,0,0,0,0,0,0,0,0,0
201811,194,12220,C,Auburn-Opelika  AL ,89,89,22757,1,2,211,0,0,0,1,37,9674,45,45,10131,0,0,0,0,0,0,0,0,0
201811,194,17980, ,Columbus  GA-AL ,48,48,9319,0,0,0,0,0,0,1,14,2453,24,24,4632,0,0,0,0,0,0,0,0,0
201811,198,18140, ,Columbus  OH ,339,339,92585,7,14,2332,9,36,5828,31,480,41611,314,314,86596,7,14,2332,9,36,5828,29,464,40036
201811,204,18580, ,Corpus Christi  TX ,72,72,13229,0,0,0,0,0,0,1,6,235,15,15,3390,0,0,0,0,0,0,1,6,235
201811,206,19100, ,Dallas-Fort Worth-Arlington  TX ,2628,2628,693180,9,18,3414,18,70,7850,42,2204,197112,2093,2093,515331,9,18,3414,18,70,7850,39,2127,190935
201811,209,19340, ,Davenport-Moline-Rock Island  IA-IL ,18,18,4353,0,0,0,0,0,0,1,15,1764,5,5,904,0,0,0,0,0,0,0,0,0
201811,212,19380, ,Dayton  OH ,68,68,21644,0,0,0,0,0,0,0,0,0,45,45,16318,0,0,0,0,0,0,0,0,0
201811,212,44220, ,Springfield  OH ,9,9,2680,0,0,0,0,0,0,1,18,2061,9,9,2680,0,0,0,0,0,0,1,18,2061
201811,216,14500, ,Boulder  CO ,53,53,21823,0,0,0,0,0,0,9,113,17690,26,26,11898,0,0,0,0,0,0,5,61,10242
201811,216,19740,C,Denver-Aurora-Lakewood  CO ,854,854,232363,4,8,982,3,11,1834,15,1290,198561,844,844,229528,4,8,982,3,11,1834,15,1290,198561
201811,216,24540, ,Greeley  CO ,180,180,49615,1,2,381,5,19,2261,2,15,1168,78,78,21689,1,2,381,1,4,620,0,0,0
201811,218,11180, ,Ames  IA ,8,8,3150,0,0,0,0,0,0,0,0,0,8,8,3150,0,0,0,0,0,0,0,0,0
201811,218,19780, ,Des Moines-West Des Moines  IA ,243,243,60990,0,0,0,0,0,0,4,120,15897,220,220,55712,0,0,0,0,0,0,4,120,15897
201811,220,11460, ,Ann Arbor  MI ,22,22,5805,1,2,306,0,0,0,0,0,0,11,11,3018,0,0,0,0,0,0,0,0,0
201811,220,19820, ,Detroit-Warren-Dearborn  MI ,429,429,130328,0,0,0,2,7,1211,8,95,15037,343,343,107588,0,0,0,1,4,973,6,74,13209
201811,220,22420, ,Flint  MI ,11,11,2935,0,0,0,0,0,0,0,0,0,0,0,0,0,0,0,0,0,0,0,0,0
201811,220,33780, ,Monroe  MI ,0,0,0,0,0,0,0,0,0,0,0,0,0,0,0,0,0,0,0,0,0,0,0,0
201811,222,20020, ,Dothan  AL ,8,8,2516,0,0,0,0,0,0,0,0,0,6,6,2053,0,0,0,0,0,0,0,0,0
201811,232,20740, ,Eau Claire  WI ,22,22,6455,5,10,1830,0,0,0,1,5,283,21,21,6286,5,10,1830,0,0,0,0,0,0
201811,236,21300, ,Elmira  NY ,0,0,0,0,0,0,0,0,0,0,0,0,0,0,0,0,0,0,0,0,0,0,0,0
201811,238,21340,C,El Paso  TX ,165,165,36014,2,4,387,4,16,1767,3,69,7982,1,1,140,0,0,0,0,0,0,0,0,0
201811,238,29740,C,Las Cruces  NM ,65,65,15873,0,0,0,0,0,0,0,0,0,65,65,15873,0,0,0,0,0,0,0,0,0
201811,240,21500, ,Erie  PA ,3,3,691,0,0,0,0,0,0,3,19,1605,2,2,429,0,0,0,0,0,0,3,19,1605
201811,244,22020, ,Fargo  ND-MN ,42,42,11034,0,0,0,0,0,0,1,16,1500,41,41,10684,0,0,0,0,0,0,1,16,1500
201811,246,22180,C,Fayetteville  NC ,50,50,9767,2,4,486,0,0,0,0,0,0,50,50,9767,2,4,486,0,0,0,0,0,0
201811,258,23060, ,Fort Wayne  IN ,98,98,25704,6,12,600,0,0,0,0,0,0,98,98,25704,6,12,600,0,0,0,0,0,0
201811,260,23420,C,Fresno  CA ,116,116,30759,4,8,1699,1,3,124,7,53,5247,60,60,15063,0,0,0,0,0,0,0,0,0
201811,260,31460, ,Madera  CA ,33,33,9777,0,0,0,0,0,0,0,0,0,33,33,9777,0,0,0,0,0,0,0,0,0
201811,264,23540, ,Gainesville  FL ,37,37,10110,0,0,0,0,0,0,1,124,4222,28,28,8919,0,0,0,0,0,0,0,0,0
201811,266,24340, ,Grand Rapids-Wyoming  MI ,125,125,34906,5,10,1747,0,0,0,6,48,6040,88,88,27129,5,10,1747,0,0,0,5,38,5000
201811,266,34740, ,Muskegon  MI ,1,1,230,0,0,0,0,0,0,0,0,0,0,0,0,0,0,0,0,0,0,0,0,0
201811,267,24580, ,Green Bay  WI ,35,35,9085,1,2,270,0,0,0,2,19,1436,21,21,4767,1,2,270,0,0,0,1,14,951
201811,268,15500, ,Burlington  NC ,42,42,8270,0,0,0,0,0,0,0,0,0,42,42,8270,0,0,0,0,0,0,0,0,0
201811,268,24660,C,Greensboro-High Point  NC ,140,140,31792,0,0,0,0,0,0,0,0,0,117,117,28813,0,0,0,0,0,0,0,0,0
201811,268,49180, ,Winston-Salem  NC ,275,275,42066,0,0,0,0,0,0,1,8,361,264,264,39431,0,0,0,0,0,0,0,0,0
201811,273,24860, ,Greenville-Anderson-Mauldin  SC ,340,340,87299,1,2,48,0,0,0,7,149,6155,327,327,84316,1,2,48,0,0,0,4,126,3780
201811,273,43900, ,Spartanburg  SC ,178,178,28611,0,0,0,0,0,0,0,0,0,178,178,28611,0,0,0,0,0,0,0,0,0
201811,274,24780, ,Greenville  NC ,37,37,6622,12,24,2834,0,0,0,0,0,0,37,37,6622,12,24,2834,0,0,0,0,0,0
201811,276,23900,C,Gettysburg  PA ,19,19,3886,0,0,0,0,0,0,0,0,0,0,0,0,0,0,0,0,0,0,0,0,0
201811,276,25420,C,Harrisburg-Carlisle  PA ,78,78,14349,0,0,0,1,4,780,1,8,728,54,54,9240,0,0,0,1,4,780,1,8,728
201811,276,30140, ,Lebanon  PA ,13,13,2711,0,0,0,0,0,0,0,0,0,13,13,2711,0,0,0,0,0,0,0,0,0
201811,276,49620, ,York-Hanover  PA ,8,8,1530,0,0,0,0,0,0,0,0,0,7,7,1293,0,0,0,0,0,0,0,0,0
201811,277,25500,C,Harrisonburg  VA ,59,59,16398,0,0,0,0,0,0,0,0,0,59,59,16398,0,0,0,0,0,0,0,0,0
201811,277,44420, ,Staunton-Waynesboro  VA ,15,15,3711,0,0,0,0,0,0,1,48,5600,15,15,3711,0,0,0,0,0,0,1,48,5600
201811,278,25540,C,Hartford-West Hartford-East Hartford  CT ,60,60,10574,1,2,160,0,0,0,6,43,4491,44,44,7127,1,2,160,0,0,0,0,0,0
201811,278,35980, ,Norwich-New London  CT ,14,14,3340,1,2,292,0,0,0,2,16,1456,9,9,2449,0,0,0,0,0,0,2,16,1456
201811,280,25860, ,Hickory-Lenoir-Morganton  NC ,1,1,151,0,0,0,0,0,0,1,5,279,0,0,0,0,0,0,0,0,0,0,0,0
201811,284,26300, ,Hot Springs  AR ,3,3,775,0,0,0,0,0,0,0,0,0,3,3,775,0,0,0,0,0,0,0,0,0
201811,288,26420, ,Houston-The Woodlands-Sugar Land  TX ,2888,2888,514234,18,36,4333,0,0,0,52,2543,235489,2144,2144,455105,16,32,3864,0,0,0,50,2531,234943
201811,290,19460, ,Decatur  AL ,12,12,2492,0,0,0,0,0,0,0,0,0,12,12,2492,0,0,0,0,0,0,0,0,0
201811,290,26620,C,Huntsville  AL ,213,213,26748,0,0,0,0,0,0,0,0,0,213,213,26748,0,0,0,0,0,0,0,0,0
201811,292,26820, ,Idaho Falls  ID ,85,85,18117,0,0,0,4,16,1003,0,0,0,84,84,18019,0,0,0,4,16,1003,0,0,0
201811,294,18020, ,Columbus  IN ,9,9,1407,0,0,0,0,0,0,0,0,0,9,9,1407,0,0,0,0,0,0,0,0,0
201811,294,26900, ,Indianapolis-Carmel-Anderson  IN ,539,539,160134,3,6,743,0,0,0,2,49,10000,532,532,158914,2,4,543,0,0,0,2,49,10000
201811,294,34620, ,Muncie  IN ,0,0,0,0,0,0,0,0,0,0,0,0,0,0,0,0,0,0,0,0,0,0,0,0
201811,296,27060, ,Ithaca  NY ,1,1,256,0,0,0,0,0,0,0,0,0,0,0,0,0,0,0,0,0,0,0,0,0
201811,297,27180, ,Jackson  TN ,10,10,2445,0,0,0,0,0,0,0,0,0,10,10,2445,0,0,0,0,0,0,0,0,0
201811,298,27140, ,Jackson  MS ,106,106,23635,1,2,543,0,0,0,0,0,0,22,22,7064,0,0,0,0,0,0,0,0,0
201811,300,27260,C,Jacksonville  FL ,726,726,179141,4,8,1348,5,16,2369,22,1244,137155,626,626,149492,4,8,1348,5,16,2369,21,1239,136003
201811,304,27740, ,Johnson City  TN ,4,4,940,0,0,0,0,0,0,0,0,0,4,4,940,0,0,0,0,0,0,0,0,0
201811,304,28700, ,Kingsport-Bristol-Bristol  TN-VA ,1,1,207,0,0,0,0,0,0,0,0,0,0,0,0,0,0,0,0,0,0,0,0,0
201811,306,27780, ,Johnstown  PA ,1,1,262,0,0,0,0,0,0,0,0,0,0,0,0,0,0,0,0,0,0,0,0,0
201811,308,27860, ,Jonesboro  AR ,28,28,4579,15,30,1375,4,14,734,1,8,526,1,1,205,12,24,960,0,0,0,0,0,0
201811,309,27900, ,Joplin  MO ,16,16,2224,4,8,901,0,0,0,0,0,0,15,15,2098,4,8,901,0,0,0,0,0,0
201811,310,12980, ,Battle Creek  MI ,0,0,0,0,0,0,0,0,0,0,0,0,0,0,0,0,0,0,0,0,0,0,0,0
201811,310,28020, ,Kalamazoo-Portage  MI ,8,8,2717,0,0,0,0,0,0,0,0,0,7,7,2346,0,0,0,0,0,0,0,0,0
201811,312,28140, ,Kansas City  MO-KS ,364,364,106311,14,28,2074,2,7,1144,3,301,43890,293,293,84747,13,26,1514,1,4,690,2,277,41862
201811,312,29940, ,Lawrence  KS ,56,56,13919,0,0,0,0,0,0,0,0,0,56,56,13919,0,0,0,0,0,0,0,0,0
201811,312,41140, ,St. Joseph  MO-KS ,0,0,0,0,0,0,0,0,0,0,0,0,0,0,0,0,0,0,0,0,0,0,0,0
201811,314,28940, ,Knoxville  TN ,255,255,56480,1,2,182,0,0,0,4,108,9198,106,106,23824,1,2,182,0,0,0,1,30,3172
201811,316,29020, ,Kokomo  IN ,3,3,611,0,0,0,0,0,0,0,0,0,3,3,611,0,0,0,0,0,0,0,0,0
201811,318,29180, ,Lafayette  LA ,125,125,25724,0,0,0,0,0,0,0,0,0,30,30,6849,0,0,0,0,0,0,0,0,0
201811,320,29200, ,Lafayette-West Lafayette  IN ,35,35,8055,0,0,0,0,0,0,1,10,977,4,4,560,0,0,0,0,0,0,0,0,0
201811,324,29340, ,Lake Charles  LA ,51,51,10549,1,2,200,0,0,0,0,0,0,16,16,3114,1,2,200,0,0,0,0,0,0
201811,330,29620, ,Lansing-East Lansing  MI ,7,7,1816,0,0,0,0,0,0,0,0,0,5,5,1505,0,0,0,0,0,0,0,0,0
201811,332,29420, ,Lake Havasu City-Kingman  AZ ,64,64,13775,3,6,689,1,3,256,0,0,0,64,64,13775,3,6,689,1,3,256,0,0,0
201811,332,29820,C,Las Vegas-Henderson-Paradise  NV ,662,662,161555,7,14,1347,0,0,0,28,370,18932,662,662,161555,7,14,1347,0,0,0,28,370,18932
201811,336,30460,C,Lexington-Fayette  KY ,130,130,23860,0,0,0,1,3,420,1,61,4466,63,63,13230,0,0,0,0,0,0,0,0,0
201811,338,30620, ,Lima  OH ,2,2,375,0,0,0,0,0,0,0,0,0,2,2,375,0,0,0,0,0,0,0,0,0
201811,339,30700, ,Lincoln  NE ,81,81,16876,1,2,341,0,0,0,2,91,9557,8,8,1351,0,0,0,0,0,0,0,0,0
201811,340,30780, ,Little Rock-North Little Rock-Conway  AR ,134,134,24959,0,0,0,0,0,0,1,10,264,99,99,19600,0,0,0,0,0,0,0,0,0
201811,340,38220, ,Pine Bluff  AR ,1,1,124,0,0,0,0,0,0,0,0,0,0,0,0,0,0,0,0,0,0,0,0,0
201811,346,30980, ,Longview  TX ,10,10,1740,0,0,0,0,0,0,0,0,0,0,0,0,0,0,0,0,0,0,0,0,0
201811,348,31080,C,Los Angeles-Long Beach-Anaheim  CA ,746,746,256784,61,122,23732,12,43,5844,43,1217,205148,648,648,210210,56,112,20888,9,34,4521,34,1124,186270
201811,348,37100, ,Oxnard-Thousand Oaks-Ventura  CA ,10,10,2445,0,0,0,1,4,631,3,43,5366,2,2,447,0,0,0,0,0,0,1,8,1222
201811,348,40140, ,Riverside-San Bernardino-Ontario  CA ,667,667,179542,3,6,1025,6,22,4289,12,327,42727,619,619,168595,3,6,1025,6,22,4289,8,298,40247
201811,350,21060, ,Elizabethtown-Fort Knox  KY ,26,26,5577,0,0,0,0,0,0,0,0,0,22,22,4964,0,0,0,0,0,0,0,0,0
201811,350,31140, ,Louisville-Jefferson County  KY-IN ,211,211,59578,0,0,0,0,0,0,3,81,9275,174,174,49549,0,0,0,0,0,0,3,81,9275
201811,352,31180, ,Lubbock  TX ,117,117,26191,0,0,0,0,0,0,9,79,8685,5,5,1526,0,0,0,0,0,0,0,0,0
201811,356,31420, ,Macon-Bibb County  GA ,15,15,2372,0,0,0,0,0,0,0,0,0,7,7,1099,0,0,0,0,0,0,0,0,0
201811,356,47580, ,Warner Robins  GA ,43,43,8556,0,0,0,0,0,0,0,0,0,43,43,8556,0,0,0,0,0,0,0,0,0
201811,357,27500, ,Janesville-Beloit  WI ,13,13,3283,0,0,0,0,0,0,0,0,0,12,12,3078,0,0,0,0,0,0,0,0,0
201811,357,31540, ,Madison  WI ,107,107,39766,1,2,360,1,4,600,3,64,7280,81,81,32047,0,0,0,1,4,600,1,9,1700
201811,358,31740, ,Manhattan  KS ,12,12,3237,0,0,0,0,0,0,0,0,0,12,12,3237,0,0,0,0,0,0,0,0,0
201811,359,31860, ,Mankato-North Mankato  MN ,14,14,2732,0,0,0,0,0,0,1,12,897,2,2,440,0,0,0,0,0,0,0,0,0
201811,365,32580,C,McAllen-Edinburg-Mission  TX ,202,202,34784,65,130,5890,6,24,1304,4,204,17704,182,182,32183,64,128,5788,6,24,1304,4,204,17704
201811,366,32780, ,Medford  OR ,39,39,8581,0,0,0,0,0,0,2,30,2540,39,39,8581,0,0,0,0,0,0,2,30,2540
201811,368,32820, ,Memphis  TN-MS-AR ,192,192,39203,0,0,0,0,0,0,0,0,0,182,182,37906,0,0,0,0,0,0,0,0,0
201811,370,33100, ,Miami-Fort Lauderdale-West Palm Beach  FL ,578,578,197499,8,16,2909,3,11,1931,44,1347,157299,503,503,174952,7,14,2446,2,7,1246,36,1159,122390
201811,370,38940, ,Port St. Lucie  FL ,229,229,47535,0,0,0,2,8,1671,4,24,3726,207,207,37007,0,0,0,1,4,630,4,24,3726
201811,370,42680, ,Sebastian-Vero Beach  FL ,100,100,41786,0,0,0,0,0,0,0,0,0,100,100,41786,0,0,0,0,0,0,0,0,0
201811,372,33260, ,Midland  TX ,123,123,41401,0,0,0,0,0,0,0,0,0,123,123,41401,0,0,0,0,0,0,0,0,0
201811,372,36220,C,Odessa  TX ,41,41,7948,0,0,0,0,0,0,0,0,0,41,41,7948,0,0,0,0,0,0,0,0,0
201811,376,33340,C,Milwaukee-Waukesha-West Allis  WI ,140,140,47460,3,6,1125,0,0,0,3,238,41700,114,114,37931,3,6,1125,0,0,0,1,177,38000
201811,376,39540, ,Racine  WI ,19,19,6544,2,4,630,0,0,0,0,0,0,19,19,6544,2,4,630,0,0,0,0,0,0
201811,378,33460, ,Minneapolis-St. Paul-Bloomington  MN-WI ,681,681,217617,2,4,990,0,0,0,8,662,140566,606,606,193323,1,2,390,0,0,0,6,628,135924
201811,378,41060, ,St. Cloud  MN ,1,1,260,0,0,0,0,0,0,0,0,0,0,0,0,0,0,0,0,0,0,0,0,0
201811,380,19300, ,Daphne-Fairhope-Foley  AL ,109,109,24222,1,2,189,0,0,0,0,0,0,27,27,9586,0,0,0,0,0,0,0,0,0
201811,380,33660, ,Mobile  AL ,49,49,10569,0,0,0,0,0,0,0,0,0,48,48,10495,0,0,0,0,0,0,0,0,0
201811,382,32900, ,Merced  CA ,19,19,4515,0,0,0,0,0,0,0,0,0,19,19,4515,0,0,0,0,0,0,0,0,0
201811,382,33700, ,Modesto  CA ,2,2,262,0,0,0,0,0,0,0,0,0,2,2,262,0,0,0,0,0,0,0,0,0
201811,384,33740, ,Monroe  LA ,22,22,5573,0,0,0,0,0,0,0,0,0,1,1,750,0,0,0,0,0,0,0,0,0
201811,390,34060, ,Morgantown  WV ,0,0,0,0,0,0,0,0,0,0,0,0,0,0,0,0,0,0,0,0,0,0,0,0
201811,396,34820, ,Myrtle Beach-Conway-North Myrtle Beach  SC-NC ,430,430,82272,1,2,305,0,0,0,5,96,8694,215,215,31194,0,0,0,0,0,0,0,0,0
201811,400,34980, ,Nashville-Davidson--Murfreesboro--Franklin  TN ,874,874,216287,2,4,600,1,3,304,3,433,46789,764,764,191614,2,4,600,0,0,0,2,419,45833
201811,406,25220, ,Hammond  LA ,57,57,8581,0,0,0,0,0,0,0,0,0,0,0,0,0,0,0,0,0,0,0,0,0
201811,406,35380, ,New Orleans-Metairie  LA ,184,184,42533,7,14,1579,0,0,0,3,20,3277,104,104,24575,0,0,0,0,0,0,2,10,816
201811,408,10900, ,Allentown-Bethlehem-Easton  PA-NJ ,20,20,3901,0,0,0,0,0,0,2,21,2075,16,16,2788,0,0,0,0,0,0,1,14,1822
201811,408,14860,C,Bridgeport-Stamford-Norwalk  CT ,66,66,37667,2,4,1040,0,0,0,1,7,4278,47,47,16807,2,4,1040,0,0,0,0,0,0
201811,408,20700, ,East Stroudsburg  PA ,8,8,2266,0,0,0,0,0,0,0,0,0,5,5,1397,0,0,0,0,0,0,0,0,0
201811,408,28740, ,Kingston  NY ,5,5,1182,0,0,0,0,0,0,1,5,1220,3,3,718,0,0,0,0,0,0,0,0,0
201811,408,35300, ,New Haven-Milford  CT ,20,20,3752,1,2,130,0,0,0,1,12,738,7,7,1681,1,2,130,0,0,0,0,0,0
201811,408,35620, ,New York-Newark-Jersey City  NY-NJ-PA ,833,833,246248,52,104,16798,19,61,5105,92,3281,399385,543,543,179316,44,88,14801,13,42,4136,49,2738,344098
201811,408,45940,C,Trenton  NJ ,15,15,2391,0,0,0,1,3,468,0,0,0,15,15,2391,0,0,0,0,0,0,0,0,0
201811,412,35840,C,North Port-Sarasota-Bradenton  FL ,500,500,128933,0,0,0,4,15,2473,4,279,26866,193,193,57660,0,0,0,0,0,0,1,222,22357
201811,412,39460, ,Punta Gorda  FL ,121,121,32336,4,8,1106,0,0,0,0,0,0,121,121,32336,4,8,1106,0,0,0,0,0,0
201811,416,36420,C,Oklahoma City  OK ,416,416,103201,3,6,756,0,0,0,0,0,0,386,386,97020,2,4,660,0,0,0,0,0,0
201811,420,36540, ,Omaha-Council Bluffs  NE-IA ,185,185,41990,0,0,0,0,0,0,13,300,17317,170,170,38559,0,0,0,0,0,0,12,294,17003
201811,422,19660, ,Deltona-Daytona Beach-Ormond Beach  FL ,191,191,56314,4,8,1252,0,0,0,0,0,0,181,181,53652,4,8,1252,0,0,0,0,0,0
201811,422,36740, ,Orlando-Kissimmee-Sanford  FL ,1275,1275,300225,18,36,4669,1,4,637,28,778,79450,1127,1127,258122,18,36,4669,1,4,637,22,712,73687
201811,422,45540,C,The Villages  FL ,205,205,58859,0,0,0,0,0,0,0,0,0,205,205,58859,0,0,0,0,0,0,0,0,0
201811,425,37620, ,Parkersburg-Vienna  WV ,3,3,638,0,0,0,0,0,0,0,0,0,3,3,638,0,0,0,0,0,0,0,0,0
201811,426,37860,C,Pensacola-Ferry Pass-Brent  FL ,163,163,34230,2,4,1000,0,0,0,0,0,0,163,163,34230,2,4,1000,0,0,0,0,0,0
201811,427,37900, ,Peoria  IL ,3,3,935,0,0,0,0,0,0,0,0,0,3,3,935,0,0,0,0,0,0,0,0,0
201811,428,12100,C,Atlantic City-Hammonton  NJ ,45,45,11733,0,0,0,0,0,0,3,74,6479,41,41,10926,0,0,0,0,0,0,1,32,1286
201811,428,20100,C,Dover  DE ,89,89,13923,0,0,0,0,0,0,1,7,560,87,87,13490,0,0,0,0,0,0,1,7,560
201811,428,36140,C,Ocean City  NJ ,46,46,18655,6,12,3002,2,6,60,0,0,0,42,42,17820,6,12,3002,2,6,60,0,0,0
201811,428,37980,C,Philadelphia-Camden-Wilmington  PA-NJ-DE-MD ,586,586,116503,8,16,2109,17,54,6156,33,424,39157,353,353,82419,7,14,1914,16,51,5769,22,289,28233
201811,428,39740, ,Reading  PA ,2,2,404,0,0,0,0,0,0,0,0,0,1,1,160,0,0,0,0,0,0,0,0,0
201811,428,47220,C,Vineland-Bridgeton  NJ ,8,8,824,0,0,0,0,0,0,0,0,0,3,3,461,0,0,0,0,0,0,0,0,0
201811,430,38300, ,Pittsburgh  PA ,89,89,24652,1,2,296,1,4,497,1,32,2624,61,61,17759,1,2,296,1,4,497,0,0,0
201811,430,48260, ,Weirton-Steubenville  WV-OH ,0,0,0,0,0,0,0,0,0,0,0,0,0,0,0,0,0,0,0,0,0,0,0,0
201811,438,30340, ,Lewiston-Auburn  ME ,8,8,1464,0,0,0,0,0,0,0,0,0,8,8,1464,0,0,0,0,0,0,0,0,0
201811,438,38860, ,Portland-South Portland  ME ,104,104,26619,7,14,2070,3,10,960,0,0,0,63,63,18106,6,12,1910,3,10,960,0,0,0
201811,440,10540, ,Albany  OR ,17,17,4108,0,0,0,0,0,0,3,45,5141,14,14,3518,0,0,0,0,0,0,2,40,4722
201811,440,18700, ,Corvallis  OR ,6,6,1205,0,0,0,1,4,773,5,102,15215,6,6,1205,0,0,0,1,4,773,5,102,15215
201811,440,31020, ,Longview  WA ,16,16,3292,0,0,0,0,0,0,0,0,0,16,16,3292,0,0,0,0,0,0,0,0,0
201811,440,38900, ,Portland-Vancouver-Hillsboro  OR-WA ,468,468,136542,4,8,1052,4,15,2462,27,631,70665,333,333,90880,4,8,1052,4,15,2462,24,601,67268
201811,440,41420, ,Salem  OR ,35,35,9340,1,2,315,0,0,0,5,45,4470,12,12,2867,0,0,0,0,0,0,0,0,0
201811,444,39380,C,Pueblo  CO ,28,28,4143,0,0,0,0,0,0,0,0,0,28,28,4143,0,0,0,0,0,0,0,0,0
201811,450,20500,C,Durham-Chapel Hill  NC ,217,217,50426,23,46,3470,0,0,0,4,122,9719,39,39,11948,22,44,3300,0,0,0,0,0,0
201811,450,39580,C,Raleigh  NC ,814,814,180118,1,2,180,5,20,3766,17,154,26153,766,766,173304,1,2,180,5,20,3766,17,154,26153
201811,452,39660, ,Rapid City  SD ,25,25,5294,0,0,0,0,0,0,0,0,0,25,25,5294,0,0,0,0,0,0,0,0,0
201811,454,39820, ,Redding  CA ,9,9,2492,0,0,0,0,0,0,0,0,0,9,9,2492,0,0,0,0,0,0,0,0,0
201811,456,16180,C,Carson City  NV ,12,12,3603,0,0,0,0,0,0,0,0,0,12,12,3603,0,0,0,0,0,0,0,0,0
201811,456,39900,C,Reno  NV ,180,180,51829,0,0,0,0,0,0,10,342,49039,179,179,51628,0,0,0,0,0,0,10,342,49039
201811,462,40340, ,Rochester  MN ,25,25,7378,0,0,0,0,0,0,0,0,0,21,21,6490,0,0,0,0,0,0,0,0,0
201811,464,40380, ,Rochester  NY ,88,88,16913,0,0,0,0,0,0,3,29,2374,71,71,13370,0,0,0,0,0,0,1,8,300
201811,466,40420, ,Rockford  IL ,23,23,2643,5,10,1581,0,0,0,0,0,0,23,23,2643,5,10,1581,0,0,0,0,0,0
201811,470,40660,C,Rome  GA ,20,20,2879,0,0,0,0,0,0,0,0,0,20,20,2879,0,0,0,0,0,0,0,0,0
201811,472,40900,C,Sacramento--Roseville--Arden-Arcade  CA ,467,467,144207,2,4,710,0,0,0,5,72,17862,463,463,142932,2,4,710,0,0,0,5,72,17862
201811,474,13020, ,Bay City  MI ,0,0,0,0,0,0,0,0,0,0,0,0,0,0,0,0,0,0,0,0,0,0,0,0
201811,474,33220, ,Midland  MI ,5,5,649,0,0,0,0,0,0,0,0,0,4,4,440,0,0,0,0,0,0,0,0,0
201811,474,40980, ,Saginaw  MI ,4,4,800,0,0,0,0,0,0,0,0,0,4,4,800,0,0,0,0,0,0,0,0,0
201811,476,41180, ,St. Louis  MO-IL ,345,345,94517,4,8,1136,3,11,627,12,253,28415,258,258,66906,4,8,1136,2,8,252,9,225,25269
201811,482,36260, ,Ogden-Clearfield  UT ,225,225,60051,2,4,1028,4,15,2155,11,348,40108,206,206,55690,1,2,475,3,12,1689,10,343,39628
201811,482,39340, ,Provo-Orem  UT ,369,369,92125,0,0,0,0,0,0,2,25,4047,366,366,91213,0,0,0,0,0,0,2,25,4047
201811,482,41620, ,Salt Lake City  UT ,347,347,88861,90,180,18683,2,7,1199,6,82,11153,249,249,62951,90,180,18683,1,4,668,3,32,4045
201811,488,41860,C,San Francisco-Oakland-Hayward  CA ,227,227,91721,6,12,3761,8,31,8260,20,506,82570,182,182,73216,5,10,3169,7,27,8072,11,396,64485
201811,488,41940,C,San Jose-Sunnyvale-Santa Clara  CA ,125,125,40166,1,2,435,1,3,928,32,573,93172,51,51,21496,0,0,0,0,0,0,21,194,28063
201811,488,42100, ,Santa Cruz-Watsonville  CA ,10,10,2320,0,0,0,1,3,344,2,10,1017,0,0,0,0,0,0,0,0,0,0,0,0
201811,488,42220, ,Santa Rosa  CA ,248,248,98822,0,0,0,0,0,0,0,0,0,248,248,98822,0,0,0,0,0,0,0,0,0
201811,488,44700, ,Stockton-Lodi  CA ,107,107,31573,0,0,0,0,0,0,0,0,0,107,107,31573,0,0,0,0,0,0,0,0,0
201811,488,46700, ,Vallejo-Fairfield  CA ,54,54,14216,0,0,0,0,0,0,0,0,0,52,52,13607,0,0,0,0,0,0,0,0,0
201811,496,25980, ,Hinesville  GA ,25,25,5170,0,0,0,0,0,0,0,0,0,25,25,5170,0,0,0,0,0,0,0,0,0
201811,496,42340, ,Savannah  GA ,138,138,33669,0,0,0,0,0,0,15,316,77141,95,95,23789,0,0,0,0,0,0,15,316,77141
201811,500,14740,C,Bremerton-Silverdale  WA ,41,41,12524,0,0,0,0,0,0,0,0,0,32,32,10287,0,0,0,0,0,0,0,0,0
201811,500,34580, ,Mount Vernon-Anacortes  WA ,24,24,4639,0,0,0,0,0,0,1,20,1327,12,12,2667,0,0,0,0,0,0,1,20,1327
201811,500,36500, ,Olympia-Tumwater  WA ,46,46,11484,0,0,0,3,9,1154,1,7,687,31,31,8052,0,0,0,2,6,675,0,0,0
201811,500,42660,C,Seattle-Tacoma-Bellevue  WA ,689,689,234958,26,52,9889,23,82,16220,51,1831,244864,596,596,197761,24,48,9185,22,79,15750,50,1803,241994
201811,512,43580, ,Sioux City  IA-NE-SD ,13,13,3561,0,0,0,0,0,0,0,0,0,5,5,1285,0,0,0,0,0,0,0,0,0
201811,515,21140, ,Elkhart-Goshen  IN ,13,13,4758,0,0,0,0,0,0,0,0,0,13,13,4758,0,0,0,0,0,0,0,0,0
201811,515,35660, ,Niles-Benton Harbor  MI ,3,3,475,0,0,0,0,0,0,0,0,0,3,3,475,0,0,0,0,0,0,0,0,0
201811,515,43780, ,South Bend-Mishawaka  IN-MI ,15,15,5308,0,0,0,1,3,1137,0,0,0,15,15,5308,0,0,0,1,3,1137,0,0,0
201811,518,17660, ,Coeur dAlene  ID ,127,127,32013,0,0,0,1,3,257,2,40,2937,106,106,27788,0,0,0,0,0,0,2,40,2937
201811,518,44060, ,Spokane-Spokane Valley  WA ,143,143,27593,17,34,6643,9,29,4095,3,47,5945,117,117,20729,17,34,6643,9,29,4095,1,12,1670
201811,520,44180, ,Springfield  MO ,65,65,13515,6,12,2470,0,0,0,1,31,3447,54,54,11547,6,12,2470,0,0,0,0,0,0
201811,521,44140, ,Springfield  MA ,1,1,380,0,0,0,0,0,0,0,0,0,1,1,380,0,0,0,0,0,0,0,0,0
201811,522,44100, ,Springfield  IL ,5,5,1269,1,2,376,0,0,0,1,5,250,1,1,150,0,0,0,0,0,0,0,0,0
201811,524,44300, ,State College  PA ,7,7,2745,0,0,0,0,0,0,0,0,0,7,7,2745,0,0,0,0,0,0,0,0,0
201811,532,45060, ,Syracuse  NY ,23,23,4836,0,0,0,0,0,0,0,0,0,22,22,4626,0,0,0,0,0,0,0,0,0
201811,533,45220, ,Tallahassee  FL ,64,64,12116,1,2,222,0,0,0,4,118,15589,18,18,2925,0,0,0,0,0,0,0,0,0
201811,534,45780, ,Toledo  OH ,39,39,8857,0,0,0,0,0,0,2,10,640,37,37,8631,0,0,0,0,0,0,2,10,640
201811,536,46060,C,Tucson  AZ ,224,224,59910,3,6,716,0,0,0,9,101,14321,91,91,23214,0,0,0,0,0,0,0,0,0
201811,538,46140,C,Tulsa  OK ,223,223,51411,1,2,165,0,0,0,0,0,0,195,195,45308,1,2,165,0,0,0,0,0,0
201811,540,46340, ,Tyler  TX ,22,22,5688,0,0,0,0,0,0,0,0,0,22,22,5688,0,0,0,0,0,0,0,0,0
201811,545,47260, ,Virginia Beach-Norfolk-Newport News  VA-NC ,270,270,61890,0,0,0,0,0,0,3,255,22016,241,241,57794,0,0,0,0,0,0,3,255,22016
201811,546,47300, ,Visalia-Porterville  CA ,85,85,19434,0,0,0,0,0,0,0,0,0,85,85,19434,0,0,0,0,0,0,0,0,0
201811,548,12580,C,Baltimore-Columbia-Towson  MD ,366,366,77922,0,0,0,0,0,0,6,289,41074,364,364,77235,0,0,0,0,0,0,6,289,41074
201811,548,15680,C,California-Lexington Park  MD ,44,44,9809,0,0,0,0,0,0,0,0,0,44,44,9809,0,0,0,0,0,0,0,0,0
201811,548,16540,C,Chambersburg-Waynesboro  PA ,25,25,6485,0,0,0,0,0,0,1,5,488,21,21,5978,0,0,0,0,0,0,0,0,0
201811,548,25180, ,Hagerstown-Martinsburg  MD-WV ,93,93,20245,0,0,0,0,0,0,0,0,0,93,93,20245,0,0,0,0,0,0,0,0,0
201811,548,47900, ,Washington-Arlington-Alexandria  DC-VA-MD-WV ,877,877,211403,5,10,910,0,0,0,18,1326,153194,837,837,202664,3,6,643,0,0,0,17,1306,151956
201811,548,49020, ,Winchester  VA-WV ,40,40,8030,0,0,0,3,12,1316,0,0,0,35,35,7330,0,0,0,3,12,1316,0,0,0
201811,554,48140, ,Wausau  WI ,6,6,1449,2,4,600,0,0,0,0,0,0,1,1,260,2,4,600,0,0,0,0,0,0
201811,556,48620, ,Wichita  KS ,77,77,14679,6,12,992,0,0,0,1,18,1260,10,10,2852,0,0,0,0,0,0,0,0,0
201811,558,48700, ,Williamsport  PA ,2,2,480,0,0,0,0,0,0,0,0,0,2,2,480,0,0,0,0,0,0,0,0,0
201811,566,49660, ,Youngstown-Warren-Boardman  OH-PA ,12,12,2698,0,0,0,0,0,0,0,0,0,2,2,369,0,0,0,0,0,0,0,0,0
201811,999,10180, ,Abilene  TX ,21,21,4526,0,0,0,0,0,0,0,0,0,21,21,4526,0,0,0,0,0,0,0,0,0
201811,999,10500, ,Albany  GA ,3,3,365,0,0,0,0,0,0,0,0,0,3,3,365,0,0,0,0,0,0,0,0,0
201811,999,10780, ,Alexandria  LA ,13,13,3250,0,0,0,0,0,0,0,0,0,8,8,1901,0,0,0,0,0,0,0,0,0
201811,999,11020, ,Altoona  PA ,1,1,198,0,0,0,0,0,0,0,0,0,1,1,198,0,0,0,0,0,0,0,0,0
201811,999,11260,C,Anchorage  AK ,63,63,19651,3,6,1034,1,4,695,2,13,2055,3,3,856,3,6,1034,0,0,0,0,0,0
201811,999,11500, ,Anniston-Oxford-Jacksonville  AL ,1,1,180,0,0,0,0,0,0,0,0,0,1,1,180,0,0,0,0,0,0,0,0,0
201811,999,12260, ,Augusta-Richmond County  GA-SC ,209,209,41619,1,2,180,2,8,440,5,55,3087,82,82,18603,0,0,0,2,8,440,3,24,1192
201811,999,12420, ,Austin-Round Rock  TX ,1229,1229,309972,1,2,180,6,24,1963,14,526,54763,981,981,255461,0,0,0,6,24,1963,14,526,54763
201811,999,12540, ,Bakersfield  CA ,148,148,34258,4,8,946,0,0,0,4,48,6811,33,33,3087,0,0,0,0,0,0,4,48,6811
201811,999,12620, ,Bangor  ME ,9,9,2524,0,0,0,0,0,0,0,0,0,6,6,1837,0,0,0,0,0,0,0,0,0
201811,999,12940,C,Baton Rouge  LA ,205,205,48282,0,0,0,1,3,232,0,0,0,130,130,31833,0,0,0,0,0,0,0,0,0
201811,999,13140, ,Beaumont-Port Arthur  TX ,28,28,5173,0,0,0,0,0,0,1,5,424,20,20,3598,0,0,0,0,0,0,0,0,0
201811,999,13220,C,Beckley  WV ,7,7,691,0,0,0,0,0,0,0,0,0,6,6,583,0,0,0,0,0,0,0,0,0
201811,999,13380, ,Bellingham  WA ,47,47,11760,0,0,0,4,14,1965,8,45,4564,38,38,9478,0,0,0,4,14,1965,7,40,4076
201811,999,13740, ,Billings  MT ,43,43,9987,0,0,0,0,0,0,0,0,0,43,43,9987,0,0,0,0,0,0,0,0,0
201811,999,13780, ,Binghamton  NY ,0,0,0,0,0,0,0,0,0,0,0,0,0,0,0,0,0,0,0,0,0,0,0,0
201811,999,13900, ,Bismarck  ND ,20,20,5264,1,2,333,0,0,0,0,0,0,16,16,4110,1,2,333,0,0,0,0,0,0
201811,999,13980, ,Blacksburg-Christiansburg-Radford  VA ,1,1,483,0,0,0,0,0,0,0,0,0,1,1,483,0,0,0,0,0,0,0,0,0
201811,999,15260, ,Brunswick  GA ,45,45,12802,0,0,0,0,0,0,0,0,0,0,0,0,0,0,0,0,0,0,0,0,0
201811,999,15540, ,Burlington-South Burlington  VT ,19,19,4417,0,0,0,0,0,0,3,84,6568,12,12,2867,0,0,0,0,0,0,2,79,6047
201811,999,16220, ,Casper  WY ,5,5,1133,0,0,0,1,4,470,0,0,0,2,2,439,0,0,0,1,4,470,0,0,0
201811,999,16580, ,Champaign-Urbana  IL ,6,6,1037,0,0,0,0,0,0,4,152,18815,6,6,1037,0,0,0,0,0,0,4,152,18815
201811,999,16700,C,Charleston-North Charleston  SC ,358,358,107656,0,0,0,0,0,0,5,161,10099,183,183,72425,0,0,0,0,0,0,0,0,0
201811,999,16820, ,Charlottesville  VA ,53,53,16355,0,0,0,0,0,0,2,34,6552,0,0,0,0,0,0,0,0,0,0,0,0
201811,999,16940, ,Cheyenne  WY ,28,28,5044,0,0,0,2,8,689,1,8,965,11,11,1861,0,0,0,0,0,0,0,0,0
201811,999,17020, ,Chico  CA ,32,32,7247,0,0,0,0,0,0,0,0,0,32,32,7247,0,0,0,0,0,0,0,0,0
201811,999,17300,C,Clarksville  TN-KY ,109,109,18174,0,0,0,4,16,1053,0,0,0,107,107,18031,0,0,0,4,16,1053,0,0,0
201811,999,17780, ,College Station-Bryan  TX ,66,66,16086,3,6,925,0,0,0,3,21,1995,66,66,16086,3,6,925,0,0,0,3,21,1995
201811,999,17820,C,Colorado Springs  CO ,465,465,178806,0,0,0,0,0,0,0,0,0,465,465,178806,0,0,0,0,0,0,0,0,0
201811,999,18880,C,Crestview-Fort Walton Beach-Destin  FL ,189,189,75850,0,0,0,0,0,0,0,0,0,189,189,75850,0,0,0,0,0,0,0,0,0
201811,999,19060, ,Cumberland  MD-WV ,3,3,720,0,0,0,0,0,0,0,0,0,3,3,720,0,0,0,0,0,0,0,0,0
201811,999,19180, ,Danville  IL ,1,1,78,0,0,0,0,0,0,0,0,0,1,1,78,0,0,0,0,0,0,0,0,0
201811,999,19500, ,Decatur  IL ,0,0,0,0,0,0,0,0,0,0,0,0,0,0,0,0,0,0,0,0,0,0,0,0
201811,999,20220, ,Dubuque  IA ,8,8,3021,0,0,0,0,0,0,0,0,0,8,8,3021,0,0,0,0,0,0,0,0,0
201811,999,20260, ,Duluth  MN-WI ,12,12,2479,0,0,0,0,0,0,0,0,0,11,11,2316,0,0,0,0,0,0,0,0,0
201811,999,20940, ,El Centro  CA ,0,0,0,0,0,0,0,0,0,0,0,0,0,0,0,0,0,0,0,0,0,0,0,0
201811,999,21420, ,Enid  OK ,0,0,0,0,0,0,0,0,0,0,0,0,0,0,0,0,0,0,0,0,0,0,0,0
201811,999,21660, ,Eugene  OR ,51,51,12451,1,2,362,0,0,0,0,0,0,8,8,1986,1,2,362,0,0,0,0,0,0
201811,999,21780, ,Evansville  IN-KY ,48,48,12993,2,4,217,0,0,0,0,0,0,48,48,12993,2,4,217,0,0,0,0,0,0
201811,999,21820,C,Fairbanks  AK ,0,0,0,0,0,0,0,0,0,0,0,0,0,0,0,0,0,0,0,0,0,0,0,0
201811,999,22140,C,Farmington  NM ,2,2,535,0,0,0,0,0,0,0,0,0,2,2,535,0,0,0,0,0,0,0,0,0
201811,999,22220, ,Fayetteville-Springdale-Rogers  AR-MO ,274,274,72295,2,4,324,3,11,966,4,54,5213,223,223,62790,1,2,171,3,11,966,2,21,2530
201811,999,22380, ,Flagstaff  AZ ,75,75,11022,0,0,0,0,0,0,0,0,0,75,75,11022,0,0,0,0,0,0,0,0,0
201811,999,22500, ,Florence  SC ,30,30,3654,0,0,0,0,0,0,3,53,4591,0,0,0,0,0,0,0,0,0,0,0,0
201811,999,22520, ,Florence-Muscle Shoals  AL ,16,16,1787,3,6,220,0,0,0,3,19,735,6,6,605,3,6,220,0,0,0,3,19,735
201811,999,22540, ,Fond du Lac  WI ,5,5,1107,0,0,0,0,0,0,0,0,0,0,0,0,0,0,0,0,0,0,0,0,0
201811,999,22660,C,Fort Collins  CO ,114,114,28882,0,0,0,2,8,1021,2,26,4231,114,114,28882,0,0,0,2,8,1021,2,26,4231
201811,999,22900, ,Fort Smith  AR-OK ,22,22,3109,14,28,2098,2,6,472,0,0,0,19,19,2803,14,28,2098,2,6,472,0,0,0
201811,999,23460, ,Gadsden  AL ,5,5,853,0,0,0,0,0,0,0,0,0,0,0,0,0,0,0,0,0,0,0,0,0
201811,999,24220, ,Grand Forks  ND-MN ,8,8,2152,0,0,0,0,0,0,0,0,0,8,8,2152,0,0,0,0,0,0,0,0,0
201811,999,24260, ,Grand Island  NE ,4,4,734,0,0,0,0,0,0,0,0,0,4,4,734,0,0,0,0,0,0,0,0,0
201811,999,24300,C,Grand Junction  CO ,45,45,12833,0,0,0,0,0,0,0,0,0,45,45,12833,0,0,0,0,0,0,0,0,0
201811,999,24500,C,Great Falls  MT ,11,11,3056,0,0,0,0,0,0,0,0,0,1,1,279,0,0,0,0,0,0,0,0,0
201811,999,25060, ,Gulfport-Biloxi-Pascagoula  MS ,157,157,27352,0,0,0,1,3,301,1,10,847,124,124,22693,0,0,0,0,0,0,0,0,0
201811,999,25620, ,Hattiesburg  MS ,1,1,272,0,0,0,0,0,0,0,0,0,1,1,272,0,0,0,0,0,0,0,0,0
201811,999,25940, ,Hilton Head Island-Bluffton-Beaufort  SC ,58,58,21604,0,0,0,0,0,0,0,0,0,58,58,21604,0,0,0,0,0,0,0,0,0
201811,999,26140, ,Homosassa Springs  FL ,31,31,6699,1,2,55,0,0,0,1,9,778,0,0,0,0,0,0,0,0,0,0,0,0
201811,999,26380, ,Houma-Thibodaux  LA ,31,31,6813,0,0,0,0,0,0,0,0,0,31,31,6813,0,0,0,0,0,0,0,0,0
201811,999,27100, ,Jackson  MI ,1,1,60,0,0,0,0,0,0,0,0,0,1,1,60,0,0,0,0,0,0,0,0,0
201811,999,27340,C,Jacksonville  NC ,65,65,9604,0,0,0,0,0,0,1,8,390,62,62,9063,0,0,0,0,0,0,0,0,0
201811,999,27980,C,Kahului-Wailuku-Lahaina  HI ,26,26,7825,0,0,0,0,0,0,0,0,0,26,26,7825,0,0,0,0,0,0,0,0,0
201811,999,28420,C,Kennewick-Richland  WA ,101,101,29873,4,8,927,0,0,0,2,10,1092,46,46,14948,1,2,175,0,0,0,0,0,0
201811,999,28660,C,Killeen-Temple  TX ,126,126,24377,12,24,1956,0,0,0,0,0,0,115,115,21416,10,20,1597,0,0,0,0,0,0
201811,999,29100, ,La Crosse-Onalaska  WI-MN ,12,12,7140,2,4,513,0,0,0,1,38,2800,12,12,7140,2,4,513,0,0,0,1,38,2800
201811,999,29460, ,Lakeland-Winter Haven  FL ,350,350,80571,0,0,0,0,0,0,0,0,0,350,350,80571,0,0,0,0,0,0,0,0,0
201811,999,29540, ,Lancaster  PA ,15,15,3145,0,0,0,0,0,0,0,0,0,7,7,1725,0,0,0,0,0,0,0,0,0
201811,999,29700, ,Laredo  TX ,82,82,14723,0,0,0,1,3,192,1,25,2379,0,0,0,0,0,0,0,0,0,0,0,0
201811,999,30020, ,Lawton  OK ,4,4,810,0,0,0,0,0,0,0,0,0,4,4,810,0,0,0,0,0,0,0,0,0
201811,999,30300, ,Lewiston  ID-WA ,0,0,0,0,0,0,0,0,0,0,0,0,0,0,0,0,0,0,0,0,0,0,0,0
201811,999,30860, ,Logan  UT-ID ,15,15,2991,0,0,0,0,0,0,0,0,0,15,15,2991,0,0,0,0,0,0,0,0,0
201811,999,31340, ,Lynchburg  VA ,19,19,2876,0,0,0,0,0,0,0,0,0,19,19,2876,0,0,0,0,0,0,0,0,0
201811,999,33540,C,Missoula  MT ,26,26,5080,1,2,124,1,3,133,0,0,0,26,26,5080,1,2,124,1,3,133,0,0,0
201811,999,33860, ,Montgomery  AL ,46,46,10127,0,0,0,0,0,0,0,0,0,46,46,10127,0,0,0,0,0,0,0,0,0
201811,999,36100, ,Ocala  FL ,167,167,32611,0,0,0,1,4,150,0,0,0,167,167,32611,0,0,0,1,4,150,0,0,0
201811,999,36980, ,Owensboro  KY ,15,15,1618,0,0,0,0,0,0,0,0,0,15,15,1618,0,0,0,0,0,0,0,0,0
201811,999,37340, ,Palm Bay-Melbourne-Titusville  FL ,159,159,53084,0,0,0,0,0,0,0,0,0,159,159,53084,0,0,0,0,0,0,0,0,0
201811,999,37460, ,Panama City  FL ,41,41,10887,0,0,0,0,0,0,1,29,2384,0,0,0,0,0,0,0,0,0,0,0,0
201811,999,38060,C,Phoenix-Mesa-Scottsdale  AZ ,1488,1488,407458,12,24,1806,2,6,1192,7,268,38281,1225,1225,334772,12,24,1806,1,3,706,2,208,29744
201811,999,38340, ,Pittsfield  MA ,0,0,0,0,0,0,0,0,0,0,0,0,0,0,0,0,0,0,0,0,0,0,0,0
201811,999,38540, ,Pocatello  ID ,23,23,3506,0,0,0,0,0,0,0,0,0,20,20,2878,0,0,0,0,0,0,0,0,0
201811,999,39140, ,Prescott  AZ ,85,85,23650,0,0,0,0,0,0,2,96,8827,85,85,23650,0,0,0,0,0,0,2,96,8827
201811,999,40060, ,Richmond  VA ,258,258,46635,1,2,400,5,19,2362,2,11,1224,243,243,44457,1,2,400,5,19,2362,2,11,1224
201811,999,41100, ,St. George  UT ,104,104,22733,0,0,0,5,19,1413,0,0,0,104,104,22733,0,0,0,5,19,1413,0,0,0
201811,999,41500, ,Salinas  CA ,26,26,7379,0,0,0,0,0,0,2,10,1906,26,26,7379,0,0,0,0,0,0,1,5,1294
201811,999,41540, ,Salisbury  MD-DE ,309,309,46318,1,2,224,2,7,1111,2,12,985,301,301,44917,1,2,224,2,7,1111,2,12,985
201811,999,41660,C,San Angelo  TX ,14,14,3325,0,0,0,0,0,0,0,0,0,14,14,3325,0,0,0,0,0,0,0,0,0
201811,999,41700,C,San Antonio-New Braunfels  TX ,557,557,115963,1,2,282,0,0,0,16,306,25169,509,509,108691,1,2,282,0,0,0,15,300,23890
201811,999,41740,C,San Diego-Carlsbad  CA ,206,206,79376,3,6,568,5,19,2076,7,61,9628,190,190,75020,3,6,568,4,16,1957,6,50,8640
201811,999,42020, ,San Luis Obispo-Paso Robles-Arroyo Grande  CA ,29,29,11034,0,0,0,0,0,0,1,8,842,0,0,0,0,0,0,0,0,0,0,0,0
201811,999,42200, ,Santa Maria-Santa Barbara  CA ,16,16,6829,1,2,700,0,0,0,0,0,0,16,16,6829,1,2,700,0,0,0,0,0,0
201811,999,42540, ,Scranton--Wilkes-Barre--Hazleton  PA ,3,3,915,0,0,0,1,4,370,0,0,0,3,3,915,0,0,0,1,4,370,0,0,0
201811,999,43100, ,Sheboygan  WI ,0,0,0,0,0,0,0,0,0,0,0,0,0,0,0,0,0,0,0,0,0,0,0,0
201811,999,43340, ,Shreveport-Bossier City  LA ,84,84,18182,0,0,0,0,0,0,0,0,0,56,56,10793,0,0,0,0,0,0,0,0,0
201811,999,43420, ,Sierra Vista-Douglas  AZ ,24,24,3618,0,0,0,0,0,0,0,0,0,24,24,3618,0,0,0,0,0,0,0,0,0
201811,999,43620, ,Sioux Falls  SD ,82,82,17937,0,0,0,0,0,0,0,0,0,82,82,17937,0,0,0,0,0,0,0,0,0
201811,999,44940,C,Sumter  SC ,17,17,2305,0,0,0,0,0,0,0,0,0,0,0,0,0,0,0,0,0,0,0,0,0
201811,999,45300,C,Tampa-St. Petersburg-Clearwater  FL ,1094,1094,304207,2,4,385,0,0,0,5,474,64355,1085,1085,300893,2,4,385,0,0,0,4,469,62075
201811,999,45460, ,Terre Haute  IN ,2,2,373,0,0,0,0,0,0,1,12,830,0,0,0,0,0,0,0,0,0,0,0,0
201811,999,45500, ,Texarkana  TX-AR ,2,2,457,0,0,0,0,0,0,0,0,0,0,0,0,0,0,0,0,0,0,0,0,0
201811,999,45820, ,Topeka  KS ,23,23,4581,0,0,0,0,0,0,0,0,0,23,23,4581,0,0,0,0,0,0,0,0,0
201811,999,46220, ,Tuscaloosa  AL ,28,28,7691,1,2,475,2,6,839,3,53,5134,4,4,969,0,0,0,0,0,0,0,0,0
201811,999,46300, ,Twin Falls  ID ,33,33,6510,0,0,0,0,0,0,0,0,0,33,33,6510,0,0,0,0,0,0,0,0,0
201811,999,46520,C,Urban Honolulu  HI ,77,77,26230,0,0,0,0,0,0,2,74,12130,0,0,0,0,0,0,0,0,0,0,0,0
201811,999,46540, ,Utica-Rome  NY ,1,1,200,0,0,0,0,0,0,0,0,0,1,1,200,0,0,0,0,0,0,0,0,0
201811,999,46660, ,Valdosta  GA ,74,74,14642,0,0,0,0,0,0,0,0,0,36,36,8226,0,0,0,0,0,0,0,0,0
201811,999,47380, ,Waco  TX ,39,39,8758,1,2,240,1,3,161,1,7,480,0,0,0,0,0,0,0,0,0,0,0,0
201811,999,47460, ,Walla Walla  WA ,15,15,3798,0,0,0,0,0,0,0,0,0,14,14,3698,0,0,0,0,0,0,0,0,0
201811,999,47940, ,Waterloo-Cedar Falls  IA ,9,9,2417,0,0,0,0,0,0,0,0,0,9,9,2417,0,0,0,0,0,0,0,0,0
201811,999,48060, ,Watertown-Fort Drum  NY ,10,10,1034,0,0,0,0,0,0,0,0,0,0,0,0,0,0,0,0,0,0,0,0,0
201811,999,48300, ,Wenatchee  WA ,25,25,6190,0,0,0,0,0,0,0,0,0,25,25,6190,0,0,0,0,0,0,0,0,0
201811,999,48540, ,Wheeling  WV-OH ,0,0,0,0,0,0,0,0,0,0,0,0,0,0,0,0,0,0,0,0,0,0,0,0
201811,999,48660, ,Wichita Falls  TX ,0,0,0,0,0,0,0,0,0,0,0,0,0,0,0,0,0,0,0,0,0,0,0,0
201811,999,48900, ,Wilmington  NC ,80,80,26476,0,0,0,0,0,0,0,0,0,79,79,26154,0,0,0,0,0,0,0,0,0
201811,999,49420, ,Yakima  WA ,29,29,6851,1,2,347,1,4,691,1,8,1109,28,28,6627,1,2,347,1,4,691,1,8,1109
201811,999,49740, ,Yuma  AZ ,48,48,7629,0,0,0,0,0,0,0,0,0,39,39,6447,0,0,0,0,0,0,0,0,0
