Survey,CSA,CBSA,MONCOV,CBSA,,1-unit,,,2-units,,,3-4 units,,,5+ units,,,1-unit rep,,,2-units rep,,,3-4 units rep,,,5+ units rep
Date,Code,Code,,Name,Bldgs,Units,Value,Bldgs,Units,Value,Bldgs,Units,Value,Bldgs,Units,Value,Bldgs,Units,Value,Bldgs,Units,Value,      Bldgs,Units,Value,Bldgs,Units,Value
 
201809,104,10580,C,Albany-Schenectady-Troy  NY ,84,84,22530,3,6,1212,3,11,1755,3,17,2266,52,52,12931,2,4,662,3,11,1755,0,0,0
201809,104,24020, ,Glens Falls  NY ,19,19,5218,0,0,0,0,0,0,0,0,0,12,12,3343,0,0,0,0,0,0,0,0,0
201809,106,10740,C,Albuquerque  NM ,103,103,25219,0,0,0,3,12,1586,2,11,955,93,93,22664,0,0,0,3,12,1586,1,6,747
201809,106,42140,C,Santa Fe  NM ,11,11,3562,0,0,0,0,0,0,0,0,0,11,11,3562,0,0,0,0,0,0,0,0,0
201809,108,11100, ,Amarillo  TX ,36,36,9946,0,0,0,0,0,0,0,0,0,36,36,9946,0,0,0,0,0,0,0,0,0
201809,118,11540, ,Appleton  WI ,32,32,7006,1,2,215,0,0,0,0,0,0,28,28,6290,0,0,0,0,0,0,0,0,0
201809,118,36780, ,Oshkosh-Neenah  WI ,17,17,4051,0,0,0,0,0,0,0,0,0,14,14,3633,0,0,0,0,0,0,0,0,0
201809,120,11700, ,Asheville  NC ,143,143,38652,1,2,119,0,0,0,9,159,10551,41,41,9361,0,0,0,0,0,0,5,108,7020
201809,122,12020, ,Athens-Clarke County  GA ,25,25,5924,0,0,0,0,0,0,1,17,1652,11,11,3475,0,0,0,0,0,0,0,0,0
201809,122,12060, ,Atlanta-Sandy Springs-Roswell  GA ,1967,1967,421546,5,10,1333,2,8,2230,19,670,71295,1811,1811,392076,4,8,800,2,8,2230,16,583,62809
201809,122,23580, ,Gainesville  GA ,98,98,20213,0,0,0,4,12,2543,6,268,23521,98,98,20213,0,0,0,4,12,2543,6,268,23521
201809,140,13460,C,Bend-Redmond  OR ,121,121,31294,1,2,527,0,0,0,1,5,333,97,97,25291,1,2,527,0,0,0,0,0,0
201809,142,13820,C,Birmingham-Hoover  AL ,235,235,63182,0,0,0,0,0,0,0,0,0,146,146,42752,0,0,0,0,0,0,0,0,0
201809,144,14020,C,Bloomington  IN ,25,25,6463,2,4,556,0,0,0,0,0,0,25,25,6463,2,4,556,0,0,0,0,0,0
201809,145,14010, ,Bloomington  IL ,1,1,227,0,0,0,0,0,0,0,0,0,1,1,227,0,0,0,0,0,0,0,0,0
201809,146,14100,C,Bloomsburg-Berwick  PA ,9,9,2646,0,0,0,0,0,0,0,0,0,5,5,1729,0,0,0,0,0,0,0,0,0
201809,147,14260,C,Boise City  ID ,532,532,126026,2,4,268,14,56,3662,31,312,25563,410,410,94689,2,4,268,13,52,3402,30,292,22905
201809,148,12700, ,Barnstable Town  MA ,7,7,2796,0,0,0,0,0,0,0,0,0,7,7,2796,0,0,0,0,0,0,0,0,0
201809,148,14460,C,Boston-Cambridge-Newton  MA-NH ,387,387,123362,27,54,9829,17,54,12860,19,226,40182,197,197,66514,17,34,6919,15,47,11856,8,157,28855
201809,148,31700, ,Manchester-Nashua  NH ,35,35,5444,1,2,263,0,0,0,0,0,0,13,13,1715,0,0,0,0,0,0,0,0,0
201809,148,39300,C,Providence-Warwick  RI-MA ,115,115,24801,4,8,1012,1,3,430,0,0,0,63,63,15305,1,2,208,0,0,0,0,0,0
201809,148,49340, ,Worcester  MA-CT ,20,20,4364,0,0,0,0,0,0,1,6,108,14,14,3141,0,0,0,0,0,0,0,0,0
201809,150,14540, ,Bowling Green  KY ,51,51,12057,18,36,2290,0,0,0,2,16,825,51,51,12057,18,36,2290,0,0,0,2,16,825
201809,154,15180, ,Brownsville-Harlingen  TX ,60,60,6202,0,0,0,0,0,0,0,0,0,16,16,1270,0,0,0,0,0,0,0,0,0
201809,160,15380,C,Buffalo-Cheektowaga-Niagara Falls  NY ,80,80,23659,0,0,0,0,0,0,1,12,2686,69,69,21231,0,0,0,0,0,0,0,0,0
201809,162,15980,C,Cape Coral-Fort Myers  FL ,432,432,100255,30,60,7292,4,16,4681,5,120,18830,432,432,100255,30,60,7292,4,16,4681,5,120,18830
201809,162,34940, ,Naples-Immokalee-Marco Island  FL ,223,223,54732,0,0,0,5,18,2902,13,206,29064,223,223,54732,0,0,0,5,18,2902,13,206,29064
201809,164,16020, ,Cape Girardeau  MO-IL ,0,0,0,0,0,0,0,0,0,0,0,0,0,0,0,0,0,0,0,0,0,0,0,0
201809,168,16300, ,Cedar Rapids  IA ,26,26,3898,1,2,185,0,0,0,4,36,2738,26,26,3898,1,2,185,0,0,0,4,36,2738
201809,168,26980, ,Iowa City  IA ,32,32,7319,0,0,0,0,0,0,0,0,0,31,31,7181,0,0,0,0,0,0,0,0,0
201809,170,16620, ,Charleston  WV ,3,3,472,0,0,0,0,0,0,1,6,379,1,1,125,0,0,0,0,0,0,0,0,0
201809,170,26580, ,Huntington-Ashland  WV-KY-OH ,10,10,1915,1,2,344,1,3,199,0,0,0,5,5,1182,0,0,0,0,0,0,0,0,0
201809,172,16740, ,Charlotte-Concord-Gastonia  NC-SC ,949,949,243795,1,2,249,0,0,0,18,798,92291,748,748,179932,0,0,0,0,0,0,16,770,89359
201809,174,16860, ,Chattanooga  TN-GA ,134,134,26967,9,18,900,0,0,0,0,0,0,134,134,26967,9,18,900,0,0,0,0,0,0
201809,174,17420, ,Cleveland  TN ,32,32,4534,1,2,180,2,8,1170,0,0,0,18,18,2013,1,2,180,2,8,1170,0,0,0
201809,176,16980, ,Chicago-Naperville-Elgin  IL-IN-WI ,636,636,178980,7,14,2272,23,77,16650,39,856,130584,521,521,148821,5,10,1888,22,74,16140,31,769,119470
201809,176,28100, ,Kankakee  IL ,2,2,910,0,0,0,0,0,0,0,0,0,2,2,910,0,0,0,0,0,0,0,0,0
201809,176,33140, ,Michigan City-La Porte  IN ,13,13,2766,0,0,0,0,0,0,0,0,0,6,6,1000,0,0,0,0,0,0,0,0,0
201809,178,17140, ,Cincinnati  OH-KY-IN ,326,326,77646,2,4,600,0,0,0,5,30,2404,280,280,66014,2,4,600,0,0,0,1,6,540
201809,184,10420, ,Akron  OH ,64,64,23116,0,0,0,0,0,0,0,0,0,63,63,22845,0,0,0,0,0,0,0,0,0
201809,184,15940, ,Canton-Massillon  OH ,36,36,10839,1,2,240,1,4,205,1,5,384,32,32,10372,1,2,240,0,0,0,0,0,0
201809,184,17460, ,Cleveland-Elyria  OH ,185,185,47670,6,12,1129,1,3,628,2,11,706,125,125,36203,3,6,865,0,0,0,0,0,0
201809,190,17860,C,Columbia  MO ,35,35,7789,0,0,0,0,0,0,0,0,0,35,35,7789,0,0,0,0,0,0,0,0,0
201809,192,17900,C,Columbia  SC ,319,319,61542,0,0,0,0,0,0,1,32,1806,78,78,16694,0,0,0,0,0,0,0,0,0
201809,194,12220,C,Auburn-Opelika  AL ,76,76,22141,0,0,0,0,0,0,0,0,0,76,76,22141,0,0,0,0,0,0,0,0,0
201809,194,17980, ,Columbus  GA-AL ,58,58,11131,0,0,0,1,3,185,2,12,2102,33,33,6249,0,0,0,0,0,0,0,0,0
201809,198,18140, ,Columbus  OH ,258,258,68752,1,2,195,3,12,2580,13,125,14458,230,230,61764,1,2,195,3,12,2580,11,110,13005
201809,204,18580, ,Corpus Christi  TX ,67,67,11886,0,0,0,0,0,0,0,0,0,9,9,1872,0,0,0,0,0,0,0,0,0
201809,206,19100, ,Dallas-Fort Worth-Arlington  TX ,2912,2912,754408,6,12,3165,3,11,2030,57,1401,117798,2444,2444,611476,6,12,3165,3,11,2030,53,1211,99515
201809,209,19340, ,Davenport-Moline-Rock Island  IA-IL ,11,11,2915,0,0,0,0,0,0,0,0,0,11,11,2915,0,0,0,0,0,0,0,0,0
201809,212,19380, ,Dayton  OH ,89,89,26944,0,0,0,0,0,0,0,0,0,63,63,20924,0,0,0,0,0,0,0,0,0
201809,212,44220, ,Springfield  OH ,4,4,1026,0,0,0,0,0,0,0,0,0,4,4,1026,0,0,0,0,0,0,0,0,0
201809,216,14500, ,Boulder  CO ,56,56,45495,0,0,0,0,0,0,11,224,36450,56,56,45495,0,0,0,0,0,0,11,224,36450
201809,216,19740,C,Denver-Aurora-Lakewood  CO ,858,858,240004,3,6,1282,8,24,2408,20,1440,151145,848,848,237148,3,6,1282,8,24,2408,19,1435,150418
201809,216,24540, ,Greeley  CO ,186,186,48299,0,0,0,0,0,0,4,23,3174,128,128,32721,0,0,0,0,0,0,3,18,2568
201809,218,11180, ,Ames  IA ,3,3,871,0,0,0,0,0,0,1,12,971,2,2,740,0,0,0,0,0,0,1,12,971
201809,218,19780, ,Des Moines-West Des Moines  IA ,229,229,58869,0,0,0,0,0,0,2,58,4275,220,220,56482,0,0,0,0,0,0,2,58,4275
201809,220,11460, ,Ann Arbor  MI ,20,20,7095,0,0,0,0,0,0,1,5,550,6,6,3313,0,0,0,0,0,0,0,0,0
201809,220,19820, ,Detroit-Warren-Dearborn  MI ,528,528,137934,9,18,3762,7,26,3947,16,106,16099,448,448,117497,8,16,3579,6,22,3630,14,90,14938
201809,220,22420, ,Flint  MI ,19,19,4435,0,0,0,4,16,3058,0,0,0,19,19,4435,0,0,0,4,16,3058,0,0,0
201809,220,33780, ,Monroe  MI ,2,2,360,0,0,0,0,0,0,0,0,0,2,2,360,0,0,0,0,0,0,0,0,0
201809,222,20020, ,Dothan  AL ,19,19,5614,0,0,0,0,0,0,0,0,0,17,17,5151,0,0,0,0,0,0,0,0,0
201809,232,20740, ,Eau Claire  WI ,51,51,13429,7,14,1645,0,0,0,0,0,0,51,51,13429,7,14,1645,0,0,0,0,0,0
201809,236,21300, ,Elmira  NY ,0,0,0,0,0,0,0,0,0,0,0,0,0,0,0,0,0,0,0,0,0,0,0,0
201809,238,21340,C,El Paso  TX ,184,184,38765,2,4,387,5,18,1988,3,59,6825,0,0,0,0,0,0,0,0,0,0,0,0
201809,238,29740,C,Las Cruces  NM ,53,53,11015,0,0,0,0,0,0,2,19,1405,4,4,796,0,0,0,0,0,0,0,0,0
201809,240,21500, ,Erie  PA ,6,6,1240,0,0,0,0,0,0,0,0,0,6,6,1240,0,0,0,0,0,0,0,0,0
201809,244,22020, ,Fargo  ND-MN ,146,146,31829,0,0,0,0,0,0,6,268,23623,144,144,31229,0,0,0,0,0,0,6,268,23623
201809,246,22180,C,Fayetteville  NC ,54,54,10158,0,0,0,0,0,0,0,0,0,54,54,10158,0,0,0,0,0,0,0,0,0
201809,258,23060, ,Fort Wayne  IN ,138,138,36069,0,0,0,0,0,0,0,0,0,138,138,36069,0,0,0,0,0,0,0,0,0
201809,260,23420,C,Fresno  CA ,160,160,44428,5,10,2005,1,3,124,6,45,4455,96,96,26789,0,0,0,0,0,0,0,0,0
201809,260,31460, ,Madera  CA ,23,23,6243,0,0,0,0,0,0,0,0,0,23,23,6243,0,0,0,0,0,0,0,0,0
201809,264,23540, ,Gainesville  FL ,35,35,9419,0,0,0,0,0,0,1,107,3643,26,26,8229,0,0,0,0,0,0,0,0,0
201809,266,24340, ,Grand Rapids-Wyoming  MI ,120,120,36560,3,6,1610,0,0,0,4,98,11297,105,105,33474,3,6,1610,0,0,0,4,98,11297
201809,266,34740, ,Muskegon  MI ,1,1,230,0,0,0,0,0,0,0,0,0,0,0,0,0,0,0,0,0,0,0,0,0
201809,267,24580, ,Green Bay  WI ,63,63,17085,0,0,0,0,0,0,1,5,485,45,45,11824,0,0,0,0,0,0,0,0,0
201809,268,15500, ,Burlington  NC ,72,72,13757,0,0,0,0,0,0,0,0,0,72,72,13757,0,0,0,0,0,0,0,0,0
201809,268,24660,C,Greensboro-High Point  NC ,127,127,47054,0,0,0,0,0,0,0,0,0,127,127,47054,0,0,0,0,0,0,0,0,0
201809,268,49180, ,Winston-Salem  NC ,180,180,32208,0,0,0,0,0,0,1,7,316,169,169,29573,0,0,0,0,0,0,0,0,0
201809,273,24860, ,Greenville-Anderson-Mauldin  SC ,327,327,44766,1,2,140,2,8,370,12,260,27533,151,151,31165,1,2,140,2,8,370,10,240,25524
201809,273,43900, ,Spartanburg  SC ,143,143,24997,0,0,0,0,0,0,0,0,0,143,143,24997,0,0,0,0,0,0,0,0,0
201809,274,24780, ,Greenville  NC ,42,42,3481,0,0,0,0,0,0,0,0,0,42,42,3481,0,0,0,0,0,0,0,0,0
201809,276,23900,C,Gettysburg  PA ,28,28,5056,0,0,0,0,0,0,0,0,0,28,28,5056,0,0,0,0,0,0,0,0,0
201809,276,25420,C,Harrisburg-Carlisle  PA ,100,100,21427,0,0,0,0,0,0,1,10,886,82,82,17183,0,0,0,0,0,0,1,10,886
201809,276,30140, ,Lebanon  PA ,23,23,5553,0,0,0,0,0,0,0,0,0,23,23,5553,0,0,0,0,0,0,0,0,0
201809,276,49620, ,York-Hanover  PA ,12,12,2926,1,2,185,0,0,0,0,0,0,8,8,1929,1,2,185,0,0,0,0,0,0
201809,277,25500,C,Harrisonburg  VA ,26,26,7196,0,0,0,0,0,0,0,0,0,22,22,6457,0,0,0,0,0,0,0,0,0
201809,277,44420, ,Staunton-Waynesboro  VA ,11,11,2585,0,0,0,0,0,0,0,0,0,11,11,2585,0,0,0,0,0,0,0,0,0
201809,278,25540,C,Hartford-West Hartford-East Hartford  CT ,86,86,15721,1,2,194,0,0,0,2,10,857,69,69,12184,0,0,0,0,0,0,0,0,0
201809,278,35980, ,Norwich-New London  CT ,6,6,1169,0,0,0,0,0,0,0,0,0,3,3,672,0,0,0,0,0,0,0,0,0
201809,280,25860, ,Hickory-Lenoir-Morganton  NC ,0,0,0,0,0,0,0,0,0,1,5,279,0,0,0,0,0,0,0,0,0,0,0,0
201809,284,26300, ,Hot Springs  AR ,2,2,245,0,0,0,0,0,0,4,40,4636,2,2,245,0,0,0,0,0,0,4,40,4636
201809,288,26420, ,Houston-The Woodlands-Sugar Land  TX ,3061,3061,529276,7,14,1543,1,4,270,7,908,200307,2291,2291,462023,6,12,1313,1,4,270,5,898,199805
201809,290,19460, ,Decatur  AL ,10,10,1530,0,0,0,0,0,0,0,0,0,10,10,1530,0,0,0,0,0,0,0,0,0
201809,290,26620,C,Huntsville  AL ,235,235,32914,0,0,0,0,0,0,0,0,0,235,235,32914,0,0,0,0,0,0,0,0,0
201809,292,26820, ,Idaho Falls  ID ,77,77,12691,0,0,0,0,0,0,0,0,0,77,77,12691,0,0,0,0,0,0,0,0,0
201809,294,18020, ,Columbus  IN ,10,10,1967,0,0,0,0,0,0,0,0,0,10,10,1967,0,0,0,0,0,0,0,0,0
201809,294,26900, ,Indianapolis-Carmel-Anderson  IN ,496,496,145371,4,8,669,0,0,0,1,6,1263,475,475,140871,4,8,669,0,0,0,1,6,1263
201809,294,34620, ,Muncie  IN ,2,2,270,0,0,0,0,0,0,0,0,0,2,2,270,0,0,0,0,0,0,0,0,0
201809,296,27060, ,Ithaca  NY ,1,1,256,1,2,237,0,0,0,0,0,0,0,0,0,0,0,0,0,0,0,0,0,0
201809,297,27180, ,Jackson  TN ,15,15,3220,0,0,0,0,0,0,0,0,0,15,15,3220,0,0,0,0,0,0,0,0,0
201809,298,27140, ,Jackson  MS ,111,111,20598,1,2,375,0,0,0,0,0,0,105,105,19300,1,2,375,0,0,0,0,0,0
201809,300,27260,C,Jacksonville  FL ,819,819,208909,1,2,130,2,8,1617,21,611,66681,799,799,202305,1,2,130,2,8,1617,21,611,66681
201809,304,27740, ,Johnson City  TN ,14,14,2901,3,6,240,0,0,0,0,0,0,14,14,2901,3,6,240,0,0,0,0,0,0
201809,304,28700, ,Kingsport-Bristol-Bristol  TN-VA ,0,0,0,0,0,0,0,0,0,0,0,0,0,0,0,0,0,0,0,0,0,0,0,0
201809,306,27780, ,Johnstown  PA ,1,1,138,0,0,0,0,0,0,0,0,0,1,1,138,0,0,0,0,0,0,0,0,0
201809,308,27860, ,Jonesboro  AR ,32,32,4802,3,6,415,4,16,839,1,9,592,0,0,0,0,0,0,0,0,0,0,0,0
201809,309,27900, ,Joplin  MO ,9,9,1234,0,0,0,0,0,0,0,0,0,9,9,1234,0,0,0,0,0,0,0,0,0
201809,310,12980, ,Battle Creek  MI ,0,0,0,0,0,0,0,0,0,0,0,0,0,0,0,0,0,0,0,0,0,0,0,0
201809,310,28020, ,Kalamazoo-Portage  MI ,7,7,2656,0,0,0,0,0,0,0,0,0,6,6,2285,0,0,0,0,0,0,0,0,0
201809,312,28140, ,Kansas City  MO-KS ,406,406,110923,4,8,819,5,19,2394,12,243,35320,328,328,85826,4,8,819,2,8,720,11,219,33293
201809,312,29940, ,Lawrence  KS ,12,12,3749,0,0,0,0,0,0,0,0,0,12,12,3749,0,0,0,0,0,0,0,0,0
201809,312,41140, ,St. Joseph  MO-KS ,0,0,0,0,0,0,0,0,0,0,0,0,0,0,0,0,0,0,0,0,0,0,0,0
201809,314,28940, ,Knoxville  TN ,266,266,53099,0,0,0,0,0,0,10,274,32123,256,256,51290,0,0,0,0,0,0,9,259,31136
201809,316,29020, ,Kokomo  IN ,7,7,1270,1,2,275,0,0,0,0,0,0,7,7,1270,1,2,275,0,0,0,0,0,0
201809,318,29180, ,Lafayette  LA ,122,122,25155,0,0,0,0,0,0,0,0,0,29,29,6898,0,0,0,0,0,0,0,0,0
201809,320,29200, ,Lafayette-West Lafayette  IN ,33,33,8011,0,0,0,0,0,0,1,8,782,0,0,0,0,0,0,0,0,0,0,0,0
201809,324,29340, ,Lake Charles  LA ,76,76,13056,8,16,645,0,0,0,0,0,0,40,40,5409,8,16,645,0,0,0,0,0,0
201809,330,29620, ,Lansing-East Lansing  MI ,11,11,2805,1,2,251,0,0,0,1,6,480,0,0,0,0,0,0,0,0,0,0,0,0
201809,332,29420, ,Lake Havasu City-Kingman  AZ ,75,75,15692,1,2,180,0,0,0,0,0,0,75,75,15692,1,2,180,0,0,0,0,0,0
201809,332,29820,C,Las Vegas-Henderson-Paradise  NV ,644,644,146745,0,0,0,0,0,0,2,12,1447,644,644,146745,0,0,0,0,0,0,2,12,1447
201809,336,30460,C,Lexington-Fayette  KY ,118,118,24900,0,0,0,0,0,0,1,53,3881,50,50,14109,0,0,0,0,0,0,0,0,0
201809,338,30620, ,Lima  OH ,3,3,861,0,0,0,0,0,0,0,0,0,3,3,861,0,0,0,0,0,0,0,0,0
201809,339,30700, ,Lincoln  NE ,88,88,18465,1,2,341,0,0,0,3,88,9242,6,6,989,0,0,0,0,0,0,0,0,0
201809,340,30780, ,Little Rock-North Little Rock-Conway  AR ,108,108,23775,2,4,451,0,0,0,1,8,211,78,78,18721,1,2,300,0,0,0,0,0,0
201809,340,38220, ,Pine Bluff  AR ,0,0,0,0,0,0,0,0,0,0,0,0,0,0,0,0,0,0,0,0,0,0,0,0
201809,346,30980, ,Longview  TX ,6,6,1025,0,0,0,0,0,0,0,0,0,6,6,1025,0,0,0,0,0,0,0,0,0
201809,348,31080,C,Los Angeles-Long Beach-Anaheim  CA ,827,827,281210,70,140,26435,10,30,5810,37,1183,204973,658,658,203259,69,138,25768,7,21,4334,26,1081,184103
201809,348,37100, ,Oxnard-Thousand Oaks-Ventura  CA ,12,12,2374,0,0,0,0,0,0,0,0,0,12,12,2374,0,0,0,0,0,0,0,0,0
201809,348,40140, ,Riverside-San Bernardino-Ontario  CA ,764,764,219101,1,2,360,4,16,2919,3,19,1587,652,652,192359,1,2,360,4,16,2919,1,6,769
201809,350,21060, ,Elizabethtown-Fort Knox  KY ,36,36,6792,0,0,0,0,0,0,0,0,0,36,36,6792,0,0,0,0,0,0,0,0,0
201809,350,31140, ,Louisville-Jefferson County  KY-IN ,239,239,60155,1,2,280,0,0,0,17,531,103000,197,197,48998,1,2,280,0,0,0,17,531,103000
201809,352,31180, ,Lubbock  TX ,121,121,26563,0,0,0,1,3,402,9,69,7586,8,8,1630,0,0,0,0,0,0,0,0,0
201809,356,31420, ,Macon-Bibb County  GA ,18,18,3527,0,0,0,0,0,0,0,0,0,0,0,0,0,0,0,0,0,0,0,0,0
201809,356,47580, ,Warner Robins  GA ,47,47,9115,0,0,0,0,0,0,1,90,10557,47,47,9115,0,0,0,0,0,0,1,90,10557
201809,357,27500, ,Janesville-Beloit  WI ,16,16,4726,1,2,647,0,0,0,0,0,0,15,15,4521,1,2,647,0,0,0,0,0,0
201809,357,31540, ,Madison  WI ,118,118,39799,5,10,1390,2,8,1250,9,77,12703,101,101,34284,3,6,800,2,8,1250,8,54,10600
201809,358,31740, ,Manhattan  KS ,14,14,5860,0,0,0,0,0,0,0,0,0,13,13,5682,0,0,0,0,0,0,0,0,0
201809,359,31860, ,Mankato-North Mankato  MN ,13,13,2483,0,0,0,0,0,0,1,11,823,0,0,0,0,0,0,0,0,0,0,0,0
201809,365,32580,C,McAllen-Edinburg-Mission  TX ,197,197,35734,18,36,3236,11,44,4942,4,48,3664,136,136,23719,17,34,3102,1,4,321,3,20,685
201809,366,32780, ,Medford  OR ,30,30,7709,1,2,383,0,0,0,2,24,3127,30,30,7709,1,2,383,0,0,0,2,24,3127
201809,368,32820, ,Memphis  TN-MS-AR ,227,227,50705,1,2,108,0,0,0,2,199,21768,206,206,47261,1,2,108,0,0,0,2,199,21768
201809,370,33100, ,Miami-Fort Lauderdale-West Palm Beach  FL ,552,552,184780,5,10,1089,1,3,514,29,922,113009,470,470,158756,4,8,881,0,0,0,21,708,81999
201809,370,38940, ,Port St. Lucie  FL ,157,157,31358,2,4,599,3,12,2301,2,12,1863,134,134,20352,2,4,599,2,8,1260,2,12,1863
201809,370,42680, ,Sebastian-Vero Beach  FL ,58,58,27451,0,0,0,0,0,0,0,0,0,58,58,27451,0,0,0,0,0,0,0,0,0
201809,372,33260, ,Midland  TX ,123,123,26600,0,0,0,0,0,0,0,0,0,123,123,26600,0,0,0,0,0,0,0,0,0
201809,372,36220,C,Odessa  TX ,38,38,7163,0,0,0,0,0,0,0,0,0,0,0,0,0,0,0,0,0,0,0,0,0
201809,376,33340,C,Milwaukee-Waukesha-West Allis  WI ,153,153,47134,2,4,897,0,0,0,1,7,986,122,122,35119,2,4,897,0,0,0,0,0,0
201809,376,39540, ,Racine  WI ,13,13,3639,0,0,0,0,0,0,5,73,5594,5,5,1426,0,0,0,0,0,0,5,73,5594
201809,378,33460, ,Minneapolis-St. Paul-Bloomington  MN-WI ,684,684,204470,5,10,1279,2,6,630,16,485,66931,611,611,182378,3,6,802,1,3,300,14,453,62576
201809,378,41060, ,St. Cloud  MN ,1,1,260,0,0,0,0,0,0,0,0,0,0,0,0,0,0,0,0,0,0,0,0,0
201809,380,19300, ,Daphne-Fairhope-Foley  AL ,142,142,30756,1,2,189,0,0,0,0,0,0,64,64,19119,0,0,0,0,0,0,0,0,0
201809,380,33660, ,Mobile  AL ,51,51,12260,0,0,0,0,0,0,0,0,0,51,51,12260,0,0,0,0,0,0,0,0,0
201809,382,32900, ,Merced  CA ,23,23,4729,0,0,0,0,0,0,0,0,0,23,23,4729,0,0,0,0,0,0,0,0,0
201809,382,33700, ,Modesto  CA ,0,0,0,0,0,0,0,0,0,0,0,0,0,0,0,0,0,0,0,0,0,0,0,0
201809,384,33740, ,Monroe  LA ,23,23,5453,1,2,100,0,0,0,0,0,0,1,1,400,1,2,100,0,0,0,0,0,0
201809,390,34060, ,Morgantown  WV ,0,0,0,0,0,0,0,0,0,0,0,0,0,0,0,0,0,0,0,0,0,0,0,0
201809,396,34820, ,Myrtle Beach-Conway-North Myrtle Beach  SC-NC ,278,278,47686,0,0,0,0,0,0,2,12,2276,255,255,41878,0,0,0,0,0,0,2,12,2276
201809,400,34980, ,Nashville-Davidson--Murfreesboro--Franklin  TN ,810,810,211613,1,2,454,0,0,0,26,1087,52946,722,722,186586,0,0,0,0,0,0,24,1076,52195
201809,406,25220, ,Hammond  LA ,58,58,8728,1,2,250,0,0,0,0,0,0,0,0,0,0,0,0,0,0,0,0,0,0
201809,406,35380, ,New Orleans-Metairie  LA ,220,220,49878,5,10,1057,0,0,0,1,9,2215,140,140,32152,0,0,0,0,0,0,0,0,0
201809,408,10900, ,Allentown-Bethlehem-Easton  PA-NJ ,30,30,7030,0,0,0,0,0,0,3,37,4345,27,27,6367,0,0,0,0,0,0,2,32,4165
201809,408,14860,C,Bridgeport-Stamford-Norwalk  CT ,50,50,28262,0,0,0,0,0,0,3,30,6205,35,35,18263,0,0,0,0,0,0,1,20,4348
201809,408,20700, ,East Stroudsburg  PA ,5,5,1319,0,0,0,0,0,0,0,0,0,4,4,1022,0,0,0,0,0,0,0,0,0
201809,408,28740, ,Kingston  NY ,4,4,963,0,0,0,0,0,0,1,5,1220,2,2,532,0,0,0,0,0,0,0,0,0
201809,408,35300, ,New Haven-Milford  CT ,26,26,4221,0,0,0,0,0,0,2,29,6776,19,19,3127,0,0,0,0,0,0,1,24,6468
201809,408,35620, ,New York-Newark-Jersey City  NY-NJ-PA ,960,960,276168,73,146,20677,31,102,10163,82,1619,159248,666,666,207928,58,116,16449,22,71,7042,47,1345,134689
201809,408,45940,C,Trenton  NJ ,15,15,4474,3,6,87,5,17,489,0,0,0,13,13,2966,2,4,0,0,0,0,0,0,0
201809,412,35840,C,North Port-Sarasota-Bradenton  FL ,484,484,123758,1,2,140,7,25,3867,8,201,26466,173,173,52918,1,2,140,2,8,879,5,152,22590
201809,412,39460, ,Punta Gorda  FL ,176,176,44041,10,20,2112,0,0,0,0,0,0,176,176,44041,10,20,2112,0,0,0,0,0,0
201809,416,36420,C,Oklahoma City  OK ,357,357,79863,1,2,140,1,4,850,0,0,0,331,331,74521,1,2,140,1,4,850,0,0,0
201809,420,36540, ,Omaha-Council Bluffs  NE-IA ,234,234,47362,3,6,872,0,0,0,1,162,12051,165,165,29543,3,6,872,0,0,0,1,162,12051
201809,422,19660, ,Deltona-Daytona Beach-Ormond Beach  FL ,168,168,41816,0,0,0,0,0,0,2,100,12379,159,159,39420,0,0,0,0,0,0,2,100,12379
201809,422,36740, ,Orlando-Kissimmee-Sanford  FL ,1163,1163,303119,8,16,1993,0,0,0,17,564,46666,1097,1097,285177,8,16,1993,0,0,0,15,536,44024
201809,422,45540,C,The Villages  FL ,180,180,46224,0,0,0,0,0,0,0,0,0,180,180,46224,0,0,0,0,0,0,0,0,0
201809,425,37620, ,Parkersburg-Vienna  WV ,7,7,1414,0,0,0,0,0,0,0,0,0,7,7,1414,0,0,0,0,0,0,0,0,0
201809,426,37860,C,Pensacola-Ferry Pass-Brent  FL ,207,207,41054,0,0,0,0,0,0,6,36,360,207,207,41054,0,0,0,0,0,0,6,36,360
201809,427,37900, ,Peoria  IL ,6,6,1793,0,0,0,0,0,0,1,62,7200,5,5,1558,0,0,0,0,0,0,1,62,7200
201809,428,12100,C,Atlantic City-Hammonton  NJ ,44,44,9667,0,0,0,0,0,0,4,138,5604,41,41,9054,0,0,0,0,0,0,2,114,2612
201809,428,20100,C,Dover  DE ,76,76,11867,0,0,0,0,0,0,0,0,0,74,74,11434,0,0,0,0,0,0,0,0,0
201809,428,36140,C,Ocean City  NJ ,46,46,18470,10,20,2593,0,0,0,0,0,0,38,38,14926,10,20,2593,0,0,0,0,0,0
201809,428,37980,C,Philadelphia-Camden-Wilmington  PA-NJ-DE-MD ,587,587,113702,15,30,4852,16,57,7789,17,249,25966,267,267,58957,0,0,0,3,12,2118,5,103,9755
201809,428,39740, ,Reading  PA ,0,0,0,0,0,0,0,0,0,0,0,0,0,0,0,0,0,0,0,0,0,0,0,0
201809,428,47220,C,Vineland-Bridgeton  NJ ,7,7,802,0,0,0,0,0,0,0,0,0,4,4,566,0,0,0,0,0,0,0,0,0
201809,430,38300, ,Pittsburgh  PA ,103,103,28263,1,2,246,3,12,1492,1,17,1394,69,69,20027,0,0,0,3,12,1492,0,0,0
201809,430,48260, ,Weirton-Steubenville  WV-OH ,0,0,0,0,0,0,0,0,0,0,0,0,0,0,0,0,0,0,0,0,0,0,0,0
201809,438,30340, ,Lewiston-Auburn  ME ,16,16,3863,1,2,150,0,0,0,3,36,4966,16,16,3863,1,2,150,0,0,0,3,36,4966
201809,438,38860, ,Portland-South Portland  ME ,142,142,37628,3,6,880,1,3,100,3,17,1048,47,47,16178,0,0,0,0,0,0,0,0,0
201809,440,10540, ,Albany  OR ,24,24,5149,0,0,0,0,0,0,0,0,0,20,20,4360,0,0,0,0,0,0,0,0,0
201809,440,18700, ,Corvallis  OR ,7,7,1409,0,0,0,3,10,1938,0,0,0,7,7,1409,0,0,0,3,10,1938,0,0,0
201809,440,31020, ,Longview  WA ,14,14,3346,0,0,0,0,0,0,0,0,0,14,14,3346,0,0,0,0,0,0,0,0,0
201809,440,38900, ,Portland-Vancouver-Hillsboro  OR-WA ,575,575,169439,12,24,4757,0,0,0,14,359,44061,434,434,121569,11,22,4403,0,0,0,12,338,41673
201809,440,41420, ,Salem  OR ,68,68,19828,0,0,0,0,0,0,0,0,0,68,68,19828,0,0,0,0,0,0,0,0,0
201809,444,39380,C,Pueblo  CO ,30,30,5282,0,0,0,0,0,0,0,0,0,30,30,5282,0,0,0,0,0,0,0,0,0
201809,450,20500,C,Durham-Chapel Hill  NC ,225,225,52779,0,0,0,0,0,0,4,105,8364,77,77,24289,0,0,0,0,0,0,0,0,0
201809,450,39580,C,Raleigh  NC ,760,760,154693,0,0,0,0,0,0,4,88,19395,709,709,143982,0,0,0,0,0,0,4,88,19395
201809,452,39660, ,Rapid City  SD ,34,34,8381,2,4,758,1,4,40,0,0,0,34,34,8381,2,4,758,1,4,40,0,0,0
201809,454,39820, ,Redding  CA ,13,13,3147,0,0,0,0,0,0,0,0,0,13,13,3147,0,0,0,0,0,0,0,0,0
201809,456,16180,C,Carson City  NV ,10,10,3172,0,0,0,0,0,0,0,0,0,10,10,3172,0,0,0,0,0,0,0,0,0
201809,456,39900,C,Reno  NV ,171,171,47970,0,0,0,0,0,0,12,213,22568,142,142,38875,0,0,0,0,0,0,11,208,20869
201809,462,40340, ,Rochester  MN ,42,42,15108,0,0,0,0,0,0,5,386,51356,42,42,15108,0,0,0,0,0,0,5,386,51356
201809,464,40380, ,Rochester  NY ,109,109,24667,0,0,0,0,0,0,0,0,0,94,94,21744,0,0,0,0,0,0,0,0,0
201809,466,40420, ,Rockford  IL ,5,5,1010,0,0,0,2,6,610,0,0,0,5,5,1010,0,0,0,2,6,610,0,0,0
201809,470,40660,C,Rome  GA ,29,29,4010,0,0,0,0,0,0,0,0,0,29,29,4010,0,0,0,0,0,0,0,0,0
201809,472,40900,C,Sacramento--Roseville--Arden-Arcade  CA ,475,475,139027,2,4,885,0,0,0,4,249,41042,474,474,138788,2,4,885,0,0,0,4,249,41042
201809,474,13020, ,Bay City  MI ,0,0,0,0,0,0,0,0,0,0,0,0,0,0,0,0,0,0,0,0,0,0,0,0
201809,474,33220, ,Midland  MI ,7,7,815,0,0,0,0,0,0,0,0,0,7,7,815,0,0,0,0,0,0,0,0,0
201809,474,40980, ,Saginaw  MI ,5,5,1215,1,2,180,0,0,0,0,0,0,5,5,1215,1,2,180,0,0,0,0,0,0
201809,476,41180, ,St. Louis  MO-IL ,374,374,100600,3,6,1288,0,0,0,6,48,5472,278,278,70323,3,6,1288,0,0,0,1,12,1486
201809,482,36260, ,Ogden-Clearfield  UT ,228,228,59344,1,2,257,4,16,2621,1,6,1122,212,212,55634,0,0,0,3,12,1882,1,6,1122
201809,482,39340, ,Provo-Orem  UT ,408,408,120218,0,0,0,0,0,0,4,62,7958,403,403,117456,0,0,0,0,0,0,4,62,7958
201809,482,41620, ,Salt Lake City  UT ,371,371,91514,4,8,1600,1,3,531,9,115,14959,256,256,62438,4,8,1600,0,0,0,6,72,8820
201809,488,41860,C,San Francisco-Oakland-Hayward  CA ,304,304,117917,2,4,1197,10,34,9164,21,400,103209,237,237,92346,1,2,500,9,31,8308,13,335,91518
201809,488,41940,C,San Jose-Sunnyvale-Santa Clara  CA ,222,222,85006,0,0,0,0,0,0,15,210,38584,185,185,71147,0,0,0,0,0,0,11,107,24210
201809,488,42100, ,Santa Cruz-Watsonville  CA ,10,10,2153,0,0,0,0,0,0,1,7,712,0,0,0,0,0,0,0,0,0,0,0,0
201809,488,42220, ,Santa Rosa  CA ,280,280,112183,0,0,0,1,4,519,0,0,0,280,280,112183,0,0,0,1,4,519,0,0,0
201809,488,44700, ,Stockton-Lodi  CA ,73,73,21953,0,0,0,0,0,0,0,0,0,73,73,21953,0,0,0,0,0,0,0,0,0
201809,488,46700, ,Vallejo-Fairfield  CA ,43,43,11026,0,0,0,0,0,0,0,0,0,41,41,10418,0,0,0,0,0,0,0,0,0
201809,496,25980, ,Hinesville  GA ,28,28,6012,0,0,0,1,3,121,1,6,250,18,18,4121,0,0,0,0,0,0,0,0,0
201809,496,42340, ,Savannah  GA ,137,137,30826,0,0,0,0,0,0,0,0,0,47,47,9980,0,0,0,0,0,0,0,0,0
201809,500,14740,C,Bremerton-Silverdale  WA ,70,70,21513,3,6,1067,0,0,0,2,48,2415,70,70,21513,3,6,1067,0,0,0,2,48,2415
201809,500,34580, ,Mount Vernon-Anacortes  WA ,35,35,8278,0,0,0,0,0,0,0,0,0,22,22,6142,0,0,0,0,0,0,0,0,0
201809,500,36500, ,Olympia-Tumwater  WA ,65,65,16708,1,2,303,1,3,480,2,11,1393,49,49,13063,1,2,303,0,0,0,0,0,0
201809,500,42660,C,Seattle-Tacoma-Bellevue  WA ,624,624,225672,33,66,12904,27,90,18679,41,1177,138886,504,504,177484,33,66,12904,26,87,18225,39,1143,135164
201809,512,43580, ,Sioux City  IA-NE-SD ,8,8,2276,0,0,0,0,0,0,0,0,0,0,0,0,0,0,0,0,0,0,0,0,0
201809,515,21140, ,Elkhart-Goshen  IN ,24,24,7436,0,0,0,0,0,0,0,0,0,24,24,7436,0,0,0,0,0,0,0,0,0
201809,515,35660, ,Niles-Benton Harbor  MI ,2,2,884,0,0,0,0,0,0,0,0,0,2,2,884,0,0,0,0,0,0,0,0,0
201809,515,43780, ,South Bend-Mishawaka  IN-MI ,24,24,8388,0,0,0,0,0,0,0,0,0,24,24,8388,0,0,0,0,0,0,0,0,0
201809,518,17660, ,Coeur dAlene  ID ,111,111,25331,2,4,552,0,0,0,3,62,4557,87,87,20503,1,2,290,0,0,0,3,62,4557
201809,518,44060, ,Spokane-Spokane Valley  WA ,224,224,55936,8,16,2479,0,0,0,2,32,3908,194,194,48251,8,16,2479,0,0,0,0,0,0
201809,520,44180, ,Springfield  MO ,60,60,17494,2,4,160,0,0,0,1,37,3000,60,60,17494,2,4,160,0,0,0,1,37,3000
201809,521,44140, ,Springfield  MA ,6,6,2010,1,2,165,0,0,0,0,0,0,4,4,1610,1,2,165,0,0,0,0,0,0
201809,522,44100, ,Springfield  IL ,5,5,1408,2,4,752,0,0,0,0,0,0,0,0,0,0,0,0,0,0,0,0,0,0
201809,524,44300, ,State College  PA ,6,6,2132,0,0,0,0,0,0,0,0,0,6,6,2132,0,0,0,0,0,0,0,0,0
201809,532,45060, ,Syracuse  NY ,34,34,7698,0,0,0,0,0,0,0,0,0,33,33,7496,0,0,0,0,0,0,0,0,0
201809,533,45220, ,Tallahassee  FL ,58,58,11098,1,2,222,0,0,0,4,102,13475,12,12,1908,0,0,0,0,0,0,0,0,0
201809,534,45780, ,Toledo  OH ,48,48,11227,2,4,80,0,0,0,1,8,480,46,46,11002,2,4,80,0,0,0,1,8,480
201809,536,46060,C,Tucson  AZ ,249,249,68783,2,4,478,0,0,0,9,90,12761,130,130,35654,0,0,0,0,0,0,0,0,0
201809,538,46140,C,Tulsa  OK ,209,209,44143,0,0,0,1,4,342,1,5,428,205,205,43349,0,0,0,1,4,342,1,5,428
201809,540,46340, ,Tyler  TX ,23,23,7699,0,0,0,0,0,0,0,0,0,23,23,7699,0,0,0,0,0,0,0,0,0
201809,545,47260, ,Virginia Beach-Norfolk-Newport News  VA-NC ,297,297,71633,0,0,0,0,0,0,13,383,28131,270,270,68100,0,0,0,0,0,0,13,383,28131
201809,546,47300, ,Visalia-Porterville  CA ,83,83,19101,0,0,0,0,0,0,0,0,0,83,83,19101,0,0,0,0,0,0,0,0,0
201809,548,12580,C,Baltimore-Columbia-Towson  MD ,365,365,72126,0,0,0,0,0,0,12,642,83988,364,364,71783,0,0,0,0,0,0,12,642,83988
201809,548,15680,C,California-Lexington Park  MD ,44,44,10240,0,0,0,0,0,0,0,0,0,44,44,10240,0,0,0,0,0,0,0,0,0
201809,548,16540,C,Chambersburg-Waynesboro  PA ,26,26,5000,0,0,0,0,0,0,1,5,121,14,14,3207,0,0,0,0,0,0,0,0,0
201809,548,25180, ,Hagerstown-Martinsburg  MD-WV ,96,96,21019,1,2,150,0,0,0,0,0,0,96,96,21019,1,2,150,0,0,0,0,0,0
201809,548,47900, ,Washington-Arlington-Alexandria  DC-VA-MD-WV ,843,843,203609,2,4,486,0,0,0,10,1267,85568,756,756,183053,2,4,486,0,0,0,8,1213,76463
201809,548,49020, ,Winchester  VA-WV ,35,35,8663,0,0,0,3,11,1219,0,0,0,35,35,8663,0,0,0,3,11,1219,0,0,0
201809,554,48140, ,Wausau  WI ,10,10,2699,1,2,250,3,12,1260,0,0,0,5,5,1510,1,2,250,3,12,1260,0,0,0
201809,556,48620, ,Wichita  KS ,83,83,15511,10,20,1714,0,0,0,2,17,1190,3,3,715,0,0,0,0,0,0,0,0,0
201809,558,48700, ,Williamsport  PA ,6,6,2838,0,0,0,0,0,0,0,0,0,6,6,2838,0,0,0,0,0,0,0,0,0
201809,566,49660, ,Youngstown-Warren-Boardman  OH-PA ,20,20,4594,0,0,0,0,0,0,0,0,0,14,14,3559,0,0,0,0,0,0,0,0,0
201809,999,10180, ,Abilene  TX ,21,21,4573,1,2,149,1,3,281,0,0,0,0,0,0,0,0,0,0,0,0,0,0,0
201809,999,10500, ,Albany  GA ,10,10,1210,0,0,0,0,0,0,0,0,0,7,7,801,0,0,0,0,0,0,0,0,0
201809,999,10780, ,Alexandria  LA ,19,19,4679,0,0,0,0,0,0,0,0,0,13,13,3060,0,0,0,0,0,0,0,0,0
201809,999,11020, ,Altoona  PA ,2,2,575,0,0,0,0,0,0,0,0,0,2,2,575,0,0,0,0,0,0,0,0,0
201809,999,11260,C,Anchorage  AK ,72,72,22203,0,0,0,1,4,695,2,12,1897,8,8,2155,0,0,0,0,0,0,0,0,0
201809,999,11500, ,Anniston-Oxford-Jacksonville  AL ,10,10,1739,0,0,0,1,4,800,0,0,0,10,10,1739,0,0,0,1,4,800,0,0,0
201809,999,12260, ,Augusta-Richmond County  GA-SC ,221,221,42718,0,0,0,3,12,660,1,5,402,126,126,25036,0,0,0,3,12,660,0,0,0
201809,999,12420, ,Austin-Round Rock  TX ,1187,1187,290324,1,2,180,1,4,400,7,659,53389,957,957,241853,0,0,0,1,4,400,7,659,53389
201809,999,12540, ,Bakersfield  CA ,151,151,39419,3,6,710,0,0,0,0,0,0,27,27,5900,0,0,0,0,0,0,0,0,0
201809,999,12620, ,Bangor  ME ,25,25,6168,0,0,0,0,0,0,0,0,0,25,25,6168,0,0,0,0,0,0,0,0,0
201809,999,12940,C,Baton Rouge  LA ,271,271,59833,1,2,158,1,3,232,0,0,0,124,124,32232,0,0,0,0,0,0,0,0,0
201809,999,13140, ,Beaumont-Port Arthur  TX ,37,37,7981,0,0,0,1,4,417,6,49,5008,28,28,6209,0,0,0,1,4,417,5,44,4583
201809,999,13220,C,Beckley  WV ,8,8,1521,0,0,0,0,0,0,0,0,0,7,7,1392,0,0,0,0,0,0,0,0,0
201809,999,13380, ,Bellingham  WA ,58,58,15232,2,4,522,0,0,0,2,29,4009,24,24,5568,2,4,522,0,0,0,1,24,3522
201809,999,13740, ,Billings  MT ,34,34,6977,1,2,326,1,4,350,0,0,0,0,0,0,0,0,0,0,0,0,0,0,0
201809,999,13780, ,Binghamton  NY ,0,0,0,0,0,0,0,0,0,0,0,0,0,0,0,0,0,0,0,0,0,0,0,0
201809,999,13900, ,Bismarck  ND ,35,35,7318,3,6,933,0,0,0,0,0,0,31,31,6164,3,6,933,0,0,0,0,0,0
201809,999,13980, ,Blacksburg-Christiansburg-Radford  VA ,1,1,275,0,0,0,0,0,0,0,0,0,1,1,275,0,0,0,0,0,0,0,0,0
201809,999,15260, ,Brunswick  GA ,46,46,13094,0,0,0,0,0,0,0,0,0,0,0,0,0,0,0,0,0,0,0,0,0
201809,999,15540, ,Burlington-South Burlington  VT ,30,30,6457,0,0,0,0,0,0,1,5,767,23,23,4509,0,0,0,0,0,0,0,0,0
201809,999,16220, ,Casper  WY ,6,6,758,2,4,450,0,0,0,0,0,0,6,6,758,2,4,450,0,0,0,0,0,0
201809,999,16580, ,Champaign-Urbana  IL ,10,10,2541,0,0,0,0,0,0,1,25,3500,10,10,2541,0,0,0,0,0,0,1,25,3500
201809,999,16700,C,Charleston-North Charleston  SC ,330,330,88187,0,0,0,0,0,0,7,144,9273,96,96,33487,0,0,0,0,0,0,0,0,0
201809,999,16820, ,Charlottesville  VA ,41,41,10362,0,0,0,0,0,0,1,9,3245,34,34,8275,0,0,0,0,0,0,0,0,0
201809,999,16940, ,Cheyenne  WY ,38,38,7300,1,2,318,2,8,689,1,7,844,20,20,3929,0,0,0,0,0,0,0,0,0
201809,999,17020, ,Chico  CA ,25,25,5040,1,2,281,2,8,1267,4,36,4286,24,24,4831,1,2,281,2,8,1267,4,36,4286
201809,999,17300,C,Clarksville  TN-KY ,92,92,14917,0,0,0,4,16,600,5,34,1665,90,90,14774,0,0,0,4,16,600,5,34,1665
201809,999,17780, ,College Station-Bryan  TX ,52,52,10143,0,0,0,0,0,0,12,272,24882,51,51,9912,0,0,0,0,0,0,12,272,24882
201809,999,17820,C,Colorado Springs  CO ,323,323,120601,2,4,1114,0,0,0,3,83,10267,323,323,120601,2,4,1114,0,0,0,3,83,10267
201809,999,18880,C,Crestview-Fort Walton Beach-Destin  FL ,173,173,66822,0,0,0,0,0,0,0,0,0,152,152,62662,0,0,0,0,0,0,0,0,0
201809,999,19060, ,Cumberland  MD-WV ,3,3,95,0,0,0,0,0,0,0,0,0,3,3,95,0,0,0,0,0,0,0,0,0
201809,999,19180, ,Danville  IL ,0,0,0,0,0,0,0,0,0,0,0,0,0,0,0,0,0,0,0,0,0,0,0,0
201809,999,19500, ,Decatur  IL ,3,3,720,0,0,0,0,0,0,0,0,0,3,3,720,0,0,0,0,0,0,0,0,0
201809,999,20220, ,Dubuque  IA ,8,8,2282,0,0,0,0,0,0,0,0,0,8,8,2282,0,0,0,0,0,0,0,0,0
201809,999,20260, ,Duluth  MN-WI ,15,15,2800,0,0,0,0,0,0,0,0,0,15,15,2800,0,0,0,0,0,0,0,0,0
201809,999,20940, ,El Centro  CA ,13,13,2757,0,0,0,0,0,0,0,0,0,13,13,2757,0,0,0,0,0,0,0,0,0
201809,999,21420, ,Enid  OK ,0,0,0,0,0,0,0,0,0,0,0,0,0,0,0,0,0,0,0,0,0,0,0,0
201809,999,21660, ,Eugene  OR ,165,165,29378,0,0,0,0,0,0,16,124,13547,138,138,22648,0,0,0,0,0,0,16,124,13547
201809,999,21780, ,Evansville  IN-KY ,34,34,7331,0,0,0,1,4,250,0,0,0,34,34,7331,0,0,0,1,4,250,0,0,0
201809,999,21820,C,Fairbanks  AK ,2,2,471,0,0,0,0,0,0,0,0,0,2,2,471,0,0,0,0,0,0,0,0,0
201809,999,22140,C,Farmington  NM ,4,4,751,0,0,0,0,0,0,0,0,0,0,0,0,0,0,0,0,0,0,0,0,0
201809,999,22220, ,Fayetteville-Springdale-Rogers  AR-MO ,210,210,53936,2,4,307,3,11,884,1,23,1973,156,156,43905,0,0,0,2,8,703,0,0,0
201809,999,22380, ,Flagstaff  AZ ,40,40,7643,0,0,0,1,4,1500,0,0,0,40,40,7643,0,0,0,1,4,1500,0,0,0
201809,999,22500, ,Florence  SC ,31,31,3775,0,0,0,0,0,0,3,46,3984,0,0,0,0,0,0,0,0,0,0,0,0
201809,999,22520, ,Florence-Muscle Shoals  AL ,14,14,1781,0,0,0,0,0,0,0,0,0,4,4,599,0,0,0,0,0,0,0,0,0
201809,999,22540, ,Fond du Lac  WI ,4,4,859,0,0,0,0,0,0,0,0,0,3,3,610,0,0,0,0,0,0,0,0,0
201809,999,22660,C,Fort Collins  CO ,166,166,42323,0,0,0,0,0,0,1,6,805,166,166,42323,0,0,0,0,0,0,1,6,805
201809,999,22900, ,Fort Smith  AR-OK ,23,23,4497,4,8,1324,0,0,0,0,0,0,17,17,3461,3,6,1154,0,0,0,0,0,0
201809,999,23460, ,Gadsden  AL ,1,1,207,0,0,0,0,0,0,0,0,0,1,1,207,0,0,0,0,0,0,0,0,0
201809,999,24220, ,Grand Forks  ND-MN ,9,9,2094,2,4,1035,0,0,0,2,91,6735,9,9,2094,2,4,1035,0,0,0,2,91,6735
201809,999,24260, ,Grand Island  NE ,6,6,1073,0,0,0,0,0,0,0,0,0,6,6,1073,0,0,0,0,0,0,0,0,0
201809,999,24300,C,Grand Junction  CO ,62,62,10458,0,0,0,0,0,0,0,0,0,62,62,10458,0,0,0,0,0,0,0,0,0
201809,999,24500, ,Great Falls  MT ,11,11,2387,0,0,0,0,0,0,0,0,0,11,11,2387,0,0,0,0,0,0,0,0,0
201809,999,25060, ,Gulfport-Biloxi-Pascagoula  MS ,154,154,25269,0,0,0,1,3,301,1,9,762,109,109,18168,0,0,0,0,0,0,0,0,0
201809,999,25620, ,Hattiesburg  MS ,1,1,498,0,0,0,0,0,0,0,0,0,1,1,498,0,0,0,0,0,0,0,0,0
201809,999,25940, ,Hilton Head Island-Bluffton-Beaufort  SC ,70,70,23945,0,0,0,0,0,0,0,0,0,70,70,23945,0,0,0,0,0,0,0,0,0
201809,999,26140, ,Homosassa Springs  FL ,31,31,6699,1,2,55,0,0,0,1,7,605,0,0,0,0,0,0,0,0,0,0,0,0
201809,999,26380, ,Houma-Thibodaux  LA ,37,37,9097,1,2,140,0,0,0,0,0,0,37,37,9097,1,2,140,0,0,0,0,0,0
201809,999,27100, ,Jackson  MI ,2,2,450,0,0,0,0,0,0,0,0,0,2,2,450,0,0,0,0,0,0,0,0,0
201809,999,27340,C,Jacksonville  NC ,26,26,4023,0,0,0,0,0,0,0,0,0,26,26,4023,0,0,0,0,0,0,0,0,0
201809,999,27980,C,Kahului-Wailuku-Lahaina  HI ,29,29,7768,1,2,1400,0,0,0,12,186,10175,29,29,7768,1,2,1400,0,0,0,12,186,10175
201809,999,28420,C,Kennewick-Richland  WA ,96,96,27534,2,4,347,0,0,0,2,13,1407,20,20,6992,0,0,0,0,0,0,0,0,0
201809,999,28660,C,Killeen-Temple  TX ,112,112,22818,12,24,1934,0,0,0,0,0,0,91,91,19207,9,18,1397,0,0,0,0,0,0
201809,999,29100, ,La Crosse-Onalaska  WI-MN ,9,9,2090,1,2,425,0,0,0,0,0,0,9,9,2090,1,2,425,0,0,0,0,0,0
201809,999,29460, ,Lakeland-Winter Haven  FL ,354,354,72974,0,0,0,0,0,0,0,0,0,340,340,69717,0,0,0,0,0,0,0,0,0
201809,999,29540, ,Lancaster  PA ,12,12,2201,0,0,0,0,0,0,0,0,0,3,3,603,0,0,0,0,0,0,0,0,0
201809,999,29700, ,Laredo  TX ,83,83,14903,1,2,140,1,3,192,2,22,2093,0,0,0,0,0,0,0,0,0,0,0,0
201809,999,30020, ,Lawton  OK ,5,5,1110,0,0,0,0,0,0,0,0,0,5,5,1110,0,0,0,0,0,0,0,0,0
201809,999,30300, ,Lewiston  ID-WA ,0,0,0,0,0,0,0,0,0,0,0,0,0,0,0,0,0,0,0,0,0,0,0,0
201809,999,30860, ,Logan  UT-ID ,18,18,3664,0,0,0,0,0,0,0,0,0,18,18,3664,0,0,0,0,0,0,0,0,0
201809,999,31340, ,Lynchburg  VA ,3,3,471,0,0,0,0,0,0,0,0,0,3,3,471,0,0,0,0,0,0,0,0,0
201809,999,33540,C,Missoula  MT ,28,28,8757,2,4,864,0,0,0,2,54,5623,28,28,8757,2,4,864,0,0,0,2,54,5623
201809,999,33860, ,Montgomery  AL ,51,51,10481,0,0,0,0,0,0,0,0,0,51,51,10481,0,0,0,0,0,0,0,0,0
201809,999,36100, ,Ocala  FL ,217,217,31542,0,0,0,0,0,0,0,0,0,217,217,31542,0,0,0,0,0,0,0,0,0
201809,999,36980, ,Owensboro  KY ,16,16,1630,0,0,0,0,0,0,0,0,0,16,16,1630,0,0,0,0,0,0,0,0,0
201809,999,37340, ,Palm Bay-Melbourne-Titusville  FL ,125,125,42013,0,0,0,0,0,0,1,35,10808,125,125,42013,0,0,0,0,0,0,1,35,10808
201809,999,37460, ,Panama City  FL ,42,42,11141,0,0,0,0,0,0,1,26,2138,0,0,0,0,0,0,0,0,0,0,0,0
201809,999,38060,C,Phoenix-Mesa-Scottsdale  AZ ,1511,1511,401497,12,24,2766,10,32,7764,20,944,148774,1316,1316,345519,11,22,2525,10,32,7764,15,848,134278
201809,999,38340, ,Pittsfield  MA ,0,0,0,0,0,0,0,0,0,0,0,0,0,0,0,0,0,0,0,0,0,0,0,0
201809,999,38540, ,Pocatello  ID ,23,23,2584,0,0,0,0,0,0,0,0,0,23,23,2584,0,0,0,0,0,0,0,0,0
201809,999,39140, ,Prescott  AZ ,94,94,24732,2,4,618,0,0,0,0,0,0,94,94,24732,2,4,618,0,0,0,0,0,0
201809,999,40060, ,Richmond  VA ,280,280,58083,36,72,3573,3,10,1006,11,491,35616,268,268,56529,36,72,3573,3,10,1006,11,491,35616
201809,999,41100, ,St. George  UT ,132,132,22115,0,0,0,4,16,1140,2,12,732,125,125,20631,0,0,0,4,16,1140,2,12,732
201809,999,41500, ,Salinas  CA ,24,24,6785,1,2,286,1,4,1148,1,5,612,23,23,6559,1,2,286,1,4,1148,0,0,0
201809,999,41540, ,Salisbury  MD-DE ,224,224,34348,5,10,1218,1,4,578,1,6,464,217,217,33105,5,10,1218,1,4,578,1,6,464
201809,999,41660,C,San Angelo  TX ,13,13,4023,0,0,0,0,0,0,0,0,0,13,13,4023,0,0,0,0,0,0,0,0,0
201809,999,41700,C,San Antonio-New Braunfels  TX ,631,631,130397,4,8,909,1,4,291,17,85,7960,558,558,116572,4,8,909,1,4,291,16,80,6894
201809,999,41740,C,San Diego-Carlsbad  CA ,202,202,71000,3,6,1132,10,33,5054,23,321,39825,189,189,65482,3,6,1132,9,30,4935,21,309,38546
201809,999,42020, ,San Luis Obispo-Paso Robles-Arroyo Grande  CA ,31,31,11795,0,0,0,0,0,0,1,5,526,0,0,0,0,0,0,0,0,0,0,0,0
201809,999,42200, ,Santa Maria-Santa Barbara  CA ,16,16,5163,0,0,0,0,0,0,1,5,876,16,16,5163,0,0,0,0,0,0,1,5,876
201809,999,42540, ,Scranton--Wilkes-Barre--Hazleton  PA ,8,8,1258,0,0,0,0,0,0,0,0,0,8,8,1258,0,0,0,0,0,0,0,0,0
201809,999,43100, ,Sheboygan  WI ,2,2,376,0,0,0,0,0,0,0,0,0,1,1,150,0,0,0,0,0,0,0,0,0
201809,999,43340, ,Shreveport-Bossier City  LA ,86,86,17622,0,0,0,0,0,0,0,0,0,82,82,16837,0,0,0,0,0,0,0,0,0
201809,999,43420, ,Sierra Vista-Douglas  AZ ,10,10,1917,0,0,0,0,0,0,0,0,0,10,10,1917,0,0,0,0,0,0,0,0,0
201809,999,43620, ,Sioux Falls  SD ,141,141,27990,2,4,410,0,0,0,7,84,7477,141,141,27990,2,4,410,0,0,0,7,84,7477
201809,999,44940,C,Sumter  SC ,17,17,2305,0,0,0,0,0,0,0,0,0,0,0,0,0,0,0,0,0,0,0,0,0
201809,999,45300,C,Tampa-St. Petersburg-Clearwater  FL ,1045,1045,292995,0,0,0,0,0,0,4,24,6399,1029,1029,289921,0,0,0,0,0,0,2,14,3688
201809,999,45460, ,Terre Haute  IN ,1,1,140,0,0,0,0,0,0,0,0,0,1,1,140,0,0,0,0,0,0,0,0,0
201809,999,45500, ,Texarkana  TX-AR ,2,2,457,0,0,0,0,0,0,0,0,0,0,0,0,0,0,0,0,0,0,0,0,0
201809,999,45820, ,Topeka  KS ,36,36,6722,0,0,0,0,0,0,0,0,0,36,36,6722,0,0,0,0,0,0,0,0,0
201809,999,46220, ,Tuscaloosa  AL ,32,32,8858,1,2,475,2,7,979,3,47,4553,7,7,1855,0,0,0,0,0,0,0,0,0
201809,999,46300, ,Twin Falls  ID ,41,41,8434,0,0,0,0,0,0,0,0,0,41,41,8434,0,0,0,0,0,0,0,0,0
201809,999,46520,C,Urban Honolulu  HI ,82,82,27933,0,0,0,0,0,0,1,60,9835,0,0,0,0,0,0,0,0,0,0,0,0
201809,999,46540, ,Utica-Rome  NY ,3,3,720,0,0,0,0,0,0,0,0,0,3,3,720,0,0,0,0,0,0,0,0,0
201809,999,46660, ,Valdosta  GA ,70,70,12418,0,0,0,0,0,0,0,0,0,31,31,5833,0,0,0,0,0,0,0,0,0
201809,999,47380, ,Waco  TX ,40,40,8983,1,2,240,0,0,0,1,5,343,0,0,0,0,0,0,0,0,0,0,0,0
201809,999,47460, ,Walla Walla  WA ,10,10,2323,0,0,0,0,0,0,0,0,0,10,10,2323,0,0,0,0,0,0,0,0,0
201809,999,47940, ,Waterloo-Cedar Falls  IA ,9,9,2774,0,0,0,0,0,0,0,0,0,9,9,2774,0,0,0,0,0,0,0,0,0
201809,999,48060, ,Watertown-Fort Drum  NY ,19,19,1752,0,0,0,0,0,0,0,0,0,19,19,1752,0,0,0,0,0,0,0,0,0
201809,999,48300, ,Wenatchee  WA ,38,38,8158,0,0,0,0,0,0,0,0,0,38,38,8158,0,0,0,0,0,0,0,0,0
201809,999,48540, ,Wheeling  WV-OH ,0,0,0,0,0,0,0,0,0,0,0,0,0,0,0,0,0,0,0,0,0,0,0,0
201809,999,48660, ,Wichita Falls  TX ,0,0,0,3,6,220,0,0,0,0,0,0,0,0,0,3,6,220,0,0,0,0,0,0
201809,999,48900, ,Wilmington  NC ,44,44,14619,0,0,0,0,0,0,0,0,0,43,43,14296,0,0,0,0,0,0,0,0,0
201809,999,49420, ,Yakima  WA ,17,17,5160,2,4,758,0,0,0,0,0,0,17,17,5160,2,4,758,0,0,0,0,0,0
201809,999,49740, ,Yuma  AZ ,82,82,11995,0,0,0,0,0,0,0,0,0,73,73,10813,0,0,0,0,0,0,0,0,0
