Survey,CSA,CBSA,MONCOV,CBSA,,1-unit,,,2-units,,,3-4 units,,,5+ units,,,1-unit rep,,,2-units rep,,,3-4 units rep,,,5+ units rep
Date,Code,Code,,Name,Bldgs,Units,Value,Bldgs,Units,Value,Bldgs,Units,Value,Bldgs,Units,Value,Bldgs,Units,Value,Bldgs,Units,Value,      Bldgs,Units,Value,Bldgs,Units,Value
 
201806,104,10580,C,Albany-Schenectady-Troy  NY ,123,123,33902,0,0,0,0,0,0,8,188,134389,97,97,25531,0,0,0,0,0,0,5,164,131500
201806,104,24020, ,Glens Falls  NY ,20,20,6081,0,0,0,0,0,0,0,0,0,11,11,3670,0,0,0,0,0,0,0,0,0
201806,106,10740,C,Albuquerque  NM ,217,217,46440,1,2,167,0,0,0,2,23,1927,92,92,21631,1,2,167,0,0,0,0,0,0
201806,106,42140,C,Santa Fe  NM ,33,33,9126,0,0,0,0,0,0,0,0,0,33,33,9126,0,0,0,0,0,0,0,0,0
201806,108,11100, ,Amarillo  TX ,42,42,9708,0,0,0,0,0,0,0,0,0,42,42,9708,0,0,0,0,0,0,0,0,0
201806,118,11540, ,Appleton  WI ,53,53,13592,6,12,1838,0,0,0,0,0,0,53,53,13592,6,12,1838,0,0,0,0,0,0
201806,118,36780, ,Oshkosh-Neenah  WI ,29,29,8155,0,0,0,0,0,0,0,0,0,25,25,7598,0,0,0,0,0,0,0,0,0
201806,120,11700, ,Asheville  NC ,173,173,48419,0,0,0,0,0,0,3,56,3995,46,46,11789,0,0,0,0,0,0,0,0,0
201806,122,12020, ,Athens-Clarke County  GA ,99,99,26659,0,0,0,0,0,0,0,0,0,99,99,26659,0,0,0,0,0,0,0,0,0
201806,122,12060, ,Atlanta-Sandy Springs-Roswell  GA ,2444,2444,545111,0,0,0,3,11,2221,7,60,5112,2238,2238,504128,0,0,0,3,11,2221,5,42,3784
201806,122,23580, ,Gainesville  GA ,83,83,18555,1,2,270,0,0,0,0,0,0,83,83,18555,1,2,270,0,0,0,0,0,0
201806,140,13460,C,Bend-Redmond  OR ,150,150,41406,2,4,768,0,0,0,1,5,333,118,118,33403,1,2,374,0,0,0,0,0,0
201806,142,13820,C,Birmingham-Hoover  AL ,263,263,64924,1,2,108,0,0,0,0,0,0,145,145,36161,0,0,0,0,0,0,0,0,0
201806,144,14020,C,Bloomington  IN ,5,5,1119,2,4,556,0,0,0,2,33,3778,0,0,0,2,4,556,0,0,0,2,33,3778
201806,145,14010, ,Bloomington  IL ,3,3,422,0,0,0,0,0,0,1,12,950,3,3,422,0,0,0,0,0,0,1,12,950
201806,146,14100,C,Bloomsburg-Berwick  PA ,10,10,2746,0,0,0,0,0,0,1,5,448,4,4,652,0,0,0,0,0,0,0,0,0
201806,147,14260,C,Boise City  ID ,707,707,159059,2,4,570,4,16,991,4,122,11404,651,651,145469,2,4,570,4,16,991,4,122,11404
201806,148,12700, ,Barnstable Town  MA ,11,11,6301,0,0,0,0,0,0,0,0,0,5,5,3978,0,0,0,0,0,0,0,0,0
201806,148,14460,C,Boston-Cambridge-Newton  MA-NH ,449,449,136534,21,42,7332,16,52,8261,30,920,132651,285,285,88167,8,16,2938,13,42,6967,15,770,107202
201806,148,31700, ,Manchester-Nashua  NH ,34,34,5959,3,6,663,0,0,0,2,11,1331,18,18,3346,2,4,400,0,0,0,1,6,700
201806,148,39300,C,Providence-Warwick  RI-MA ,131,131,32468,5,10,1295,0,0,0,2,15,1277,58,58,17709,4,8,1048,0,0,0,0,0,0
201806,148,49340, ,Worcester  MA-CT ,19,19,4086,0,0,0,1,3,600,0,0,0,11,11,2326,0,0,0,1,3,600,0,0,0
201806,150,14540, ,Bowling Green  KY ,92,92,21749,1,2,358,5,20,1247,27,420,33320,92,92,21749,1,2,358,5,20,1247,27,420,33320
201806,154,15180, ,Brownsville-Harlingen  TX ,71,71,6851,1,2,108,0,0,0,0,0,0,71,71,6851,1,2,108,0,0,0,0,0,0
201806,160,15380,C,Buffalo-Cheektowaga-Niagara Falls  NY ,92,92,24350,0,0,0,0,0,0,2,29,5901,77,77,20631,0,0,0,0,0,0,1,8,1200
201806,162,15980,C,Cape Coral-Fort Myers  FL ,560,560,118387,27,54,5879,6,24,4348,8,355,58015,560,560,118387,27,54,5879,6,24,4348,8,355,58015
201806,162,34940, ,Naples-Immokalee-Marco Island  FL ,301,301,63114,0,0,0,0,0,0,6,126,13085,301,301,63114,0,0,0,0,0,0,6,126,13085
201806,164,16020, ,Cape Girardeau  MO-IL ,0,0,0,0,0,0,0,0,0,0,0,0,0,0,0,0,0,0,0,0,0,0,0,0
201806,168,16300, ,Cedar Rapids  IA ,37,37,4624,1,2,150,0,0,0,0,0,0,37,37,4624,1,2,150,0,0,0,0,0,0
201806,168,26980, ,Iowa City  IA ,21,21,6037,2,4,652,0,0,0,1,12,900,19,19,5762,2,4,652,0,0,0,1,12,900
201806,170,16620, ,Charleston  WV ,9,9,2489,0,0,0,0,0,0,0,0,0,9,9,2489,0,0,0,0,0,0,0,0,0
201806,170,26580, ,Huntington-Ashland  WV-KY-OH ,18,18,5298,1,2,344,2,8,254,1,6,177,11,11,4323,0,0,0,2,8,254,1,6,177
201806,172,16740, ,Charlotte-Concord-Gastonia  NC-SC ,1337,1337,324613,0,0,0,1,4,942,9,291,31938,1155,1155,264187,0,0,0,1,4,942,7,260,28702
201806,174,16860, ,Chattanooga  TN-GA ,137,137,25572,1,2,223,1,3,222,1,64,7767,85,85,15099,0,0,0,0,0,0,0,0,0
201806,174,17420, ,Cleveland  TN ,29,29,4694,0,0,0,0,0,0,0,0,0,11,11,1452,0,0,0,0,0,0,0,0,0
201806,176,16980, ,Chicago-Naperville-Elgin  IL-IN-WI ,832,832,241943,12,24,4299,17,55,11498,26,777,59499,693,693,204137,10,20,4196,16,52,11055,20,692,50434
201806,176,28100, ,Kankakee  IL ,1,1,334,0,0,0,0,0,0,0,0,0,1,1,334,0,0,0,0,0,0,0,0,0
201806,176,33140, ,Michigan City-La Porte  IN ,10,10,2254,0,0,0,0,0,0,0,0,0,2,2,235,0,0,0,0,0,0,0,0,0
201806,178,17140, ,Cincinnati  OH-KY-IN ,439,439,105362,0,0,0,4,15,1457,9,59,5009,368,368,87998,0,0,0,3,12,1044,6,42,3676
201806,184,10420, ,Akron  OH ,79,79,62537,0,0,0,0,0,0,0,0,0,78,78,62265,0,0,0,0,0,0,0,0,0
201806,184,15940, ,Canton-Massillon  OH ,32,32,6497,1,2,230,1,3,154,1,5,384,27,27,5913,1,2,230,0,0,0,0,0,0
201806,184,17460, ,Cleveland-Elyria  OH ,289,289,65000,3,6,264,5,19,2068,5,48,3534,226,226,54087,0,0,0,4,16,1440,5,48,3534
201806,190,17860,C,Columbia  MO ,58,58,12096,0,0,0,0,0,0,0,0,0,58,58,12096,0,0,0,0,0,0,0,0,0
201806,192,17900,C,Columbia  SC ,392,392,74067,0,0,0,0,0,0,2,35,1975,71,71,13954,0,0,0,0,0,0,0,0,0
201806,194,12220,C,Auburn-Opelika  AL ,92,92,25026,1,2,211,0,0,0,1,35,9151,35,35,8670,0,0,0,0,0,0,0,0,0
201806,194,17980, ,Columbus  GA-AL ,58,58,11534,0,0,0,1,3,185,2,13,2278,27,27,5480,0,0,0,0,0,0,0,0,0
201806,198,18140, ,Columbus  OH ,445,445,120170,0,0,0,3,12,860,3,18,1432,387,387,104272,0,0,0,3,12,860,1,5,225
201806,204,18580, ,Corpus Christi  TX ,91,91,16902,0,0,0,0,0,0,0,0,0,16,16,3957,0,0,0,0,0,0,0,0,0
201806,206,19100, ,Dallas-Fort Worth-Arlington  TX ,3295,3295,913855,10,20,4452,4,14,1393,26,2484,235201,2637,2637,705497,10,20,4452,4,14,1393,22,2382,226876
201806,209,19340, ,Davenport-Moline-Rock Island  IA-IL ,31,31,7743,0,0,0,0,0,0,1,11,1294,18,18,3988,0,0,0,0,0,0,0,0,0
201806,212,19380, ,Dayton  OH ,83,83,25885,0,0,0,0,0,0,0,0,0,51,51,18476,0,0,0,0,0,0,0,0,0
201806,212,44220, ,Springfield  OH ,5,5,1565,0,0,0,0,0,0,0,0,0,5,5,1565,0,0,0,0,0,0,0,0,0
201806,216,14500, ,Boulder  CO ,64,64,26698,0,0,0,0,0,0,8,100,13807,19,19,8855,0,0,0,0,0,0,4,35,3810
201806,216,19740,C,Denver-Aurora-Lakewood  CO ,1086,1086,303547,10,20,3240,13,45,5631,17,266,21812,1053,1053,295052,10,20,3240,13,45,5631,17,266,21812
201806,216,24540, ,Greeley  CO ,292,292,70245,0,0,0,6,23,3293,4,37,4763,138,138,28480,0,0,0,0,0,0,0,0,0
201806,218,11180, ,Ames  IA ,12,12,3786,0,0,0,0,0,0,1,40,3884,0,0,0,0,0,0,0,0,0,0,0,0
201806,218,19780, ,Des Moines-West Des Moines  IA ,290,290,78941,0,0,0,0,0,0,5,353,41383,242,242,69351,0,0,0,0,0,0,3,276,32396
201806,220,11460, ,Ann Arbor  MI ,28,28,7845,0,0,0,0,0,0,0,0,0,17,17,4620,0,0,0,0,0,0,0,0,0
201806,220,19820, ,Detroit-Warren-Dearborn  MI ,585,585,170653,0,0,0,4,15,2463,2,41,5740,475,475,139358,0,0,0,2,8,1570,1,36,5073
201806,220,22420, ,Flint  MI ,31,31,8067,0,0,0,0,0,0,0,0,0,31,31,8067,0,0,0,0,0,0,0,0,0
201806,220,33780, ,Monroe  MI ,0,0,0,0,0,0,1,4,340,0,0,0,0,0,0,0,0,0,1,4,340,0,0,0
201806,222,20020, ,Dothan  AL ,21,21,5862,0,0,0,0,0,0,0,0,0,0,0,0,0,0,0,0,0,0,0,0,0
201806,232,20740, ,Eau Claire  WI ,52,52,13212,4,8,1130,0,0,0,0,0,0,52,52,13212,4,8,1130,0,0,0,0,0,0
201806,236,21300, ,Elmira  NY ,0,0,0,0,0,0,0,0,0,0,0,0,0,0,0,0,0,0,0,0,0,0,0,0
201806,238,21340,C,El Paso  TX ,236,236,49891,2,4,387,4,14,1546,3,65,7519,0,0,0,0,0,0,0,0,0,0,0,0
201806,238,29740,C,Las Cruces  NM ,67,67,14802,0,0,0,0,0,0,0,0,0,67,67,14802,0,0,0,0,0,0,0,0,0
201806,240,21500, ,Erie  PA ,3,3,832,0,0,0,0,0,0,0,0,0,2,2,570,0,0,0,0,0,0,0,0,0
201806,244,22020, ,Fargo  ND-MN ,176,176,32572,0,0,0,0,0,0,2,63,12000,176,176,32572,0,0,0,0,0,0,2,63,12000
201806,246,22180,C,Fayetteville  NC ,69,69,14035,0,0,0,0,0,0,0,0,0,69,69,14035,0,0,0,0,0,0,0,0,0
201806,258,23060, ,Fort Wayne  IN ,107,107,27113,0,0,0,0,0,0,4,32,4772,107,107,27113,0,0,0,0,0,0,4,32,4772
201806,260,23420,C,Fresno  CA ,200,200,55997,4,8,1699,0,0,0,6,58,5742,115,115,33194,0,0,0,0,0,0,0,0,0
201806,260,31460, ,Madera  CA ,48,48,11360,0,0,0,0,0,0,0,0,0,48,48,11360,0,0,0,0,0,0,0,0,0
201806,264,23540, ,Gainesville  FL ,50,50,12934,0,0,0,0,0,0,1,116,3950,38,38,11346,0,0,0,0,0,0,0,0,0
201806,266,24340, ,Grand Rapids-Wyoming  MI ,182,182,45038,1,2,570,1,4,440,2,39,4407,144,144,37118,1,2,570,1,4,440,1,30,3472
201806,266,34740, ,Muskegon  MI ,2,2,461,0,0,0,0,0,0,0,0,0,0,0,0,0,0,0,0,0,0,0,0,0
201806,267,24580, ,Green Bay  WI ,63,63,17440,2,4,648,0,0,0,1,5,485,38,38,10173,1,2,250,0,0,0,0,0,0
201806,268,15500, ,Burlington  NC ,62,62,12618,0,0,0,0,0,0,0,0,0,62,62,12618,0,0,0,0,0,0,0,0,0
201806,268,24660,C,Greensboro-High Point  NC ,161,161,33263,1,2,125,0,0,0,1,12,700,161,161,33263,1,2,125,0,0,0,1,12,700
201806,268,49180, ,Winston-Salem  NC ,214,214,34296,0,0,0,0,0,0,1,8,361,200,200,30942,0,0,0,0,0,0,0,0,0
201806,273,24860, ,Greenville-Anderson-Mauldin  SC ,475,475,110969,0,0,0,0,0,0,5,277,28048,458,458,107234,0,0,0,0,0,0,2,255,25795
201806,273,43900, ,Spartanburg  SC ,188,188,32627,0,0,0,0,0,0,0,0,0,188,188,32627,0,0,0,0,0,0,0,0,0
201806,274,24780, ,Greenville  NC ,31,31,6219,3,6,812,0,0,0,1,43,5483,0,0,0,0,0,0,0,0,0,0,0,0
201806,276,23900,C,Gettysburg  PA ,21,21,5501,0,0,0,0,0,0,0,0,0,21,21,5501,0,0,0,0,0,0,0,0,0
201806,276,25420,C,Harrisburg-Carlisle  PA ,122,122,25752,0,0,0,3,9,1211,1,8,800,101,101,21096,0,0,0,3,9,1211,1,8,800
201806,276,30140, ,Lebanon  PA ,16,16,2789,0,0,0,0,0,0,0,0,0,0,0,0,0,0,0,0,0,0,0,0,0
201806,276,49620, ,York-Hanover  PA ,14,14,4225,1,2,492,1,4,389,0,0,0,11,11,3464,1,2,492,1,4,389,0,0,0
201806,277,25500,C,Harrisonburg  VA ,39,39,7891,0,0,0,0,0,0,0,0,0,0,0,0,0,0,0,0,0,0,0,0,0
201806,277,44420, ,Staunton-Waynesboro  VA ,16,16,3459,0,0,0,0,0,0,0,0,0,16,16,3459,0,0,0,0,0,0,0,0,0
201806,278,25540,C,Hartford-West Hartford-East Hartford  CT ,85,85,17574,0,0,0,0,0,0,8,68,6688,68,68,13618,0,0,0,0,0,0,3,36,4428
201806,278,35980, ,Norwich-New London  CT ,24,24,4433,1,2,292,0,0,0,0,0,0,18,18,3377,0,0,0,0,0,0,0,0,0
201806,280,25860, ,Hickory-Lenoir-Morganton  NC ,1,1,151,0,0,0,0,0,0,1,5,279,0,0,0,0,0,0,0,0,0,0,0,0
201806,284,26300, ,Hot Springs  AR ,5,5,835,0,0,0,0,0,0,0,0,0,5,5,835,0,0,0,0,0,0,0,0,0
201806,288,26420, ,Houston-The Woodlands-Sugar Land  TX ,3681,3681,657524,16,32,3181,1,3,450,59,2877,276402,2630,2630,562941,15,30,2951,0,0,0,57,2867,275900
201806,290,19460, ,Decatur  AL ,15,15,3043,0,0,0,0,0,0,0,0,0,15,15,3043,0,0,0,0,0,0,0,0,0
201806,290,26620,C,Huntsville  AL ,258,258,43536,0,0,0,0,0,0,0,0,0,254,254,42645,0,0,0,0,0,0,0,0,0
201806,292,26820, ,Idaho Falls  ID ,87,87,20698,0,0,0,4,16,1003,0,0,0,86,86,20600,0,0,0,4,16,1003,0,0,0
201806,294,18020, ,Columbus  IN ,12,12,3435,0,0,0,0,0,0,0,0,0,12,12,3435,0,0,0,0,0,0,0,0,0
201806,294,26900, ,Indianapolis-Carmel-Anderson  IN ,720,720,205792,9,18,2006,1,3,650,2,60,7863,567,567,167888,6,12,1100,0,0,0,0,0,0
201806,294,34620, ,Muncie  IN ,0,0,0,0,0,0,0,0,0,0,0,0,0,0,0,0,0,0,0,0,0,0,0,0
201806,296,27060, ,Ithaca  NY ,2,2,426,0,0,0,0,0,0,1,5,600,0,0,0,0,0,0,0,0,0,0,0,0
201806,297,27180, ,Jackson  TN ,18,18,4823,0,0,0,0,0,0,0,0,0,18,18,4823,0,0,0,0,0,0,0,0,0
201806,298,27140, ,Jackson  MS ,147,147,33986,0,0,0,0,0,0,0,0,0,86,86,21831,0,0,0,0,0,0,0,0,0
201806,300,27260,C,Jacksonville  FL ,1072,1072,277163,0,0,0,2,8,1347,2,75,8204,1043,1043,268675,0,0,0,2,8,1347,2,75,8204
201806,304,27740, ,Johnson City  TN ,8,8,2455,0,0,0,0,0,0,1,81,10539,8,8,2455,0,0,0,0,0,0,1,81,10539
201806,304,28700, ,Kingsport-Bristol-Bristol  TN-VA ,1,1,207,0,0,0,0,0,0,0,0,0,0,0,0,0,0,0,0,0,0,0,0,0
201806,306,27780, ,Johnstown  PA ,1,1,262,0,0,0,0,0,0,0,0,0,0,0,0,0,0,0,0,0,0,0,0,0
201806,308,27860, ,Jonesboro  AR ,41,41,6135,2,4,277,4,13,682,1,9,592,6,6,464,0,0,0,0,0,0,0,0,0
201806,309,27900, ,Joplin  MO ,10,10,1385,0,0,0,0,0,0,3,24,1093,10,10,1385,0,0,0,0,0,0,3,24,1093
201806,310,12980, ,Battle Creek  MI ,0,0,0,0,0,0,0,0,0,0,0,0,0,0,0,0,0,0,0,0,0,0,0,0
201806,310,28020, ,Kalamazoo-Portage  MI ,10,10,2948,0,0,0,0,0,0,0,0,0,0,0,0,0,0,0,0,0,0,0,0,0
201806,312,28140, ,Kansas City  MO-KS ,564,564,143327,9,18,2605,18,67,11941,7,398,35130,450,450,107789,9,18,2605,15,55,10114,5,371,32763
201806,312,29940, ,Lawrence  KS ,19,19,5788,0,0,0,0,0,0,0,0,0,0,0,0,0,0,0,0,0,0,0,0,0
201806,312,41140, ,St. Joseph  MO-KS ,1,1,91,0,0,0,0,0,0,0,0,0,1,1,91,0,0,0,0,0,0,0,0,0
201806,314,28940, ,Knoxville  TN ,289,289,63563,0,0,0,0,0,0,3,72,5573,98,98,21642,0,0,0,0,0,0,0,0,0
201806,316,29020, ,Kokomo  IN ,6,6,930,1,2,550,0,0,0,0,0,0,6,6,930,1,2,550,0,0,0,0,0,0
201806,318,29180, ,Lafayette  LA ,146,146,29064,0,0,0,0,0,0,0,0,0,25,25,5257,0,0,0,0,0,0,0,0,0
201806,320,29200, ,Lafayette-West Lafayette  IN ,45,45,10457,1,2,360,0,0,0,0,0,0,1,1,25,0,0,0,0,0,0,0,0,0
201806,324,29340, ,Lake Charles  LA ,67,67,14552,0,0,0,0,0,0,0,0,0,20,20,4568,0,0,0,0,0,0,0,0,0
201806,330,29620, ,Lansing-East Lansing  MI ,12,12,3162,0,0,0,0,0,0,0,0,0,5,5,1691,0,0,0,0,0,0,0,0,0
201806,332,29420, ,Lake Havasu City-Kingman  AZ ,73,73,15145,0,0,0,1,4,515,0,0,0,73,73,15145,0,0,0,1,4,515,0,0,0
201806,332,29820,C,Las Vegas-Henderson-Paradise  NV ,794,794,199504,0,0,0,0,0,0,1,24,1591,794,794,199504,0,0,0,0,0,0,1,24,1591
201806,336,30460,C,Lexington-Fayette  KY ,128,128,24921,1,2,157,0,0,0,3,86,6020,31,31,8985,0,0,0,0,0,0,1,24,1500
201806,338,30620, ,Lima  OH ,0,0,0,0,0,0,0,0,0,0,0,0,0,0,0,0,0,0,0,0,0,0,0,0
201806,339,30700, ,Lincoln  NE ,104,104,22171,1,2,341,0,0,0,1,75,7877,3,3,587,0,0,0,0,0,0,0,0,0
201806,340,30780, ,Little Rock-North Little Rock-Conway  AR ,215,215,47516,1,2,100,0,0,0,1,9,238,168,168,40323,0,0,0,0,0,0,0,0,0
201806,340,38220, ,Pine Bluff  AR ,1,1,124,0,0,0,0,0,0,0,0,0,0,0,0,0,0,0,0,0,0,0,0,0
201806,346,30980, ,Longview  TX ,13,13,2262,0,0,0,0,0,0,0,0,0,0,0,0,0,0,0,0,0,0,0,0,0
201806,348,31080,C,Los Angeles-Long Beach-Anaheim  CA ,918,918,319315,66,132,28489,26,89,18806,62,3921,874218,761,761,242068,59,118,24655,23,80,17032,53,3813,853773
201806,348,37100, ,Oxnard-Thousand Oaks-Ventura  CA ,37,37,9297,0,0,0,0,0,0,12,163,23299,37,37,9297,0,0,0,0,0,0,12,163,23299
201806,348,40140, ,Riverside-San Bernardino-Ontario  CA ,1258,1258,349654,0,0,0,8,29,5054,31,359,48098,1101,1101,310289,0,0,0,7,26,4609,25,316,43605
201806,350,21060, ,Elizabethtown-Fort Knox  KY ,33,33,6405,1,2,300,0,0,0,0,0,0,33,33,6405,1,2,300,0,0,0,0,0,0
201806,350,31140, ,Louisville-Jefferson County  KY-IN ,261,261,74566,1,2,75,4,16,657,0,0,0,215,215,61751,1,2,75,4,16,657,0,0,0
201806,352,31180, ,Lubbock  TX ,147,147,32388,1,2,245,0,0,0,8,74,8135,0,0,0,0,0,0,0,0,0,0,0,0
201806,356,31420, ,Macon-Bibb County  GA ,23,23,4522,0,0,0,0,0,0,0,0,0,0,0,0,0,0,0,0,0,0,0,0,0
201806,356,47580, ,Warner Robins  GA ,92,92,18602,0,0,0,0,0,0,0,0,0,67,67,12404,0,0,0,0,0,0,0,0,0
201806,357,27500, ,Janesville-Beloit  WI ,30,30,7164,0,0,0,0,0,0,0,0,0,30,30,7164,0,0,0,0,0,0,0,0,0
201806,357,31540, ,Madison  WI ,138,138,44332,12,24,3614,2,7,997,6,361,48999,117,117,38927,12,24,3614,1,4,550,4,317,44528
201806,358,31740, ,Manhattan  KS ,13,13,3994,0,0,0,0,0,0,0,0,0,13,13,3994,0,0,0,0,0,0,0,0,0
201806,359,31860, ,Mankato-North Mankato  MN ,18,18,3518,1,2,162,0,0,0,1,11,823,0,0,0,0,0,0,0,0,0,0,0,0
201806,365,32580,C,McAllen-Edinburg-Mission  TX ,332,332,64467,7,14,1079,26,103,4520,4,75,4464,286,286,59317,6,12,979,26,103,4520,2,47,2526
201806,366,32780, ,Medford  OR ,38,38,9210,0,0,0,0,0,0,0,0,0,38,38,9210,0,0,0,0,0,0,0,0,0
201806,368,32820, ,Memphis  TN-MS-AR ,352,352,76214,0,0,0,0,0,0,2,16,3000,328,328,73589,0,0,0,0,0,0,2,16,3000
201806,370,33100, ,Miami-Fort Lauderdale-West Palm Beach  FL ,745,745,267666,11,22,4131,3,10,1794,22,1918,371523,616,616,225752,11,22,4131,2,7,1280,15,1766,353546
201806,370,38940, ,Port St. Lucie  FL ,250,250,51503,17,34,4860,1,3,781,2,12,1863,221,221,37626,17,34,4860,0,0,0,2,12,1863
201806,370,42680, ,Sebastian-Vero Beach  FL ,69,69,31323,0,0,0,0,0,0,0,0,0,69,69,31323,0,0,0,0,0,0,0,0,0
201806,372,33260, ,Midland  TX ,74,74,14595,0,0,0,0,0,0,0,0,0,74,74,14595,0,0,0,0,0,0,0,0,0
201806,372,36220,C,Odessa  TX ,50,50,9425,0,0,0,0,0,0,0,0,0,0,0,0,0,0,0,0,0,0,0,0,0
201806,376,33340,C,Milwaukee-Waukesha-West Allis  WI ,181,181,63206,8,16,2684,0,0,0,3,209,33845,135,135,45213,8,16,2684,0,0,0,2,203,33000
201806,376,39540, ,Racine  WI ,12,12,3659,2,4,640,0,0,0,0,0,0,12,12,3659,2,4,640,0,0,0,0,0,0
201806,378,33460, ,Minneapolis-St. Paul-Bloomington  MN-WI ,861,861,251680,8,16,2526,0,0,0,10,951,163310,734,734,213846,5,10,1811,0,0,0,9,939,161776
201806,378,41060, ,St. Cloud  MN ,1,1,260,0,0,0,0,0,0,0,0,0,0,0,0,0,0,0,0,0,0,0,0,0
201806,380,19300, ,Daphne-Fairhope-Foley  AL ,154,154,31491,0,0,0,0,0,0,0,0,0,47,47,12525,0,0,0,0,0,0,0,0,0
201806,380,33660, ,Mobile  AL ,83,83,16737,0,0,0,0,0,0,2,20,2700,82,82,16663,0,0,0,0,0,0,2,20,2700
201806,382,32900, ,Merced  CA ,20,20,4764,0,0,0,0,0,0,0,0,0,20,20,4764,0,0,0,0,0,0,0,0,0
201806,382,33700, ,Modesto  CA ,0,0,0,0,0,0,0,0,0,0,0,0,0,0,0,0,0,0,0,0,0,0,0,0
201806,384,33740, ,Monroe  LA ,41,41,8969,0,0,0,1,4,629,1,5,579,0,0,0,0,0,0,0,0,0,0,0,0
201806,390,34060, ,Morgantown  WV ,0,0,0,0,0,0,0,0,0,0,0,0,0,0,0,0,0,0,0,0,0,0,0,0
201806,396,34820, ,Myrtle Beach-Conway-North Myrtle Beach  SC-NC ,556,556,110059,0,0,0,1,4,635,1,5,547,407,407,75554,0,0,0,1,4,635,1,5,547
201806,400,34980, ,Nashville-Davidson--Murfreesboro--Franklin  TN ,1080,1080,263259,0,0,0,4,16,576,7,877,101071,901,901,222408,0,0,0,4,16,576,3,761,94664
201806,406,25220, ,Hammond  LA ,75,75,11293,0,0,0,0,0,0,0,0,0,0,0,0,0,0,0,0,0,0,0,0,0
201806,406,35380, ,New Orleans-Metairie  LA ,293,293,64053,5,10,1226,0,0,0,1,9,2215,177,177,38514,0,0,0,0,0,0,0,0,0
201806,408,10900, ,Allentown-Bethlehem-Easton  PA-NJ ,30,30,7428,0,0,0,0,0,0,0,0,0,14,14,3172,0,0,0,0,0,0,0,0,0
201806,408,14860,C,Bridgeport-Stamford-Norwalk  CT ,73,73,54958,1,2,900,2,6,1026,1,8,4889,45,45,28911,1,2,900,2,6,1026,0,0,0
201806,408,20700, ,East Stroudsburg  PA ,6,6,2244,0,0,0,0,0,0,0,0,0,5,5,1948,0,0,0,0,0,0,0,0,0
201806,408,28740, ,Kingston  NY ,7,7,1442,0,0,0,0,0,0,1,6,1463,5,5,978,0,0,0,0,0,0,0,0,0
201806,408,35300, ,New Haven-Milford  CT ,13,13,2457,0,0,0,0,0,0,1,14,861,7,7,1436,0,0,0,0,0,0,0,0,0
201806,408,35620, ,New York-Newark-Jersey City  NY-NJ-PA ,961,961,264711,74,148,20930,25,84,22424,108,3413,785465,664,664,183230,67,134,18797,22,74,21446,68,2942,731188
201806,408,45940,C,Trenton  NJ ,24,24,6867,1,2,11,4,14,403,2,10,2,22,22,5359,1,2,11,0,0,0,2,10,2
201806,412,35840,C,North Port-Sarasota-Bradenton  FL ,569,569,126684,0,0,0,3,11,2062,12,152,16690,163,163,32248,0,0,0,0,0,0,10,99,12498
201806,412,39460, ,Punta Gorda  FL ,160,160,42034,0,0,0,0,0,0,0,0,0,160,160,42034,0,0,0,0,0,0,0,0,0
201806,416,36420,C,Oklahoma City  OK ,481,481,107637,8,16,1464,0,0,0,0,0,0,413,413,94375,7,14,1368,0,0,0,0,0,0
201806,420,36540, ,Omaha-Council Bluffs  NE-IA ,286,286,56159,0,0,0,0,0,0,1,15,1117,192,192,32019,0,0,0,0,0,0,1,15,1117
201806,422,19660, ,Deltona-Daytona Beach-Ormond Beach  FL ,218,218,60733,14,28,4326,0,0,0,0,0,0,206,206,57540,14,28,4326,0,0,0,0,0,0
201806,422,36740, ,Orlando-Kissimmee-Sanford  FL ,1563,1563,417012,12,24,3087,1,4,637,16,636,57351,1398,1398,365033,12,24,3087,1,4,637,13,591,53526
201806,422,45540,C,The Villages  FL ,170,170,47266,0,0,0,0,0,0,0,0,0,170,170,47266,0,0,0,0,0,0,0,0,0
201806,425,37620, ,Parkersburg-Vienna  WV ,5,5,955,0,0,0,0,0,0,0,0,0,5,5,955,0,0,0,0,0,0,0,0,0
201806,426,37860,C,Pensacola-Ferry Pass-Brent  FL ,273,273,53984,0,0,0,0,0,0,0,0,0,273,273,53984,0,0,0,0,0,0,0,0,0
201806,427,37900, ,Peoria  IL ,7,7,2531,0,0,0,0,0,0,0,0,0,5,5,1943,0,0,0,0,0,0,0,0,0
201806,428,12100,C,Atlantic City-Hammonton  NJ ,38,38,10858,0,0,0,0,0,0,2,49,6031,34,34,10011,0,0,0,0,0,0,0,0,0
201806,428,20100,C,Dover  DE ,114,114,17102,2,4,811,0,0,0,0,0,0,112,112,16749,2,4,811,0,0,0,0,0,0
201806,428,36140,C,Ocean City  NJ ,48,48,15528,3,6,186,0,0,0,0,0,0,42,42,14169,3,6,186,0,0,0,0,0,0
201806,428,37980,C,Philadelphia-Camden-Wilmington  PA-NJ-DE-MD ,662,662,124915,23,46,6514,12,41,5421,32,398,49359,475,475,90993,20,40,6025,12,41,5421,23,300,40575
201806,428,39740, ,Reading  PA ,1,1,120,0,0,0,0,0,0,0,0,0,1,1,120,0,0,0,0,0,0,0,0,0
201806,428,47220,C,Vineland-Bridgeton  NJ ,5,5,471,0,0,0,0,0,0,0,0,0,5,5,471,0,0,0,0,0,0,0,0,0
201806,430,38300, ,Pittsburgh  PA ,111,111,28821,1,2,246,0,0,0,1,36,2952,71,71,19041,0,0,0,0,0,0,0,0,0
201806,430,48260, ,Weirton-Steubenville  WV-OH ,0,0,0,0,0,0,0,0,0,0,0,0,0,0,0,0,0,0,0,0,0,0,0,0
201806,438,30340, ,Lewiston-Auburn  ME ,11,11,1690,0,0,0,0,0,0,0,0,0,6,6,1015,0,0,0,0,0,0,0,0,0
201806,438,38860, ,Portland-South Portland  ME ,157,157,41254,3,6,899,0,0,0,3,39,2786,70,70,20862,1,2,429,0,0,0,1,16,1200
201806,440,10540, ,Albany  OR ,38,38,9152,0,0,0,0,0,0,0,0,0,35,35,8562,0,0,0,0,0,0,0,0,0
201806,440,18700, ,Corvallis  OR ,7,7,2252,1,2,230,0,0,0,0,0,0,7,7,2252,1,2,230,0,0,0,0,0,0
201806,440,31020, ,Longview  WA ,14,14,3109,0,0,0,0,0,0,0,0,0,14,14,3109,0,0,0,0,0,0,0,0,0
201806,440,38900, ,Portland-Vancouver-Hillsboro  OR-WA ,615,615,177182,17,34,6770,1,3,280,16,353,33150,421,421,112983,16,32,6415,1,3,280,14,327,30168
201806,440,41420, ,Salem  OR ,54,54,15559,7,14,1689,3,12,376,0,0,0,54,54,15559,7,14,1689,3,12,376,0,0,0
201806,444,39380,C,Pueblo  CO ,40,40,6723,0,0,0,0,0,0,0,0,0,40,40,6723,0,0,0,0,0,0,0,0,0
201806,450,20500,C,Durham-Chapel Hill  NC ,325,325,79615,1,2,271,0,0,0,5,441,42802,134,134,42823,1,2,271,0,0,0,2,328,33800
201806,450,39580,C,Raleigh  NC ,1125,1125,231407,3,6,390,0,0,0,4,71,9628,1034,1034,212551,3,6,390,0,0,0,4,71,9628
201806,452,39660, ,Rapid City  SD ,43,43,8411,2,4,334,0,0,0,0,0,0,32,32,5979,2,4,334,0,0,0,0,0,0
201806,454,39820, ,Redding  CA ,11,11,2639,0,0,0,0,0,0,0,0,0,11,11,2639,0,0,0,0,0,0,0,0,0
201806,456,16180,C,Carson City  NV ,17,17,4417,0,0,0,0,0,0,0,0,0,17,17,4417,0,0,0,0,0,0,0,0,0
201806,456,39900,C,Reno  NV ,190,190,51812,0,0,0,0,0,0,3,72,7044,153,153,40319,0,0,0,0,0,0,3,72,7044
201806,462,40340, ,Rochester  MN ,42,42,10805,0,0,0,0,0,0,1,8,1015,41,41,10556,0,0,0,0,0,0,1,8,1015
201806,464,40380, ,Rochester  NY ,117,117,30208,0,0,0,2,7,534,6,50,4063,80,80,22179,0,0,0,1,4,434,2,21,1660
201806,466,40420, ,Rockford  IL ,12,12,2695,1,2,420,0,0,0,0,0,0,12,12,2695,1,2,420,0,0,0,0,0,0
201806,470,40660,C,Rome  GA ,14,14,2329,0,0,0,0,0,0,0,0,0,14,14,2329,0,0,0,0,0,0,0,0,0
201806,472,40900,C,Sacramento--Roseville--Arden-Arcade  CA ,769,769,231922,0,0,0,0,0,0,2,115,12012,688,688,200750,0,0,0,0,0,0,2,115,12012
201806,474,13020, ,Bay City  MI ,1,1,360,0,0,0,0,0,0,0,0,0,1,1,360,0,0,0,0,0,0,0,0,0
201806,474,33220, ,Midland  MI ,2,2,202,0,0,0,0,0,0,0,0,0,2,2,202,0,0,0,0,0,0,0,0,0
201806,474,40980, ,Saginaw  MI ,4,4,571,0,0,0,0,0,0,0,0,0,4,4,571,0,0,0,0,0,0,0,0,0
201806,476,41180, ,St. Louis  MO-IL ,488,488,131118,3,6,657,1,3,711,9,170,16831,380,380,99364,3,6,657,1,3,711,4,137,13196
201806,482,36260, ,Ogden-Clearfield  UT ,294,294,73011,0,0,0,11,40,5342,3,17,1916,267,267,65507,0,0,0,6,21,2279,3,17,1916
201806,482,39340, ,Provo-Orem  UT ,560,560,137283,0,0,0,8,31,4819,6,92,8379,524,524,127970,0,0,0,6,23,3883,3,34,3251
201806,482,41620, ,Salt Lake City  UT ,505,505,131729,5,10,1617,6,21,2689,12,267,32200,367,367,97116,2,4,782,2,8,685,6,126,13549
201806,488,41860,C,San Francisco-Oakland-Hayward  CA ,306,306,129506,0,0,0,8,26,5885,21,738,67862,246,246,103497,0,0,0,8,26,5885,12,613,45307
201806,488,41940,C,San Jose-Sunnyvale-Santa Clara  CA ,147,147,59530,0,0,0,3,11,3030,10,268,41832,105,105,45716,0,0,0,1,3,848,7,168,26742
201806,488,42100, ,Santa Cruz-Watsonville  CA ,13,13,2966,0,0,0,1,4,459,1,10,1017,0,0,0,0,0,0,0,0,0,0,0,0
201806,488,42220, ,Santa Rosa  CA ,336,336,103791,3,6,1595,0,0,0,0,0,0,336,336,103791,3,6,1595,0,0,0,0,0,0
201806,488,44700, ,Stockton-Lodi  CA ,239,239,71112,0,0,0,0,0,0,1,9,1020,212,212,64119,0,0,0,0,0,0,0,0,0
201806,488,46700, ,Vallejo-Fairfield  CA ,50,50,13323,0,0,0,0,0,0,0,0,0,50,50,13323,0,0,0,0,0,0,0,0,0
201806,496,25980, ,Hinesville  GA ,18,18,3455,0,0,0,0,0,0,0,0,0,18,18,3455,0,0,0,0,0,0,0,0,0
201806,496,42340, ,Savannah  GA ,166,166,36946,0,0,0,0,0,0,0,0,0,101,101,22774,0,0,0,0,0,0,0,0,0
201806,500,14740,C,Bremerton-Silverdale  WA ,93,93,33591,2,4,692,0,0,0,0,0,0,93,93,33591,2,4,692,0,0,0,0,0,0
201806,500,34580, ,Mount Vernon-Anacortes  WA ,56,56,13560,0,0,0,0,0,0,0,0,0,40,40,10931,0,0,0,0,0,0,0,0,0
201806,500,36500, ,Olympia-Tumwater  WA ,78,78,22068,0,0,0,0,0,0,1,7,687,67,67,19726,0,0,0,0,0,0,0,0,0
201806,500,42660,C,Seattle-Tacoma-Bellevue  WA ,804,804,278971,17,34,6570,21,68,11373,40,1521,184171,633,633,212944,15,30,5867,21,68,11373,36,1476,179402
201806,512,43580, ,Sioux City  IA-NE-SD ,12,12,3431,0,0,0,0,0,0,0,0,0,2,2,585,0,0,0,0,0,0,0,0,0
201806,515,21140, ,Elkhart-Goshen  IN ,27,27,6363,0,0,0,0,0,0,0,0,0,27,27,6363,0,0,0,0,0,0,0,0,0
201806,515,35660, ,Niles-Benton Harbor  MI ,1,1,250,0,0,0,0,0,0,0,0,0,1,1,250,0,0,0,0,0,0,0,0,0
201806,515,43780, ,South Bend-Mishawaka  IN-MI ,21,21,10446,0,0,0,0,0,0,0,0,0,21,21,10446,0,0,0,0,0,0,0,0,0
201806,518,17660, ,Coeur dAlene  ID ,143,143,33199,1,2,262,0,0,0,1,10,1344,102,102,24230,0,0,0,0,0,0,0,0,0
201806,518,44060, ,Spokane-Spokane Valley  WA ,166,166,40214,4,8,1204,1,4,516,2,40,4885,131,131,30987,3,6,858,0,0,0,0,0,0
201806,520,44180, ,Springfield  MO ,68,68,17745,0,0,0,0,0,0,0,0,0,68,68,17745,0,0,0,0,0,0,0,0,0
201806,521,44140, ,Springfield  MA ,4,4,1165,0,0,0,0,0,0,0,0,0,3,3,1015,0,0,0,0,0,0,0,0,0
201806,522,44100, ,Springfield  IL ,6,6,1698,2,4,752,0,0,0,1,5,250,0,0,0,0,0,0,0,0,0,0,0,0
201806,524,44300, ,State College  PA ,6,6,1814,0,0,0,0,0,0,0,0,0,4,4,1481,0,0,0,0,0,0,0,0,0
201806,532,45060, ,Syracuse  NY ,36,36,8073,0,0,0,0,0,0,0,0,0,34,34,7651,0,0,0,0,0,0,0,0,0
201806,533,45220, ,Tallahassee  FL ,96,96,20658,0,0,0,0,0,0,4,111,14664,58,58,13948,0,0,0,0,0,0,0,0,0
201806,534,45780, ,Toledo  OH ,57,57,13394,5,10,1000,3,12,1050,0,0,0,55,55,13168,5,10,1000,3,12,1050,0,0,0
201806,536,46060,C,Tucson  AZ ,321,321,87556,5,10,1268,4,16,2197,8,105,14888,167,167,44707,2,4,551,4,16,2197,0,0,0
201806,538,46140,C,Tulsa  OK ,235,235,47831,2,4,388,0,0,0,0,0,0,212,212,42112,2,4,388,0,0,0,0,0,0
201806,540,46340, ,Tyler  TX ,32,32,10158,0,0,0,1,4,825,0,0,0,32,32,10158,0,0,0,1,4,825,0,0,0
201806,545,47260, ,Virginia Beach-Norfolk-Newport News  VA-NC ,461,461,106522,0,0,0,0,0,0,18,245,13810,409,409,98851,0,0,0,0,0,0,18,245,13810
201806,546,47300, ,Visalia-Porterville  CA ,125,125,28685,2,4,495,0,0,0,2,10,408,72,72,14723,2,4,495,0,0,0,2,10,408
201806,548,12580,C,Baltimore-Columbia-Towson  MD ,546,546,119448,0,0,0,0,0,0,2,45,11000,540,540,118141,0,0,0,0,0,0,2,45,11000
201806,548,15680,C,California-Lexington Park  MD ,77,77,14317,0,0,0,0,0,0,0,0,0,77,77,14317,0,0,0,0,0,0,0,0,0
201806,548,16540,C,Chambersburg-Waynesboro  PA ,30,30,4678,0,0,0,0,0,0,1,5,488,24,24,3897,0,0,0,0,0,0,0,0,0
201806,548,25180, ,Hagerstown-Martinsburg  MD-WV ,146,146,29706,0,0,0,0,0,0,0,0,0,146,146,29706,0,0,0,0,0,0,0,0,0
201806,548,47900, ,Washington-Arlington-Alexandria  DC-VA-MD-WV ,1311,1311,315322,4,8,753,6,21,3199,17,1255,127724,1104,1104,267190,2,4,486,6,21,3199,15,1208,124195
201806,548,49020, ,Winchester  VA-WV ,51,51,12469,0,0,0,0,0,0,4,22,3334,51,51,12469,0,0,0,0,0,0,4,22,3334
201806,554,48140, ,Wausau  WI ,15,15,3355,0,0,0,0,0,0,0,0,0,8,8,1683,0,0,0,0,0,0,0,0,0
201806,556,48620, ,Wichita  KS ,27,27,7529,12,24,2661,1,4,611,1,28,1235,21,21,5856,11,22,2285,0,0,0,0,0,0
201806,558,48700, ,Williamsport  PA ,2,2,520,0,0,0,0,0,0,0,0,0,2,2,520,0,0,0,0,0,0,0,0,0
201806,566,49660, ,Youngstown-Warren-Boardman  OH-PA ,20,20,4017,0,0,0,0,0,0,0,0,0,13,13,2810,0,0,0,0,0,0,0,0,0
201806,999,10180, ,Abilene  TX ,27,27,5880,2,4,298,0,0,0,0,0,0,0,0,0,0,0,0,0,0,0,0,0,0
201806,999,10500, ,Albany  GA ,18,18,2037,0,0,0,0,0,0,0,0,0,14,14,1492,0,0,0,0,0,0,0,0,0
201806,999,10780, ,Alexandria  LA ,19,19,6266,0,0,0,0,0,0,0,0,0,12,12,4378,0,0,0,0,0,0,0,0,0
201806,999,11020, ,Altoona  PA ,2,2,248,0,0,0,0,0,0,0,0,0,2,2,248,0,0,0,0,0,0,0,0,0
201806,999,11260,C,Anchorage  AK ,93,93,28004,2,4,690,2,6,1042,2,57,8371,11,11,2318,2,4,690,0,0,0,1,42,6000
201806,999,11500, ,Anniston-Oxford-Jacksonville  AL ,7,7,1212,0,0,0,0,0,0,0,0,0,7,7,1212,0,0,0,0,0,0,0,0,0
201806,999,12260, ,Augusta-Richmond County  GA-SC ,247,247,46836,0,0,0,0,0,0,1,25,1436,78,78,16241,0,0,0,0,0,0,0,0,0
201806,999,12420, ,Austin-Round Rock  TX ,1726,1726,433356,2,4,760,3,10,5502,61,1212,85545,1438,1438,372007,2,4,760,3,10,5502,61,1212,85545
201806,999,12540, ,Bakersfield  CA ,206,206,49833,5,10,1183,0,0,0,0,0,0,47,47,6827,0,0,0,0,0,0,0,0,0
201806,999,12620, ,Bangor  ME ,11,11,1089,1,2,168,0,0,0,0,0,0,8,8,402,1,2,168,0,0,0,0,0,0
201806,999,12940,C,Baton Rouge  LA ,314,314,65264,0,0,0,0,0,0,2,77,1810,120,120,27912,0,0,0,0,0,0,1,72,867
201806,999,13140, ,Beaumont-Port Arthur  TX ,49,49,9857,0,0,0,0,0,0,1,5,424,38,38,7691,0,0,0,0,0,0,0,0,0
201806,999,13220,C,Beckley  WV ,6,6,1115,0,0,0,0,0,0,0,0,0,3,3,769,0,0,0,0,0,0,0,0,0
201806,999,13380, ,Bellingham  WA ,75,75,20709,2,4,632,1,4,731,0,0,0,33,33,8755,2,4,632,0,0,0,0,0,0
201806,999,13740, ,Billings  MT ,137,137,19696,0,0,0,0,0,0,0,0,0,137,137,19696,0,0,0,0,0,0,0,0,0
201806,999,13780, ,Binghamton  NY ,0,0,0,0,0,0,0,0,0,0,0,0,0,0,0,0,0,0,0,0,0,0,0,0
201806,999,13900, ,Bismarck  ND ,40,40,8880,2,4,687,1,4,724,1,8,1400,33,33,7011,2,4,687,1,4,724,1,8,1400
201806,999,13980, ,Blacksburg-Christiansburg-Radford  VA ,7,7,1706,0,0,0,0,0,0,0,0,0,7,7,1706,0,0,0,0,0,0,0,0,0
201806,999,15260, ,Brunswick  GA ,59,59,16806,0,0,0,0,0,0,0,0,0,0,0,0,0,0,0,0,0,0,0,0,0
201806,999,15540, ,Burlington-South Burlington  VT ,32,32,8842,1,2,227,0,0,0,1,9,450,30,30,8380,1,2,227,0,0,0,1,9,450
201806,999,16220, ,Casper  WY ,22,22,5054,1,2,161,0,0,0,1,9,1099,15,15,2973,0,0,0,0,0,0,0,0,0
201806,999,16580, ,Champaign-Urbana  IL ,6,6,1687,0,0,0,0,0,0,0,0,0,6,6,1687,0,0,0,0,0,0,0,0,0
201806,999,16700,C,Charleston-North Charleston  SC ,584,584,155608,0,0,0,0,0,0,7,236,25107,357,357,99240,0,0,0,0,0,0,0,0,0
201806,999,16820, ,Charlottesville  VA ,68,68,20984,0,0,0,0,0,0,2,30,5854,0,0,0,0,0,0,0,0,0,0,0,0
201806,999,16940, ,Cheyenne  WY ,37,37,6829,0,0,0,2,8,689,1,8,965,14,14,2521,0,0,0,0,0,0,0,0,0
201806,999,17020, ,Chico  CA ,22,22,4738,0,0,0,0,0,0,0,0,0,22,22,4738,0,0,0,0,0,0,0,0,0
201806,999,17300,C,Clarksville  TN-KY ,157,157,24950,0,0,0,1,4,210,2,12,480,155,155,24807,0,0,0,1,4,210,2,12,480
201806,999,17780, ,College Station-Bryan  TX ,63,63,14048,0,0,0,0,0,0,0,0,0,63,63,14048,0,0,0,0,0,0,0,0,0
201806,999,17820,C,Colorado Springs  CO ,423,423,162629,0,0,0,3,12,1855,7,146,20310,423,423,162629,0,0,0,3,12,1855,7,146,20310
201806,999,18880,C,Crestview-Fort Walton Beach-Destin  FL ,169,169,59150,0,0,0,1,4,493,0,0,0,169,169,59150,0,0,0,1,4,493,0,0,0
201806,999,19060, ,Cumberland  MD-WV ,1,1,71,0,0,0,0,0,0,0,0,0,1,1,71,0,0,0,0,0,0,0,0,0
201806,999,19180, ,Danville  IL ,0,0,0,0,0,0,0,0,0,0,0,0,0,0,0,0,0,0,0,0,0,0,0,0
201806,999,19500, ,Decatur  IL ,3,3,729,0,0,0,0,0,0,0,0,0,3,3,729,0,0,0,0,0,0,0,0,0
201806,999,20220, ,Dubuque  IA ,9,9,6434,0,0,0,0,0,0,0,0,0,9,9,6434,0,0,0,0,0,0,0,0,0
201806,999,20260, ,Duluth  MN-WI ,7,7,2010,0,0,0,0,0,0,0,0,0,7,7,2010,0,0,0,0,0,0,0,0,0
201806,999,20940, ,El Centro  CA ,7,7,1041,0,0,0,0,0,0,0,0,0,7,7,1041,0,0,0,0,0,0,0,0,0
201806,999,21420, ,Enid  OK ,3,3,620,0,0,0,0,0,0,0,0,0,3,3,620,0,0,0,0,0,0,0,0,0
201806,999,21660, ,Eugene  OR ,64,64,16977,4,8,616,0,0,0,1,110,17000,30,30,8513,4,8,616,0,0,0,1,110,17000
201806,999,21780, ,Evansville  IN-KY ,64,64,12376,2,4,393,0,0,0,0,0,0,64,64,12376,2,4,393,0,0,0,0,0,0
201806,999,21820,C,Fairbanks  AK ,1,1,264,0,0,0,0,0,0,0,0,0,0,0,0,0,0,0,0,0,0,0,0,0
201806,999,22140,C,Farmington  NM ,3,3,842,0,0,0,0,0,0,0,0,0,3,3,842,0,0,0,0,0,0,0,0,0
201806,999,22220, ,Fayetteville-Springdale-Rogers  AR-MO ,446,446,115482,4,8,1015,0,0,0,2,26,2230,373,373,100851,3,6,862,0,0,0,0,0,0
201806,999,22380, ,Flagstaff  AZ ,72,72,17997,0,0,0,0,0,0,0,0,0,72,72,17997,0,0,0,0,0,0,0,0,0
201806,999,22500, ,Florence  SC ,40,40,4871,0,0,0,0,0,0,2,50,4331,0,0,0,0,0,0,0,0,0,0,0,0
201806,999,22520, ,Florence-Muscle Shoals  AL ,18,18,2050,0,0,0,0,0,0,0,0,0,5,5,514,0,0,0,0,0,0,0,0,0
201806,999,22540, ,Fond du Lac  WI ,6,6,1287,0,0,0,0,0,0,0,0,0,0,0,0,0,0,0,0,0,0,0,0,0
201806,999,22660,C,Fort Collins  CO ,164,164,45478,4,8,1052,0,0,0,2,60,4967,164,164,45478,4,8,1052,0,0,0,2,60,4967
201806,999,22900, ,Fort Smith  AR-OK ,22,22,4638,0,0,0,0,0,0,1,5,150,17,17,4113,0,0,0,0,0,0,0,0,0
201806,999,23460, ,Gadsden  AL ,5,5,853,0,0,0,0,0,0,0,0,0,0,0,0,0,0,0,0,0,0,0,0,0
201806,999,24220, ,Grand Forks  ND-MN ,15,15,4399,0,0,0,0,0,0,0,0,0,15,15,4399,0,0,0,0,0,0,0,0,0
201806,999,24260, ,Grand Island  NE ,3,3,690,0,0,0,0,0,0,0,0,0,3,3,690,0,0,0,0,0,0,0,0,0
201806,999,24300,C,Grand Junction  CO ,65,65,9241,0,0,0,0,0,0,0,0,0,65,65,9241,0,0,0,0,0,0,0,0,0
201806,999,24500, ,Great Falls  MT ,17,17,4498,0,0,0,0,0,0,0,0,0,3,3,611,0,0,0,0,0,0,0,0,0
201806,999,25060, ,Gulfport-Biloxi-Pascagoula  MS ,182,182,29437,1,2,185,1,4,401,1,5,423,91,91,15752,0,0,0,0,0,0,0,0,0
201806,999,25620, ,Hattiesburg  MS ,6,6,1428,0,0,0,0,0,0,0,0,0,0,0,0,0,0,0,0,0,0,0,0,0
201806,999,25940, ,Hilton Head Island-Bluffton-Beaufort  SC ,68,68,25287,0,0,0,0,0,0,1,21,2227,20,20,4425,0,0,0,0,0,0,0,0,0
201806,999,26140, ,Homosassa Springs  FL ,40,40,8644,0,0,0,0,0,0,1,9,778,0,0,0,0,0,0,0,0,0,0,0,0
201806,999,26380, ,Houma-Thibodaux  LA ,49,49,8527,1,2,500,0,0,0,0,0,0,49,49,8527,1,2,500,0,0,0,0,0,0
201806,999,27100, ,Jackson  MI ,0,0,0,0,0,0,0,0,0,0,0,0,0,0,0,0,0,0,0,0,0,0,0,0
201806,999,27340,C,Jacksonville  NC ,66,66,10955,2,4,275,0,0,0,0,0,0,66,66,10955,2,4,275,0,0,0,0,0,0
201806,999,27980,C,Kahului-Wailuku-Lahaina  HI ,28,28,22487,1,2,509,0,0,0,0,0,0,28,28,22487,1,2,509,0,0,0,0,0,0
201806,999,28420,C,Kennewick-Richland  WA ,137,137,39123,3,6,521,0,0,0,2,16,1603,38,38,12324,0,0,0,0,0,0,0,0,0
201806,999,28660,C,Killeen-Temple  TX ,157,157,22972,9,18,1628,0,0,0,1,8,400,128,128,17064,7,14,1270,0,0,0,1,8,400
201806,999,29100, ,La Crosse-Onalaska  WI-MN ,22,22,4910,0,0,0,0,0,0,0,0,0,22,22,4910,0,0,0,0,0,0,0,0,0
201806,999,29460, ,Lakeland-Winter Haven  FL ,487,487,95226,0,0,0,0,0,0,0,0,0,469,469,91039,0,0,0,0,0,0,0,0,0
201806,999,29540, ,Lancaster  PA ,16,16,2693,0,0,0,0,0,0,0,0,0,6,6,918,0,0,0,0,0,0,0,0,0
201806,999,29700, ,Laredo  TX ,107,107,19212,1,2,140,0,0,0,2,24,2284,0,0,0,0,0,0,0,0,0,0,0,0
201806,999,30020, ,Lawton  OK ,8,8,1325,0,0,0,0,0,0,0,0,0,8,8,1325,0,0,0,0,0,0,0,0,0
201806,999,30300, ,Lewiston  ID-WA ,1,1,120,0,0,0,0,0,0,0,0,0,1,1,120,0,0,0,0,0,0,0,0,0
201806,999,30860, ,Logan  UT-ID ,20,20,4889,0,0,0,0,0,0,0,0,0,20,20,4889,0,0,0,0,0,0,0,0,0
201806,999,31340, ,Lynchburg  VA ,26,26,6018,0,0,0,1,3,630,0,0,0,9,9,1609,0,0,0,0,0,0,0,0,0
201806,999,33540,C,Missoula  MT ,42,42,8841,2,4,633,3,12,974,0,0,0,42,42,8841,2,4,633,3,12,974,0,0,0
201806,999,33860, ,Montgomery  AL ,46,46,8201,0,0,0,0,0,0,0,0,0,46,46,8201,0,0,0,0,0,0,0,0,0
201806,999,36100, ,Ocala  FL ,258,258,40438,6,12,745,7,23,1100,0,0,0,258,258,40438,6,12,745,7,23,1100,0,0,0
201806,999,36980, ,Owensboro  KY ,25,25,2212,0,0,0,0,0,0,0,0,0,25,25,2212,0,0,0,0,0,0,0,0,0
201806,999,37340, ,Palm Bay-Melbourne-Titusville  FL ,214,214,68256,0,0,0,0,0,0,0,0,0,184,184,58738,0,0,0,0,0,0,0,0,0
201806,999,37460, ,Panama City  FL ,53,53,14053,0,0,0,0,0,0,1,30,2467,0,0,0,0,0,0,0,0,0,0,0,0
201806,999,38060,C,Phoenix-Mesa-Scottsdale  AZ ,2307,2307,598401,47,94,6930,1,3,758,7,192,25614,2295,2295,596205,47,94,6930,1,3,758,7,192,25614
201806,999,38340, ,Pittsfield  MA ,2,2,1496,0,0,0,0,0,0,0,0,0,0,0,0,0,0,0,0,0,0,0,0,0
201806,999,38540, ,Pocatello  ID ,21,21,2643,0,0,0,2,8,440,0,0,0,21,21,2643,0,0,0,2,8,440,0,0,0
201806,999,39140, ,Prescott  AZ ,116,116,32119,2,4,621,0,0,0,0,0,0,83,83,21311,2,4,621,0,0,0,0,0,0
201806,999,40060, ,Richmond  VA ,430,430,82181,20,40,1375,1,4,460,3,29,3048,405,405,78285,20,40,1375,1,4,460,3,29,3048
201806,999,41100, ,St. George  UT ,174,174,31898,1,2,157,2,8,714,1,48,4859,77,77,16494,0,0,0,0,0,0,0,0,0
201806,999,41500, ,Salinas  CA ,12,12,3198,0,0,0,1,4,894,1,5,612,12,12,3198,0,0,0,1,4,894,0,0,0
201806,999,41540, ,Salisbury  MD-DE ,237,237,37926,6,12,1229,5,17,1450,0,0,0,235,235,37649,6,12,1229,5,17,1450,0,0,0
201806,999,41660,C,San Angelo  TX ,20,20,5249,0,0,0,0,0,0,0,0,0,20,20,5249,0,0,0,0,0,0,0,0,0
201806,999,41700,C,San Antonio-New Braunfels  TX ,759,759,155803,9,18,1789,0,0,0,20,364,32131,665,665,137752,9,18,1789,0,0,0,19,358,30852
201806,999,41740,C,San Diego-Carlsbad  CA ,260,260,75539,7,14,2095,7,27,4716,56,1134,195418,249,249,69404,7,14,2095,6,24,4368,54,1107,191282
201806,999,42020, ,San Luis Obispo-Paso Robles-Arroyo Grande  CA ,40,40,15219,0,0,0,1,3,603,1,8,842,0,0,0,0,0,0,0,0,0,0,0,0
201806,999,42200, ,Santa Maria-Santa Barbara  CA ,22,22,9308,0,0,0,0,0,0,0,0,0,22,22,9308,0,0,0,0,0,0,0,0,0
201806,999,42540, ,Scranton--Wilkes-Barre--Hazleton  PA ,4,4,615,0,0,0,0,0,0,0,0,0,4,4,615,0,0,0,0,0,0,0,0,0
201806,999,43100, ,Sheboygan  WI ,1,1,344,0,0,0,0,0,0,0,0,0,0,0,0,0,0,0,0,0,0,0,0,0
201806,999,43340, ,Shreveport-Bossier City  LA ,84,84,21861,0,0,0,0,0,0,0,0,0,54,54,14072,0,0,0,0,0,0,0,0,0
201806,999,43420, ,Sierra Vista-Douglas  AZ ,18,18,3481,0,0,0,0,0,0,1,5,483,17,17,3401,0,0,0,0,0,0,0,0,0
201806,999,43620, ,Sioux Falls  SD ,125,125,25842,0,0,0,2,8,912,1,12,1360,125,125,25842,0,0,0,2,8,912,1,12,1360
201806,999,44940,C,Sumter  SC ,22,22,2983,0,0,0,0,0,0,0,0,0,0,0,0,0,0,0,0,0,0,0,0,0
201806,999,45300,C,Tampa-St. Petersburg-Clearwater  FL ,1261,1261,358934,2,4,513,2,7,2205,6,59,7524,1252,1252,355864,0,0,0,1,4,1700,3,16,2401
201806,999,45460, ,Terre Haute  IN ,3,3,673,1,2,138,0,0,0,1,10,692,1,1,300,0,0,0,0,0,0,0,0,0
201806,999,45500, ,Texarkana  TX-AR ,2,2,457,0,0,0,0,0,0,0,0,0,0,0,0,0,0,0,0,0,0,0,0,0
201806,999,45820, ,Topeka  KS ,27,27,5840,0,0,0,0,0,0,0,0,0,27,27,5840,0,0,0,0,0,0,0,0,0
201806,999,46220, ,Tuscaloosa  AL ,37,37,11398,0,0,0,1,4,720,1,18,7500,37,37,11398,0,0,0,1,4,720,1,18,7500
201806,999,46300, ,Twin Falls  ID ,36,36,6177,0,0,0,0,0,0,0,0,0,36,36,6177,0,0,0,0,0,0,0,0,0
201806,999,46520,C,Urban Honolulu  HI ,65,65,29380,0,0,0,0,0,0,1,154,31000,65,65,29380,0,0,0,0,0,0,1,154,31000
201806,999,46540, ,Utica-Rome  NY ,1,1,80,0,0,0,0,0,0,0,0,0,1,1,80,0,0,0,0,0,0,0,0,0
201806,999,46660, ,Valdosta  GA ,82,82,15099,0,0,0,0,0,0,0,0,0,32,32,6657,0,0,0,0,0,0,0,0,0
201806,999,47380, ,Waco  TX ,52,52,11677,1,2,240,1,3,161,1,7,480,0,0,0,0,0,0,0,0,0,0,0,0
201806,999,47460, ,Walla Walla  WA ,18,18,4503,0,0,0,0,0,0,0,0,0,17,17,4403,0,0,0,0,0,0,0,0,0
201806,999,47940, ,Waterloo-Cedar Falls  IA ,9,9,2207,0,0,0,0,0,0,0,0,0,9,9,2207,0,0,0,0,0,0,0,0,0
201806,999,48060, ,Watertown-Fort Drum  NY ,13,13,1391,0,0,0,0,0,0,0,0,0,1,1,150,0,0,0,0,0,0,0,0,0
201806,999,48300, ,Wenatchee  WA ,53,53,10585,1,2,287,0,0,0,0,0,0,53,53,10585,1,2,287,0,0,0,0,0,0
201806,999,48540, ,Wheeling  WV-OH ,0,0,0,0,0,0,0,0,0,0,0,0,0,0,0,0,0,0,0,0,0,0,0,0
201806,999,48660, ,Wichita Falls  TX ,0,0,0,0,0,0,0,0,0,0,0,0,0,0,0,0,0,0,0,0,0,0,0,0
201806,999,48900, ,Wilmington  NC ,107,107,35727,0,0,0,0,0,0,0,0,0,106,106,35405,0,0,0,0,0,0,0,0,0
201806,999,49420, ,Yakima  WA ,35,35,8665,0,0,0,0,0,0,0,0,0,17,17,3473,0,0,0,0,0,0,0,0,0
201806,999,49740, ,Yuma  AZ ,79,79,12033,0,0,0,0,0,0,0,0,0,42,42,7141,0,0,0,0,0,0,0,0,0
