Survey,CSA,CBSA,MONCOV,CBSA,,1-unit,,,2-units,,,3-4 units,,,5+ units,,,1-unit rep,,,2-units rep,,,3-4 units rep,,,5+ units rep
Date,Code,Code,,Name,Bldgs,Units,Value,Bldgs,Units,Value,Bldgs,Units,Value,Bldgs,Units,Value,Bldgs,Units,Value,Bldgs,Units,Value,      Bldgs,Units,Value,Bldgs,Units,Value
 
201808,104,10580,C,Albany-Schenectady-Troy  NY ,109,109,28219,2,4,280,0,0,0,5,138,16433,83,83,20466,2,4,280,0,0,0,2,122,14090
201808,104,24020, ,Glens Falls  NY ,20,20,5754,1,2,270,0,0,0,0,0,0,5,5,1743,0,0,0,0,0,0,0,0,0
201808,106,10740,C,Albuquerque  NM ,186,186,43876,0,0,0,1,3,314,1,5,208,174,174,40891,0,0,0,1,3,314,0,0,0
201808,106,42140,C,Santa Fe  NM ,16,16,4664,0,0,0,0,0,0,0,0,0,16,16,4664,0,0,0,0,0,0,0,0,0
201808,108,11100, ,Amarillo  TX ,49,49,11659,0,0,0,0,0,0,0,0,0,49,49,11659,0,0,0,0,0,0,0,0,0
201808,118,11540, ,Appleton  WI ,34,34,10845,4,8,1310,0,0,0,0,0,0,28,28,9772,3,6,1095,0,0,0,0,0,0
201808,118,36780, ,Oshkosh-Neenah  WI ,14,14,4623,0,0,0,0,0,0,1,8,640,14,14,4623,0,0,0,0,0,0,1,8,640
201808,120,11700, ,Asheville  NC ,166,166,45019,0,0,0,0,0,0,4,85,5668,42,42,9371,0,0,0,0,0,0,1,30,1950
201808,122,12020, ,Athens-Clarke County  GA ,48,48,9731,0,0,0,0,0,0,0,0,0,48,48,9731,0,0,0,0,0,0,0,0,0
201808,122,12060, ,Atlanta-Sandy Springs-Roswell  GA ,2326,2326,508148,3,6,893,1,4,509,15,556,29893,2092,2092,461935,3,6,893,1,4,509,13,536,28414
201808,122,23580, ,Gainesville  GA ,81,81,15300,1,2,270,0,0,0,0,0,0,81,81,15300,1,2,270,0,0,0,0,0,0
201808,140,13460,C,Bend-Redmond  OR ,158,158,45005,3,6,711,0,0,0,0,0,0,128,128,37502,3,6,711,0,0,0,0,0,0
201808,142,13820,C,Birmingham-Hoover  AL ,283,283,70692,0,0,0,1,4,223,0,0,0,178,178,44885,0,0,0,1,4,223,0,0,0
201808,144,14020,C,Bloomington  IN ,34,34,8789,2,4,556,0,0,0,0,0,0,34,34,8789,2,4,556,0,0,0,0,0,0
201808,145,14010, ,Bloomington  IL ,8,8,741,0,0,0,0,0,0,1,32,2200,7,7,651,0,0,0,0,0,0,1,32,2200
201808,146,14100,C,Bloomsburg-Berwick  PA ,9,9,1986,0,0,0,1,3,387,0,0,0,3,3,426,0,0,0,0,0,0,0,0,0
201808,147,14260,C,Boise City  ID ,623,623,145252,2,4,219,1,4,260,23,206,24163,475,475,107459,2,4,219,0,0,0,22,188,21771
201808,148,12700, ,Barnstable Town  MA ,9,9,5197,0,0,0,0,0,0,0,0,0,9,9,5197,0,0,0,0,0,0,0,0,0
201808,148,14460,C,Boston-Cambridge-Newton  MA-NH ,385,385,120291,18,36,7046,6,20,3574,19,181,32803,237,237,75964,9,18,3763,4,14,2043,4,67,13400
201808,148,31700, ,Manchester-Nashua  NH ,39,39,7061,2,4,560,0,0,0,1,5,631,18,18,3599,1,2,296,0,0,0,0,0,0
201808,148,39300,C,Providence-Warwick  RI-MA ,138,138,33704,4,8,1229,0,0,0,2,106,9559,83,83,22243,1,2,425,0,0,0,1,100,9159
201808,148,49340, ,Worcester  MA-CT ,17,17,4163,0,0,0,0,0,0,1,7,125,9,9,2487,0,0,0,0,0,0,0,0,0
201808,150,14540, ,Bowling Green  KY ,72,72,17021,9,18,1594,0,0,0,24,262,38750,72,72,17021,9,18,1594,0,0,0,24,262,38750
201808,154,15180, ,Brownsville-Harlingen  TX ,86,86,10285,0,0,0,0,0,0,0,0,0,31,31,4120,0,0,0,0,0,0,0,0,0
201808,160,15380,C,Buffalo-Cheektowaga-Niagara Falls  NY ,103,103,30589,0,0,0,0,0,0,1,15,3358,86,86,26806,0,0,0,0,0,0,0,0,0
201808,162,15980,C,Cape Coral-Fort Myers  FL ,494,494,114270,42,84,12570,5,19,4477,37,927,139083,494,494,114270,42,84,12570,5,19,4477,37,927,139083
201808,162,34940, ,Naples-Immokalee-Marco Island  FL ,240,240,57445,0,0,0,1,4,397,2,38,3950,240,240,57445,0,0,0,1,4,397,2,38,3950
201808,164,16020, ,Cape Girardeau  MO-IL ,0,0,0,0,0,0,0,0,0,0,0,0,0,0,0,0,0,0,0,0,0,0,0,0
201808,168,16300, ,Cedar Rapids  IA ,31,31,4654,1,2,153,0,0,0,1,8,640,31,31,4654,1,2,153,0,0,0,1,8,640
201808,168,26980, ,Iowa City  IA ,23,23,5651,3,6,1152,0,0,0,1,51,3611,21,21,5375,3,6,1152,0,0,0,1,51,3611
201808,170,16620, ,Charleston  WV ,6,6,871,0,0,0,1,3,203,1,5,316,3,3,350,0,0,0,0,0,0,0,0,0
201808,170,26580, ,Huntington-Ashland  WV-KY-OH ,20,20,3364,1,2,231,0,0,0,0,0,0,12,12,2166,1,2,231,0,0,0,0,0,0
201808,172,16740, ,Charlotte-Concord-Gastonia  NC-SC ,1438,1438,369374,2,4,548,0,0,0,32,825,95802,1266,1266,312255,2,4,548,0,0,0,30,795,92661
201808,174,16860, ,Chattanooga  TN-GA ,160,160,29130,0,0,0,3,12,1560,1,65,7889,111,111,19261,0,0,0,3,12,1560,0,0,0
201808,174,17420, ,Cleveland  TN ,27,27,4936,1,2,160,2,7,633,1,5,250,0,0,0,0,0,0,0,0,0,0,0,0
201808,176,16980, ,Chicago-Naperville-Elgin  IL-IN-WI ,906,906,236454,18,36,7375,21,66,15600,24,607,70009,715,715,187451,14,28,6743,19,60,14415,16,475,53835
201808,176,28100, ,Kankakee  IL ,3,3,896,0,0,0,0,0,0,0,0,0,3,3,896,0,0,0,0,0,0,0,0,0
201808,176,33140, ,Michigan City-La Porte  IN ,11,11,2881,0,0,0,0,0,0,0,0,0,2,2,610,0,0,0,0,0,0,0,0,0
201808,178,17140, ,Cincinnati  OH-KY-IN ,392,392,95545,1,2,340,2,7,646,9,212,16010,323,323,78609,1,2,340,1,4,350,6,186,13987
201808,184,10420, ,Akron  OH ,62,62,26195,0,0,0,0,0,0,0,0,0,61,61,25924,0,0,0,0,0,0,0,0,0
201808,184,15940, ,Canton-Massillon  OH ,37,37,9626,2,4,370,0,0,0,1,6,461,32,32,9043,1,2,250,0,0,0,0,0,0
201808,184,17460, ,Cleveland-Elyria  OH ,234,234,60449,2,4,21,3,12,1557,2,18,1106,151,151,42657,0,0,0,2,8,720,0,0,0
201808,190,17860,C,Columbia  MO ,53,53,11416,0,0,0,0,0,0,0,0,0,53,53,11416,0,0,0,0,0,0,0,0,0
201808,192,17900,C,Columbia  SC ,412,412,74405,0,0,0,0,0,0,1,31,1750,118,118,19718,0,0,0,0,0,0,0,0,0
201808,194,12220,C,Auburn-Opelika  AL ,90,90,25472,1,2,211,0,0,0,1,35,9151,35,35,9690,0,0,0,0,0,0,0,0,0
201808,194,17980, ,Columbus  GA-AL ,85,85,17009,0,0,0,1,3,185,9,95,14849,55,55,11151,0,0,0,0,0,0,7,82,12571
201808,198,18140, ,Columbus  OH ,459,459,96633,2,4,350,1,4,350,12,224,21964,403,403,83023,2,4,350,1,4,350,10,209,20123
201808,204,18580, ,Corpus Christi  TX ,86,86,14971,0,0,0,0,0,0,0,0,0,15,15,2723,0,0,0,0,0,0,0,0,0
201808,206,19100, ,Dallas-Fort Worth-Arlington  TX ,3385,3385,928987,21,42,4904,2,7,950,29,1982,222086,2761,2761,732810,20,40,4687,2,7,950,21,1664,195012
201808,209,19340, ,Davenport-Moline-Rock Island  IA-IL ,28,28,7309,0,0,0,0,0,0,1,19,2235,14,14,3265,0,0,0,0,0,0,0,0,0
201808,212,19380, ,Dayton  OH ,92,92,32210,0,0,0,0,0,0,0,0,0,58,58,24337,0,0,0,0,0,0,0,0,0
201808,212,44220, ,Springfield  OH ,8,8,2848,0,0,0,0,0,0,0,0,0,8,8,2848,0,0,0,0,0,0,0,0,0
201808,216,14500, ,Boulder  CO ,50,50,21343,0,0,0,0,0,0,5,49,7499,9,9,5133,0,0,0,0,0,0,0,0,0
201808,216,19740,C,Denver-Aurora-Lakewood  CO ,1026,1026,298116,2,4,950,4,13,2933,13,180,30220,1013,1013,294337,2,4,950,4,13,2933,13,180,30220
201808,216,24540, ,Greeley  CO ,213,213,56634,0,0,0,2,7,1603,3,19,2063,129,129,33787,0,0,0,1,4,764,1,5,951
201808,218,11180, ,Ames  IA ,12,12,4049,0,0,0,0,0,0,0,0,0,12,12,4049,0,0,0,0,0,0,0,0,0
201808,218,19780, ,Des Moines-West Des Moines  IA ,357,357,100012,1,2,288,0,0,0,1,62,17152,342,342,96326,0,0,0,0,0,0,1,62,17152
201808,220,11460, ,Ann Arbor  MI ,43,43,13356,1,2,306,0,0,0,0,0,0,30,30,9631,0,0,0,0,0,0,0,0,0
201808,220,19820, ,Detroit-Warren-Dearborn  MI ,576,576,162278,3,6,1093,3,10,1424,12,88,8418,453,453,132213,2,4,910,1,3,531,6,37,3693
201808,220,22420, ,Flint  MI ,19,19,5938,0,0,0,0,0,0,0,0,0,13,13,4374,0,0,0,0,0,0,0,0,0
201808,220,33780, ,Monroe  MI ,4,4,734,0,0,0,0,0,0,0,0,0,4,4,734,0,0,0,0,0,0,0,0,0
201808,222,20020, ,Dothan  AL ,25,25,7161,0,0,0,0,0,0,0,0,0,23,23,6697,0,0,0,0,0,0,0,0,0
201808,232,20740, ,Eau Claire  WI ,59,59,14118,3,6,639,1,4,205,5,62,5000,59,59,14118,3,6,639,1,4,205,5,62,5000
201808,236,21300, ,Elmira  NY ,2,2,160,0,0,0,0,0,0,0,0,0,2,2,160,0,0,0,0,0,0,0,0,0
201808,238,21340,C,El Paso  TX ,224,224,47274,3,6,474,5,20,2209,3,65,7519,0,0,0,0,0,0,0,0,0,0,0,0
201808,238,29740,C,Las Cruces  NM ,73,73,17975,0,0,0,0,0,0,0,0,0,73,73,17975,0,0,0,0,0,0,0,0,0
201808,240,21500, ,Erie  PA ,6,6,1138,0,0,0,0,0,0,0,0,0,4,4,720,0,0,0,0,0,0,0,0,0
201808,244,22020, ,Fargo  ND-MN ,106,106,24620,0,0,0,0,0,0,3,198,20098,103,103,23797,0,0,0,0,0,0,3,198,20098
201808,246,22180,C,Fayetteville  NC ,80,80,16122,3,6,1030,0,0,0,0,0,0,80,80,16122,3,6,1030,0,0,0,0,0,0
201808,258,23060, ,Fort Wayne  IN ,159,159,42736,4,8,681,0,0,0,0,0,0,159,159,42736,4,8,681,0,0,0,0,0,0
201808,260,23420,C,Fresno  CA ,180,180,49366,3,6,1274,0,0,0,9,45,4455,111,111,29812,0,0,0,0,0,0,0,0,0
201808,260,31460, ,Madera  CA ,32,32,8162,0,0,0,0,0,0,0,0,0,32,32,8162,0,0,0,0,0,0,0,0,0
201808,264,23540, ,Gainesville  FL ,62,62,17677,0,0,0,0,0,0,1,118,4018,51,51,16222,0,0,0,0,0,0,0,0,0
201808,266,24340, ,Grand Rapids-Wyoming  MI ,140,140,36768,1,2,440,0,0,0,6,216,32185,86,86,25495,1,2,440,0,0,0,5,202,30729
201808,266,34740, ,Muskegon  MI ,2,2,461,0,0,0,0,0,0,0,0,0,0,0,0,0,0,0,0,0,0,0,0,0
201808,267,24580, ,Green Bay  WI ,77,77,21674,3,6,898,0,0,0,3,93,9380,58,58,15672,2,4,500,0,0,0,2,86,8701
201808,268,15500, ,Burlington  NC ,102,102,14153,0,0,0,0,0,0,0,0,0,102,102,14153,0,0,0,0,0,0,0,0,0
201808,268,24660,C,Greensboro-High Point  NC ,183,183,44628,0,0,0,0,0,0,1,33,4653,183,183,44628,0,0,0,0,0,0,1,33,4653
201808,268,49180, ,Winston-Salem  NC ,193,193,33328,0,0,0,0,0,0,1,8,361,179,179,29974,0,0,0,0,0,0,0,0,0
201808,273,24860, ,Greenville-Anderson-Mauldin  SC ,453,453,110616,0,0,0,0,0,0,12,455,56539,444,444,107588,0,0,0,0,0,0,10,433,54286
201808,273,43900, ,Spartanburg  SC ,252,252,38852,0,0,0,0,0,0,0,0,0,252,252,38852,0,0,0,0,0,0,0,0,0
201808,274,24780, ,Greenville  NC ,30,30,6024,4,8,1083,0,0,0,1,44,5610,0,0,0,0,0,0,0,0,0,0,0,0
201808,276,23900,C,Gettysburg  PA ,24,24,6148,0,0,0,0,0,0,0,0,0,24,24,6148,0,0,0,0,0,0,0,0,0
201808,276,25420,C,Harrisburg-Carlisle  PA ,116,116,24724,0,0,0,1,4,576,0,0,0,97,97,20378,0,0,0,1,4,576,0,0,0
201808,276,30140, ,Lebanon  PA ,20,20,3437,0,0,0,0,0,0,0,0,0,20,20,3437,0,0,0,0,0,0,0,0,0
201808,276,49620, ,York-Hanover  PA ,11,11,2697,0,0,0,0,0,0,0,0,0,6,6,1440,0,0,0,0,0,0,0,0,0
201808,277,25500,C,Harrisonburg  VA ,29,29,8661,0,0,0,0,0,0,0,0,0,29,29,8661,0,0,0,0,0,0,0,0,0
201808,277,44420, ,Staunton-Waynesboro  VA ,12,12,3346,0,0,0,0,0,0,0,0,0,12,12,3346,0,0,0,0,0,0,0,0,0
201808,278,25540,C,Hartford-West Hartford-East Hartford  CT ,66,66,14521,3,6,913,0,0,0,5,53,5013,46,46,9862,3,6,913,0,0,0,1,32,3624
201808,278,35980, ,Norwich-New London  CT ,10,10,2455,1,2,292,0,0,0,0,0,0,5,5,1564,0,0,0,0,0,0,0,0,0
201808,280,25860, ,Hickory-Lenoir-Morganton  NC ,1,1,151,0,0,0,0,0,0,1,5,279,0,0,0,0,0,0,0,0,0,0,0,0
201808,284,26300, ,Hot Springs  AR ,6,6,1404,0,0,0,0,0,0,0,0,0,6,6,1404,0,0,0,0,0,0,0,0,0
201808,288,26420, ,Houston-The Woodlands-Sugar Land  TX ,3560,3560,626337,10,20,2056,1,3,105,14,527,61313,2763,2763,573364,9,18,1826,1,3,105,12,517,60811
201808,290,19460, ,Decatur  AL ,15,15,2443,0,0,0,0,0,0,0,0,0,15,15,2443,0,0,0,0,0,0,0,0,0
201808,290,26620,C,Huntsville  AL ,256,256,36530,0,0,0,0,0,0,0,0,0,256,256,36530,0,0,0,0,0,0,0,0,0
201808,292,26820, ,Idaho Falls  ID ,97,97,20689,0,0,0,0,0,0,0,0,0,97,97,20689,0,0,0,0,0,0,0,0,0
201808,294,18020, ,Columbus  IN ,12,12,2702,0,0,0,0,0,0,0,0,0,12,12,2702,0,0,0,0,0,0,0,0,0
201808,294,26900, ,Indianapolis-Carmel-Anderson  IN ,652,652,188698,3,6,744,0,0,0,10,196,13195,588,588,173844,3,6,744,0,0,0,8,160,10701
201808,294,34620, ,Muncie  IN ,4,4,1583,0,0,0,0,0,0,0,0,0,4,4,1583,0,0,0,0,0,0,0,0,0
201808,296,27060, ,Ithaca  NY ,1,1,170,1,2,237,0,0,0,1,5,600,0,0,0,0,0,0,0,0,0,0,0,0
201808,297,27180, ,Jackson  TN ,17,17,2880,0,0,0,0,0,0,0,0,0,17,17,2880,0,0,0,0,0,0,0,0,0
201808,298,27140, ,Jackson  MS ,83,83,23260,0,0,0,0,0,0,0,0,0,65,65,19711,0,0,0,0,0,0,0,0,0
201808,300,27260,C,Jacksonville  FL ,877,877,216063,2,4,1436,2,8,1572,0,0,0,863,863,211254,2,4,1436,2,8,1572,0,0,0
201808,304,27740, ,Johnson City  TN ,11,11,2484,1,2,150,0,0,0,0,0,0,11,11,2484,1,2,150,0,0,0,0,0,0
201808,304,28700, ,Kingsport-Bristol-Bristol  TN-VA ,1,1,207,0,0,0,0,0,0,0,0,0,0,0,0,0,0,0,0,0,0,0,0,0
201808,306,27780, ,Johnstown  PA ,0,0,0,0,0,0,0,0,0,0,0,0,0,0,0,0,0,0,0,0,0,0,0,0
201808,308,27860, ,Jonesboro  AR ,39,39,5859,3,6,415,5,17,891,1,9,592,0,0,0,0,0,0,0,0,0,0,0,0
201808,309,27900, ,Joplin  MO ,10,10,1738,0,0,0,8,32,2257,0,0,0,10,10,1738,0,0,0,8,32,2257,0,0,0
201808,310,12980, ,Battle Creek  MI ,0,0,0,0,0,0,0,0,0,0,0,0,0,0,0,0,0,0,0,0,0,0,0,0
201808,310,28020, ,Kalamazoo-Portage  MI ,10,10,3388,0,0,0,0,0,0,0,0,0,7,7,2413,0,0,0,0,0,0,0,0,0
201808,312,28140, ,Kansas City  MO-KS ,544,544,142959,3,6,680,22,68,5636,27,1002,143847,438,438,111105,3,6,680,20,62,4729,26,969,141059
201808,312,29940, ,Lawrence  KS ,73,73,14989,0,0,0,0,0,0,0,0,0,73,73,14989,0,0,0,0,0,0,0,0,0
201808,312,41140, ,St. Joseph  MO-KS ,0,0,0,0,0,0,0,0,0,0,0,0,0,0,0,0,0,0,0,0,0,0,0,0
201808,314,28940, ,Knoxville  TN ,285,285,65181,0,0,0,0,0,0,3,73,5638,96,96,23915,0,0,0,0,0,0,0,0,0
201808,316,29020, ,Kokomo  IN ,23,23,3053,0,0,0,0,0,0,1,50,6000,23,23,3053,0,0,0,0,0,0,1,50,6000
201808,318,29180, ,Lafayette  LA ,158,158,33401,0,0,0,0,0,0,0,0,0,26,26,7035,0,0,0,0,0,0,0,0,0
201808,320,29200, ,Lafayette-West Lafayette  IN ,38,38,9289,0,0,0,0,0,0,1,16,1564,32,32,8514,0,0,0,0,0,0,0,0,0
201808,324,29340, ,Lake Charles  LA ,65,65,12505,1,2,135,0,0,0,11,264,25685,21,21,3158,1,2,135,0,0,0,11,264,25685
201808,330,29620, ,Lansing-East Lansing  MI ,15,15,2994,0,0,0,1,3,461,1,5,400,8,8,1573,0,0,0,0,0,0,0,0,0
201808,332,29420, ,Lake Havasu City-Kingman  AZ ,78,78,16416,2,4,544,0,0,0,0,0,0,65,65,12855,2,4,544,0,0,0,0,0,0
201808,332,29820,C,Las Vegas-Henderson-Paradise  NV ,843,843,211508,0,0,0,0,0,0,0,0,0,843,843,211508,0,0,0,0,0,0,0,0,0
201808,336,30460,C,Lexington-Fayette  KY ,134,134,24686,1,2,205,0,0,0,3,62,4520,59,59,12389,0,0,0,0,0,0,0,0,0
201808,338,30620, ,Lima  OH ,0,0,0,0,0,0,0,0,0,0,0,0,0,0,0,0,0,0,0,0,0,0,0,0
201808,339,30700, ,Lincoln  NE ,116,116,23927,1,2,341,0,0,0,3,127,13338,9,9,1203,0,0,0,0,0,0,0,0,0
201808,340,30780, ,Little Rock-North Little Rock-Conway  AR ,143,143,25918,2,4,341,0,0,0,1,9,238,99,99,19131,1,2,190,0,0,0,0,0,0
201808,340,38220, ,Pine Bluff  AR ,1,1,124,0,0,0,0,0,0,0,0,0,0,0,0,0,0,0,0,0,0,0,0,0
201808,346,30980, ,Longview  TX ,4,4,540,0,0,0,0,0,0,0,0,0,4,4,540,0,0,0,0,0,0,0,0,0
201808,348,31080,C,Los Angeles-Long Beach-Anaheim  CA ,1006,1006,353469,71,142,27967,11,38,8649,41,616,123534,751,751,256213,66,132,25594,7,25,5682,29,499,103102
201808,348,37100, ,Oxnard-Thousand Oaks-Ventura  CA ,47,47,11386,0,0,0,0,0,0,0,0,0,47,47,11386,0,0,0,0,0,0,0,0,0
201808,348,40140, ,Riverside-San Bernardino-Ontario  CA ,919,919,245564,0,0,0,3,11,1501,12,78,9034,834,834,229084,0,0,0,3,11,1501,10,66,8272
201808,350,21060, ,Elizabethtown-Fort Knox  KY ,40,40,7908,3,6,807,0,0,0,2,16,1096,40,40,7908,3,6,807,0,0,0,2,16,1096
201808,350,31140, ,Louisville-Jefferson County  KY-IN ,279,279,71234,2,4,530,1,3,333,13,318,28256,116,116,27750,1,2,280,0,0,0,5,120,13739
201808,352,31180, ,Lubbock  TX ,144,144,31815,0,0,0,0,0,0,10,76,8355,4,4,972,0,0,0,0,0,0,0,0,0
201808,356,31420, ,Macon-Bibb County  GA ,23,23,4522,0,0,0,0,0,0,0,0,0,0,0,0,0,0,0,0,0,0,0,0,0
201808,356,47580, ,Warner Robins  GA ,66,66,13013,0,0,0,1,3,243,0,0,0,66,66,13013,0,0,0,1,3,243,0,0,0
201808,357,27500, ,Janesville-Beloit  WI ,12,12,2592,0,0,0,0,0,0,0,0,0,12,12,2592,0,0,0,0,0,0,0,0,0
201808,357,31540, ,Madison  WI ,170,170,59508,4,8,1476,1,3,322,2,44,3933,147,147,51184,2,4,975,0,0,0,0,0,0
201808,358,31740, ,Manhattan  KS ,22,22,6361,0,0,0,0,0,0,0,0,0,21,21,6183,0,0,0,0,0,0,0,0,0
201808,359,31860, ,Mankato-North Mankato  MN ,19,19,3709,0,0,0,0,0,0,1,15,1122,0,0,0,0,0,0,0,0,0,0,0,0
201808,365,32580,C,McAllen-Edinburg-Mission  TX ,307,307,53442,3,6,333,14,55,5699,4,60,4928,215,215,36870,0,0,0,2,8,465,0,0,0
201808,366,32780, ,Medford  OR ,47,47,14483,0,0,0,0,0,0,1,11,1217,47,47,14483,0,0,0,0,0,0,1,11,1217
201808,368,32820, ,Memphis  TN-MS-AR ,280,280,55368,0,0,0,0,0,0,1,296,32243,261,261,52604,0,0,0,0,0,0,1,296,32243
201808,370,33100, ,Miami-Fort Lauderdale-West Palm Beach  FL ,583,583,180601,12,24,4391,59,217,15135,19,422,111852,476,476,142990,12,24,4391,57,211,14621,9,158,76917
201808,370,38940, ,Port St. Lucie  FL ,240,240,47152,9,18,2301,1,4,1041,15,300,51249,212,212,33753,9,18,2301,0,0,0,15,300,51249
201808,370,42680, ,Sebastian-Vero Beach  FL ,102,102,38566,0,0,0,0,0,0,0,0,0,102,102,38566,0,0,0,0,0,0,0,0,0
201808,372,33260, ,Midland  TX ,102,102,21999,0,0,0,0,0,0,0,0,0,102,102,21999,0,0,0,0,0,0,0,0,0
201808,372,36220,C,Odessa  TX ,58,58,11824,0,0,0,0,0,0,0,0,0,58,58,11824,0,0,0,0,0,0,0,0,0
201808,376,33340,C,Milwaukee-Waukesha-West Allis  WI ,159,159,61262,4,8,1505,0,0,0,2,38,4627,109,109,42194,4,8,1505,0,0,0,0,0,0
201808,376,39540, ,Racine  WI ,28,28,10472,1,2,320,0,0,0,0,0,0,28,28,10472,1,2,320,0,0,0,0,0,0
201808,378,33460, ,Minneapolis-St. Paul-Bloomington  MN-WI ,916,916,264515,5,10,1320,1,3,690,28,1057,203055,788,788,227886,2,4,541,1,3,690,27,1036,200369
201808,378,41060, ,St. Cloud  MN ,1,1,260,0,0,0,0,0,0,0,0,0,0,0,0,0,0,0,0,0,0,0,0,0
201808,380,19300, ,Daphne-Fairhope-Foley  AL ,172,172,34470,0,0,0,0,0,0,0,0,0,128,128,28059,0,0,0,0,0,0,0,0,0
201808,380,33660, ,Mobile  AL ,45,45,9661,0,0,0,0,0,0,0,0,0,44,44,9587,0,0,0,0,0,0,0,0,0
201808,382,32900, ,Merced  CA ,18,18,4412,0,0,0,0,0,0,0,0,0,18,18,4412,0,0,0,0,0,0,0,0,0
201808,382,33700, ,Modesto  CA ,8,8,1100,0,0,0,0,0,0,0,0,0,8,8,1100,0,0,0,0,0,0,0,0,0
201808,384,33740, ,Monroe  LA ,27,27,6201,1,2,150,0,0,0,0,0,0,0,0,0,1,2,150,0,0,0,0,0,0
201808,390,34060, ,Morgantown  WV ,1,1,349,0,0,0,0,0,0,1,245,27000,1,1,349,0,0,0,0,0,0,1,245,27000
201808,396,34820, ,Myrtle Beach-Conway-North Myrtle Beach  SC-NC ,487,487,96544,2,4,668,0,0,0,12,133,14052,349,349,64357,1,2,100,0,0,0,10,123,13206
201808,400,34980, ,Nashville-Davidson--Murfreesboro--Franklin  TN ,1230,1230,317962,4,8,898,1,4,520,9,338,19048,1151,1151,302889,4,8,898,1,4,520,9,338,19048
201808,406,25220, ,Hammond  LA ,71,71,10702,0,0,0,0,0,0,0,0,0,0,0,0,0,0,0,0,0,0,0,0,0
201808,406,35380, ,New Orleans-Metairie  LA ,251,251,61120,7,14,1390,0,0,0,1,10,2461,195,195,48089,1,2,121,0,0,0,0,0,0
201808,408,10900, ,Allentown-Bethlehem-Easton  PA-NJ ,31,31,7395,0,0,0,0,0,0,1,5,181,15,15,3268,0,0,0,0,0,0,0,0,0
201808,408,14860,C,Bridgeport-Stamford-Norwalk  CT ,75,75,48702,2,4,1204,0,0,0,2,17,5884,57,57,29537,2,4,1204,0,0,0,1,9,995
201808,408,20700, ,East Stroudsburg  PA ,10,10,3573,0,0,0,0,0,0,0,0,0,9,9,3276,0,0,0,0,0,0,0,0,0
201808,408,28740, ,Kingston  NY ,4,4,850,0,0,0,0,0,0,1,5,1220,3,3,550,0,0,0,0,0,0,0,0,0
201808,408,35300, ,New Haven-Milford  CT ,13,13,1813,1,2,75,0,0,0,2,44,4254,9,9,1121,1,2,75,0,0,0,1,35,3700
201808,408,35620, ,New York-Newark-Jersey City  NY-NJ-PA ,809,809,238742,82,164,23643,25,79,18271,101,2079,238110,641,641,191065,77,154,22382,21,66,16941,70,1794,201249
201808,408,45940,C,Trenton  NJ ,18,18,6265,0,0,0,4,14,403,1,14,1457,15,15,4688,0,0,0,0,0,0,0,0,0
201808,412,35840,C,North Port-Sarasota-Bradenton  FL ,543,543,120854,4,8,2493,5,19,3230,18,452,40628,150,150,27398,3,6,2418,1,4,479,14,372,27221
201808,412,39460, ,Punta Gorda  FL ,174,174,46389,4,8,1239,0,0,0,0,0,0,174,174,46389,4,8,1239,0,0,0,0,0,0
201808,416,36420,C,Oklahoma City  OK ,476,476,108686,7,14,908,1,3,270,0,0,0,440,440,101665,6,12,812,1,3,270,0,0,0
201808,420,36540, ,Omaha-Council Bluffs  NE-IA ,270,270,52382,1,2,253,0,0,0,5,218,11977,212,212,38602,0,0,0,0,0,0,5,218,11977
201808,422,19660, ,Deltona-Daytona Beach-Ormond Beach  FL ,236,236,67536,7,14,2204,0,0,0,0,0,0,204,204,57834,7,14,2204,0,0,0,0,0,0
201808,422,36740, ,Orlando-Kissimmee-Sanford  FL ,1483,1483,375200,7,14,1823,2,8,1053,15,604,48461,1281,1281,317416,7,14,1823,2,8,1053,11,544,43411
201808,422,45540,C,The Villages  FL ,191,191,48396,0,0,0,0,0,0,0,0,0,191,191,48396,0,0,0,0,0,0,0,0,0
201808,425,37620, ,Parkersburg-Vienna  WV ,7,7,1095,1,2,160,0,0,0,0,0,0,7,7,1095,1,2,160,0,0,0,0,0,0
201808,426,37860,C,Pensacola-Ferry Pass-Brent  FL ,228,228,47537,0,0,0,0,0,0,0,0,0,228,228,47537,0,0,0,0,0,0,0,0,0
201808,427,37900, ,Peoria  IL ,2,2,783,0,0,0,0,0,0,0,0,0,2,2,783,0,0,0,0,0,0,0,0,0
201808,428,12100,C,Atlantic City-Hammonton  NJ ,22,22,4548,0,0,0,0,0,0,3,47,3858,19,19,3935,0,0,0,0,0,0,1,18,264
201808,428,20100,C,Dover  DE ,113,113,17950,0,0,0,0,0,0,4,30,2299,110,110,17419,0,0,0,0,0,0,3,25,1811
201808,428,36140,C,Ocean City  NJ ,40,40,15945,5,10,1403,0,0,0,0,0,0,36,36,15110,5,10,1403,0,0,0,0,0,0
201808,428,37980,C,Philadelphia-Camden-Wilmington  PA-NJ-DE-MD ,618,618,112907,17,34,5541,11,35,3692,24,312,27477,462,462,83753,15,30,5152,11,35,3692,17,259,23239
201808,428,39740, ,Reading  PA ,1,1,244,0,0,0,0,0,0,0,0,0,0,0,0,0,0,0,0,0,0,0,0,0
201808,428,47220,C,Vineland-Bridgeton  NJ ,8,8,684,0,0,0,0,0,0,0,0,0,7,7,594,0,0,0,0,0,0,0,0,0
201808,430,38300, ,Pittsburgh  PA ,94,94,25115,3,6,1730,0,0,0,3,98,12755,64,64,17570,3,6,1730,0,0,0,3,98,12755
201808,430,48260, ,Weirton-Steubenville  WV-OH ,0,0,0,0,0,0,0,0,0,0,0,0,0,0,0,0,0,0,0,0,0,0,0,0
201808,438,30340, ,Lewiston-Auburn  ME ,3,3,495,0,0,0,0,0,0,0,0,0,1,1,250,0,0,0,0,0,0,0,0,0
201808,438,38860, ,Portland-South Portland  ME ,116,116,29063,3,6,950,1,3,100,4,38,2850,49,49,13550,2,4,750,0,0,0,3,28,2050
201808,440,10540, ,Albany  OR ,31,31,9575,0,0,0,0,0,0,1,5,419,24,24,8407,0,0,0,0,0,0,0,0,0
201808,440,18700, ,Corvallis  OR ,4,4,1573,0,0,0,0,0,0,0,0,0,4,4,1573,0,0,0,0,0,0,0,0,0
201808,440,31020, ,Longview  WA ,19,19,4151,1,2,340,0,0,0,0,0,0,0,0,0,0,0,0,0,0,0,0,0,0
201808,440,38900, ,Portland-Vancouver-Hillsboro  OR-WA ,601,601,176543,6,12,1630,4,14,1659,34,946,125500,427,427,116851,6,12,1630,4,14,1659,33,932,124085
201808,440,41420, ,Salem  OR ,58,58,16816,1,2,398,0,0,0,0,0,0,58,58,16816,1,2,398,0,0,0,0,0,0
201808,444,39380,C,Pueblo  CO ,50,50,7593,0,0,0,0,0,0,0,0,0,50,50,7593,0,0,0,0,0,0,0,0,0
201808,450,20500,C,Durham-Chapel Hill  NC ,293,293,68655,1,2,170,0,0,0,4,115,9161,112,112,33814,0,0,0,0,0,0,0,0,0
201808,450,39580,C,Raleigh  NC ,1073,1073,227466,13,26,1950,1,3,165,20,1015,110763,997,997,212445,13,26,1950,0,0,0,19,1010,110259
201808,452,39660, ,Rapid City  SD ,36,36,8244,0,0,0,0,0,0,0,0,0,25,25,5812,0,0,0,0,0,0,0,0,0
201808,454,39820, ,Redding  CA ,12,12,2965,0,0,0,0,0,0,0,0,0,12,12,2965,0,0,0,0,0,0,0,0,0
201808,456,16180,C,Carson City  NV ,11,11,3228,0,0,0,0,0,0,3,60,6014,11,11,3228,0,0,0,0,0,0,3,60,6014
201808,456,39900,C,Reno  NV ,178,178,51026,0,0,0,4,16,1773,9,160,16173,143,143,40161,0,0,0,4,16,1773,9,160,16173
201808,462,40340, ,Rochester  MN ,36,36,10440,0,0,0,0,0,0,1,299,86238,35,35,10190,0,0,0,0,0,0,1,299,86238
201808,464,40380, ,Rochester  NY ,103,103,22302,0,0,0,0,0,0,10,170,17254,76,76,17483,0,0,0,0,0,0,8,156,15976
201808,466,40420, ,Rockford  IL ,11,11,1475,1,2,400,1,4,379,0,0,0,11,11,1475,1,2,400,1,4,379,0,0,0
201808,470,40660,C,Rome  GA ,21,21,3424,0,0,0,0,0,0,0,0,0,21,21,3424,0,0,0,0,0,0,0,0,0
201808,472,40900,C,Sacramento--Roseville--Arden-Arcade  CA ,582,582,179618,1,2,217,0,0,0,6,80,5982,575,575,177598,1,2,217,0,0,0,6,80,5982
201808,474,13020, ,Bay City  MI ,1,1,280,0,0,0,0,0,0,0,0,0,1,1,280,0,0,0,0,0,0,0,0,0
201808,474,33220, ,Midland  MI ,1,1,140,0,0,0,0,0,0,0,0,0,1,1,140,0,0,0,0,0,0,0,0,0
201808,474,40980, ,Saginaw  MI ,2,2,228,0,0,0,1,4,200,0,0,0,2,2,228,0,0,0,1,4,200,0,0,0
201808,476,41180, ,St. Louis  MO-IL ,551,551,141442,1,2,539,3,10,2003,5,50,5247,406,406,100510,1,2,539,3,10,2003,1,12,1004
201808,482,36260, ,Ogden-Clearfield  UT ,243,243,62729,0,0,0,12,47,6417,7,117,9676,213,213,54918,0,0,0,8,32,3981,6,112,8876
201808,482,39340, ,Provo-Orem  UT ,573,573,162300,2,4,630,0,0,0,13,210,22683,569,569,159812,2,4,630,0,0,0,13,210,22683
201808,482,41620, ,Salt Lake City  UT ,401,401,105092,2,4,708,3,9,1348,26,213,29267,275,275,71140,1,2,336,0,0,0,21,122,17044
201808,488,41860,C,San Francisco-Oakland-Hayward  CA ,312,312,152426,6,12,3290,6,20,4291,26,1392,269051,210,210,102893,5,10,2936,5,17,3746,11,1088,210056
201808,488,41940,C,San Jose-Sunnyvale-Santa Clara  CA ,170,170,71145,2,4,1030,0,0,0,6,381,78153,138,138,60830,2,4,1030,0,0,0,5,290,64508
201808,488,42100, ,Santa Cruz-Watsonville  CA ,12,12,2751,0,0,0,1,3,344,2,10,1017,0,0,0,0,0,0,0,0,0,0,0,0
201808,488,42220, ,Santa Rosa  CA ,349,349,132742,0,0,0,0,0,0,0,0,0,349,349,132742,0,0,0,0,0,0,0,0,0
201808,488,44700, ,Stockton-Lodi  CA ,167,167,53060,0,0,0,0,0,0,0,0,0,167,167,53060,0,0,0,0,0,0,0,0,0
201808,488,46700, ,Vallejo-Fairfield  CA ,49,49,11672,0,0,0,0,0,0,0,0,0,47,47,11064,0,0,0,0,0,0,0,0,0
201808,496,25980, ,Hinesville  GA ,17,17,3760,0,0,0,0,0,0,0,0,0,17,17,3760,0,0,0,0,0,0,0,0,0
201808,496,42340, ,Savannah  GA ,154,154,36374,0,0,0,0,0,0,9,280,69747,150,150,35722,0,0,0,0,0,0,9,280,69747
201808,500,14740,C,Bremerton-Silverdale  WA ,88,88,29458,0,0,0,0,0,0,9,54,5030,77,77,26723,0,0,0,0,0,0,9,54,5030
201808,500,34580, ,Mount Vernon-Anacortes  WA ,40,40,9275,1,2,253,0,0,0,0,0,0,24,24,6646,1,2,253,0,0,0,0,0,0
201808,500,36500, ,Olympia-Tumwater  WA ,80,80,21826,0,0,0,0,0,0,3,54,5108,69,69,19484,0,0,0,0,0,0,2,48,4519
201808,500,42660,C,Seattle-Tacoma-Bellevue  WA ,838,838,299480,40,80,16566,20,74,15804,35,1195,166960,690,690,242492,39,78,16214,20,74,15804,33,1185,165828
201808,512,43580, ,Sioux City  IA-NE-SD ,11,11,3130,1,2,200,1,3,0,0,0,0,0,0,0,1,2,200,0,0,0,0,0,0
201808,515,21140, ,Elkhart-Goshen  IN ,28,28,6716,0,0,0,0,0,0,0,0,0,28,28,6716,0,0,0,0,0,0,0,0,0
201808,515,35660, ,Niles-Benton Harbor  MI ,1,1,185,0,0,0,0,0,0,0,0,0,1,1,185,0,0,0,0,0,0,0,0,0
201808,515,43780, ,South Bend-Mishawaka  IN-MI ,39,39,9129,0,0,0,0,0,0,0,0,0,38,38,8933,0,0,0,0,0,0,0,0,0
201808,518,17660, ,Coeur dAlene  ID ,155,155,34812,2,4,670,0,0,0,2,25,1821,127,127,29179,1,2,408,0,0,0,1,20,1464
201808,518,44060, ,Spokane-Spokane Valley  WA ,175,175,45623,10,20,3351,1,3,387,7,82,9172,132,132,35286,10,20,3351,0,0,0,4,53,5630
201808,520,44180, ,Springfield  MO ,69,69,16765,1,2,193,0,0,0,1,43,4781,53,53,13902,0,0,0,0,0,0,0,0,0
201808,521,44140, ,Springfield  MA ,5,5,860,0,0,0,1,3,264,0,0,0,3,3,630,0,0,0,1,3,264,0,0,0
201808,522,44100, ,Springfield  IL ,10,10,2148,2,4,752,0,0,0,1,7,350,4,4,450,0,0,0,0,0,0,0,0,0
201808,524,44300, ,State College  PA ,23,23,5527,0,0,0,0,0,0,0,0,0,21,21,5194,0,0,0,0,0,0,0,0,0
201808,532,45060, ,Syracuse  NY ,26,26,6522,0,0,0,0,0,0,5,102,4116,24,24,6100,0,0,0,0,0,0,4,72,655
201808,533,45220, ,Tallahassee  FL ,64,64,12086,1,2,222,0,0,0,5,113,14929,28,28,5729,0,0,0,0,0,0,0,0,0
201808,534,45780, ,Toledo  OH ,59,59,15545,0,0,0,7,28,3410,4,28,1440,57,57,15320,0,0,0,7,28,3410,4,28,1440
201808,536,46060,C,Tucson  AZ ,310,310,85014,2,4,478,0,0,0,11,82,11627,167,167,45235,0,0,0,0,0,0,0,0,0
201808,538,46140,C,Tulsa  OK ,291,291,63323,0,0,0,0,0,0,1,5,341,257,257,55762,0,0,0,0,0,0,0,0,0
201808,540,46340, ,Tyler  TX ,27,27,8508,1,2,207,3,11,2006,0,0,0,27,27,8508,1,2,207,3,11,2006,0,0,0
201808,545,47260, ,Virginia Beach-Norfolk-Newport News  VA-NC ,296,296,67402,4,8,736,3,11,1959,1,5,450,261,261,62842,4,8,736,3,11,1959,1,5,450
201808,546,47300, ,Visalia-Porterville  CA ,116,116,25667,0,0,0,0,0,0,0,0,0,66,66,12496,0,0,0,0,0,0,0,0,0
201808,548,12580,C,Baltimore-Columbia-Towson  MD ,503,503,105171,0,0,0,0,0,0,12,736,135214,502,502,105034,0,0,0,0,0,0,12,736,135214
201808,548,15680,C,California-Lexington Park  MD ,85,85,16203,0,0,0,0,0,0,0,0,0,85,85,16203,0,0,0,0,0,0,0,0,0
201808,548,16540,C,Chambersburg-Waynesboro  PA ,27,27,4447,0,0,0,0,0,0,3,29,2488,22,22,3793,0,0,0,0,0,0,2,24,2000
201808,548,25180, ,Hagerstown-Martinsburg  MD-WV ,154,154,30017,0,0,0,0,0,0,0,0,0,154,154,30017,0,0,0,0,0,0,0,0,0
201808,548,47900, ,Washington-Arlington-Alexandria  DC-VA-MD-WV ,1104,1104,276162,8,16,1521,0,0,0,15,728,95131,1027,1027,255375,5,10,1121,0,0,0,13,680,91540
201808,548,49020, ,Winchester  VA-WV ,53,53,12800,1,2,400,0,0,0,5,25,2915,53,53,12800,1,2,400,0,0,0,5,25,2915
201808,554,48140, ,Wausau  WI ,11,11,2197,2,4,415,0,0,0,0,0,0,4,4,525,2,4,415,0,0,0,0,0,0
201808,556,48620, ,Wichita  KS ,115,115,21753,13,26,2210,3,11,1585,1,25,1749,9,9,2150,0,0,0,2,8,1300,0,0,0
201808,558,48700, ,Williamsport  PA ,3,3,637,2,4,600,0,0,0,0,0,0,3,3,637,2,4,600,0,0,0,0,0,0
201808,566,49660, ,Youngstown-Warren-Boardman  OH-PA ,17,17,3865,0,0,0,0,0,0,0,0,0,3,3,604,0,0,0,0,0,0,0,0,0
201808,999,10180, ,Abilene  TX ,26,26,5662,2,4,298,0,0,0,0,0,0,0,0,0,0,0,0,0,0,0,0,0,0
201808,999,10500, ,Albany  GA ,11,11,1329,0,0,0,0,0,0,0,0,0,8,8,920,0,0,0,0,0,0,0,0,0
201808,999,10780, ,Alexandria  LA ,16,16,3782,0,0,0,0,0,0,0,0,0,9,9,1894,0,0,0,0,0,0,0,0,0
201808,999,11020, ,Altoona  PA ,3,3,426,0,0,0,0,0,0,0,0,0,3,3,426,0,0,0,0,0,0,0,0,0
201808,999,11260,C,Anchorage  AK ,80,80,24823,0,0,0,1,4,695,2,11,1739,3,3,764,0,0,0,0,0,0,0,0,0
201808,999,11500, ,Anniston-Oxford-Jacksonville  AL ,4,4,405,0,0,0,0,0,0,0,0,0,4,4,405,0,0,0,0,0,0,0,0,0
201808,999,12260, ,Augusta-Richmond County  GA-SC ,201,201,42807,0,0,0,0,0,0,3,22,1266,128,128,28419,0,0,0,0,0,0,2,16,784
201808,999,12420, ,Austin-Round Rock  TX ,1459,1459,356057,2,4,710,2,8,960,21,840,63568,1192,1192,300211,2,4,710,2,8,960,21,840,63568
201808,999,12540, ,Bakersfield  CA ,175,175,45121,4,8,946,0,0,0,3,30,4992,26,26,4917,0,0,0,0,0,0,3,30,4992
201808,999,12620, ,Bangor  ME ,11,11,2212,0,0,0,1,3,275,0,0,0,8,8,1524,0,0,0,1,3,275,0,0,0
201808,999,12940,C,Baton Rouge  LA ,306,306,65349,0,0,0,1,3,232,7,276,33126,217,217,45776,0,0,0,0,0,0,7,276,33126
201808,999,13140, ,Beaumont-Port Arthur  TX ,50,50,10001,0,0,0,0,0,0,0,0,0,50,50,10001,0,0,0,0,0,0,0,0,0
201808,999,13220,C,Beckley  WV ,10,10,1821,0,0,0,0,0,0,0,0,0,10,10,1821,0,0,0,0,0,0,0,0,0
201808,999,13380, ,Bellingham  WA ,56,56,15288,0,0,0,2,6,887,3,16,2093,16,16,3929,0,0,0,1,3,338,3,16,2093
201808,999,13740, ,Billings  MT ,48,48,11197,2,4,664,0,0,0,0,0,0,48,48,11197,2,4,664,0,0,0,0,0,0
201808,999,13780, ,Binghamton  NY ,0,0,0,0,0,0,0,0,0,0,0,0,0,0,0,0,0,0,0,0,0,0,0,0
201808,999,13900, ,Bismarck  ND ,52,52,10695,2,4,990,1,3,426,0,0,0,45,45,8825,2,4,990,1,3,426,0,0,0
201808,999,13980, ,Blacksburg-Christiansburg-Radford  VA ,7,7,1334,0,0,0,0,0,0,0,0,0,7,7,1334,0,0,0,0,0,0,0,0,0
201808,999,15260, ,Brunswick  GA ,56,56,16016,0,0,0,0,0,0,0,0,0,0,0,0,0,0,0,0,0,0,0,0,0
201808,999,15540, ,Burlington-South Burlington  VT ,33,33,9707,1,2,400,0,0,0,0,0,0,29,29,8733,1,2,400,0,0,0,0,0,0
201808,999,16220, ,Casper  WY ,9,9,2284,1,2,161,0,0,0,1,6,733,3,3,501,0,0,0,0,0,0,0,0,0
201808,999,16580, ,Champaign-Urbana  IL ,9,9,2647,0,0,0,0,0,0,0,0,0,9,9,2647,0,0,0,0,0,0,0,0,0
201808,999,16700,C,Charleston-North Charleston  SC ,445,445,131864,0,0,0,0,0,0,7,157,10054,200,200,82930,0,0,0,0,0,0,0,0,0
201808,999,16820, ,Charlottesville  VA ,65,65,20065,0,0,0,0,0,0,2,30,5854,0,0,0,0,0,0,0,0,0,0,0,0
201808,999,16940, ,Cheyenne  WY ,29,29,5421,0,0,0,1,4,344,1,7,844,7,7,1302,0,0,0,0,0,0,0,0,0
201808,999,17020, ,Chico  CA ,33,33,8256,0,0,0,0,0,0,3,38,4287,33,33,8256,0,0,0,0,0,0,3,38,4287
201808,999,17300,C,Clarksville  TN-KY ,119,119,20599,1,2,175,3,12,825,0,0,0,117,117,20457,1,2,175,3,12,825,0,0,0
201808,999,17780, ,College Station-Bryan  TX ,140,140,23128,0,0,0,0,0,0,0,0,0,140,140,23128,0,0,0,0,0,0,0,0,0
201808,999,17820,C,Colorado Springs  CO ,341,341,131378,0,0,0,0,0,0,1,52,6308,341,341,131378,0,0,0,0,0,0,1,52,6308
201808,999,18880,C,Crestview-Fort Walton Beach-Destin  FL ,214,214,88266,0,0,0,0,0,0,2,12,1867,214,214,88266,0,0,0,0,0,0,2,12,1867
201808,999,19060, ,Cumberland  MD-WV ,4,4,575,0,0,0,0,0,0,0,0,0,4,4,575,0,0,0,0,0,0,0,0,0
201808,999,19180, ,Danville  IL ,1,1,215,0,0,0,0,0,0,0,0,0,1,1,215,0,0,0,0,0,0,0,0,0
201808,999,19500, ,Decatur  IL ,0,0,0,0,0,0,0,0,0,0,0,0,0,0,0,0,0,0,0,0,0,0,0,0
201808,999,20220, ,Dubuque  IA ,7,7,2052,0,0,0,0,0,0,0,0,0,7,7,2052,0,0,0,0,0,0,0,0,0
201808,999,20260, ,Duluth  MN-WI ,13,13,2837,0,0,0,0,0,0,0,0,0,13,13,2837,0,0,0,0,0,0,0,0,0
201808,999,20940, ,El Centro  CA ,24,24,890,0,0,0,0,0,0,0,0,0,24,24,890,0,0,0,0,0,0,0,0,0
201808,999,21420, ,Enid  OK ,3,3,665,0,0,0,0,0,0,0,0,0,3,3,665,0,0,0,0,0,0,0,0,0
201808,999,21660, ,Eugene  OR ,65,65,18457,0,0,0,0,0,0,0,0,0,32,32,10248,0,0,0,0,0,0,0,0,0
201808,999,21780, ,Evansville  IN-KY ,65,65,18229,0,0,0,0,0,0,0,0,0,65,65,18229,0,0,0,0,0,0,0,0,0
201808,999,21820,C,Fairbanks  AK ,0,0,0,0,0,0,0,0,0,0,0,0,0,0,0,0,0,0,0,0,0,0,0,0
201808,999,22140,C,Farmington  NM ,7,7,1878,0,0,0,0,0,0,0,0,0,7,7,1878,0,0,0,0,0,0,0,0,0
201808,999,22220, ,Fayetteville-Springdale-Rogers  AR-MO ,336,336,84013,12,24,2091,3,11,888,2,26,2230,264,264,69726,10,20,1785,2,8,707,0,0,0
201808,999,22380, ,Flagstaff  AZ ,80,80,13177,0,0,0,0,0,0,0,0,0,80,80,13177,0,0,0,0,0,0,0,0,0
201808,999,22500, ,Florence  SC ,38,38,4628,0,0,0,0,0,0,3,50,4331,0,0,0,0,0,0,0,0,0,0,0,0
201808,999,22520, ,Florence-Muscle Shoals  AL ,25,25,2957,0,0,0,0,0,0,0,0,0,12,12,1457,0,0,0,0,0,0,0,0,0
201808,999,22540, ,Fond du Lac  WI ,7,7,1984,0,0,0,0,0,0,0,0,0,1,1,537,0,0,0,0,0,0,0,0,0
201808,999,22660,C,Fort Collins  CO ,179,179,47448,7,14,2036,0,0,0,19,443,53359,179,179,47448,7,14,2036,0,0,0,19,443,53359
201808,999,22900, ,Fort Smith  AR-OK ,26,26,4855,1,2,217,0,0,0,0,0,0,21,21,4330,1,2,217,0,0,0,0,0,0
201808,999,23460, ,Gadsden  AL ,5,5,853,0,0,0,0,0,0,0,0,0,0,0,0,0,0,0,0,0,0,0,0,0
201808,999,24220, ,Grand Forks  ND-MN ,38,38,8526,0,0,0,0,0,0,0,0,0,38,38,8526,0,0,0,0,0,0,0,0,0
201808,999,24260, ,Grand Island  NE ,3,3,388,2,4,409,0,0,0,0,0,0,3,3,388,2,4,409,0,0,0,0,0,0
201808,999,24300,C,Grand Junction  CO ,90,90,12418,4,8,938,0,0,0,0,0,0,90,90,12418,4,8,938,0,0,0,0,0,0
201808,999,24500, ,Great Falls  MT ,20,20,4800,0,0,0,0,0,0,0,0,0,7,7,1190,0,0,0,0,0,0,0,0,0
201808,999,25060, ,Gulfport-Biloxi-Pascagoula  MS ,157,157,28244,1,2,245,0,0,0,2,10,847,115,115,22335,0,0,0,0,0,0,0,0,0
201808,999,25620, ,Hattiesburg  MS ,5,5,691,0,0,0,0,0,0,0,0,0,5,5,691,0,0,0,0,0,0,0,0,0
201808,999,25940, ,Hilton Head Island-Bluffton-Beaufort  SC ,69,69,25213,0,0,0,0,0,0,1,15,1591,28,28,7417,0,0,0,0,0,0,0,0,0
201808,999,26140, ,Homosassa Springs  FL ,38,38,8211,1,2,55,0,0,0,1,9,778,0,0,0,0,0,0,0,0,0,0,0,0
201808,999,26380, ,Houma-Thibodaux  LA ,39,39,7387,0,0,0,0,0,0,0,0,0,39,39,7387,0,0,0,0,0,0,0,0,0
201808,999,27100, ,Jackson  MI ,0,0,0,0,0,0,0,0,0,0,0,0,0,0,0,0,0,0,0,0,0,0,0,0
201808,999,27340,C,Jacksonville  NC ,81,81,11680,0,0,0,0,0,0,0,0,0,81,81,11680,0,0,0,0,0,0,0,0,0
201808,999,27980,C,Kahului-Wailuku-Lahaina  HI ,25,25,9011,1,2,495,5,20,5361,14,100,21399,25,25,9011,1,2,495,5,20,5361,14,100,21399
201808,999,28420,C,Kennewick-Richland  WA ,138,138,39175,3,6,752,0,0,0,3,26,2392,68,68,20200,0,0,0,0,0,0,1,16,1300
201808,999,28660,C,Killeen-Temple  TX ,257,257,50013,19,38,2446,0,0,0,2,10,605,224,224,43870,16,32,1909,0,0,0,0,0,0
201808,999,29100, ,La Crosse-Onalaska  WI-MN ,12,12,3902,0,0,0,0,0,0,2,55,6704,10,10,3129,0,0,0,0,0,0,1,50,6250
201808,999,29460, ,Lakeland-Winter Haven  FL ,356,356,77396,0,0,0,0,0,0,0,0,0,337,337,73107,0,0,0,0,0,0,0,0,0
201808,999,29540, ,Lancaster  PA ,12,12,2334,0,0,0,0,0,0,0,0,0,4,4,914,0,0,0,0,0,0,0,0,0
201808,999,29700, ,Laredo  TX ,101,101,18135,1,2,140,0,0,0,1,20,1903,0,0,0,0,0,0,0,0,0,0,0,0
201808,999,30020, ,Lawton  OK ,4,4,760,0,0,0,0,0,0,0,0,0,4,4,760,0,0,0,0,0,0,0,0,0
201808,999,30300, ,Lewiston  ID-WA ,0,0,0,0,0,0,0,0,0,0,0,0,0,0,0,0,0,0,0,0,0,0,0,0
201808,999,30860, ,Logan  UT-ID ,28,28,4592,1,2,315,0,0,0,0,0,0,28,28,4592,1,2,315,0,0,0,0,0,0
201808,999,31340, ,Lynchburg  VA ,17,17,2857,0,0,0,1,3,450,2,30,1900,17,17,2857,0,0,0,1,3,450,2,30,1900
201808,999,33540,C,Missoula  MT ,41,41,11692,0,0,0,1,3,113,0,0,0,41,41,11692,0,0,0,1,3,113,0,0,0
201808,999,33860, ,Montgomery  AL ,53,53,11408,0,0,0,0,0,0,0,0,0,53,53,11408,0,0,0,0,0,0,0,0,0
201808,999,36100, ,Ocala  FL ,290,290,46324,1,2,120,0,0,0,0,0,0,290,290,46324,1,2,120,0,0,0,0,0,0
201808,999,36980, ,Owensboro  KY ,29,29,2976,1,2,173,0,0,0,0,0,0,29,29,2976,1,2,173,0,0,0,0,0,0
201808,999,37340, ,Palm Bay-Melbourne-Titusville  FL ,198,198,63382,0,0,0,1,4,2810,8,336,38792,169,169,54181,0,0,0,1,4,2810,8,336,38792
201808,999,37460, ,Panama City  FL ,52,52,14354,2,4,620,0,0,0,0,0,0,42,42,11210,2,4,620,0,0,0,0,0,0
201808,999,38060,C,Phoenix-Mesa-Scottsdale  AZ ,2263,2263,582674,23,46,5362,13,46,9991,58,364,50491,2017,2017,511391,23,46,5362,13,46,9991,53,316,43661
201808,999,38340, ,Pittsfield  MA ,1,1,329,0,0,0,0,0,0,0,0,0,0,0,0,0,0,0,0,0,0,0,0,0
201808,999,38540, ,Pocatello  ID ,20,20,2739,0,0,0,3,12,660,0,0,0,20,20,2739,0,0,0,3,12,660,0,0,0
201808,999,39140, ,Prescott  AZ ,127,127,35392,3,6,1116,0,0,0,5,110,11843,127,127,35392,3,6,1116,0,0,0,5,110,11843
201808,999,40060, ,Richmond  VA ,437,437,73532,20,40,3994,4,16,1973,1,33,1931,424,424,71834,20,40,3994,4,16,1973,1,33,1931
201808,999,41100, ,St. George  UT ,167,167,34263,1,2,182,4,12,1088,0,0,0,167,167,34263,1,2,182,4,12,1088,0,0,0
201808,999,41500, ,Salinas  CA ,19,19,5418,0,0,0,1,3,820,0,0,0,19,19,5418,0,0,0,1,3,820,0,0,0
201808,999,41540, ,Salisbury  MD-DE ,284,284,40988,0,0,0,0,0,0,1,5,690,271,271,38422,0,0,0,0,0,0,1,5,690
201808,999,41660,C,San Angelo  TX ,24,24,6951,0,0,0,0,0,0,0,0,0,24,24,6951,0,0,0,0,0,0,0,0,0
201808,999,41700,C,San Antonio-New Braunfels  TX ,788,788,164953,1,2,173,1,3,0,9,437,48205,728,728,155877,1,2,173,0,0,0,8,431,46927
201808,999,41740,C,San Diego-Carlsbad  CA ,246,246,83902,8,16,2691,9,29,5306,10,107,15016,233,233,78365,8,16,2691,8,26,5187,8,83,11150
201808,999,42020, ,San Luis Obispo-Paso Robles-Arroyo Grande  CA ,38,38,14458,0,0,0,0,0,0,1,6,631,0,0,0,0,0,0,0,0,0,0,0,0
201808,999,42200, ,Santa Maria-Santa Barbara  CA ,14,14,2262,0,0,0,0,0,0,0,0,0,14,14,2262,0,0,0,0,0,0,0,0,0
201808,999,42540, ,Scranton--Wilkes-Barre--Hazleton  PA ,10,10,1950,0,0,0,0,0,0,0,0,0,9,9,1733,0,0,0,0,0,0,0,0,0
201808,999,43100, ,Sheboygan  WI ,0,0,0,0,0,0,0,0,0,0,0,0,0,0,0,0,0,0,0,0,0,0,0,0
201808,999,43340, ,Shreveport-Bossier City  LA ,107,107,22268,0,0,0,0,0,0,0,0,0,79,79,14997,0,0,0,0,0,0,0,0,0
201808,999,43420, ,Sierra Vista-Douglas  AZ ,16,16,3183,0,0,0,0,0,0,0,0,0,16,16,3183,0,0,0,0,0,0,0,0,0
201808,999,43620, ,Sioux Falls  SD ,155,155,32243,0,0,0,1,4,367,12,263,26480,155,155,32243,0,0,0,1,4,367,12,263,26480
201808,999,44940,C,Sumter  SC ,21,21,2847,0,0,0,0,0,0,0,0,0,0,0,0,0,0,0,0,0,0,0,0,0
201808,999,45300,C,Tampa-St. Petersburg-Clearwater  FL ,1307,1307,384786,2,4,381,2,6,2232,9,345,23710,1291,1291,382308,2,4,381,2,6,2232,9,345,23710
201808,999,45460, ,Terre Haute  IN ,5,5,864,1,2,138,0,0,0,1,17,1176,2,2,305,0,0,0,0,0,0,0,0,0
201808,999,45500, ,Texarkana  TX-AR ,4,4,827,0,0,0,0,0,0,0,0,0,0,0,0,0,0,0,0,0,0,0,0,0
201808,999,45820, ,Topeka  KS ,22,22,5149,0,0,0,0,0,0,0,0,0,22,22,5149,0,0,0,0,0,0,0,0,0
201808,999,46220, ,Tuscaloosa  AL ,38,38,10556,2,4,950,2,8,1119,4,52,5037,7,7,1873,0,0,0,0,0,0,0,0,0
201808,999,46300, ,Twin Falls  ID ,36,36,7704,0,0,0,0,0,0,0,0,0,36,36,7704,0,0,0,0,0,0,0,0,0
201808,999,46520,C,Urban Honolulu  HI ,45,45,18759,0,0,0,0,0,0,0,0,0,45,45,18759,0,0,0,0,0,0,0,0,0
201808,999,46540, ,Utica-Rome  NY ,1,1,71,0,0,0,0,0,0,0,0,0,0,0,0,0,0,0,0,0,0,0,0,0
201808,999,46660, ,Valdosta  GA ,82,82,15061,0,0,0,0,0,0,0,0,0,34,34,6957,0,0,0,0,0,0,0,0,0
201808,999,47380, ,Waco  TX ,46,46,9210,0,0,0,0,0,0,0,0,0,46,46,9210,0,0,0,0,0,0,0,0,0
201808,999,47460, ,Walla Walla  WA ,21,21,5360,0,0,0,0,0,0,0,0,0,20,20,5260,0,0,0,0,0,0,0,0,0
201808,999,47940, ,Waterloo-Cedar Falls  IA ,11,11,3083,0,0,0,0,0,0,0,0,0,11,11,3083,0,0,0,0,0,0,0,0,0
201808,999,48060, ,Watertown-Fort Drum  NY ,12,12,1162,0,0,0,0,0,0,0,0,0,1,1,25,0,0,0,0,0,0,0,0,0
201808,999,48300, ,Wenatchee  WA ,57,57,13829,0,0,0,0,0,0,0,0,0,57,57,13829,0,0,0,0,0,0,0,0,0
201808,999,48540, ,Wheeling  WV-OH ,0,0,0,0,0,0,0,0,0,0,0,0,0,0,0,0,0,0,0,0,0,0,0,0
201808,999,48660, ,Wichita Falls  TX ,0,0,0,0,0,0,0,0,0,0,0,0,0,0,0,0,0,0,0,0,0,0,0,0
201808,999,48900, ,Wilmington  NC ,134,134,43153,0,0,0,0,0,0,3,24,3444,133,133,42830,0,0,0,0,0,0,3,24,3444
201808,999,49420, ,Yakima  WA ,51,51,12301,0,0,0,2,6,1126,0,0,0,50,50,12077,0,0,0,2,6,1126,0,0,0
201808,999,49740, ,Yuma  AZ ,119,119,18864,0,0,0,0,0,0,0,0,0,109,109,17551,0,0,0,0,0,0,0,0,0
