Survey,CSA,CBSA,MONCOV,CBSA,,1-unit,,,2-units,,,3-4 units,,,5+ units,,,1-unit rep,,,2-units rep,,,3-4 units rep,,,5+ units rep
Date,Code,Code,,Name,Bldgs,Units,Value,Bldgs,Units,Value,Bldgs,Units,Value,Bldgs,Units,Value,Bldgs,Units,Value,Bldgs,Units,Value,      Bldgs,Units,Value,Bldgs,Units,Value
 
201805,104,10580,C,Albany-Schenectady-Troy  NY ,170,170,43139,3,6,510,2,8,747,3,30,3696,135,135,33037,2,4,240,2,8,747,0,0,0
201805,104,24020, ,Glens Falls  NY ,19,19,5193,0,0,0,0,0,0,0,0,0,11,11,3050,0,0,0,0,0,0,0,0,0
201805,106,10740,C,Albuquerque  NM ,186,186,39123,0,0,0,0,0,0,2,19,1533,60,60,14571,0,0,0,0,0,0,0,0,0
201805,106,42140,C,Santa Fe  NM ,26,26,6681,0,0,0,0,0,0,0,0,0,26,26,6681,0,0,0,0,0,0,0,0,0
201805,108,11100, ,Amarillo  TX ,68,68,18665,0,0,0,0,0,0,0,0,0,68,68,18665,0,0,0,0,0,0,0,0,0
201805,118,11540, ,Appleton  WI ,54,54,13667,2,4,501,0,0,0,0,0,0,47,47,12415,1,2,286,0,0,0,0,0,0
201805,118,36780, ,Oshkosh-Neenah  WI ,15,15,3735,2,4,425,0,0,0,0,0,0,11,11,3178,2,4,425,0,0,0,0,0,0
201805,120,11700, ,Asheville  NC ,180,180,50167,0,0,0,0,0,0,4,45,3251,55,55,14055,0,0,0,0,0,0,0,0,0
201805,122,12020, ,Athens-Clarke County  GA ,67,67,16570,0,0,0,0,0,0,1,14,1361,48,48,13246,0,0,0,0,0,0,0,0,0
201805,122,12060, ,Atlanta-Sandy Springs-Roswell  GA ,2444,2444,550860,5,10,2071,7,23,4687,31,1643,220563,2146,2146,480518,5,10,2071,7,23,4687,27,1573,215411
201805,122,23580, ,Gainesville  GA ,95,95,21370,2,4,560,0,0,0,0,0,0,95,95,21370,2,4,560,0,0,0,0,0,0
201805,140,13460,C,Bend-Redmond  OR ,153,153,41670,2,4,1236,0,0,0,0,0,0,153,153,41670,2,4,1236,0,0,0,0,0,0
201805,142,13820,C,Birmingham-Hoover  AL ,270,270,69707,0,0,0,0,0,0,5,80,8403,169,169,44706,0,0,0,0,0,0,5,80,8403
201805,144,14020,C,Bloomington  IN ,24,24,6204,9,18,2504,0,0,0,0,0,0,24,24,6204,9,18,2504,0,0,0,0,0,0
201805,145,14010, ,Bloomington  IL ,8,8,1937,0,0,0,0,0,0,0,0,0,8,8,1937,0,0,0,0,0,0,0,0,0
201805,146,14100,C,Bloomsburg-Berwick  PA ,13,13,2931,0,0,0,0,0,0,0,0,0,7,7,1476,0,0,0,0,0,0,0,0,0
201805,147,14260,C,Boise City  ID ,633,633,162943,1,2,424,1,4,260,5,96,9973,493,493,131196,0,0,0,0,0,0,4,74,7049
201805,148,12700, ,Barnstable Town  MA ,5,5,1874,0,0,0,0,0,0,0,0,0,0,0,0,0,0,0,0,0,0,0,0,0
201805,148,14460,C,Boston-Cambridge-Newton  MA-NH ,520,520,164548,25,50,11019,9,29,5185,38,1543,434489,349,349,112316,16,32,8251,7,23,4344,20,1337,403342
201805,148,31700, ,Manchester-Nashua  NH ,36,36,7428,1,2,263,0,0,0,1,9,1135,20,20,4815,0,0,0,0,0,0,0,0,0
201805,148,39300,C,Providence-Warwick  RI-MA ,171,171,35669,12,24,2135,1,3,650,5,31,4058,117,117,23840,10,20,1703,1,3,650,3,18,3150
201805,148,49340, ,Worcester  MA-CT ,16,16,3945,0,0,0,0,0,0,0,0,0,9,9,2324,0,0,0,0,0,0,0,0,0
201805,150,14540, ,Bowling Green  KY ,56,56,13239,0,0,0,1,3,125,7,144,11070,56,56,13239,0,0,0,1,3,125,7,144,11070
201805,154,15180, ,Brownsville-Harlingen  TX ,87,87,9334,1,2,115,0,0,0,0,0,0,30,30,2944,0,0,0,0,0,0,0,0,0
201805,160,15380,C,Buffalo-Cheektowaga-Niagara Falls  NY ,109,109,27434,1,2,300,6,22,2200,8,115,11797,92,92,23719,1,2,300,6,22,2200,7,87,5530
201805,162,15980,C,Cape Coral-Fort Myers  FL ,601,601,126386,35,70,7893,2,8,2182,10,217,34813,601,601,126386,35,70,7893,2,8,2182,10,217,34813
201805,162,34940, ,Naples-Immokalee-Marco Island  FL ,316,316,69452,1,2,200,2,8,812,3,24,6174,316,316,69452,1,2,200,2,8,812,3,24,6174
201805,164,16020, ,Cape Girardeau  MO-IL ,0,0,0,0,0,0,0,0,0,0,0,0,0,0,0,0,0,0,0,0,0,0,0,0
201805,168,16300, ,Cedar Rapids  IA ,34,34,4739,6,12,1266,0,0,0,2,72,5381,34,34,4739,6,12,1266,0,0,0,2,72,5381
201805,168,26980, ,Iowa City  IA ,15,15,4372,3,6,1070,1,4,416,0,0,0,13,13,4096,3,6,1070,1,4,416,0,0,0
201805,170,16620, ,Charleston  WV ,3,3,521,1,2,236,0,0,0,0,0,0,0,0,0,0,0,0,0,0,0,0,0,0
201805,170,26580, ,Huntington-Ashland  WV-KY-OH ,15,15,2794,0,0,0,0,0,0,0,0,0,7,7,1655,0,0,0,0,0,0,0,0,0
201805,172,16740, ,Charlotte-Concord-Gastonia  NC-SC ,1379,1379,348590,0,0,0,3,12,2185,21,835,73196,1199,1199,288840,0,0,0,3,12,2185,19,812,70775
201805,174,16860, ,Chattanooga  TN-GA ,189,189,35500,2,4,355,1,3,222,1,51,6189,138,138,25229,1,2,133,0,0,0,0,0,0
201805,174,17420, ,Cleveland  TN ,41,41,7045,1,2,380,2,6,600,0,0,0,22,22,3623,1,2,380,2,6,600,0,0,0
201805,176,16980, ,Chicago-Naperville-Elgin  IL-IN-WI ,891,891,244814,12,24,3519,21,69,13747,40,1177,95020,687,687,192519,11,22,3499,20,66,13018,25,941,66247
201805,176,28100, ,Kankakee  IL ,5,5,1293,0,0,0,0,0,0,0,0,0,5,5,1293,0,0,0,0,0,0,0,0,0
201805,176,33140, ,Michigan City-La Porte  IN ,17,17,3270,0,0,0,0,0,0,0,0,0,17,17,3270,0,0,0,0,0,0,0,0,0
201805,178,17140, ,Cincinnati  OH-KY-IN ,430,430,108340,2,4,930,3,11,1945,6,114,5768,368,368,93617,2,4,930,3,11,1945,3,84,3459
201805,184,10420, ,Akron  OH ,68,68,16002,0,0,0,1,3,375,0,0,0,23,23,3857,0,0,0,0,0,0,0,0,0
201805,184,15940, ,Canton-Massillon  OH ,42,42,9329,0,0,0,0,0,0,1,7,538,37,37,8746,0,0,0,0,0,0,0,0,0
201805,184,17460, ,Cleveland-Elyria  OH ,271,271,72699,3,6,264,3,11,1361,0,0,0,206,206,58961,0,0,0,3,11,1361,0,0,0
201805,190,17860,C,Columbia  MO ,65,65,9119,0,0,0,0,0,0,0,0,0,65,65,9119,0,0,0,0,0,0,0,0,0
201805,192,17900,C,Columbia  SC ,409,409,77321,0,0,0,0,0,0,2,29,1637,56,56,10289,0,0,0,0,0,0,0,0,0
201805,194,12220,C,Auburn-Opelika  AL ,94,94,26446,1,2,211,0,0,0,1,28,7321,37,37,10090,0,0,0,0,0,0,0,0,0
201805,194,17980, ,Columbus  GA-AL ,53,53,10273,0,0,0,1,4,246,1,10,1752,22,22,4219,0,0,0,0,0,0,0,0,0
201805,198,18140, ,Columbus  OH ,468,468,130527,6,12,1050,2,8,980,30,365,33795,416,416,117030,6,12,1050,2,8,980,29,348,31709
201805,204,18580, ,Corpus Christi  TX ,87,87,15610,0,0,0,0,0,0,0,0,0,11,11,2521,0,0,0,0,0,0,0,0,0
201805,206,19100, ,Dallas-Fort Worth-Arlington  TX ,3222,3222,888789,11,22,3891,8,32,6315,60,1529,131846,2701,2701,741814,11,22,3891,8,32,6315,55,1344,114152
201805,209,19340, ,Davenport-Moline-Rock Island  IA-IL ,34,34,8108,0,0,0,0,0,0,1,23,2705,19,19,3775,0,0,0,0,0,0,0,0,0
201805,212,19380, ,Dayton  OH ,99,99,35013,0,0,0,0,0,0,2,163,18961,64,64,26909,0,0,0,0,0,0,2,163,18961
201805,212,44220, ,Springfield  OH ,9,9,1992,0,0,0,0,0,0,0,0,0,9,9,1992,0,0,0,0,0,0,0,0,0
201805,216,14500, ,Boulder  CO ,115,115,40283,0,0,0,1,4,594,1,7,1484,107,107,36041,0,0,0,1,4,594,0,0,0
201805,216,19740,C,Denver-Aurora-Lakewood  CO ,1154,1154,341573,11,22,575,0,0,0,9,300,23979,1124,1124,333047,11,22,575,0,0,0,8,295,23252
201805,216,24540, ,Greeley  CO ,296,296,77380,0,0,0,8,30,4939,5,104,11692,204,204,52397,0,0,0,7,27,4100,3,88,10468
201805,218,11180, ,Ames  IA ,9,9,2697,0,0,0,0,0,0,0,0,0,9,9,2697,0,0,0,0,0,0,0,0,0
201805,218,19780, ,Des Moines-West Des Moines  IA ,347,347,95591,2,4,588,0,0,0,4,230,27397,319,319,91575,2,4,588,0,0,0,3,222,26836
201805,220,11460, ,Ann Arbor  MI ,31,31,8425,2,4,1011,0,0,0,1,5,550,16,16,4465,2,4,1011,0,0,0,0,0,0
201805,220,19820, ,Detroit-Warren-Dearborn  MI ,661,661,185418,4,8,1577,2,7,882,3,35,3840,503,503,144936,3,6,1394,0,0,0,1,12,2235
201805,220,22420, ,Flint  MI ,26,26,5330,0,0,0,0,0,0,0,0,0,26,26,5330,0,0,0,0,0,0,0,0,0
201805,220,33780, ,Monroe  MI ,3,3,431,0,0,0,0,0,0,0,0,0,3,3,431,0,0,0,0,0,0,0,0,0
201805,222,20020, ,Dothan  AL ,12,12,3395,0,0,0,0,0,0,2,55,8600,10,10,2932,0,0,0,0,0,0,2,55,8600
201805,232,20740, ,Eau Claire  WI ,69,69,15720,5,10,1650,0,0,0,1,12,450,69,69,15720,5,10,1650,0,0,0,1,12,450
201805,236,21300, ,Elmira  NY ,0,0,0,0,0,0,0,0,0,0,0,0,0,0,0,0,0,0,0,0,0,0,0,0
201805,238,21340,C,El Paso  TX ,145,145,31806,3,6,1095,0,0,0,0,0,0,111,111,26559,3,6,1095,0,0,0,0,0,0
201805,238,29740,C,Las Cruces  NM ,68,68,14596,0,0,0,0,0,0,0,0,0,68,68,14596,0,0,0,0,0,0,0,0,0
201805,240,21500, ,Erie  PA ,6,6,1890,1,2,280,1,4,285,0,0,0,6,6,1890,1,2,280,1,4,285,0,0,0
201805,244,22020, ,Fargo  ND-MN ,168,168,44258,0,0,0,0,0,0,7,365,35560,166,166,43640,0,0,0,0,0,0,7,365,35560
201805,246,22180,C,Fayetteville  NC ,93,93,18322,0,0,0,0,0,0,0,0,0,93,93,18322,0,0,0,0,0,0,0,0,0
201805,258,23060, ,Fort Wayne  IN ,125,125,31526,0,0,0,1,4,608,14,106,14378,125,125,31526,0,0,0,1,4,608,14,106,14378
201805,260,23420,C,Fresno  CA ,240,240,65252,3,6,1274,1,3,124,7,52,5148,150,150,40978,0,0,0,0,0,0,0,0,0
201805,260,31460, ,Madera  CA ,44,44,10074,0,0,0,0,0,0,0,0,0,44,44,10074,0,0,0,0,0,0,0,0,0
201805,264,23540, ,Gainesville  FL ,49,49,15223,0,0,0,0,0,0,0,0,0,49,49,15223,0,0,0,0,0,0,0,0,0
201805,266,24340, ,Grand Rapids-Wyoming  MI ,156,156,39191,4,8,1252,4,13,1470,6,56,7478,118,118,31411,3,6,900,4,13,1470,5,40,5815
201805,266,34740, ,Muskegon  MI ,1,1,230,0,0,0,0,0,0,0,0,0,0,0,0,0,0,0,0,0,0,0,0,0
201805,267,24580, ,Green Bay  WI ,78,78,20415,2,4,665,0,0,0,1,7,679,53,53,13068,0,0,0,0,0,0,0,0,0
201805,268,15500, ,Burlington  NC ,56,56,9432,0,0,0,0,0,0,0,0,0,56,56,9432,0,0,0,0,0,0,0,0,0
201805,268,24660,C,Greensboro-High Point  NC ,179,179,45258,0,0,0,0,0,0,0,0,0,136,136,34699,0,0,0,0,0,0,0,0,0
201805,268,49180, ,Winston-Salem  NC ,220,220,36939,0,0,0,0,0,0,1,6,271,205,205,33345,0,0,0,0,0,0,0,0,0
201805,273,24860, ,Greenville-Anderson-Mauldin  SC ,433,433,107365,0,0,0,0,0,0,2,19,1887,418,418,103850,0,0,0,0,0,0,0,0,0
201805,273,43900, ,Spartanburg  SC ,242,242,40120,0,0,0,0,0,0,0,0,0,242,242,40120,0,0,0,0,0,0,0,0,0
201805,274,24780, ,Greenville  NC ,30,30,6018,3,6,812,0,0,0,1,35,4463,0,0,0,0,0,0,0,0,0,0,0,0
201805,276,23900,C,Gettysburg  PA ,12,12,2325,0,0,0,0,0,0,0,0,0,12,12,2325,0,0,0,0,0,0,0,0,0
201805,276,25420,C,Harrisburg-Carlisle  PA ,177,177,34543,0,0,0,4,15,2310,1,5,760,123,123,21193,0,0,0,4,15,2310,1,5,760
201805,276,30140, ,Lebanon  PA ,23,23,4793,0,0,0,0,0,0,0,0,0,23,23,4793,0,0,0,0,0,0,0,0,0
201805,276,49620, ,York-Hanover  PA ,14,14,3301,0,0,0,1,4,358,0,0,0,12,12,2779,0,0,0,1,4,358,0,0,0
201805,277,25500,C,Harrisonburg  VA ,62,62,17751,0,0,0,0,0,0,1,33,3300,62,62,17751,0,0,0,0,0,0,1,33,3300
201805,277,44420, ,Staunton-Waynesboro  VA ,13,13,2887,0,0,0,0,0,0,0,0,0,13,13,2887,0,0,0,0,0,0,0,0,0
201805,278,25540,C,Hartford-West Hartford-East Hartford  CT ,74,74,17424,0,0,0,0,0,0,7,77,5491,45,45,12108,0,0,0,0,0,0,2,36,2667
201805,278,35980, ,Norwich-New London  CT ,8,8,1523,0,0,0,0,0,0,0,0,0,4,4,861,0,0,0,0,0,0,0,0,0
201805,280,25860, ,Hickory-Lenoir-Morganton  NC ,0,0,0,0,0,0,0,0,0,1,5,279,0,0,0,0,0,0,0,0,0,0,0,0
201805,284,26300, ,Hot Springs  AR ,5,5,926,0,0,0,0,0,0,0,0,0,5,5,926,0,0,0,0,0,0,0,0,0
201805,288,26420, ,Houston-The Woodlands-Sugar Land  TX ,3794,3794,707389,9,18,1667,0,0,0,45,1164,200862,2913,2913,654974,9,18,1667,0,0,0,41,1133,198744
201805,290,19460, ,Decatur  AL ,8,8,1317,0,0,0,0,0,0,0,0,0,8,8,1317,0,0,0,0,0,0,0,0,0
201805,290,26620,C,Huntsville  AL ,310,310,53574,0,0,0,0,0,0,2,14,1531,310,310,53574,0,0,0,0,0,0,2,14,1531
201805,292,26820, ,Idaho Falls  ID ,68,68,16304,0,0,0,1,3,206,0,0,0,68,68,16304,0,0,0,1,3,206,0,0,0
201805,294,18020, ,Columbus  IN ,29,29,5909,0,0,0,0,0,0,0,0,0,29,29,5909,0,0,0,0,0,0,0,0,0
201805,294,26900, ,Indianapolis-Carmel-Anderson  IN ,727,727,205495,8,16,2504,3,10,1175,17,532,51179,660,660,189900,7,14,2264,2,6,270,15,491,48339
201805,294,34620, ,Muncie  IN ,3,3,487,0,0,0,0,0,0,0,0,0,3,3,487,0,0,0,0,0,0,0,0,0
201805,296,27060, ,Ithaca  NY ,2,2,381,1,2,237,0,0,0,1,6,720,1,1,125,0,0,0,0,0,0,0,0,0
201805,297,27180, ,Jackson  TN ,10,10,1620,0,0,0,0,0,0,0,0,0,10,10,1620,0,0,0,0,0,0,0,0,0
201805,298,27140, ,Jackson  MS ,135,135,29345,0,0,0,0,0,0,0,0,0,80,80,20101,0,0,0,0,0,0,0,0,0
201805,300,27260,C,Jacksonville  FL ,949,949,229195,2,4,486,2,8,1496,1,6,1313,906,906,216719,2,4,486,2,8,1496,1,6,1313
201805,304,27740, ,Johnson City  TN ,13,13,3319,0,0,0,0,0,0,0,0,0,13,13,3319,0,0,0,0,0,0,0,0,0
201805,304,28700, ,Kingsport-Bristol-Bristol  TN-VA ,1,1,207,0,0,0,0,0,0,0,0,0,0,0,0,0,0,0,0,0,0,0,0,0
201805,306,27780, ,Johnstown  PA ,1,1,262,0,0,0,0,0,0,0,0,0,0,0,0,0,0,0,0,0,0,0,0,0
201805,308,27860, ,Jonesboro  AR ,42,42,6996,0,0,0,0,0,0,0,0,0,42,42,6996,0,0,0,0,0,0,0,0,0
201805,309,27900, ,Joplin  MO ,12,12,1629,1,2,141,0,0,0,0,0,0,12,12,1629,1,2,141,0,0,0,0,0,0
201805,310,12980, ,Battle Creek  MI ,0,0,0,0,0,0,0,0,0,0,0,0,0,0,0,0,0,0,0,0,0,0,0,0
201805,310,28020, ,Kalamazoo-Portage  MI ,5,5,1502,0,0,0,0,0,0,0,0,0,3,3,761,0,0,0,0,0,0,0,0,0
201805,312,28140, ,Kansas City  MO-KS ,581,581,156818,11,22,3500,6,23,2589,11,306,47024,498,498,134342,10,20,3155,4,16,1520,9,292,45670
201805,312,29940, ,Lawrence  KS ,20,20,4738,0,0,0,0,0,0,0,0,0,20,20,4738,0,0,0,0,0,0,0,0,0
201805,312,41140, ,St. Joseph  MO-KS ,0,0,0,0,0,0,0,0,0,0,0,0,0,0,0,0,0,0,0,0,0,0,0,0
201805,314,28940, ,Knoxville  TN ,305,305,67197,0,0,0,0,0,0,3,59,4556,111,111,24635,0,0,0,0,0,0,0,0,0
201805,316,29020, ,Kokomo  IN ,13,13,2309,0,0,0,0,0,0,0,0,0,13,13,2309,0,0,0,0,0,0,0,0,0
201805,318,29180, ,Lafayette  LA ,161,161,33124,0,0,0,0,0,0,0,0,0,34,34,7941,0,0,0,0,0,0,0,0,0
201805,320,29200, ,Lafayette-West Lafayette  IN ,47,47,11208,1,2,360,0,0,0,1,56,8400,0,0,0,0,0,0,0,0,0,1,56,8400
201805,324,29340, ,Lake Charles  LA ,103,103,19082,2,4,557,0,0,0,0,0,0,57,57,9310,2,4,557,0,0,0,0,0,0
201805,330,29620, ,Lansing-East Lansing  MI ,20,20,4610,0,0,0,1,4,320,2,18,1440,17,17,4144,0,0,0,1,4,320,2,18,1440
201805,332,29420, ,Lake Havasu City-Kingman  AZ ,102,102,20826,0,0,0,0,0,0,0,0,0,86,86,16443,0,0,0,0,0,0,0,0,0
201805,332,29820,C,Las Vegas-Henderson-Paradise  NV ,973,973,240557,15,30,1233,0,0,0,23,543,36770,973,973,240557,15,30,1233,0,0,0,23,543,36770
201805,336,30460,C,Lexington-Fayette  KY ,135,135,26969,3,6,637,0,0,0,3,49,3568,40,40,11350,2,4,480,0,0,0,0,0,0
201805,338,30620, ,Lima  OH ,0,0,0,0,0,0,0,0,0,0,0,0,0,0,0,0,0,0,0,0,0,0,0,0
201805,339,30700, ,Lincoln  NE ,114,114,24283,1,2,341,0,0,0,4,140,14703,3,3,638,0,0,0,0,0,0,0,0,0
201805,340,30780, ,Little Rock-North Little Rock-Conway  AR ,164,164,33881,1,2,151,0,0,0,4,25,440,136,136,28615,0,0,0,0,0,0,3,18,255
201805,340,38220, ,Pine Bluff  AR ,1,1,124,0,0,0,0,0,0,0,0,0,0,0,0,0,0,0,0,0,0,0,0,0
201805,346,30980, ,Longview  TX ,12,12,2088,0,0,0,0,0,0,0,0,0,0,0,0,0,0,0,0,0,0,0,0,0
201805,348,31080,C,Los Angeles-Long Beach-Anaheim  CA ,1184,1184,425511,45,90,17763,19,58,15396,57,1957,505435,1010,1010,336142,42,84,16189,16,49,14213,44,1819,478324
201805,348,37100, ,Oxnard-Thousand Oaks-Ventura  CA ,60,60,11755,0,0,0,1,4,631,1,35,4144,48,48,8758,0,0,0,0,0,0,0,0,0
201805,348,40140, ,Riverside-San Bernardino-Ontario  CA ,963,963,256656,9,18,6247,3,10,1510,22,257,40556,877,877,240075,8,16,5885,2,6,1155,18,234,38495
201805,350,21060, ,Elizabethtown-Fort Knox  KY ,44,44,7862,5,10,1297,0,0,0,0,0,0,31,31,5896,4,8,1097,0,0,0,0,0,0
201805,350,31140, ,Louisville-Jefferson County  KY-IN ,361,361,124852,1,2,300,1,3,499,2,48,5496,316,316,112032,1,2,300,1,3,499,2,48,5496
201805,352,31180, ,Lubbock  TX ,158,158,18459,0,0,0,0,0,0,0,0,0,157,157,18286,0,0,0,0,0,0,0,0,0
201805,356,31420, ,Macon-Bibb County  GA ,23,23,4522,0,0,0,0,0,0,0,0,0,0,0,0,0,0,0,0,0,0,0,0,0
201805,356,47580, ,Warner Robins  GA ,77,77,15277,0,0,0,0,0,0,0,0,0,52,52,9079,0,0,0,0,0,0,0,0,0
201805,357,27500, ,Janesville-Beloit  WI ,28,28,6569,1,2,220,0,0,0,0,0,0,28,28,6569,1,2,220,0,0,0,0,0,0
201805,357,31540, ,Madison  WI ,166,166,52469,7,14,2290,2,6,769,7,267,37307,137,137,44283,6,12,2031,0,0,0,3,183,28800
201805,358,31740, ,Manhattan  KS ,32,32,8313,0,0,0,0,0,0,0,0,0,31,31,8135,0,0,0,0,0,0,0,0,0
201805,359,31860, ,Mankato-North Mankato  MN ,18,18,3438,0,0,0,0,0,0,1,17,1271,0,0,0,0,0,0,0,0,0,0,0,0
201805,365,32580,C,McAllen-Edinburg-Mission  TX ,273,273,50571,24,48,3817,13,51,4954,3,57,4037,176,176,33617,21,42,3434,4,16,1106,1,15,424
201805,366,32780, ,Medford  OR ,41,41,10128,0,0,0,0,0,0,0,0,0,41,41,10128,0,0,0,0,0,0,0,0,0
201805,368,32820, ,Memphis  TN-MS-AR ,359,359,73761,0,0,0,0,0,0,0,0,0,343,343,71805,0,0,0,0,0,0,0,0,0
201805,370,33100, ,Miami-Fort Lauderdale-West Palm Beach  FL ,592,592,179202,5,10,995,2,8,1741,29,819,91530,468,468,134447,5,10,995,1,4,1055,21,629,65124
201805,370,38940, ,Port St. Lucie  FL ,229,229,45181,5,10,1494,2,7,1411,3,18,2795,200,200,31304,5,10,1494,1,4,630,3,18,2795
201805,370,42680, ,Sebastian-Vero Beach  FL ,87,87,33739,0,0,0,0,0,0,3,36,7100,87,87,33739,0,0,0,0,0,0,3,36,7100
201805,372,33260, ,Midland  TX ,91,91,17084,0,0,0,0,0,0,0,0,0,91,91,17084,0,0,0,0,0,0,0,0,0
201805,372,36220,C,Odessa  TX ,49,49,9236,0,0,0,0,0,0,0,0,0,0,0,0,0,0,0,0,0,0,0,0,0
201805,376,33340,C,Milwaukee-Waukesha-West Allis  WI ,191,191,65567,8,16,3002,0,0,0,8,310,32045,113,113,37875,8,16,3002,0,0,0,4,192,24000
201805,376,39540, ,Racine  WI ,26,26,8323,0,0,0,0,0,0,0,0,0,26,26,8323,0,0,0,0,0,0,0,0,0
201805,378,33460, ,Minneapolis-St. Paul-Bloomington  MN-WI ,945,945,289409,5,10,1506,5,20,4509,10,655,103883,833,833,255729,3,6,1029,5,20,4509,9,633,101070
201805,378,41060, ,St. Cloud  MN ,0,0,0,0,0,0,0,0,0,0,0,0,0,0,0,0,0,0,0,0,0,0,0,0
201805,380,19300, ,Daphne-Fairhope-Foley  AL ,178,178,39123,0,0,0,0,0,0,0,0,0,73,73,23521,0,0,0,0,0,0,0,0,0
201805,380,33660, ,Mobile  AL ,65,65,13601,0,0,0,0,0,0,0,0,0,64,64,13527,0,0,0,0,0,0,0,0,0
201805,382,32900, ,Merced  CA ,32,32,7137,0,0,0,0,0,0,0,0,0,32,32,7137,0,0,0,0,0,0,0,0,0
201805,382,33700, ,Modesto  CA ,7,7,953,0,0,0,0,0,0,0,0,0,7,7,953,0,0,0,0,0,0,0,0,0
201805,384,33740, ,Monroe  LA ,41,41,8969,0,0,0,1,4,629,1,5,579,0,0,0,0,0,0,0,0,0,0,0,0
201805,390,34060, ,Morgantown  WV ,2,2,836,0,0,0,0,0,0,0,0,0,2,2,836,0,0,0,0,0,0,0,0,0
201805,396,34820, ,Myrtle Beach-Conway-North Myrtle Beach  SC-NC ,622,622,123834,2,4,443,0,0,0,0,0,0,472,472,89144,2,4,443,0,0,0,0,0,0
201805,400,34980, ,Nashville-Davidson--Murfreesboro--Franklin  TN ,1114,1114,275678,0,0,0,2,8,741,26,594,52079,926,926,231752,0,0,0,2,8,741,22,501,46949
201805,406,25220, ,Hammond  LA ,83,83,13040,0,0,0,0,0,0,0,0,0,76,76,11815,0,0,0,0,0,0,0,0,0
201805,406,35380, ,New Orleans-Metairie  LA ,270,270,62153,5,10,1057,0,0,0,1,6,1477,180,180,42457,0,0,0,0,0,0,0,0,0
201805,408,10900, ,Allentown-Bethlehem-Easton  PA-NJ ,32,32,7841,0,0,0,0,0,0,0,0,0,11,11,2870,0,0,0,0,0,0,0,0,0
201805,408,14860,C,Bridgeport-Stamford-Norwalk  CT ,67,67,44985,0,0,0,6,18,2266,4,36,11323,38,38,16740,0,0,0,6,18,2266,3,24,3989
201805,408,20700, ,East Stroudsburg  PA ,32,32,3042,0,0,0,0,0,0,0,0,0,30,30,2449,0,0,0,0,0,0,0,0,0
201805,408,28740, ,Kingston  NY ,6,6,1701,1,2,210,0,0,0,1,7,1707,4,4,1102,1,2,210,0,0,0,0,0,0
201805,408,35300, ,New Haven-Milford  CT ,26,26,4080,1,2,150,0,0,0,2,18,1108,21,21,3223,1,2,150,0,0,0,0,0,0
201805,408,35620, ,New York-Newark-Jersey City  NY-NJ-PA ,909,909,264458,69,138,19444,26,83,32857,136,4195,529565,677,677,206109,59,118,17494,21,67,31145,88,3404,439323
201805,408,45940,C,Trenton  NJ ,24,24,5140,0,0,0,5,17,489,6,72,10885,22,22,3632,0,0,0,0,0,0,6,72,10885
201805,412,35840,C,North Port-Sarasota-Bradenton  FL ,573,573,131193,0,0,0,4,14,2839,8,161,27674,174,174,39002,0,0,0,1,3,1125,4,114,23416
201805,412,39460, ,Punta Gorda  FL ,167,167,40867,4,8,1274,0,0,0,0,0,0,167,167,40867,4,8,1274,0,0,0,0,0,0
201805,416,36420,C,Oklahoma City  OK ,503,503,119009,11,22,2010,3,9,765,0,0,0,465,465,111626,11,22,2010,3,9,765,0,0,0
201805,420,36540, ,Omaha-Council Bluffs  NE-IA ,294,294,61903,2,4,398,8,32,3148,1,10,219,238,238,48424,2,4,398,8,32,3148,1,10,219
201805,422,19660, ,Deltona-Daytona Beach-Ormond Beach  FL ,180,180,51323,9,18,3130,0,0,0,3,50,7420,132,132,35603,9,18,3130,0,0,0,3,50,7420
201805,422,36740, ,Orlando-Kissimmee-Sanford  FL ,1509,1509,419870,7,14,2093,2,8,1293,15,624,74211,1015,1015,283325,7,14,2093,1,4,649,10,535,66647
201805,422,45540,C,The Villages  FL ,169,169,40541,0,0,0,0,0,0,0,0,0,169,169,40541,0,0,0,0,0,0,0,0,0
201805,425,37620, ,Parkersburg-Vienna  WV ,11,11,4015,0,0,0,0,0,0,0,0,0,11,11,4015,0,0,0,0,0,0,0,0,0
201805,426,37860,C,Pensacola-Ferry Pass-Brent  FL ,201,201,40278,0,0,0,0,0,0,0,0,0,201,201,40278,0,0,0,0,0,0,0,0,0
201805,427,37900, ,Peoria  IL ,4,4,1226,0,0,0,0,0,0,0,0,0,3,3,991,0,0,0,0,0,0,0,0,0
201805,428,12100,C,Atlantic City-Hammonton  NJ ,34,34,6553,0,0,0,0,0,0,2,64,8047,30,30,6126,0,0,0,0,0,0,0,0,153
201805,428,20100,C,Dover  DE ,135,135,21649,3,6,597,0,0,0,2,42,5277,133,133,21216,3,6,597,0,0,0,2,42,5277
201805,428,36140,C,Ocean City  NJ ,29,29,14307,2,4,1414,0,0,0,1,12,2115,25,25,13517,2,4,1414,0,0,0,1,12,2115
201805,428,37980,C,Philadelphia-Camden-Wilmington  PA-NJ-DE-MD ,688,688,140282,7,14,1984,9,32,4063,26,661,74758,516,516,106692,6,12,1884,8,29,3559,13,488,60517
201805,428,39740, ,Reading  PA ,5,5,565,0,0,0,0,0,0,0,0,0,5,5,565,0,0,0,0,0,0,0,0,0
201805,428,47220,C,Vineland-Bridgeton  NJ ,7,7,677,0,0,0,0,0,0,0,0,0,3,3,386,0,0,0,0,0,0,0,0,0
201805,430,38300, ,Pittsburgh  PA ,96,96,29292,2,4,389,0,0,0,1,49,4018,48,48,17319,1,2,143,0,0,0,0,0,0
201805,430,48260, ,Weirton-Steubenville  WV-OH ,0,0,0,0,0,0,0,0,0,0,0,0,0,0,0,0,0,0,0,0,0,0,0,0
201805,438,30340, ,Lewiston-Auburn  ME ,12,12,1944,0,0,0,0,0,0,0,0,0,10,10,1637,0,0,0,0,0,0,0,0,0
201805,438,38860, ,Portland-South Portland  ME ,164,164,38475,8,16,2133,0,0,0,2,22,1945,74,74,16850,6,12,1458,0,0,0,0,0,0
201805,440,10540, ,Albany  OR ,40,40,10854,0,0,0,0,0,0,0,0,0,31,31,9345,0,0,0,0,0,0,0,0,0
201805,440,18700, ,Corvallis  OR ,3,3,786,0,0,0,0,0,0,0,0,0,3,3,786,0,0,0,0,0,0,0,0,0
201805,440,31020, ,Longview  WA ,16,16,3773,0,0,0,0,0,0,0,0,0,16,16,3773,0,0,0,0,0,0,0,0,0
201805,440,38900, ,Portland-Vancouver-Hillsboro  OR-WA ,635,635,189099,16,32,5261,1,3,607,11,236,29508,440,440,124029,15,30,4906,0,0,0,9,213,26873
201805,440,41420, ,Salem  OR ,77,77,21744,0,0,0,0,0,0,8,120,12162,77,77,21744,0,0,0,0,0,0,8,120,12162
201805,444,39380,C,Pueblo  CO ,41,41,6434,0,0,0,0,0,0,0,0,0,41,41,6434,0,0,0,0,0,0,0,0,0
201805,450,20500,C,Durham-Chapel Hill  NC ,318,318,75354,2,4,547,0,0,0,5,184,16159,128,128,38685,1,2,377,0,0,0,1,93,8909
201805,450,39580,C,Raleigh  NC ,1102,1102,234851,3,6,588,0,0,0,14,622,56800,1039,1039,221461,3,6,588,0,0,0,14,622,56800
201805,452,39660, ,Rapid City  SD ,48,48,8953,0,0,0,1,4,500,4,86,8944,48,48,8953,0,0,0,1,4,500,4,86,8944
201805,454,39820, ,Redding  CA ,6,6,1832,0,0,0,0,0,0,0,0,0,6,6,1832,0,0,0,0,0,0,0,0,0
201805,456,16180,C,Carson City  NV ,12,12,3109,0,0,0,0,0,0,1,12,1270,12,12,3109,0,0,0,0,0,0,1,12,1270
201805,456,39900,C,Reno  NV ,194,194,53020,4,8,1022,0,0,0,11,218,29939,192,192,52617,4,8,1022,0,0,0,11,218,29939
201805,462,40340, ,Rochester  MN ,32,32,9125,0,0,0,0,0,0,1,129,17250,31,31,8876,0,0,0,0,0,0,1,129,17250
201805,464,40380, ,Rochester  NY ,110,110,24096,0,0,0,0,0,0,4,32,2916,79,79,17360,0,0,0,0,0,0,3,27,2603
201805,466,40420, ,Rockford  IL ,9,9,981,0,0,0,0,0,0,0,0,0,9,9,981,0,0,0,0,0,0,0,0,0
201805,470,40660,C,Rome  GA ,19,19,3707,0,0,0,2,8,864,0,0,0,19,19,3707,0,0,0,2,8,864,0,0,0
201805,472,40900,C,Sacramento--Roseville--Arden-Arcade  CA ,598,598,174113,3,6,883,0,0,0,9,140,14720,594,594,172488,3,6,883,0,0,0,9,140,14720
201805,474,13020, ,Bay City  MI ,11,11,5784,0,0,0,0,0,0,0,0,0,10,10,5659,0,0,0,0,0,0,0,0,0
201805,474,33220, ,Midland  MI ,2,2,205,0,0,0,0,0,0,0,0,0,2,2,205,0,0,0,0,0,0,0,0,0
201805,474,40980, ,Saginaw  MI ,8,8,1305,0,0,0,2,8,400,0,0,0,8,8,1305,0,0,0,2,8,400,0,0,0
201805,476,41180, ,St. Louis  MO-IL ,549,549,146093,3,6,984,1,3,211,14,469,58148,410,410,101379,1,2,499,1,3,211,12,439,54609
201805,482,36260, ,Ogden-Clearfield  UT ,252,252,61857,1,2,553,8,28,3920,5,33,3893,216,216,51912,0,0,0,3,11,1288,4,28,3265
201805,482,39340, ,Provo-Orem  UT ,582,582,152137,1,2,350,2,7,1193,17,266,28583,571,571,148663,1,2,350,2,7,1193,17,266,28583
201805,482,41620, ,Salt Lake City  UT ,517,517,129551,1,2,325,1,4,656,9,171,21979,384,384,97251,0,0,0,0,0,0,5,74,8767
201805,488,41860,C,San Francisco-Oakland-Hayward  CA ,372,372,158684,8,16,4369,1,3,831,21,736,170461,295,295,128130,7,14,3869,1,3,831,12,667,158716
201805,488,41940,C,San Jose-Sunnyvale-Santa Clara  CA ,274,274,99297,0,0,0,1,3,928,14,886,112215,229,229,84099,0,0,0,0,0,0,11,796,99020
201805,488,42100, ,Santa Cruz-Watsonville  CA ,12,12,2584,0,0,0,1,3,344,1,7,712,0,0,0,0,0,0,0,0,0,0,0,0
201805,488,42220, ,Santa Rosa  CA ,364,364,119251,5,10,2813,0,0,0,0,0,0,364,364,119251,5,10,2813,0,0,0,0,0,0
201805,488,44700, ,Stockton-Lodi  CA ,228,228,73763,0,0,0,0,0,0,0,0,0,199,199,64767,0,0,0,0,0,0,0,0,0
201805,488,46700, ,Vallejo-Fairfield  CA ,75,75,20464,0,0,0,0,0,0,0,0,0,73,73,19855,0,0,0,0,0,0,0,0,0
201805,496,25980, ,Hinesville  GA ,18,18,4280,0,0,0,0,0,0,0,0,0,18,18,4280,0,0,0,0,0,0,0,0,0
201805,496,42340, ,Savannah  GA ,203,203,46084,0,0,0,0,0,0,0,0,0,137,137,31937,0,0,0,0,0,0,0,0,0
201805,500,14740,C,Bremerton-Silverdale  WA ,87,87,25535,0,0,0,0,0,0,0,0,0,66,66,18581,0,0,0,0,0,0,0,0,0
201805,500,34580, ,Mount Vernon-Anacortes  WA ,57,57,12407,0,0,0,0,0,0,0,0,0,31,31,6621,0,0,0,0,0,0,0,0,0
201805,500,36500, ,Olympia-Tumwater  WA ,116,116,32911,0,0,0,0,0,0,1,6,589,104,104,30356,0,0,0,0,0,0,0,0,0
201805,500,42660,C,Seattle-Tacoma-Bellevue  WA ,796,796,269567,14,28,6087,7,23,4420,21,785,100030,661,661,213307,14,28,6087,6,20,3769,18,744,95650
201805,512,43580, ,Sioux City  IA-NE-SD ,13,13,3765,0,0,0,1,3,0,0,0,0,1,1,350,0,0,0,0,0,0,0,0,0
201805,515,21140, ,Elkhart-Goshen  IN ,28,28,6939,0,0,0,0,0,0,0,0,0,28,28,6939,0,0,0,0,0,0,0,0,0
201805,515,35660, ,Niles-Benton Harbor  MI ,1,1,520,0,0,0,0,0,0,0,0,0,1,1,520,0,0,0,0,0,0,0,0,0
201805,515,43780, ,South Bend-Mishawaka  IN-MI ,33,33,8339,0,0,0,0,0,0,0,0,0,33,33,8339,0,0,0,0,0,0,0,0,0
201805,518,17660, ,Coeur dAlene  ID ,179,179,44340,0,0,0,0,0,0,2,10,1029,136,136,34904,0,0,0,0,0,0,0,0,0
201805,518,44060, ,Spokane-Spokane Valley  WA ,172,172,43702,9,18,3098,1,3,387,5,88,9882,36,36,8178,7,14,2351,0,0,0,2,48,5179
201805,520,44180, ,Springfield  MO ,68,68,15356,0,0,0,0,0,0,0,0,0,68,68,15356,0,0,0,0,0,0,0,0,0
201805,521,44140, ,Springfield  MA ,4,4,1025,0,0,0,0,0,0,0,0,0,4,4,1025,0,0,0,0,0,0,0,0,0
201805,522,44100, ,Springfield  IL ,7,7,1987,3,6,1128,0,0,0,1,6,300,0,0,0,0,0,0,0,0,0,0,0,0
201805,524,44300, ,State College  PA ,5,5,1783,0,0,0,0,0,0,0,0,0,3,3,1450,0,0,0,0,0,0,0,0,0
201805,532,45060, ,Syracuse  NY ,40,40,8927,0,0,0,0,0,0,1,61,7037,38,38,8556,0,0,0,0,0,0,0,0,0
201805,533,45220, ,Tallahassee  FL ,83,83,15892,1,2,222,0,0,0,4,89,11758,22,22,3676,0,0,0,0,0,0,0,0,0
201805,534,45780, ,Toledo  OH ,53,53,13678,1,2,190,0,0,0,0,0,0,51,51,13452,1,2,190,0,0,0,0,0,0
201805,536,46060,C,Tucson  AZ ,312,312,86960,2,4,478,0,0,0,10,119,16881,71,71,20262,0,0,0,0,0,0,0,0,0
201805,538,46140,C,Tulsa  OK ,265,265,64742,1,2,88,0,0,0,7,168,13304,242,242,58821,1,2,88,0,0,0,7,168,13304
201805,540,46340, ,Tyler  TX ,17,17,5778,0,0,0,0,0,0,0,0,0,17,17,5778,0,0,0,0,0,0,0,0,0
201805,545,47260, ,Virginia Beach-Norfolk-Newport News  VA-NC ,377,377,89741,2,4,431,4,14,1839,1,5,201,325,325,82070,2,4,431,3,11,1608,0,0,0
201805,546,47300, ,Visalia-Porterville  CA ,120,120,28690,0,0,0,2,8,1188,0,0,0,65,65,14201,0,0,0,2,8,1188,0,0,0
201805,548,12580,C,Baltimore-Columbia-Towson  MD ,590,590,134304,0,0,0,0,0,0,0,0,0,584,584,132997,0,0,0,0,0,0,0,0,0
201805,548,15680,C,California-Lexington Park  MD ,162,162,29935,0,0,0,0,0,0,0,0,0,162,162,29935,0,0,0,0,0,0,0,0,0
201805,548,16540,C,Chambersburg-Waynesboro  PA ,35,35,6252,0,0,0,0,0,0,1,7,683,21,21,4186,0,0,0,0,0,0,0,0,0
201805,548,25180, ,Hagerstown-Martinsburg  MD-WV ,117,117,23376,0,0,0,0,0,0,0,0,0,117,117,23376,0,0,0,0,0,0,0,0,0
201805,548,47900, ,Washington-Arlington-Alexandria  DC-VA-MD-WV ,1188,1188,283463,2,4,267,1,3,390,22,469,52247,1173,1173,279999,0,0,0,1,3,390,21,454,51318
201805,548,49020, ,Winchester  VA-WV ,85,85,18817,0,0,0,0,0,0,0,0,0,85,85,18817,0,0,0,0,0,0,0,0,0
201805,554,48140, ,Wausau  WI ,17,17,3927,0,0,0,0,0,0,0,0,0,9,9,2017,0,0,0,0,0,0,0,0,0
201805,556,48620, ,Wichita  KS ,111,111,20641,12,24,2045,1,4,400,1,27,1889,1,1,230,0,0,0,1,4,400,0,0,0
201805,558,48700, ,Williamsport  PA ,1,1,425,0,0,0,0,0,0,0,0,0,1,1,425,0,0,0,0,0,0,0,0,0
201805,566,49660, ,Youngstown-Warren-Boardman  OH-PA ,25,25,5692,0,0,0,0,0,0,0,0,0,17,17,4312,0,0,0,0,0,0,0,0,0
201805,999,10180, ,Abilene  TX ,34,34,7562,2,4,450,0,0,0,0,0,0,34,34,7562,2,4,450,0,0,0,0,0,0
201805,999,10500, ,Albany  GA ,14,14,1934,0,0,0,0,0,0,0,0,0,14,14,1934,0,0,0,0,0,0,0,0,0
201805,999,10780, ,Alexandria  LA ,16,16,3875,0,0,0,0,0,0,0,0,0,9,9,1987,0,0,0,0,0,0,0,0,0
201805,999,11020, ,Altoona  PA ,0,0,0,0,0,0,0,0,0,0,0,0,0,0,0,0,0,0,0,0,0,0,0,0
201805,999,11260,C,Anchorage  AK ,97,97,29929,0,0,0,1,4,695,2,13,2055,12,12,3303,0,0,0,0,0,0,0,0,0
201805,999,11500, ,Anniston-Oxford-Jacksonville  AL ,5,5,1203,0,0,0,0,0,0,0,0,0,5,5,1203,0,0,0,0,0,0,0,0,0
201805,999,12260, ,Augusta-Richmond County  GA-SC ,241,241,44607,0,0,0,0,0,0,2,20,1263,183,183,34332,0,0,0,0,0,0,0,0,0
201805,999,12420, ,Austin-Round Rock  TX ,1517,1517,352157,30,60,4834,2,6,437,39,1708,94639,1231,1231,291339,30,60,4834,2,6,437,38,1703,93972
201805,999,12540, ,Bakersfield  CA ,211,211,51577,4,8,946,0,0,0,0,0,0,45,45,6765,0,0,0,0,0,0,0,0,0
201805,999,12620, ,Bangor  ME ,14,14,4723,2,4,300,0,0,0,0,0,0,14,14,4723,2,4,300,0,0,0,0,0,0
201805,999,12940,C,Baton Rouge  LA ,383,383,75923,0,0,0,0,0,0,0,0,0,259,259,55514,0,0,0,0,0,0,0,0,0
201805,999,13140, ,Beaumont-Port Arthur  TX ,53,53,10359,0,0,0,0,0,0,0,0,0,53,53,10359,0,0,0,0,0,0,0,0,0
201805,999,13220,C,Beckley  WV ,10,10,1550,0,0,0,0,0,0,0,0,0,5,5,536,0,0,0,0,0,0,0,0,0
201805,999,13380, ,Bellingham  WA ,78,78,21435,7,14,2056,0,0,0,3,37,4425,34,34,8931,7,14,2056,0,0,0,3,37,4425
201805,999,13740, ,Billings  MT ,46,46,11214,0,0,0,0,0,0,0,0,0,46,46,11214,0,0,0,0,0,0,0,0,0
201805,999,13780, ,Binghamton  NY ,0,0,0,0,0,0,0,0,0,0,0,0,0,0,0,0,0,0,0,0,0,0,0,0
201805,999,13900, ,Bismarck  ND ,46,46,11385,2,4,842,0,0,0,0,0,0,40,40,9654,2,4,842,0,0,0,0,0,0
201805,999,13980, ,Blacksburg-Christiansburg-Radford  VA ,4,4,1300,0,0,0,0,0,0,0,0,0,4,4,1300,0,0,0,0,0,0,0,0,0
201805,999,15260, ,Brunswick  GA ,59,59,16806,0,0,0,0,0,0,0,0,0,0,0,0,0,0,0,0,0,0,0,0,0
201805,999,15540, ,Burlington-South Burlington  VT ,47,47,12174,2,4,677,0,0,0,0,0,0,40,40,10504,2,4,677,0,0,0,0,0,0
201805,999,16220, ,Casper  WY ,16,16,3751,1,2,161,0,0,0,1,8,977,9,9,1671,0,0,0,0,0,0,0,0,0
201805,999,16580, ,Champaign-Urbana  IL ,7,7,1541,0,0,0,0,0,0,10,382,49349,6,6,1358,0,0,0,0,0,0,10,382,49349
201805,999,16700,C,Charleston-North Charleston  SC ,464,464,129237,0,0,0,0,0,0,8,193,20299,157,157,50408,0,0,0,0,0,0,0,0,0
201805,999,16820, ,Charlottesville  VA ,68,68,20984,0,0,0,0,0,0,2,25,4796,0,0,0,0,0,0,0,0,0,0,0,0
201805,999,16940, ,Cheyenne  WY ,54,54,9614,0,0,0,2,6,517,1,7,844,30,30,5120,0,0,0,0,0,0,0,0,0
201805,999,17020, ,Chico  CA ,27,27,6109,1,2,282,1,4,200,0,0,0,27,27,6109,1,2,282,1,4,200,0,0,0
201805,999,17300,C,Clarksville  TN-KY ,145,145,23394,2,4,280,1,4,200,4,24,1950,142,142,23180,2,4,280,1,4,200,4,24,1950
201805,999,17780, ,College Station-Bryan  TX ,90,90,20001,0,0,0,0,0,0,0,0,0,90,90,20001,0,0,0,0,0,0,0,0,0
201805,999,17820,C,Colorado Springs  CO ,490,490,186119,0,0,0,0,0,0,23,426,63639,490,490,186119,0,0,0,0,0,0,23,426,63639
201805,999,18880,C,Crestview-Fort Walton Beach-Destin  FL ,186,186,84414,2,4,612,0,0,0,0,0,0,181,181,83495,2,4,612,0,0,0,0,0,0
201805,999,19060, ,Cumberland  MD-WV ,7,7,1649,0,0,0,0,0,0,0,0,0,7,7,1649,0,0,0,0,0,0,0,0,0
201805,999,19180, ,Danville  IL ,0,0,0,0,0,0,0,0,0,0,0,0,0,0,0,0,0,0,0,0,0,0,0,0
201805,999,19500, ,Decatur  IL ,2,2,566,0,0,0,0,0,0,0,0,0,2,2,566,0,0,0,0,0,0,0,0,0
201805,999,20220, ,Dubuque  IA ,10,10,4071,0,0,0,0,0,0,0,0,0,10,10,4071,0,0,0,0,0,0,0,0,0
201805,999,20260, ,Duluth  MN-WI ,15,15,2923,0,0,0,0,0,0,0,0,0,13,13,2521,0,0,0,0,0,0,0,0,0
201805,999,20940, ,El Centro  CA ,16,16,3632,0,0,0,0,0,0,0,0,0,15,15,3483,0,0,0,0,0,0,0,0,0
201805,999,21420, ,Enid  OK ,1,1,150,0,0,0,0,0,0,0,0,0,1,1,150,0,0,0,0,0,0,0,0,0
201805,999,21660, ,Eugene  OR ,55,55,14034,7,14,2140,1,4,599,2,13,1240,30,30,7782,7,14,2140,1,4,599,2,13,1240
201805,999,21780, ,Evansville  IN-KY ,57,57,12262,0,0,0,1,4,760,0,0,0,57,57,12262,0,0,0,1,4,760,0,0,0
201805,999,21820,C,Fairbanks  AK ,9,9,2461,0,0,0,0,0,0,0,0,0,9,9,2461,0,0,0,0,0,0,0,0,0
201805,999,22140,C,Farmington  NM ,5,5,947,0,0,0,0,0,0,0,0,0,5,5,947,0,0,0,0,0,0,0,0,0
201805,999,22220, ,Fayetteville-Springdale-Rogers  AR-MO ,298,298,70806,2,4,484,0,0,0,5,74,6299,179,179,42589,0,0,0,0,0,0,2,22,1235
201805,999,22380, ,Flagstaff  AZ ,74,74,14358,0,0,0,0,0,0,0,0,0,74,74,14358,0,0,0,0,0,0,0,0,0
201805,999,22500, ,Florence  SC ,39,39,4750,0,0,0,0,0,0,3,39,3378,0,0,0,0,0,0,0,0,0,0,0,0
201805,999,22520, ,Florence-Muscle Shoals  AL ,22,22,2490,0,0,0,1,4,140,3,24,840,10,10,1072,0,0,0,1,4,140,3,24,840
201805,999,22540, ,Fond du Lac  WI ,5,5,1379,0,0,0,0,0,0,0,0,0,3,3,880,0,0,0,0,0,0,0,0,0
201805,999,22660,C,Fort Collins  CO ,135,135,35384,3,6,601,0,0,0,2,44,3430,135,135,35384,3,6,601,0,0,0,2,44,3430
201805,999,22900, ,Fort Smith  AR-OK ,77,77,7582,1,2,170,0,0,0,0,0,0,73,73,7174,0,0,0,0,0,0,0,0,0
201805,999,23460, ,Gadsden  AL ,6,6,1023,0,0,0,0,0,0,0,0,0,0,0,0,0,0,0,0,0,0,0,0,0
201805,999,24220, ,Grand Forks  ND-MN ,18,18,4665,0,0,0,0,0,0,0,0,0,18,18,4665,0,0,0,0,0,0,0,0,0
201805,999,24260, ,Grand Island  NE ,9,9,1858,0,0,0,0,0,0,0,0,0,9,9,1858,0,0,0,0,0,0,0,0,0
201805,999,24300,C,Grand Junction  CO ,74,74,21103,0,0,0,0,0,0,0,0,0,74,74,21103,0,0,0,0,0,0,0,0,0
201805,999,24500, ,Great Falls  MT ,18,18,4794,0,0,0,0,0,0,0,0,0,4,4,907,0,0,0,0,0,0,0,0,0
201805,999,25060, ,Gulfport-Biloxi-Pascagoula  MS ,188,188,31711,2,4,1075,1,4,401,1,8,677,95,95,17666,2,4,1075,0,0,0,0,0,0
201805,999,25620, ,Hattiesburg  MS ,2,2,455,0,0,0,0,0,0,0,0,0,2,2,455,0,0,0,0,0,0,0,0,0
201805,999,25940, ,Hilton Head Island-Bluffton-Beaufort  SC ,58,58,17379,0,0,0,0,0,0,0,0,0,58,58,17379,0,0,0,0,0,0,0,0,0
201805,999,26140, ,Homosassa Springs  FL ,40,40,8644,1,2,55,0,0,0,1,7,605,0,0,0,0,0,0,0,0,0,0,0,0
201805,999,26380, ,Houma-Thibodaux  LA ,31,31,8733,0,0,0,2,8,698,0,0,0,31,31,8733,0,0,0,2,8,698,0,0,0
201805,999,27100, ,Jackson  MI ,2,2,200,0,0,0,0,0,0,0,0,0,2,2,200,0,0,0,0,0,0,0,0,0
201805,999,27340,C,Jacksonville  NC ,118,118,16498,1,2,110,0,0,0,0,0,0,118,118,16498,1,2,110,0,0,0,0,0,0
201805,999,27980,C,Kahului-Wailuku-Lahaina  HI ,32,32,12053,0,0,0,1,4,948,3,24,3848,32,32,12053,0,0,0,1,4,948,3,24,3848
201805,999,28420,C,Kennewick-Richland  WA ,144,144,41361,4,8,700,2,6,1060,3,24,2506,42,42,13752,2,4,353,2,6,1060,0,0,0
201805,999,28660,C,Killeen-Temple  TX ,216,216,34934,14,28,2191,0,0,0,1,5,208,191,191,30488,13,26,1998,0,0,0,0,0,0
201805,999,29100, ,La Crosse-Onalaska  WI-MN ,13,13,3343,1,2,400,0,0,0,1,10,900,13,13,3343,1,2,400,0,0,0,1,10,900
201805,999,29460, ,Lakeland-Winter Haven  FL ,433,433,82392,1,2,150,0,0,0,0,0,0,432,432,82287,1,2,150,0,0,0,0,0,0
201805,999,29540, ,Lancaster  PA ,14,14,2308,0,0,0,0,0,0,0,0,0,3,3,370,0,0,0,0,0,0,0,0,0
201805,999,29700, ,Laredo  TX ,106,106,19033,1,2,140,1,3,192,2,18,1713,0,0,0,0,0,0,0,0,0,0,0,0
201805,999,30020, ,Lawton  OK ,7,7,1395,0,0,0,0,0,0,0,0,0,7,7,1395,0,0,0,0,0,0,0,0,0
201805,999,30300, ,Lewiston  ID-WA ,0,0,0,0,0,0,0,0,0,0,0,0,0,0,0,0,0,0,0,0,0,0,0,0
201805,999,30860, ,Logan  UT-ID ,26,26,5377,0,0,0,0,0,0,1,51,3525,26,26,5377,0,0,0,0,0,0,1,51,3525
201805,999,31340, ,Lynchburg  VA ,10,10,2200,0,0,0,0,0,0,0,0,0,3,3,893,0,0,0,0,0,0,0,0,0
201805,999,33540,C,Missoula  MT ,44,44,10952,1,2,251,0,0,0,0,0,0,44,44,10952,1,2,251,0,0,0,0,0,0
201805,999,33860, ,Montgomery  AL ,63,63,12362,0,0,0,0,0,0,0,0,0,37,37,8475,0,0,0,0,0,0,0,0,0
201805,999,36100, ,Ocala  FL ,224,224,38286,4,8,420,0,0,0,0,0,0,224,224,38286,4,8,420,0,0,0,0,0,0
201805,999,36980, ,Owensboro  KY ,23,23,2330,0,0,0,0,0,0,0,0,0,23,23,2330,0,0,0,0,0,0,0,0,0
201805,999,37340, ,Palm Bay-Melbourne-Titusville  FL ,168,168,64053,0,0,0,0,0,0,0,0,0,112,112,50594,0,0,0,0,0,0,0,0,0
201805,999,37460, ,Panama City  FL ,59,59,15935,1,2,250,0,0,0,0,0,0,48,48,12476,1,2,250,0,0,0,0,0,0
201805,999,38060,C,Phoenix-Mesa-Scottsdale  AZ ,2112,2112,553834,5,10,727,4,16,3139,16,522,62735,1840,1840,474955,5,10,727,4,16,3139,12,464,54482
201805,999,38340, ,Pittsfield  MA ,0,0,0,0,0,0,0,0,0,0,0,0,0,0,0,0,0,0,0,0,0,0,0,0
201805,999,38540, ,Pocatello  ID ,16,16,2278,1,2,162,0,0,0,0,0,0,16,16,2278,1,2,162,0,0,0,0,0,0
201805,999,39140, ,Prescott  AZ ,113,113,32140,2,4,657,0,0,0,0,0,0,79,79,21005,2,4,657,0,0,0,0,0,0
201805,999,40060, ,Richmond  VA ,476,476,90380,0,0,0,4,16,1858,1,5,894,451,451,86484,0,0,0,4,16,1858,1,5,894
201805,999,41100, ,St. George  UT ,148,148,29395,0,0,0,4,12,1019,0,0,0,148,148,29395,0,0,0,4,12,1019,0,0,0
201805,999,41500, ,Salinas  CA ,18,18,4944,0,0,0,0,0,0,1,5,612,17,17,4718,0,0,0,0,0,0,0,0,0
201805,999,41540, ,Salisbury  MD-DE ,328,328,47571,7,14,2117,7,28,551,2,10,1483,326,326,47294,7,14,2117,7,28,551,2,10,1483
201805,999,41660,C,San Angelo  TX ,39,39,5927,0,0,0,0,0,0,0,0,0,39,39,5927,0,0,0,0,0,0,0,0,0
201805,999,41700,C,San Antonio-New Braunfels  TX ,792,792,166367,8,16,1435,0,0,0,35,175,15716,696,696,147686,8,16,1435,0,0,0,34,170,14650
201805,999,41740,C,San Diego-Carlsbad  CA ,508,508,166504,13,26,4197,31,105,19582,31,854,123939,499,499,163935,13,26,4197,30,102,19463,31,854,123939
201805,999,42020, ,San Luis Obispo-Paso Robles-Arroyo Grande  CA ,42,42,15980,0,0,0,0,0,0,1,7,736,0,0,0,0,0,0,0,0,0,0,0,0
201805,999,42200, ,Santa Maria-Santa Barbara  CA ,26,26,12478,0,0,0,0,0,0,5,80,9208,26,26,12478,0,0,0,0,0,0,5,80,9208
201805,999,42540, ,Scranton--Wilkes-Barre--Hazleton  PA ,8,8,1537,0,0,0,0,0,0,0,0,0,6,6,1040,0,0,0,0,0,0,0,0,0
201805,999,43100, ,Sheboygan  WI ,1,1,226,0,0,0,0,0,0,0,0,0,0,0,0,0,0,0,0,0,0,0,0,0
201805,999,43340, ,Shreveport-Bossier City  LA ,100,100,19272,0,0,0,0,0,0,0,0,0,68,68,11140,0,0,0,0,0,0,0,0,0
201805,999,43420, ,Sierra Vista-Douglas  AZ ,23,23,4047,0,0,0,0,0,0,0,0,0,23,23,4047,0,0,0,0,0,0,0,0,0
201805,999,43620, ,Sioux Falls  SD ,159,159,35983,0,0,0,0,0,0,1,126,14000,159,159,35983,0,0,0,0,0,0,1,126,14000
201805,999,44940,C,Sumter  SC ,22,22,2983,0,0,0,0,0,0,0,0,0,0,0,0,0,0,0,0,0,0,0,0,0
201805,999,45300,C,Tampa-St. Petersburg-Clearwater  FL ,1404,1404,403115,5,10,1280,4,12,456,8,283,30333,1399,1399,401407,3,6,767,4,12,456,7,257,28433
201805,999,45460, ,Terre Haute  IN ,2,2,373,6,12,770,0,0,0,1,18,1245,0,0,0,5,10,632,0,0,0,0,0,0
201805,999,45500, ,Texarkana  TX-AR ,3,3,685,0,0,0,0,0,0,0,0,0,0,0,0,0,0,0,0,0,0,0,0,0
201805,999,45820, ,Topeka  KS ,32,32,6067,0,0,0,0,0,0,0,0,0,32,32,6067,0,0,0,0,0,0,0,0,0
201805,999,46220, ,Tuscaloosa  AL ,42,42,11740,2,4,950,2,6,839,4,41,3972,10,10,2777,0,0,0,0,0,0,0,0,0
201805,999,46300, ,Twin Falls  ID ,40,40,7851,0,0,0,0,0,0,0,0,0,40,40,7851,0,0,0,0,0,0,0,0,0
201805,999,46520,C,Urban Honolulu  HI ,110,110,37471,0,0,0,0,0,0,1,68,11146,0,0,0,0,0,0,0,0,0,0,0,0
201805,999,46540, ,Utica-Rome  NY ,1,1,225,0,0,0,0,0,0,0,0,0,1,1,225,0,0,0,0,0,0,0,0,0
201805,999,46660, ,Valdosta  GA ,77,77,13455,0,0,0,0,0,0,0,0,0,27,27,5013,0,0,0,0,0,0,0,0,0
201805,999,47380, ,Waco  TX ,55,55,14116,0,0,0,0,0,0,0,0,0,55,55,14116,0,0,0,0,0,0,0,0,0
201805,999,47460, ,Walla Walla  WA ,13,13,3349,0,0,0,0,0,0,0,0,0,12,12,3249,0,0,0,0,0,0,0,0,0
201805,999,47940, ,Waterloo-Cedar Falls  IA ,13,13,3246,0,0,0,0,0,0,1,5,400,0,0,0,0,0,0,0,0,0,0,0,0
201805,999,48060, ,Watertown-Fort Drum  NY ,14,14,1464,0,0,0,0,0,0,0,0,0,1,1,120,0,0,0,0,0,0,0,0,0
201805,999,48300, ,Wenatchee  WA ,67,67,14134,2,4,632,0,0,0,0,0,0,67,67,14134,2,4,632,0,0,0,0,0,0
201805,999,48540, ,Wheeling  WV-OH ,0,0,0,0,0,0,0,0,0,1,100,12500,0,0,0,0,0,0,0,0,0,1,100,12500
201805,999,48660, ,Wichita Falls  TX ,0,0,0,0,0,0,0,0,0,0,0,0,0,0,0,0,0,0,0,0,0,0,0,0
201805,999,48900, ,Wilmington  NC ,157,157,52171,0,0,0,0,0,0,5,147,21095,156,156,51849,0,0,0,0,0,0,5,147,21095
201805,999,49420, ,Yakima  WA ,35,35,8723,0,0,0,0,0,0,0,0,0,4,4,782,0,0,0,0,0,0,0,0,0
201805,999,49740, ,Yuma  AZ ,110,110,18440,0,0,0,0,0,0,0,0,0,98,98,16864,0,0,0,0,0,0,0,0,0
