Survey,CSA,CBSA,MONCOV,CBSA,,1-unit,,,2-units,,,3-4 units,,,5+ units,,,1-unit rep,,,2-units rep,,,3-4 units rep,,,5+ units rep
Date,Code,Code,,Name,Bldgs,Units,Value,Bldgs,Units,Value,Bldgs,Units,Value,Bldgs,Units,Value,Bldgs,Units,Value,Bldgs,Units,Value,      Bldgs,Units,Value,Bldgs,Units,Value
 
201807,104,10580, ,Albany-Schenectady-Troy  NY ,121,121,34700,0,0,0,5,19,2570,7,78,12692,91,91,25671,0,0,0,5,19,2570,3,45,8400
201807,104,24020, ,Glens Falls  NY ,39,39,7881,0,0,0,0,0,0,0,0,0,31,31,5738,0,0,0,0,0,0,0,0,0
201807,106,10740, ,Albuquerque  NM ,173,173,37986,0,0,0,0,0,0,2,16,1294,53,53,14142,0,0,0,0,0,0,0,0,0
201807,106,42140, ,Santa Fe  NM ,36,36,6831,0,0,0,0,0,0,0,0,0,36,36,6831,0,0,0,0,0,0,0,0,0
201807,108,11100, ,Amarillo  TX ,46,46,11561,0,0,0,0,0,0,0,0,0,46,46,11561,0,0,0,0,0,0,0,0,0
201807,118,11540, ,Appleton  WI ,61,61,15989,1,2,250,0,0,0,1,10,750,61,61,15989,1,2,250,0,0,0,1,10,750
201807,118,36780, ,Oshkosh-Neenah  WI ,22,22,5172,0,0,0,0,0,0,0,0,0,18,18,4614,0,0,0,0,0,0,0,0,0
201807,120,11700, ,Asheville  NC ,168,168,46200,0,0,0,0,0,0,3,51,3531,43,43,10234,0,0,0,0,0,0,0,0,0
201807,122,12020, ,Athens-Clarke County  GA ,23,23,4596,0,0,0,0,0,0,0,0,0,23,23,4596,0,0,0,0,0,0,0,0,0
201807,122,12060, ,Atlanta-Sandy Springs-Roswell  GA ,2215,2215,466327,1,2,300,4,15,3027,25,892,102022,1947,1947,412402,1,2,300,4,15,3027,22,804,93458
201807,122,23580, ,Gainesville  GA ,72,72,16346,0,0,0,0,0,0,0,0,0,72,72,16346,0,0,0,0,0,0,0,0,0
201807,140,13460, ,Bend-Redmond  OR ,175,175,48097,2,4,541,0,0,0,1,12,1816,52,52,17586,0,0,0,0,0,0,0,0,0
201807,142,13820, ,Birmingham-Hoover  AL ,235,235,58925,0,0,0,0,0,0,0,0,0,129,129,32790,0,0,0,0,0,0,0,0,0
201807,144,14020, ,Bloomington  IN ,23,23,5946,2,4,556,0,0,0,0,0,0,23,23,5946,2,4,556,0,0,0,0,0,0
201807,145,14010, ,Bloomington  IL ,4,4,645,0,0,0,0,0,0,3,48,1069,4,4,645,0,0,0,0,0,0,3,48,1069
201807,146,14100, ,Bloomsburg-Berwick  PA ,12,12,3319,0,0,0,0,0,0,0,0,0,7,7,1476,0,0,0,0,0,0,0,0,0
201807,147,14260, ,Boise City  ID ,611,611,146251,2,4,247,2,7,524,6,72,8102,305,305,60866,2,4,247,0,0,0,0,0,0
201807,148,12700, ,Barnstable Town  MA ,8,8,2513,0,0,0,0,0,0,0,0,0,1,1,165,0,0,0,0,0,0,0,0,0
201807,148,14460, ,Boston-Cambridge-Newton  MA-NH ,421,421,126128,26,52,8519,10,36,5340,31,443,64069,267,267,80152,21,42,6499,8,30,4328,12,246,31868
201807,148,31700, ,Manchester-Nashua  NH ,40,40,7942,1,2,263,1,3,373,1,6,757,17,17,4146,0,0,0,1,3,373,0,0,0
201807,148,39300, ,Providence-Warwick  RI-MA ,137,137,32383,5,10,1653,3,9,671,0,0,0,73,73,20127,3,6,1194,3,9,671,0,0,0
201807,148,49340, ,Worcester  MA-CT ,15,15,3475,1,2,200,0,0,0,0,0,0,14,14,3265,1,2,200,0,0,0,0,0,0
201807,150,14540, ,Bowling Green  KY ,79,79,18676,0,0,0,0,0,0,4,186,16223,79,79,18676,0,0,0,0,0,0,4,186,16223
201807,154,15180, ,Brownsville-Harlingen  TX ,80,80,8840,1,2,118,0,0,0,0,0,0,0,0,0,0,0,0,0,0,0,0,0,0
201807,160,15380, ,Buffalo-Cheektowaga-Niagara Falls  NY ,93,93,28149,0,0,0,0,0,0,3,33,6141,69,69,19905,0,0,0,0,0,0,1,6,800
201807,162,15980,C,Cape Coral-Fort Myers  FL ,494,494,116448,24,48,6246,1,4,995,7,143,24222,494,494,116448,24,48,6246,1,4,995,7,143,24222
201807,162,34940, ,Naples-Immokalee-Marco Island  FL ,355,355,74966,0,0,0,1,4,415,5,107,22096,355,355,74966,0,0,0,1,4,415,5,107,22096
201807,164,16020, ,Cape Girardeau  MO-IL ,0,0,0,0,0,0,0,0,0,0,0,0,0,0,0,0,0,0,0,0,0,0,0,0
201807,168,16300, ,Cedar Rapids  IA ,32,32,4200,3,6,450,0,0,0,2,152,13500,32,32,4200,3,6,450,0,0,0,2,152,13500
201807,168,26980, ,Iowa City  IA ,26,26,5438,0,0,0,0,0,0,2,106,11028,8,8,2211,0,0,0,0,0,0,2,106,11028
201807,170,16620, ,Charleston  WV ,5,5,738,0,0,0,0,0,0,0,0,0,5,5,738,0,0,0,0,0,0,0,0,0
201807,170,26580, ,Huntington-Ashland  WV-KY-OH ,14,14,2644,0,0,0,1,4,150,0,0,0,7,7,1668,0,0,0,1,4,150,0,0,0
201807,172,16740, ,Charlotte-Concord-Gastonia  NC-SC ,1344,1344,343911,0,0,0,0,0,0,13,449,29437,1099,1099,266060,0,0,0,0,0,0,10,417,25826
201807,174,16860, ,Chattanooga  TN-GA ,126,126,24350,1,2,223,1,4,520,1,59,7160,77,77,14480,0,0,0,1,4,520,0,0,0
201807,174,17420, ,Cleveland  TN ,27,27,4936,1,2,160,1,3,271,1,5,250,0,0,0,0,0,0,0,0,0,0,0,0
201807,176,16980, ,Chicago-Naperville-Elgin  IL-IN-WI ,759,759,209384,11,22,4420,16,54,11466,29,447,63020,600,600,170819,8,16,3361,16,54,11466,21,352,53403
201807,176,28100, ,Kankakee  IL ,1,1,200,0,0,0,0,0,0,0,0,0,1,1,200,0,0,0,0,0,0,0,0,0
201807,176,33140, ,Michigan City-La Porte  IN ,14,14,4022,0,0,0,0,0,0,0,0,0,14,14,4022,0,0,0,0,0,0,0,0,0
201807,178,17140, ,Cincinnati  OH-KY-IN ,421,421,106221,2,4,556,2,7,538,7,44,5045,380,380,96349,2,4,556,2,7,538,5,30,4178
201807,184,10420, ,Akron  OH ,70,70,30784,0,0,0,0,0,0,0,0,0,69,69,30512,0,0,0,0,0,0,0,0,0
201807,184,15940, ,Canton-Massillon  OH ,34,34,9343,2,4,400,1,4,205,1,5,384,29,29,8760,2,4,400,0,0,0,0,0,0
201807,184,17460, ,Cleveland-Elyria  OH ,265,265,56970,5,10,841,3,12,1080,1,5,457,209,209,47261,2,4,577,3,12,1080,0,0,0
201807,190,17860, ,Columbia  MO ,43,43,12887,0,0,0,0,0,0,0,0,0,43,43,12887,0,0,0,0,0,0,0,0,0
201807,192,17900, ,Columbia  SC ,411,411,76999,0,0,0,0,0,0,1,32,1806,83,83,15048,0,0,0,0,0,0,0,0,0
201807,194,12220, ,Auburn-Opelika  AL ,92,92,25632,1,2,211,0,0,0,1,32,8367,38,38,10137,0,0,0,0,0,0,0,0,0
201807,194,17980, ,Columbus  GA-AL ,59,59,11785,0,0,0,1,4,246,1,12,2102,30,30,6122,0,0,0,0,0,0,0,0,0
201807,198,18140, ,Columbus  OH ,459,459,127459,2,4,1200,1,4,304,37,886,68090,405,405,113281,2,4,1200,1,4,304,35,870,66515
201807,204,18580, ,Corpus Christi  TX ,84,84,14822,0,0,0,2,8,1016,0,0,0,13,13,2574,0,0,0,2,8,1016,0,0,0
201807,206,19100, ,Dallas-Fort Worth-Arlington  TX ,3144,3144,874057,6,12,2733,2,7,1187,23,2112,254291,2549,2549,704529,6,12,2733,1,4,655,19,1923,236112
201807,209,19340, ,Davenport-Moline-Rock Island  IA-IL ,31,31,7495,0,0,0,0,0,0,1,15,1764,19,19,4029,0,0,0,0,0,0,0,0,0
201807,212,19380, ,Dayton  OH ,80,80,21597,0,0,0,0,0,0,0,0,0,80,80,21597,0,0,0,0,0,0,0,0,0
201807,212,44220, ,Springfield  OH ,11,11,1686,0,0,0,0,0,0,0,0,0,11,11,1686,0,0,0,0,0,0,0,0,0
201807,216,14500, ,Boulder  CO ,70,70,27160,0,0,0,1,3,348,5,47,6857,8,8,5343,0,0,0,0,0,0,0,0,0
201807,216,19740, ,Denver-Aurora-Lakewood  CO ,910,910,252481,5,10,2117,3,11,2282,7,180,22177,896,896,248498,5,10,2117,3,11,2282,7,180,22177
201807,216,24540, ,Greeley  CO ,250,250,63360,1,2,383,2,8,875,4,27,3977,103,103,23480,0,0,0,0,0,0,0,0,0
201807,218,11180, ,Ames  IA ,10,10,3382,0,0,0,0,0,0,1,12,1308,10,10,3382,0,0,0,0,0,0,1,12,1308
201807,218,19780, ,Des Moines-West Des Moines  IA ,306,306,82762,0,0,0,0,0,0,5,248,23369,274,274,77159,0,0,0,0,0,0,4,240,22808
201807,220,11460, ,Ann Arbor  MI ,26,26,7482,0,0,0,0,0,0,0,0,0,15,15,4343,0,0,0,0,0,0,0,0,0
201807,220,19820, ,Detroit-Warren-Dearborn  MI ,523,523,155737,2,4,479,4,12,1613,14,121,17269,366,366,118541,1,2,296,2,6,811,10,82,13736
201807,220,22420, ,Flint  MI ,9,9,2833,0,0,0,0,0,0,0,0,0,4,4,1530,0,0,0,0,0,0,0,0,0
201807,220,33780, ,Monroe  MI ,1,1,123,0,0,0,0,0,0,0,0,0,1,1,123,0,0,0,0,0,0,0,0,0
201807,222,20020, ,Dothan  AL ,12,12,2538,0,0,0,0,0,0,0,0,0,10,10,2074,0,0,0,0,0,0,0,0,0
201807,232,20740, ,Eau Claire  WI ,42,42,10037,2,4,495,0,0,0,0,0,0,42,42,10037,2,4,495,0,0,0,0,0,0
201807,236,21300, ,Elmira  NY ,0,0,0,2,4,280,0,0,0,0,0,0,0,0,0,2,4,280,0,0,0,0,0,0
201807,238,21340, ,El Paso  TX ,224,224,47244,1,2,194,3,12,1325,3,60,6941,0,0,0,0,0,0,0,0,0,0,0,0
201807,238,29740, ,Las Cruces  NM ,60,60,14088,0,0,0,0,0,0,0,0,0,60,60,14088,0,0,0,0,0,0,0,0,0
201807,240,21500, ,Erie  PA ,5,5,1027,0,0,0,0,0,0,0,0,0,5,5,1027,0,0,0,0,0,0,0,0,0
201807,244,22020, ,Fargo  ND-MN ,134,134,34914,2,4,695,2,8,1400,3,88,10617,126,126,32663,2,4,695,2,8,1400,3,88,10617
201807,246,22180, ,Fayetteville  NC ,77,77,15241,0,0,0,0,0,0,0,0,0,77,77,15241,0,0,0,0,0,0,0,0,0
201807,258,23060, ,Fort Wayne  IN ,92,92,23692,0,0,0,0,0,0,2,48,4350,92,92,23692,0,0,0,0,0,0,2,48,4350
201807,260,23420,C,Fresno  CA ,181,181,52312,3,6,1274,0,0,0,6,39,3861,110,110,32177,0,0,0,0,0,0,0,0,0
201807,260,31460, ,Madera  CA ,40,40,11396,0,0,0,0,0,0,0,0,0,40,40,11396,0,0,0,0,0,0,0,0,0
201807,264,23540, ,Gainesville  FL ,35,35,9852,0,0,0,0,0,0,1,107,3643,24,24,8397,0,0,0,0,0,0,0,0,0
201807,266,24340, ,Grand Rapids-Wyoming  MI ,142,142,37055,4,8,1675,0,0,0,2,40,4511,109,109,30327,3,6,1322,0,0,0,1,30,3472
201807,266,34740, ,Muskegon  MI ,1,1,230,0,0,0,0,0,0,0,0,0,0,0,0,0,0,0,0,0,0,0,0,0
201807,267,24580, ,Green Bay  WI ,53,53,13793,3,6,961,0,0,0,1,5,485,31,31,7434,2,4,571,0,0,0,0,0,0
201807,268,15500, ,Burlington  NC ,90,90,14670,0,0,0,0,0,0,0,0,0,90,90,14670,0,0,0,0,0,0,0,0,0
201807,268,24660, ,Greensboro-High Point  NC ,186,186,46492,0,0,0,1,4,415,2,48,3115,161,161,40327,0,0,0,1,4,415,2,48,3115
201807,268,49180, ,Winston-Salem  NC ,192,192,33088,0,0,0,0,0,0,1,7,316,179,179,29974,0,0,0,0,0,0,0,0,0
201807,273,24860, ,Greenville-Anderson-Mauldin  SC ,413,413,100346,0,0,0,1,3,390,2,20,2009,397,397,96980,0,0,0,0,0,0,0,0,0
201807,273,43900, ,Spartanburg  SC ,199,199,32457,0,0,0,0,0,0,0,0,0,199,199,32457,0,0,0,0,0,0,0,0,0
201807,274,24780, ,Greenville  NC ,30,30,5952,3,6,812,0,0,0,1,37,4718,1,1,135,0,0,0,0,0,0,0,0,0
201807,276,23900, ,Gettysburg  PA ,26,26,6582,0,0,0,0,0,0,0,0,0,26,26,6582,0,0,0,0,0,0,0,0,0
201807,276,25420, ,Harrisburg-Carlisle  PA ,110,110,22454,0,0,0,0,0,0,2,12,561,91,91,17514,0,0,0,0,0,0,2,12,561
201807,276,30140, ,Lebanon  PA ,15,15,2615,0,0,0,0,0,0,0,0,0,0,0,0,0,0,0,0,0,0,0,0,0
201807,276,49620, ,York-Hanover  PA ,16,16,4573,0,0,0,0,0,0,0,0,0,12,12,3553,0,0,0,0,0,0,0,0,0
201807,277,25500, ,Harrisonburg  VA ,42,42,8410,0,0,0,0,0,0,1,5,929,0,0,0,0,0,0,0,0,0,0,0,0
201807,277,44420, ,Staunton-Waynesboro  VA ,29,29,6443,0,0,0,0,0,0,0,0,0,29,29,6443,0,0,0,0,0,0,0,0,0
201807,278,25540, ,Hartford-West Hartford-East Hartford  CT ,100,100,18486,0,0,0,0,0,0,7,49,3964,72,72,12883,0,0,0,0,0,0,2,16,1679
201807,278,35980, ,Norwich-New London  CT ,11,11,2496,1,2,292,0,0,0,1,6,1147,6,6,1606,0,0,0,0,0,0,1,6,1147
201807,280,25860, ,Hickory-Lenoir-Morganton  NC ,1,1,151,0,0,0,0,0,0,1,5,279,0,0,0,0,0,0,0,0,0,0,0,0
201807,284,26300, ,Hot Springs  AR ,2,2,876,0,0,0,0,0,0,0,0,0,2,2,876,0,0,0,0,0,0,0,0,0
201807,288,26420, ,Houston-The Woodlands-Sugar Land  TX ,3589,3589,633322,21,42,3591,1,4,175,29,1195,162290,2780,2780,577254,20,40,3362,1,4,175,27,1185,161787
201807,290,19460, ,Decatur  AL ,15,15,3034,0,0,0,0,0,0,0,0,0,15,15,3034,0,0,0,0,0,0,0,0,0
201807,290,26620, ,Huntsville  AL ,290,290,45899,0,0,0,0,0,0,6,35,2511,290,290,45899,0,0,0,0,0,0,6,35,2511
201807,292,26820, ,Idaho Falls  ID ,60,60,13457,0,0,0,0,0,0,0,0,0,60,60,13457,0,0,0,0,0,0,0,0,0
201807,294,18020, ,Columbus  IN ,8,8,2157,0,0,0,0,0,0,0,0,0,8,8,2157,0,0,0,0,0,0,0,0,0
201807,294,26900, ,Indianapolis-Carmel-Anderson  IN ,686,686,197986,5,10,1431,0,0,0,2,208,23814,653,653,189993,5,10,1431,0,0,0,2,208,23814
201807,294,34620, ,Muncie  IN ,0,0,0,0,0,0,0,0,0,0,0,0,0,0,0,0,0,0,0,0,0,0,0,0
201807,296,27060, ,Ithaca  NY ,1,1,256,0,0,0,0,0,0,1,5,600,0,0,0,0,0,0,0,0,0,0,0,0
201807,297,27180, ,Jackson  TN ,13,13,1940,0,0,0,0,0,0,0,0,0,13,13,1940,0,0,0,0,0,0,0,0,0
201807,298,27140, ,Jackson  MS ,141,141,34700,0,0,0,0,0,0,0,0,0,80,80,22305,0,0,0,0,0,0,0,0,0
201807,300,27260, ,Jacksonville  FL ,1081,1081,274668,0,0,0,0,0,0,11,374,41516,980,980,244416,0,0,0,0,0,0,10,369,40364
201807,304,27740, ,Johnson City  TN ,12,12,3579,0,0,0,0,0,0,0,0,0,12,12,3579,0,0,0,0,0,0,0,0,0
201807,304,28700, ,Kingsport-Bristol-Bristol  TN-VA ,1,1,207,0,0,0,0,0,0,0,0,0,0,0,0,0,0,0,0,0,0,0,0,0
201807,306,27780, ,Johnstown  PA ,1,1,262,0,0,0,0,0,0,0,0,0,0,0,0,0,0,0,0,0,0,0,0,0
201807,308,27860, ,Jonesboro  AR ,38,38,5891,2,4,277,2,8,419,1,8,526,5,5,544,0,0,0,0,0,0,0,0,0
201807,309,27900, ,Joplin  MO ,15,15,2538,0,0,0,0,0,0,0,0,0,15,15,2538,0,0,0,0,0,0,0,0,0
201807,310,12980, ,Battle Creek  MI ,0,0,0,0,0,0,0,0,0,0,0,0,0,0,0,0,0,0,0,0,0,0,0,0
201807,310,28020, ,Kalamazoo-Portage  MI ,6,6,1724,0,0,0,0,0,0,0,0,0,4,4,982,0,0,0,0,0,0,0,0,0
201807,312,28140, ,Kansas City  MO-KS ,455,455,125913,14,28,5181,9,33,5358,3,104,16029,363,363,97214,14,28,5181,6,23,3839,1,76,11586
201807,312,29940, ,Lawrence  KS ,17,17,5179,0,0,0,0,0,0,0,0,0,0,0,0,0,0,0,0,0,0,0,0,0
201807,312,41140, ,St. Joseph  MO-KS ,0,0,0,0,0,0,0,0,0,0,0,0,0,0,0,0,0,0,0,0,0,0,0,0
201807,314,28940, ,Knoxville  TN ,316,316,63867,0,0,0,0,0,0,3,65,5024,172,172,33655,0,0,0,0,0,0,0,0,0
201807,316,29020, ,Kokomo  IN ,23,23,2919,0,0,0,0,0,0,0,0,0,23,23,2919,0,0,0,0,0,0,0,0,0
201807,318,29180, ,Lafayette  LA ,131,131,26995,0,0,0,0,0,0,0,0,0,16,16,4374,0,0,0,0,0,0,0,0,0
201807,320,29200, ,Lafayette-West Lafayette  IN ,39,39,9433,0,0,0,0,0,0,1,9,880,0,0,0,0,0,0,0,0,0,0,0,0
201807,324,29340, ,Lake Charles  LA ,62,62,12045,1,2,325,0,0,0,0,0,0,18,18,2698,1,2,325,0,0,0,0,0,0
201807,330,29620, ,Lansing-East Lansing  MI ,11,11,2323,0,0,0,0,0,0,1,15,1200,8,8,1739,0,0,0,0,0,0,1,15,1200
201807,332,29420, ,Lake Havasu City-Kingman  AZ ,87,87,18301,3,6,269,0,0,0,0,0,0,73,73,14466,3,6,269,0,0,0,0,0,0
201807,332,29820,C,Las Vegas-Henderson-Paradise  NV ,871,871,207263,0,0,0,0,0,0,2,12,1447,871,871,207263,0,0,0,0,0,0,2,12,1447
201807,336,30460, ,Lexington-Fayette  KY ,113,113,20546,0,0,0,1,3,300,2,83,5698,30,30,7371,0,0,0,1,3,300,1,30,1817
201807,338,30620, ,Lima  OH ,1,1,260,0,0,0,0,0,0,0,0,0,1,1,260,0,0,0,0,0,0,0,0,0
201807,339,30700, ,Lincoln  NE ,96,96,20212,1,2,341,0,0,0,3,88,9242,2,2,263,0,0,0,0,0,0,0,0,0
201807,340,30780, ,Little Rock-North Little Rock-Conway  AR ,153,153,28148,1,2,151,1,3,152,1,9,238,101,101,20255,0,0,0,0,0,0,0,0,0
201807,340,38220, ,Pine Bluff  AR ,0,0,0,0,0,0,0,0,0,0,0,0,0,0,0,0,0,0,0,0,0,0,0,0
201807,346,30980, ,Longview  TX ,12,12,2088,0,0,0,0,0,0,0,0,0,0,0,0,0,0,0,0,0,0,0,0,0
201807,348,31080,C,Los Angeles-Long Beach-Anaheim  CA ,849,849,319130,32,64,13034,5,15,3485,40,1148,192971,609,609,216220,30,60,12044,3,9,1911,30,1050,172591
201807,348,37100, ,Oxnard-Thousand Oaks-Ventura  CA ,49,49,11149,0,0,0,1,3,473,2,27,3196,38,38,8402,0,0,0,0,0,0,0,0,0
201807,348,40140, ,Riverside-San Bernardino-Ontario  CA ,1067,1067,296825,4,8,397,1,3,445,45,588,79654,921,921,258743,4,8,397,0,0,0,41,562,77140
201807,350,21060, ,Elizabethtown-Fort Knox  KY ,39,39,6783,1,2,240,0,0,0,0,0,0,24,24,4184,1,2,240,0,0,0,0,0,0
201807,350,31140, ,Louisville-Jefferson County  KY-IN ,294,294,77880,0,0,0,1,4,420,6,124,14116,246,246,65112,0,0,0,1,4,420,6,124,14116
201807,352,31180, ,Lubbock  TX ,103,103,23837,0,0,0,0,0,0,0,0,0,102,102,23664,0,0,0,0,0,0,0,0,0
201807,356,31420, ,Macon-Bibb County  GA ,21,21,4137,0,0,0,0,0,0,0,0,0,0,0,0,0,0,0,0,0,0,0,0,0
201807,356,47580, ,Warner Robins  GA ,85,85,17344,0,0,0,0,0,0,0,0,0,85,85,17344,0,0,0,0,0,0,0,0,0
201807,357,27500, ,Janesville-Beloit  WI ,15,15,3671,1,2,500,0,0,0,0,0,0,15,15,3671,1,2,500,0,0,0,0,0,0
201807,357,31540, ,Madison  WI ,138,138,56191,7,14,2422,1,3,447,5,226,27254,114,114,49250,7,14,2422,0,0,0,3,172,21800
201807,358,31740, ,Manhattan  KS ,24,24,6504,0,0,0,0,0,0,1,5,641,14,14,3945,0,0,0,0,0,0,0,0,0
201807,359,31860, ,Mankato-North Mankato  MN ,16,16,3136,1,2,162,0,0,0,1,14,1047,0,0,0,0,0,0,0,0,0,0,0,0
201807,365,32580,C,McAllen-Edinburg-Mission  TX ,238,238,45574,7,14,939,10,40,4534,2,31,2921,162,162,31373,6,12,806,3,12,1300,0,0,0
201807,366,32780, ,Medford  OR ,63,63,13114,0,0,0,0,0,0,0,0,0,63,63,13114,0,0,0,0,0,0,0,0,0
201807,368,32820, ,Memphis  TN-MS-AR ,294,294,61234,0,0,0,0,0,0,2,409,12703,275,275,59115,0,0,0,0,0,0,2,409,12703
201807,370,33100, ,Miami-Fort Lauderdale-West Palm Beach  FL ,605,605,194878,15,30,5758,0,0,0,30,1305,154480,500,500,160587,15,30,5758,0,0,0,21,1084,128959
201807,370,38940, ,Port St. Lucie  FL ,186,186,41041,3,6,894,1,3,781,0,0,0,159,159,28121,3,6,894,0,0,0,0,0,0
201807,370,42680, ,Sebastian-Vero Beach  FL ,68,68,24468,0,0,0,0,0,0,0,0,0,68,68,24468,0,0,0,0,0,0,0,0,0
201807,372,33260, ,Midland  TX ,147,147,29403,0,0,0,0,0,0,0,0,0,147,147,29403,0,0,0,0,0,0,0,0,0
201807,372,36220, ,Odessa  TX ,46,46,8671,0,0,0,0,0,0,0,0,0,0,0,0,0,0,0,0,0,0,0,0,0
201807,376,33340, ,Milwaukee-Waukesha-West Allis  WI ,138,138,50960,10,20,4755,0,0,0,12,372,10981,103,103,37930,9,18,4321,0,0,0,10,339,7200
201807,376,39540, ,Racine  WI ,14,14,4252,0,0,0,0,0,0,0,0,0,14,14,4252,0,0,0,0,0,0,0,0,0
201807,378,33460, ,Minneapolis-St. Paul-Bloomington  MN-WI ,863,863,256838,4,8,1407,0,0,0,11,890,140295,782,782,230412,2,4,930,0,0,0,10,876,138504
201807,378,41060, ,St. Cloud  MN ,1,1,260,0,0,0,0,0,0,0,0,0,0,0,0,0,0,0,0,0,0,0,0,0
201807,380,19300, ,Daphne-Fairhope-Foley  AL ,165,165,33096,0,0,0,0,0,0,0,0,0,64,64,15144,0,0,0,0,0,0,0,0,0
201807,380,33660, ,Mobile  AL ,68,68,14597,0,0,0,0,0,0,0,0,0,67,67,14523,0,0,0,0,0,0,0,0,0
201807,382,32900, ,Merced  CA ,22,22,4743,0,0,0,0,0,0,0,0,0,22,22,4743,0,0,0,0,0,0,0,0,0
201807,382,33700, ,Modesto  CA ,4,4,549,0,0,0,0,0,0,0,0,0,4,4,549,0,0,0,0,0,0,0,0,0
201807,384,33740, ,Monroe  LA ,31,31,7236,2,4,80,0,0,0,0,0,0,5,5,1265,2,4,80,0,0,0,0,0,0
201807,390,34060, ,Morgantown  WV ,3,3,1578,0,0,0,0,0,0,0,0,0,3,3,1578,0,0,0,0,0,0,0,0,0
201807,396,34820, ,Myrtle Beach-Conway-North Myrtle Beach  SC-NC ,533,533,108559,0,0,0,0,0,0,1,5,550,392,392,75928,0,0,0,0,0,0,1,5,550
201807,400,34980, ,Nashville-Davidson--Murfreesboro--Franklin  TN ,1113,1113,292296,1,2,140,2,8,853,9,387,33742,1023,1023,270190,1,2,140,2,8,853,9,387,33742
201807,406,25220, ,Hammond  LA ,70,70,10527,0,0,0,0,0,0,0,0,0,0,0,0,0,0,0,0,0,0,0,0,0
201807,406,35380, ,New Orleans-Metairie  LA ,225,225,50824,5,10,1044,0,0,0,1,9,2215,131,131,29759,0,0,0,0,0,0,0,0,0
201807,408,10900, ,Allentown-Bethlehem-Easton  PA-NJ ,27,27,6308,0,0,0,0,0,0,0,0,0,12,12,2318,0,0,0,0,0,0,0,0,0
201807,408,14860, ,Bridgeport-Stamford-Norwalk  CT ,66,66,47316,1,2,507,0,0,0,1,11,6722,44,44,24153,1,2,507,0,0,0,0,0,0
201807,408,20700, ,East Stroudsburg  PA ,8,8,2382,0,0,0,0,0,0,0,0,0,8,8,2382,0,0,0,0,0,0,0,0,0
201807,408,28740, ,Kingston  NY ,11,11,2744,0,0,0,1,4,497,0,0,0,10,10,2444,0,0,0,1,4,497,0,0,0
201807,408,35300, ,New Haven-Milford  CT ,21,21,4208,0,0,0,0,0,0,2,124,10861,13,13,2950,0,0,0,0,0,0,1,110,10000
201807,408,35620, ,New York-Newark-Jersey City  NY-NJ-PA ,859,859,234995,46,92,13760,8,24,3203,110,3304,394509,545,545,152875,39,78,11547,6,18,2238,59,2656,330274
201807,408,45940, ,Trenton  NJ ,15,15,4916,0,0,0,2,8,230,1,5,3,9,9,1660,0,0,0,0,0,0,0,0,0
201807,412,35840, ,North Port-Sarasota-Bradenton  FL ,533,533,123928,1,2,337,4,13,2536,5,107,10050,154,154,37637,1,2,337,1,3,958,2,57,6095
201807,412,39460, ,Punta Gorda  FL ,215,215,55651,2,4,625,0,0,0,0,0,0,215,215,55651,2,4,625,0,0,0,0,0,0
201807,416,36420, ,Oklahoma City  OK ,493,493,113622,7,14,1296,0,0,0,0,0,0,405,405,89456,4,8,600,0,0,0,0,0,0
201807,420,36540, ,Omaha-Council Bluffs  NE-IA ,256,256,51362,0,0,0,0,0,0,2,66,3185,180,180,31568,0,0,0,0,0,0,2,66,3185
201807,422,19660, ,Deltona-Daytona Beach-Ormond Beach  FL ,201,201,58211,4,8,1208,0,0,0,0,0,0,136,136,36925,4,8,1208,0,0,0,0,0,0
201807,422,36740, ,Orlando-Kissimmee-Sanford  FL ,1522,1522,406991,0,0,0,1,4,520,34,1297,140756,1330,1330,344382,0,0,0,1,4,520,31,1255,137281
201807,422,45540, ,The Villages  FL ,177,177,47121,0,0,0,0,0,0,0,0,0,177,177,47121,0,0,0,0,0,0,0,0,0
201807,425,37620, ,Parkersburg-Vienna  WV ,10,10,2073,0,0,0,0,0,0,0,0,0,10,10,2073,0,0,0,0,0,0,0,0,0
201807,426,37860, ,Pensacola-Ferry Pass-Brent  FL ,232,232,51905,0,0,0,0,0,0,0,0,0,232,232,51905,0,0,0,0,0,0,0,0,0
201807,427,37900, ,Peoria  IL ,4,4,1300,0,0,0,0,0,0,0,0,0,4,4,1300,0,0,0,0,0,0,0,0,0
201807,428,12100, ,Atlantic City-Hammonton  NJ ,31,31,5195,0,0,0,0,0,0,3,54,6057,26,26,4575,0,0,0,0,0,0,0,0,0
201807,428,20100, ,Dover  DE ,103,103,15116,0,0,0,0,0,0,0,0,0,101,101,14683,0,0,0,0,0,0,0,0,0
201807,428,36140, ,Ocean City  NJ ,33,33,10251,2,4,882,0,0,0,0,0,0,27,27,8892,2,4,882,0,0,0,0,0,0
201807,428,37980, ,Philadelphia-Camden-Wilmington  PA-NJ-DE-MD ,630,630,115213,6,12,1996,10,38,4906,21,704,94528,404,404,68822,0,0,0,4,15,1881,6,438,64130
201807,428,39740, ,Reading  PA ,3,3,607,0,0,0,0,0,0,0,0,0,0,0,0,0,0,0,0,0,0,0,0,0
201807,428,47220, ,Vineland-Bridgeton  NJ ,8,8,674,0,0,0,0,0,0,0,0,0,4,4,298,0,0,0,0,0,0,0,0,0
201807,430,38300, ,Pittsburgh  PA ,100,100,27780,0,0,0,0,0,0,2,77,7134,58,58,17309,0,0,0,0,0,0,1,40,4100
201807,430,48260, ,Weirton-Steubenville  WV-OH ,0,0,0,0,0,0,0,0,0,0,0,0,0,0,0,0,0,0,0,0,0,0,0,0
201807,438,30340, ,Lewiston-Auburn  ME ,8,8,1198,0,0,0,0,0,0,1,6,150,5,5,799,0,0,0,0,0,0,1,6,150
201807,438,38860, ,Portland-South Portland  ME ,127,127,32270,1,2,323,0,0,0,3,33,2078,50,50,14599,0,0,0,0,0,0,0,0,0
201807,440,10540, ,Albany  OR ,28,28,7507,1,2,367,0,0,0,0,0,0,15,15,4218,1,2,367,0,0,0,0,0,0
201807,440,18700, ,Corvallis  OR ,2,2,688,0,0,0,0,0,0,0,0,0,2,2,688,0,0,0,0,0,0,0,0,0
201807,440,31020, ,Longview  WA ,28,28,5586,0,0,0,0,0,0,0,0,0,28,28,5586,0,0,0,0,0,0,0,0,0
201807,440,38900, ,Portland-Vancouver-Hillsboro  OR-WA ,594,594,172456,5,10,2121,4,13,2666,15,469,57927,352,352,97095,1,2,326,2,6,1413,5,104,6552
201807,440,41420, ,Salem  OR ,69,69,22327,1,2,367,0,0,0,3,36,4716,69,69,22327,1,2,367,0,0,0,3,36,4716
201807,444,39380, ,Pueblo  CO ,31,31,5295,0,0,0,0,0,0,0,0,0,31,31,5295,0,0,0,0,0,0,0,0,0
201807,450,20500, ,Durham-Chapel Hill  NC ,316,316,71762,1,2,170,0,0,0,3,104,8285,135,135,36921,0,0,0,0,0,0,0,0,0
201807,450,39580, ,Raleigh  NC ,1047,1047,202177,1,2,125,0,0,0,14,774,75155,962,962,184455,1,2,125,0,0,0,14,774,75155
201807,452,39660, ,Rapid City  SD ,37,37,6974,0,0,0,0,0,0,0,0,0,27,27,4752,0,0,0,0,0,0,0,0,0
201807,454,39820, ,Redding  CA ,12,12,3061,0,0,0,0,0,0,0,0,0,12,12,3061,0,0,0,0,0,0,0,0,0
201807,456,16180,C,Carson City  NV ,13,13,3707,0,0,0,0,0,0,0,0,0,13,13,3707,0,0,0,0,0,0,0,0,0
201807,456,39900,C,Reno  NV ,212,212,58328,0,0,0,0,0,0,3,64,7792,211,211,58126,0,0,0,0,0,0,3,64,7792
201807,462,40340, ,Rochester  MN ,42,42,10781,0,0,0,0,0,0,0,0,0,41,41,10532,0,0,0,0,0,0,0,0,0
201807,464,40380, ,Rochester  NY ,117,117,24171,2,4,900,1,3,100,1,9,810,99,99,20807,2,4,900,0,0,0,1,9,810
201807,466,40420, ,Rockford  IL ,15,15,1638,5,10,1330,0,0,0,0,0,0,15,15,1638,5,10,1330,0,0,0,0,0,0
201807,470,40660, ,Rome  GA ,17,17,2701,0,0,0,0,0,0,0,0,0,17,17,2701,0,0,0,0,0,0,0,0,0
201807,472,40900,C,Sacramento--Roseville--Arden-Arcade  CA ,661,661,177771,4,8,1285,0,0,0,2,159,22999,582,582,147277,4,8,1285,0,0,0,2,159,22999
201807,474,13020, ,Bay City  MI ,1,1,288,0,0,0,0,0,0,0,0,0,1,1,288,0,0,0,0,0,0,0,0,0
201807,474,33220, ,Midland  MI ,2,2,264,0,0,0,0,0,0,0,0,0,2,2,264,0,0,0,0,0,0,0,0,0
201807,474,40980, ,Saginaw  MI ,4,4,779,0,0,0,1,4,200,0,0,0,4,4,779,0,0,0,1,4,200,0,0,0
201807,476,41180, ,St. Louis  MO-IL ,469,469,129168,2,4,356,2,6,734,5,38,4218,323,323,86946,2,4,356,0,0,0,0,0,0
201807,482,36260, ,Ogden-Clearfield  UT ,210,210,45894,0,0,0,5,19,2693,2,10,1280,183,183,38362,0,0,0,2,8,1086,0,0,0
201807,482,39340, ,Provo-Orem  UT ,473,473,133215,0,0,0,3,11,2230,4,183,26625,461,461,128040,0,0,0,3,11,2230,4,183,26625
201807,482,41620, ,Salt Lake City  UT ,483,483,121577,3,6,973,2,8,1309,6,93,12426,335,335,84817,2,4,600,0,0,0,1,10,1269
201807,488,41860, ,San Francisco-Oakland-Hayward  CA ,397,397,176134,13,26,6344,4,13,3056,21,560,120752,289,289,134710,12,24,5753,3,10,2199,10,283,67315
201807,488,41940,C,San Jose-Sunnyvale-Santa Clara  CA ,232,232,78134,0,0,0,1,3,709,6,677,115084,138,138,52256,0,0,0,0,0,0,2,520,91357
201807,488,42100, ,Santa Cruz-Watsonville  CA ,13,13,2966,0,0,0,1,3,344,1,6,610,0,0,0,0,0,0,0,0,0,0,0,0
201807,488,42220, ,Santa Rosa  CA ,405,405,140582,0,0,0,0,0,0,1,5,604,405,405,140582,0,0,0,0,0,0,1,5,604
201807,488,44700, ,Stockton-Lodi  CA ,216,216,69857,0,0,0,0,0,0,0,0,0,216,216,69857,0,0,0,0,0,0,0,0,0
201807,488,46700, ,Vallejo-Fairfield  CA ,26,26,6834,0,0,0,0,0,0,0,0,0,26,26,6834,0,0,0,0,0,0,0,0,0
201807,496,25980, ,Hinesville  GA ,24,24,5240,0,0,0,0,0,0,1,5,208,12,12,2971,0,0,0,0,0,0,0,0,0
201807,496,42340, ,Savannah  GA ,135,135,28688,0,0,0,0,0,0,0,0,0,72,72,15183,0,0,0,0,0,0,0,0,0
201807,500,14740,C,Bremerton-Silverdale  WA ,75,75,23314,0,0,0,0,0,0,0,0,0,75,75,23314,0,0,0,0,0,0,0,0,0
201807,500,34580, ,Mount Vernon-Anacortes  WA ,44,44,11705,0,0,0,0,0,0,0,0,0,29,29,9240,0,0,0,0,0,0,0,0,0
201807,500,36500, ,Olympia-Tumwater  WA ,65,65,17180,0,0,0,0,0,0,1,170,19182,65,65,17180,0,0,0,0,0,0,1,170,19182
201807,500,42660, ,Seattle-Tacoma-Bellevue  WA ,775,775,273206,24,48,8952,5,17,3447,22,328,35267,606,606,208766,23,46,8601,5,17,3447,19,289,30804
201807,512,43580, ,Sioux City  IA-NE-SD ,14,14,3711,0,0,0,0,0,0,0,0,0,4,4,865,0,0,0,0,0,0,0,0,0
201807,515,21140, ,Elkhart-Goshen  IN ,24,24,6738,0,0,0,0,0,0,0,0,0,24,24,6738,0,0,0,0,0,0,0,0,0
201807,515,35660, ,Niles-Benton Harbor  MI ,1,1,186,0,0,0,0,0,0,0,0,0,0,0,0,0,0,0,0,0,0,0,0,0
201807,515,43780, ,South Bend-Mishawaka  IN-MI ,35,35,10174,0,0,0,0,0,0,0,0,0,35,35,10174,0,0,0,0,0,0,0,0,0
201807,518,17660, ,Coeur dAlene  ID ,135,135,33470,0,0,0,2,8,557,3,54,4848,135,135,33470,0,0,0,2,8,557,3,54,4848
201807,518,44060, ,Spokane-Spokane Valley  WA ,169,169,43273,3,6,1139,1,3,387,7,147,18070,134,134,34102,2,4,793,0,0,0,5,120,14773
201807,520,44180, ,Springfield  MO ,53,53,16600,0,0,0,0,0,0,0,0,0,53,53,16600,0,0,0,0,0,0,0,0,0
201807,521,44140, ,Springfield  MA ,2,2,955,1,2,408,0,0,0,0,0,0,2,2,955,1,2,408,0,0,0,0,0,0
201807,522,44100, ,Springfield  IL ,6,6,1698,2,4,752,0,0,0,1,5,250,0,0,0,0,0,0,0,0,0,0,0,0
201807,524,44300, ,State College  PA ,13,13,5132,0,0,0,0,0,0,0,0,0,11,11,4799,0,0,0,0,0,0,0,0,0
201807,532,45060, ,Syracuse  NY ,19,19,3883,0,0,0,0,0,0,13,234,30456,19,19,3883,0,0,0,0,0,0,13,234,30456
201807,533,45220, ,Tallahassee  FL ,68,68,13433,1,2,222,0,0,0,4,102,13475,32,32,7076,0,0,0,0,0,0,0,0,0
201807,534,45780, ,Toledo  OH ,59,59,12577,0,0,0,0,0,0,0,0,0,57,57,12351,0,0,0,0,0,0,0,0,0
201807,536,46060,C,Tucson  AZ ,286,286,78678,1,2,239,0,0,0,9,91,12909,62,62,16778,0,0,0,0,0,0,0,0,0
201807,538,46140, ,Tulsa  OK ,201,201,47404,2,4,440,0,0,0,2,18,800,178,178,41668,2,4,440,0,0,0,2,18,800
201807,540,46340, ,Tyler  TX ,35,35,10037,0,0,0,0,0,0,0,0,0,35,35,10037,0,0,0,0,0,0,0,0,0
201807,545,47260, ,Virginia Beach-Norfolk-Newport News  VA-NC ,355,355,80442,0,0,0,0,0,0,0,0,0,305,305,73016,0,0,0,0,0,0,0,0,0
201807,546,47300, ,Visalia-Porterville  CA ,121,121,25658,1,2,118,0,0,0,1,5,580,70,70,12223,1,2,118,0,0,0,0,0,0
201807,548,12580, ,Baltimore-Columbia-Towson  MD ,456,456,92641,0,0,0,0,0,0,7,550,85246,450,450,90922,0,0,0,0,0,0,7,550,85246
201807,548,15680,C,California-Lexington Park  MD ,68,68,17503,0,0,0,0,0,0,6,60,1183,65,65,16540,0,0,0,0,0,0,6,60,1183
201807,548,16540, ,Chambersburg-Waynesboro  PA ,17,17,2576,0,0,0,0,0,0,1,5,488,12,12,1922,0,0,0,0,0,0,0,0,0
201807,548,25180, ,Hagerstown-Martinsburg  MD-WV ,114,114,24774,1,2,335,0,0,0,0,0,0,114,114,24774,1,2,335,0,0,0,0,0,0
201807,548,47900, ,Washington-Arlington-Alexandria  DC-VA-MD-WV ,1241,1241,287228,2,4,208,4,14,20824,17,756,68156,1045,1045,246206,1,2,75,4,14,20824,16,746,67150
201807,548,49020, ,Winchester  VA-WV ,49,49,10099,0,0,0,0,0,0,1,7,840,49,49,10099,0,0,0,0,0,0,1,7,840
201807,554,48140, ,Wausau  WI ,14,14,3146,0,0,0,0,0,0,0,0,0,8,8,1720,0,0,0,0,0,0,0,0,0
201807,556,48620, ,Wichita  KS ,98,98,17823,13,26,2268,2,7,675,1,12,840,13,13,2830,2,4,450,1,4,400,0,0,0
201807,558,48700, ,Williamsport  PA ,1,1,112,0,0,0,0,0,0,0,0,0,1,1,112,0,0,0,0,0,0,0,0,0
201807,566,49660, ,Youngstown-Warren-Boardman  OH-PA ,29,29,5119,0,0,0,0,0,0,0,0,0,29,29,5119,0,0,0,0,0,0,0,0,0
201807,999,10180, ,Abilene  TX ,26,26,5662,1,2,149,0,0,0,0,0,0,0,0,0,0,0,0,0,0,0,0,0,0
201807,999,10500, ,Albany  GA ,8,8,1071,0,0,0,0,0,0,0,0,0,4,4,525,0,0,0,0,0,0,0,0,0
201807,999,10780, ,Alexandria  LA ,19,19,4241,0,0,0,0,0,0,0,0,0,12,12,2353,0,0,0,0,0,0,0,0,0
201807,999,11020, ,Altoona  PA ,0,0,0,0,0,0,0,0,0,0,0,0,0,0,0,0,0,0,0,0,0,0,0,0
201807,999,11260, ,Anchorage  AK ,82,82,25618,1,2,298,1,3,521,1,10,1581,0,0,0,0,0,0,0,0,0,0,0,0
201807,999,11500, ,Anniston-Oxford-Jacksonville  AL ,4,4,464,0,0,0,0,0,0,0,0,0,4,4,464,0,0,0,0,0,0,0,0,0
201807,999,12260, ,Augusta-Richmond County  GA-SC ,205,205,40284,0,0,0,0,0,0,2,27,1665,159,159,32121,0,0,0,0,0,0,0,0,0
201807,999,12420, ,Austin-Round Rock  TX ,1819,1819,386757,2,4,200,0,0,0,35,850,57638,1504,1504,317497,2,4,200,0,0,0,35,850,57638
201807,999,12540, ,Bakersfield  CA ,183,183,46028,3,6,710,0,0,0,0,0,0,24,24,3616,0,0,0,0,0,0,0,0,0
201807,999,12620, ,Bangor  ME ,11,11,2218,0,0,0,0,0,0,1,5,806,3,3,510,0,0,0,0,0,0,0,0,0
201807,999,12940, ,Baton Rouge  LA ,305,305,63195,0,0,0,1,3,232,0,0,0,217,217,43429,0,0,0,0,0,0,0,0,0
201807,999,13140, ,Beaumont-Port Arthur  TX ,50,50,10372,0,0,0,0,0,0,1,5,424,40,40,8403,0,0,0,0,0,0,0,0,0
201807,999,13220, ,Beckley  WV ,12,12,1736,0,0,0,0,0,0,0,0,0,10,10,1520,0,0,0,0,0,0,0,0,0
201807,999,13380, ,Bellingham  WA ,86,86,23819,8,16,1920,2,6,1401,2,40,3742,73,73,20522,8,16,1920,2,6,1401,1,35,3254
201807,999,13740, ,Billings  MT ,61,61,13268,1,2,396,0,0,0,0,0,0,61,61,13268,1,2,396,0,0,0,0,0,0
201807,999,13780, ,Binghamton  NY ,0,0,0,0,0,0,0,0,0,0,0,0,0,0,0,0,0,0,0,0,0,0,0,0
201807,999,13900, ,Bismarck  ND ,37,37,8711,0,0,0,1,4,573,1,40,6380,32,32,7348,0,0,0,1,4,573,1,40,6380
201807,999,13980, ,Blacksburg-Christiansburg-Radford  VA ,0,0,0,0,0,0,0,0,0,0,0,0,0,0,0,0,0,0,0,0,0,0,0,0
201807,999,15260, ,Brunswick  GA ,55,55,15724,0,0,0,0,0,0,0,0,0,0,0,0,0,0,0,0,0,0,0,0,0
201807,999,15540, ,Burlington-South Burlington  VT ,34,34,8653,0,0,0,0,0,0,1,65,7375,31,31,7944,0,0,0,0,0,0,1,65,7375
201807,999,16220, ,Casper  WY ,15,15,3451,0,0,0,0,0,0,1,6,733,9,9,1668,0,0,0,0,0,0,0,0,0
201807,999,16580, ,Champaign-Urbana  IL ,11,11,3741,0,0,0,0,0,0,0,0,0,11,11,3741,0,0,0,0,0,0,0,0,0
201807,999,16700, ,Charleston-North Charleston  SC ,430,430,115313,0,0,0,0,0,0,6,142,9127,188,188,67088,0,0,0,0,0,0,0,0,0
201807,999,16820, ,Charlottesville  VA ,66,66,20363,0,0,0,0,0,0,2,23,4819,0,0,0,0,0,0,0,0,0,0,0,0
201807,999,16940, ,Cheyenne  WY ,36,36,7111,0,0,0,1,4,344,1,6,724,13,13,2804,0,0,0,0,0,0,0,0,0
201807,999,17020, ,Chico  CA ,21,21,5036,0,0,0,0,0,0,0,0,0,21,21,5036,0,0,0,0,0,0,0,0,0
201807,999,17300, ,Clarksville  TN-KY ,145,145,20236,1,2,70,3,10,609,10,78,4834,143,143,20094,1,2,70,3,10,609,10,78,4834
201807,999,17780, ,College Station-Bryan  TX ,104,104,19836,0,0,0,0,0,0,0,0,0,104,104,19836,0,0,0,0,0,0,0,0,0
201807,999,17820, ,Colorado Springs  CO ,339,339,130425,1,2,603,0,0,0,3,60,8597,339,339,130425,1,2,603,0,0,0,3,60,8597
201807,999,18880, ,Crestview-Fort Walton Beach-Destin  FL ,152,152,60324,0,0,0,4,16,2682,4,26,4046,148,148,59589,0,0,0,4,16,2682,4,26,4046
201807,999,19060, ,Cumberland  MD-WV ,3,3,455,0,0,0,0,0,0,0,0,0,3,3,455,0,0,0,0,0,0,0,0,0
201807,999,19180, ,Danville  IL ,0,0,0,0,0,0,0,0,0,0,0,0,0,0,0,0,0,0,0,0,0,0,0,0
201807,999,19500, ,Decatur  IL ,2,2,585,0,0,0,0,0,0,0,0,0,2,2,585,0,0,0,0,0,0,0,0,0
201807,999,20220, ,Dubuque  IA ,14,14,3451,0,0,0,0,0,0,0,0,0,14,14,3451,0,0,0,0,0,0,0,0,0
201807,999,20260, ,Duluth  MN-WI ,15,15,2938,0,0,0,0,0,0,0,0,0,15,15,2938,0,0,0,0,0,0,0,0,0
201807,999,20940, ,El Centro  CA ,63,63,12702,0,0,0,0,0,0,0,0,0,63,63,12702,0,0,0,0,0,0,0,0,0
201807,999,21420, ,Enid  OK ,2,2,745,0,0,0,0,0,0,0,0,0,2,2,745,0,0,0,0,0,0,0,0,0
201807,999,21660, ,Eugene  OR ,54,54,13771,0,0,0,0,0,0,0,0,0,34,34,8660,0,0,0,0,0,0,0,0,0
201807,999,21780, ,Evansville  IN-KY ,44,44,9708,0,0,0,0,0,0,0,0,0,44,44,9708,0,0,0,0,0,0,0,0,0
201807,999,21820, ,Fairbanks  AK ,2,2,552,0,0,0,0,0,0,0,0,0,2,2,552,0,0,0,0,0,0,0,0,0
201807,999,22140, ,Farmington  NM ,6,6,1141,0,0,0,0,0,0,0,0,0,6,6,1141,0,0,0,0,0,0,0,0,0
201807,999,22220, ,Fayetteville-Springdale-Rogers  AR-MO ,338,338,80466,1,2,153,1,3,181,2,24,2059,278,278,69267,0,0,0,0,0,0,0,0,0
201807,999,22380, ,Flagstaff  AZ ,27,27,4569,0,0,0,0,0,0,0,0,0,27,27,4569,0,0,0,0,0,0,0,0,0
201807,999,22500, ,Florence  SC ,37,37,4506,0,0,0,0,0,0,2,46,3984,0,0,0,0,0,0,0,0,0,0,0,0
201807,999,22520, ,Florence-Muscle Shoals  AL ,16,16,1942,0,0,0,0,0,0,0,0,0,4,4,524,0,0,0,0,0,0,0,0,0
201807,999,22540, ,Fond du Lac  WI ,8,8,1801,0,0,0,0,0,0,0,0,0,1,1,230,0,0,0,0,0,0,0,0,0
201807,999,22660, ,Fort Collins  CO ,151,151,40340,3,6,1567,1,3,775,2,54,6257,133,133,35939,3,6,1567,1,3,775,2,54,6257
201807,999,22900, ,Fort Smith  AR-OK ,32,32,7184,5,10,1621,0,0,0,0,0,0,26,26,6148,5,10,1621,0,0,0,0,0,0
201807,999,23460, ,Gadsden  AL ,5,5,853,0,0,0,0,0,0,0,0,0,0,0,0,0,0,0,0,0,0,0,0,0
201807,999,24220, ,Grand Forks  ND-MN ,7,7,2433,0,0,0,0,0,0,0,0,0,7,7,2433,0,0,0,0,0,0,0,0,0
201807,999,24260, ,Grand Island  NE ,9,9,1933,0,0,0,0,0,0,0,0,0,9,9,1933,0,0,0,0,0,0,0,0,0
201807,999,24300, ,Grand Junction  CO ,62,62,10303,0,0,0,0,0,0,0,0,0,62,62,10303,0,0,0,0,0,0,0,0,0
201807,999,24500, ,Great Falls  MT ,17,17,4660,0,0,0,0,0,0,0,0,0,4,4,1051,0,0,0,0,0,0,0,0,0
201807,999,25060, ,Gulfport-Biloxi-Pascagoula  MS ,187,187,33287,1,2,185,1,3,301,1,9,762,134,134,25742,0,0,0,0,0,0,0,0,0
201807,999,25620, ,Hattiesburg  MS ,6,6,1300,0,0,0,0,0,0,0,0,0,6,6,1300,0,0,0,0,0,0,0,0,0
201807,999,25940, ,Hilton Head Island-Bluffton-Beaufort  SC ,69,69,20837,0,0,0,0,0,0,0,0,0,69,69,20837,0,0,0,0,0,0,0,0,0
201807,999,26140, ,Homosassa Springs  FL ,38,38,8211,1,2,55,0,0,0,0,0,0,0,0,0,0,0,0,0,0,0,0,0,0
201807,999,26380, ,Houma-Thibodaux  LA ,59,59,11792,0,0,0,0,0,0,0,0,0,59,59,11792,0,0,0,0,0,0,0,0,0
201807,999,27100, ,Jackson  MI ,0,0,0,0,0,0,0,0,0,0,0,0,0,0,0,0,0,0,0,0,0,0,0,0
201807,999,27340, ,Jacksonville  NC ,119,119,19624,0,0,0,0,0,0,0,0,0,119,119,19624,0,0,0,0,0,0,0,0,0
201807,999,27980, ,Kahului-Wailuku-Lahaina  HI ,65,65,17218,0,0,0,0,0,0,0,0,0,65,65,17218,0,0,0,0,0,0,0,0,0
201807,999,28420,C,Kennewick-Richland  WA ,133,133,37901,3,6,647,1,3,450,4,24,2574,16,16,5222,1,2,300,1,3,450,1,8,876
201807,999,28660, ,Killeen-Temple  TX ,143,143,26312,19,38,3363,0,0,0,0,0,0,127,127,23914,19,38,3363,0,0,0,0,0,0
201807,999,29100, ,La Crosse-Onalaska  WI-MN ,16,16,4569,0,0,0,0,0,0,0,0,0,16,16,4569,0,0,0,0,0,0,0,0,0
201807,999,29460, ,Lakeland-Winter Haven  FL ,366,366,77262,2,4,390,0,0,0,0,0,0,348,348,73075,2,4,390,0,0,0,0,0,0
201807,999,29540, ,Lancaster  PA ,13,13,2247,0,0,0,0,0,0,0,0,0,4,4,650,0,0,0,0,0,0,0,0,0
201807,999,29700, ,Laredo  TX ,100,100,17955,1,2,140,0,0,0,1,17,1618,0,0,0,0,0,0,0,0,0,0,0,0
201807,999,30020, ,Lawton  OK ,4,4,1065,0,0,0,0,0,0,0,0,0,4,4,1065,0,0,0,0,0,0,0,0,0
201807,999,30300, ,Lewiston  ID-WA ,1,1,150,0,0,0,0,0,0,0,0,0,1,1,150,0,0,0,0,0,0,0,0,0
201807,999,30860, ,Logan  UT-ID ,27,27,6708,0,0,0,0,0,0,0,0,0,27,27,6708,0,0,0,0,0,0,0,0,0
201807,999,31340, ,Lynchburg  VA ,12,12,2357,0,0,0,0,0,0,1,28,2022,5,5,1050,0,0,0,0,0,0,1,28,2022
201807,999,33540,C,Missoula  MT ,63,63,11322,0,0,0,3,12,570,1,14,941,63,63,11322,0,0,0,3,12,570,1,14,941
201807,999,33860, ,Montgomery  AL ,35,35,7839,0,0,0,0,0,0,0,0,0,33,33,7706,0,0,0,0,0,0,0,0,0
201807,999,36100, ,Ocala  FL ,282,282,43453,0,0,0,4,12,600,0,0,0,282,282,43453,0,0,0,4,12,600,0,0,0
201807,999,36980, ,Owensboro  KY ,25,25,2693,0,0,0,0,0,0,0,0,0,25,25,2693,0,0,0,0,0,0,0,0,0
201807,999,37340, ,Palm Bay-Melbourne-Titusville  FL ,173,173,57818,1,2,571,0,0,0,0,0,0,173,173,57818,1,2,571,0,0,0,0,0,0
201807,999,37460, ,Panama City  FL ,62,62,19516,2,4,310,1,4,634,1,6,951,52,52,16372,2,4,310,1,4,634,1,6,951
201807,999,38060, ,Phoenix-Mesa-Scottsdale  AZ ,2138,2138,578965,17,34,4420,3,12,1306,43,1410,145616,1905,1905,511241,17,34,4420,3,12,1306,39,1368,139640
201807,999,38340, ,Pittsfield  MA ,0,0,0,0,0,0,0,0,0,0,0,0,0,0,0,0,0,0,0,0,0,0,0,0
201807,999,38540, ,Pocatello  ID ,22,22,2902,0,0,0,0,0,0,0,0,0,22,22,2902,0,0,0,0,0,0,0,0,0
201807,999,39140, ,Prescott  AZ ,117,117,30665,2,4,622,0,0,0,9,75,9690,117,117,30665,2,4,622,0,0,0,9,75,9690
201807,999,40060, ,Richmond  VA ,432,432,83896,14,28,963,3,12,1787,0,0,0,418,418,82106,14,28,963,3,12,1787,0,0,0
201807,999,41100, ,St. George  UT ,158,158,31162,3,6,354,1,3,272,5,36,1397,158,158,31162,3,6,354,1,3,272,5,36,1397
201807,999,41500, ,Salinas  CA ,16,16,4267,0,0,0,1,3,359,1,5,612,15,15,4041,0,0,0,1,3,359,0,0,0
201807,999,41540, ,Salisbury  MD-DE ,241,241,33882,3,6,559,0,0,0,1,6,831,239,239,33604,3,6,559,0,0,0,1,6,831
201807,999,41660, ,San Angelo  TX ,18,18,3926,0,0,0,0,0,0,0,0,0,18,18,3926,0,0,0,0,0,0,0,0,0
201807,999,41700, ,San Antonio-New Braunfels  TX ,743,743,154634,8,16,1770,0,0,0,16,314,26812,686,686,146033,8,16,1770,0,0,0,15,309,25746
201807,999,41740,C,San Diego-Carlsbad  CA ,245,245,86069,5,10,1480,12,37,7014,11,98,15865,236,236,81587,5,10,1480,12,37,7014,9,82,13243
201807,999,42020, ,San Luis Obispo-Paso Robles-Arroyo Grande  CA ,39,39,14839,0,0,0,0,0,0,1,6,631,0,0,0,0,0,0,0,0,0,0,0,0
201807,999,42200, ,Santa Maria-Santa Barbara  CA ,15,15,6120,0,0,0,0,0,0,0,0,0,15,15,6120,0,0,0,0,0,0,0,0,0
201807,999,42540, ,Scranton--Wilkes-Barre--Hazleton  PA ,1,1,264,0,0,0,0,0,0,0,0,0,0,0,0,0,0,0,0,0,0,0,0,0
201807,999,43100, ,Sheboygan  WI ,2,2,568,0,0,0,0,0,0,0,0,0,1,1,342,0,0,0,0,0,0,0,0,0
201807,999,43340, ,Shreveport-Bossier City  LA ,86,86,15105,0,0,0,0,0,0,0,0,0,75,75,12425,0,0,0,0,0,0,0,0,0
201807,999,43420, ,Sierra Vista-Douglas  AZ ,31,31,6745,0,0,0,0,0,0,1,5,483,30,30,6665,0,0,0,0,0,0,0,0,0
201807,999,43620, ,Sioux Falls  SD ,116,116,23729,0,0,0,0,0,0,5,80,5023,116,116,23729,0,0,0,0,0,0,5,80,5023
201807,999,44940, ,Sumter  SC ,19,19,2326,0,0,0,0,0,0,0,0,0,19,19,2326,0,0,0,0,0,0,0,0,0
201807,999,45300, ,Tampa-St. Petersburg-Clearwater  FL ,1421,1421,421922,4,8,965,0,0,0,25,407,43839,1407,1407,417306,4,8,965,0,0,0,24,402,41559
201807,999,45460, ,Terre Haute  IN ,2,2,373,1,2,138,0,0,0,1,11,761,0,0,0,0,0,0,0,0,0,0,0,0
201807,999,45500, ,Texarkana  TX-AR ,3,3,599,0,0,0,0,0,0,0,0,0,0,0,0,0,0,0,0,0,0,0,0,0
201807,999,45820, ,Topeka  KS ,25,25,5190,0,0,0,0,0,0,0,0,0,25,25,5190,0,0,0,0,0,0,0,0,0
201807,999,46220, ,Tuscaloosa  AL ,32,32,8939,1,2,475,1,4,560,3,45,4359,2,2,536,0,0,0,0,0,0,0,0,0
201807,999,46300, ,Twin Falls  ID ,42,42,9038,0,0,0,4,16,1460,0,0,0,39,39,8670,0,0,0,4,16,1460,0,0,0
201807,999,46520,C,Urban Honolulu  HI ,105,105,39892,0,0,0,0,0,0,0,0,0,105,105,39892,0,0,0,0,0,0,0,0,0
201807,999,46540, ,Utica-Rome  NY ,2,2,265,0,0,0,0,0,0,0,0,0,2,2,265,0,0,0,0,0,0,0,0,0
201807,999,46660, ,Valdosta  GA ,76,76,13945,0,0,0,0,0,0,0,0,0,28,28,5840,0,0,0,0,0,0,0,0,0
201807,999,47380, ,Waco  TX ,48,48,10779,1,2,240,1,3,161,1,6,411,0,0,0,0,0,0,0,0,0,0,0,0
201807,999,47460, ,Walla Walla  WA ,16,16,4761,0,0,0,0,0,0,0,0,0,15,15,4661,0,0,0,0,0,0,0,0,0
201807,999,47940, ,Waterloo-Cedar Falls  IA ,11,11,2746,0,0,0,0,0,0,0,0,0,0,0,0,0,0,0,0,0,0,0,0,0
201807,999,48060, ,Watertown-Fort Drum  NY ,13,13,1287,0,0,0,0,0,0,0,0,0,2,2,150,0,0,0,0,0,0,0,0,0
201807,999,48300, ,Wenatchee  WA ,49,49,11617,1,2,355,0,0,0,0,0,0,49,49,11617,1,2,355,0,0,0,0,0,0
201807,999,48540, ,Wheeling  WV-OH ,0,0,0,0,0,0,0,0,0,0,0,0,0,0,0,0,0,0,0,0,0,0,0,0
201807,999,48660, ,Wichita Falls  TX ,1,1,300,0,0,0,0,0,0,0,0,0,1,1,300,0,0,0,0,0,0,0,0,0
201807,999,48900, ,Wilmington  NC ,103,103,38942,0,0,0,0,0,0,0,0,0,102,102,38620,0,0,0,0,0,0,0,0,0
201807,999,49420, ,Yakima  WA ,27,27,5632,0,0,0,1,3,522,0,0,0,27,27,5632,0,0,0,1,3,522,0,0,0
201807,999,49740, ,Yuma  AZ ,67,67,10434,0,0,0,0,0,0,0,0,0,56,56,8990,0,0,0,0,0,0,0,0,0
