Survey,CSA,CBSA,MONCOV,CBSA,,1-unit,,,2-units,,,3-4 units,,,5+ units,,,1-unit rep,,,2-units rep,,,3-4 units rep,,,5+ units rep
Date,Code,Code,,Name,Bldgs,Units,Value,Bldgs,Units,Value,Bldgs,Units,Value,Bldgs,Units,Value,Bldgs,Units,Value,Bldgs,Units,Value,      Bldgs,Units,Value,Bldgs,Units,Value
 
201803,104,10580,C,Albany-Schenectady-Troy  NY ,75,75,19774,2,4,593,4,14,1168,5,39,4296,46,46,11873,1,2,225,0,0,0,0,0,0
201803,104,24020, ,Glens Falls  NY ,12,12,1844,0,0,0,0,0,0,0,0,0,6,6,1369,0,0,0,0,0,0,0,0,0
201803,106,10740,C,Albuquerque  NM ,244,244,49831,0,0,0,0,0,0,1,8,333,232,232,46978,0,0,0,0,0,0,0,0,0
201803,106,42140,C,Santa Fe  NM ,24,24,5701,0,0,0,0,0,0,0,0,0,24,24,5701,0,0,0,0,0,0,0,0,0
201803,108,11100, ,Amarillo  TX ,42,42,10852,0,0,0,0,0,0,0,0,0,42,42,10852,0,0,0,0,0,0,0,0,0
201803,118,11540, ,Appleton  WI ,18,18,6235,2,4,500,0,0,0,0,0,0,18,18,6235,2,4,500,0,0,0,0,0,0
201803,118,36780, ,Oshkosh-Neenah  WI ,12,12,2444,0,0,0,0,0,0,4,57,3886,9,9,1757,0,0,0,0,0,0,4,57,3886
201803,120,11700, ,Asheville  NC ,174,174,45837,0,0,0,0,0,0,4,95,5930,55,55,13234,0,0,0,0,0,0,0,0,0
201803,122,12020, ,Athens-Clarke County  GA ,79,79,17117,0,0,0,2,8,1510,4,124,6648,79,79,17117,0,0,0,2,8,1510,4,124,6648
201803,122,12060, ,Atlanta-Sandy Springs-Roswell  GA ,2393,2393,543452,1,2,365,1,4,695,46,1499,181549,2223,2223,513099,1,2,365,1,4,695,45,1483,179825
201803,122,23580, ,Gainesville  GA ,97,97,19785,0,0,0,0,0,0,10,266,19724,97,97,19785,0,0,0,0,0,0,10,266,19724
201803,140,13460,C,Bend-Redmond  OR ,120,120,29722,0,0,0,0,0,0,0,0,0,89,89,22996,0,0,0,0,0,0,0,0,0
201803,142,13820,C,Birmingham-Hoover  AL ,218,218,61508,0,0,0,0,0,0,6,62,6597,130,130,42067,0,0,0,0,0,0,5,56,5676
201803,144,14020,C,Bloomington  IN ,32,32,8000,1,2,238,0,0,0,1,13,1495,8,8,2070,0,0,0,0,0,0,0,0,0
201803,145,14010, ,Bloomington  IL ,15,15,1915,0,0,0,0,0,0,0,0,0,15,15,1915,0,0,0,0,0,0,0,0,0
201803,146,14100,C,Bloomsburg-Berwick  PA ,6,6,1749,0,0,0,0,0,0,1,5,675,3,3,1003,0,0,0,0,0,0,0,0,0
201803,147,14260,C,Boise City  ID ,616,616,145744,1,2,353,9,36,2211,7,312,30953,480,480,115971,0,0,0,3,12,627,4,212,20511
201803,148,12700, ,Barnstable Town  MA ,7,7,5197,0,0,0,2,6,1000,0,0,0,3,3,3660,0,0,0,2,6,1000,0,0,0
201803,148,14460,C,Boston-Cambridge-Newton  MA-NH ,451,451,136838,20,40,4781,6,21,2946,25,662,100467,289,289,90081,10,20,2113,3,11,1732,9,471,72126
201803,148,31700, ,Manchester-Nashua  NH ,45,45,8254,0,0,0,0,0,0,0,0,0,45,45,8254,0,0,0,0,0,0,0,0,0
201803,148,39300,C,Providence-Warwick  RI-MA ,140,140,28730,3,6,899,1,3,427,2,24,1924,98,98,20056,3,6,899,1,3,427,1,17,1800
201803,148,49340, ,Worcester  MA-CT ,13,13,2830,0,0,0,0,0,0,0,0,0,12,12,2641,0,0,0,0,0,0,0,0,0
201803,150,14540, ,Bowling Green  KY ,70,70,16187,2,4,320,6,22,1649,16,128,5600,70,70,16187,2,4,320,6,22,1649,16,128,5600
201803,154,15180, ,Brownsville-Harlingen  TX ,85,85,7876,1,2,83,2,6,287,0,0,0,60,60,5384,0,0,0,0,0,0,0,0,0
201803,160,15380,C,Buffalo-Cheektowaga-Niagara Falls  NY ,93,93,25014,1,2,140,0,0,0,1,30,6765,84,84,23251,1,2,140,0,0,0,0,0,0
201803,162,15980,C,Cape Coral-Fort Myers  FL ,457,457,109310,22,44,5723,2,8,2213,2,26,2915,457,457,109310,22,44,5723,2,8,2213,2,26,2915
201803,162,34940, ,Naples-Immokalee-Marco Island  FL ,281,281,59152,0,0,0,2,8,1408,5,58,9748,281,281,59152,0,0,0,2,8,1408,5,58,9748
201803,164,16020, ,Cape Girardeau  MO-IL ,0,0,0,0,0,0,0,0,0,0,0,0,0,0,0,0,0,0,0,0,0,0,0,0
201803,168,16300, ,Cedar Rapids  IA ,34,34,4382,5,10,944,1,3,305,2,63,5809,34,34,4382,5,10,944,1,3,305,2,63,5809
201803,168,26980, ,Iowa City  IA ,45,45,10085,0,0,0,0,0,0,1,24,3000,43,43,9809,0,0,0,0,0,0,1,24,3000
201803,170,16620, ,Charleston  WV ,6,6,1554,0,0,0,1,3,201,1,8,509,2,2,841,0,0,0,0,0,0,0,0,0
201803,170,26580, ,Huntington-Ashland  WV-KY-OH ,15,15,3060,1,2,146,0,0,0,0,0,0,8,8,1694,0,0,0,0,0,0,0,0,0
201803,172,16740, ,Charlotte-Concord-Gastonia  NC-SC ,1386,1386,347960,3,6,820,0,0,0,5,403,43316,1214,1214,291845,3,6,820,0,0,0,3,364,39210
201803,174,16860, ,Chattanooga  TN-GA ,186,186,33297,1,2,188,0,0,0,1,45,3643,126,126,21636,0,0,0,0,0,0,0,0,0
201803,174,17420, ,Cleveland  TN ,27,27,4661,2,4,285,1,4,313,0,0,0,0,0,0,0,0,0,0,0,0,0,0,0
201803,176,16980, ,Chicago-Naperville-Elgin  IL-IN-WI ,843,843,229496,14,28,4528,21,70,14290,30,429,91702,715,715,197501,13,26,4444,20,67,13842,22,338,83634
201803,176,28100, ,Kankakee  IL ,3,3,1032,0,0,0,0,0,0,0,0,0,3,3,1032,0,0,0,0,0,0,0,0,0
201803,176,33140, ,Michigan City-La Porte  IN ,6,6,1612,0,0,0,0,0,0,0,0,0,6,6,1612,0,0,0,0,0,0,0,0,0
201803,178,17140, ,Cincinnati  OH-KY-IN ,402,402,94003,3,6,748,6,22,1835,18,172,15724,317,317,73215,3,6,748,6,22,1835,17,148,13082
201803,184,10420, ,Akron  OH ,13,13,2976,0,0,0,1,4,250,1,126,25100,13,13,2976,0,0,0,1,4,250,1,126,25100
201803,184,15940, ,Canton-Massillon  OH ,32,32,11727,1,2,240,0,0,0,1,5,384,28,28,11260,1,2,240,0,0,0,0,0,0
201803,184,17460, ,Cleveland-Elyria  OH ,209,209,55476,2,4,101,1,4,808,0,0,0,165,165,47577,1,2,90,1,4,808,0,0,0
201803,190,17860,C,Columbia  MO ,66,66,17530,0,0,0,0,0,0,0,0,0,66,66,17530,0,0,0,0,0,0,0,0,0
201803,192,17900,C,Columbia  SC ,402,402,77522,0,0,0,0,0,0,3,54,3876,59,59,11014,0,0,0,0,0,0,0,0,0
201803,194,12220,C,Auburn-Opelika  AL ,91,91,24763,1,2,144,0,0,0,0,0,0,39,39,9727,0,0,0,0,0,0,0,0,0
201803,194,17980, ,Columbus  GA-AL ,64,64,12140,0,0,0,1,3,185,2,10,2489,36,36,6768,0,0,0,0,0,0,0,0,0
201803,198,18140, ,Columbus  OH ,376,376,112273,9,18,1350,4,16,1080,17,160,15555,316,316,98749,9,18,1350,4,16,1080,16,151,14875
201803,204,18580, ,Corpus Christi  TX ,142,142,28562,0,0,0,1,3,454,0,0,0,22,22,6226,0,0,0,0,0,0,0,0,0
201803,206,19100, ,Dallas-Fort Worth-Arlington  TX ,2755,2755,774622,19,38,4557,13,50,7250,69,1971,196530,2485,2485,682478,17,34,4365,12,47,5435,64,1852,183991
201803,209,19340, ,Davenport-Moline-Rock Island  IA-IL ,27,27,6614,0,0,0,0,0,0,0,0,0,13,13,2330,0,0,0,0,0,0,0,0,0
201803,212,19380, ,Dayton  OH ,98,98,28602,2,4,450,0,0,0,0,0,0,94,94,28140,2,4,450,0,0,0,0,0,0
201803,212,44220, ,Springfield  OH ,2,2,445,0,0,0,0,0,0,0,0,0,2,2,445,0,0,0,0,0,0,0,0,0
201803,216,14500, ,Boulder  CO ,54,54,23694,0,0,0,0,0,0,2,48,6660,44,44,17134,0,0,0,0,0,0,2,48,6660
201803,216,19740,C,Denver-Aurora-Lakewood  CO ,1080,1080,318786,3,6,1117,2,7,1085,28,2173,356568,1067,1067,314062,3,6,1117,1,4,566,28,2173,356568
201803,216,24540, ,Greeley  CO ,297,297,74556,1,2,377,0,0,0,2,18,1622,219,219,51090,1,2,377,0,0,0,0,0,0
201803,218,11180, ,Ames  IA ,13,13,3852,0,0,0,0,0,0,2,24,1500,13,13,3852,0,0,0,0,0,0,2,24,1500
201803,218,19780, ,Des Moines-West Des Moines  IA ,361,361,93125,0,0,0,0,0,0,3,111,9448,353,353,90857,0,0,0,0,0,0,2,106,8988
201803,220,11460, ,Ann Arbor  MI ,37,37,9564,0,0,0,0,0,0,0,0,0,26,26,6783,0,0,0,0,0,0,0,0,0
201803,220,19820, ,Detroit-Warren-Dearborn  MI ,584,584,161220,2,4,436,4,14,1480,14,214,39277,501,501,136619,0,0,0,2,8,1046,12,187,36463
201803,220,22420, ,Flint  MI ,7,7,1724,0,0,0,0,0,0,0,0,0,7,7,1724,0,0,0,0,0,0,0,0,0
201803,220,33780, ,Monroe  MI ,0,0,0,0,0,0,0,0,0,0,0,0,0,0,0,0,0,0,0,0,0,0,0,0
201803,222,20020, ,Dothan  AL ,25,25,6148,0,0,0,0,0,0,0,0,0,23,23,5883,0,0,0,0,0,0,0,0,0
201803,232,20740, ,Eau Claire  WI ,33,33,6129,2,4,434,0,0,0,1,12,450,33,33,6129,2,4,434,0,0,0,1,12,450
201803,236,21300, ,Elmira  NY ,1,1,227,0,0,0,0,0,0,0,0,0,1,1,227,0,0,0,0,0,0,0,0,0
201803,238,21340,C,El Paso  TX ,229,229,56484,4,8,784,2,8,724,7,55,7820,0,0,0,0,0,0,0,0,0,0,0,0
201803,238,29740,C,Las Cruces  NM ,76,76,15646,1,2,79,0,0,0,6,48,4500,76,76,15646,1,2,79,0,0,0,6,48,4500
201803,240,21500, ,Erie  PA ,4,4,684,0,0,0,0,0,0,0,0,0,4,4,684,0,0,0,0,0,0,0,0,0
201803,244,22020, ,Fargo  ND-MN ,43,43,11733,0,0,0,0,0,0,0,0,0,43,43,11733,0,0,0,0,0,0,0,0,0
201803,246,22180,C,Fayetteville  NC ,71,71,15599,0,0,0,0,0,0,0,0,0,71,71,15599,0,0,0,0,0,0,0,0,0
201803,258,23060, ,Fort Wayne  IN ,100,100,24966,4,8,300,0,0,0,1,35,3240,100,100,24966,4,8,300,0,0,0,1,35,3240
201803,260,23420,C,Fresno  CA ,283,283,77844,1,2,232,3,11,1192,2,24,1817,158,158,42839,0,0,0,1,4,38,0,0,0
201803,260,31460, ,Madera  CA ,51,51,12706,0,0,0,0,0,0,0,0,0,51,51,12706,0,0,0,0,0,0,0,0,0
201803,264,23540, ,Gainesville  FL ,49,49,13819,0,0,0,0,0,0,2,20,1225,41,41,12915,0,0,0,0,0,0,0,0,0
201803,266,24340, ,Grand Rapids-Wyoming  MI ,123,123,28217,2,4,828,1,4,300,4,29,3643,77,77,19097,2,4,828,1,4,300,3,18,2309
201803,266,34740, ,Muskegon  MI ,2,2,348,0,0,0,0,0,0,0,0,0,0,0,0,0,0,0,0,0,0,0,0,0
201803,267,24580, ,Green Bay  WI ,59,59,15659,1,2,429,0,0,0,7,67,4729,40,40,10779,1,2,429,0,0,0,6,62,4340
201803,268,15500, ,Burlington  NC ,60,60,9630,0,0,0,0,0,0,1,36,2106,60,60,9630,0,0,0,0,0,0,1,36,2106
201803,268,24660,C,Greensboro-High Point  NC ,186,186,45075,0,0,0,0,0,0,0,0,0,185,185,44861,0,0,0,0,0,0,0,0,0
201803,268,49180, ,Winston-Salem  NC ,237,237,45189,0,0,0,0,0,0,2,84,10683,224,224,42566,0,0,0,0,0,0,2,84,10683
201803,273,24860, ,Greenville-Anderson-Mauldin  SC ,523,523,213273,0,0,0,0,0,0,1,34,4473,476,476,205989,0,0,0,0,0,0,0,0,0
201803,273,43900, ,Spartanburg  SC ,195,195,33153,0,0,0,0,0,0,0,0,0,0,0,0,0,0,0,0,0,0,0,0,0
201803,274,24780, ,Greenville  NC ,21,21,3646,3,6,531,0,0,0,1,27,1535,0,0,0,0,0,0,0,0,0,0,0,0
201803,276,23900,C,Gettysburg  PA ,16,16,3959,0,0,0,0,0,0,0,0,0,16,16,3959,0,0,0,0,0,0,0,0,0
201803,276,25420,C,Harrisburg-Carlisle  PA ,125,125,24016,0,0,0,0,0,0,4,24,3870,85,85,16021,0,0,0,0,0,0,4,24,3870
201803,276,30140, ,Lebanon  PA ,28,28,4361,0,0,0,0,0,0,0,0,0,28,28,4361,0,0,0,0,0,0,0,0,0
201803,276,49620, ,York-Hanover  PA ,11,11,3098,0,0,0,0,0,0,0,0,0,9,9,2717,0,0,0,0,0,0,0,0,0
201803,277,25500,C,Harrisonburg  VA ,58,58,15901,0,0,0,0,0,0,0,0,0,58,58,15901,0,0,0,0,0,0,0,0,0
201803,277,44420, ,Staunton-Waynesboro  VA ,16,16,2554,0,0,0,0,0,0,0,0,0,16,16,2554,0,0,0,0,0,0,0,0,0
201803,278,25540,C,Hartford-West Hartford-East Hartford  CT ,50,50,11209,1,2,152,1,4,400,5,68,5545,37,37,8833,0,0,0,1,4,400,2,48,3900
201803,278,35980, ,Norwich-New London  CT ,9,9,2050,0,0,0,0,0,0,1,10,1315,6,6,1554,0,0,0,0,0,0,1,10,1315
201803,280,25860, ,Hickory-Lenoir-Morganton  NC ,1,1,150,0,0,0,0,0,0,1,5,279,0,0,0,0,0,0,0,0,0,0,0,0
201803,284,26300, ,Hot Springs  AR ,3,3,465,0,0,0,0,0,0,0,0,0,3,3,465,0,0,0,0,0,0,0,0,0
201803,288,26420, ,Houston-The Woodlands-Sugar Land  TX ,3927,3927,728177,8,16,1960,2,8,492,11,612,99856,2788,2788,572311,6,12,1698,0,0,0,7,568,96287
201803,290,19460, ,Decatur  AL ,8,8,1476,0,0,0,0,0,0,0,0,0,8,8,1476,0,0,0,0,0,0,0,0,0
201803,290,26620,C,Huntsville  AL ,212,212,37306,0,0,0,8,32,3906,0,0,0,212,212,37306,0,0,0,8,32,3906,0,0,0
201803,292,26820, ,Idaho Falls  ID ,74,74,8894,0,0,0,0,0,0,0,0,0,73,73,8733,0,0,0,0,0,0,0,0,0
201803,294,18020, ,Columbus  IN ,16,16,3333,0,0,0,0,0,0,0,0,0,16,16,3333,0,0,0,0,0,0,0,0,0
201803,294,26900, ,Indianapolis-Carmel-Anderson  IN ,682,682,201256,5,10,1714,4,14,2100,6,147,15956,655,655,195667,5,10,1714,4,14,2100,6,147,15956
201803,294,34620, ,Muncie  IN ,0,0,0,0,0,0,0,0,0,0,0,0,0,0,0,0,0,0,0,0,0,0,0,0
201803,296,27060, ,Ithaca  NY ,0,0,0,0,0,0,0,0,0,1,6,720,0,0,0,0,0,0,0,0,0,0,0,0
201803,297,27180, ,Jackson  TN ,17,17,3140,0,0,0,0,0,0,0,0,0,0,0,0,0,0,0,0,0,0,0,0,0
201803,298,27140, ,Jackson  MS ,110,110,24968,0,0,0,0,0,0,0,0,0,94,94,21415,0,0,0,0,0,0,0,0,0
201803,300,27260,C,Jacksonville  FL ,854,854,217618,0,0,0,2,8,1490,4,258,21862,823,823,209985,0,0,0,2,8,1490,4,258,21862
201803,304,27740, ,Johnson City  TN ,6,6,1024,0,0,0,0,0,0,0,0,0,6,6,1024,0,0,0,0,0,0,0,0,0
201803,304,28700, ,Kingsport-Bristol-Bristol  TN-VA ,1,1,237,0,0,0,0,0,0,0,0,0,0,0,0,0,0,0,0,0,0,0,0,0
201803,306,27780, ,Johnstown  PA ,0,0,0,0,0,0,0,0,0,0,0,0,0,0,0,0,0,0,0,0,0,0,0,0
201803,308,27860, ,Jonesboro  AR ,55,55,8050,3,6,426,4,12,637,1,19,1330,10,10,1401,0,0,0,0,0,0,0,0,0
201803,309,27900, ,Joplin  MO ,19,19,2935,4,8,1020,0,0,0,0,0,0,19,19,2935,4,8,1020,0,0,0,0,0,0
201803,310,12980, ,Battle Creek  MI ,0,0,0,0,0,0,0,0,0,0,0,0,0,0,0,0,0,0,0,0,0,0,0,0
201803,310,28020, ,Kalamazoo-Portage  MI ,6,6,2101,0,0,0,0,0,0,0,0,0,3,3,905,0,0,0,0,0,0,0,0,0
201803,312,28140, ,Kansas City  MO-KS ,561,561,142505,22,44,6366,8,31,3921,7,214,19390,461,461,112855,21,42,6126,7,28,3474,4,174,14618
201803,312,29940, ,Lawrence  KS ,9,9,3019,0,0,0,0,0,0,0,0,0,9,9,3019,0,0,0,0,0,0,0,0,0
201803,312,41140, ,St. Joseph  MO-KS ,0,0,0,0,0,0,0,0,0,0,0,0,0,0,0,0,0,0,0,0,0,0,0,0
201803,314,28940, ,Knoxville  TN ,286,286,59396,0,0,0,0,0,0,1,15,987,121,121,25535,0,0,0,0,0,0,0,0,0
201803,316,29020, ,Kokomo  IN ,1,1,140,0,0,0,0,0,0,0,0,0,1,1,140,0,0,0,0,0,0,0,0,0
201803,318,29180, ,Lafayette  LA ,153,153,31755,0,0,0,1,3,750,0,0,0,33,33,8853,0,0,0,0,0,0,0,0,0
201803,320,29200, ,Lafayette-West Lafayette  IN ,40,40,8192,1,2,360,0,0,0,4,486,68788,5,5,78,0,0,0,0,0,0,4,486,68788
201803,324,29340, ,Lake Charles  LA ,80,80,14835,5,10,673,0,0,0,0,0,0,34,34,5433,5,10,673,0,0,0,0,0,0
201803,330,29620, ,Lansing-East Lansing  MI ,7,7,1930,1,2,168,0,0,0,0,0,0,5,5,1633,0,0,0,0,0,0,0,0,0
201803,332,29420, ,Lake Havasu City-Kingman  AZ ,88,88,18489,2,4,545,0,0,0,0,0,0,88,88,18489,2,4,545,0,0,0,0,0,0
201803,332,29820,C,Las Vegas-Henderson-Paradise  NV ,1052,1052,267101,9,18,1178,2,6,723,5,271,17034,1052,1052,267101,9,18,1178,2,6,723,5,271,17034
201803,336,30460,C,Lexington-Fayette  KY ,143,143,28854,1,2,400,0,0,0,2,63,4859,58,58,14089,0,0,0,0,0,0,0,0,0
201803,338,30620, ,Lima  OH ,2,2,474,0,0,0,0,0,0,0,0,0,2,2,474,0,0,0,0,0,0,0,0,0
201803,339,30700, ,Lincoln  NE ,97,97,20531,2,4,712,0,0,0,2,96,10067,5,5,874,0,0,0,0,0,0,0,0,0
201803,340,30780, ,Little Rock-North Little Rock-Conway  AR ,193,193,38077,1,2,153,0,0,0,1,5,188,148,148,30988,0,0,0,0,0,0,0,0,0
201803,340,38220, ,Pine Bluff  AR ,2,2,138,0,0,0,0,0,0,0,0,0,1,1,24,0,0,0,0,0,0,0,0,0
201803,346,30980, ,Longview  TX ,20,20,3826,0,0,0,0,0,0,3,74,4980,20,20,3826,0,0,0,0,0,0,3,74,4980
201803,348,31080,C,Los Angeles-Long Beach-Anaheim  CA ,1099,1099,378039,65,130,25640,19,62,13575,59,1795,432363,920,920,305556,61,122,23629,17,55,12278,46,1535,394128
201803,348,37100, ,Oxnard-Thousand Oaks-Ventura  CA ,17,17,4024,0,0,0,1,4,630,2,48,5687,6,6,1276,0,0,0,0,0,0,0,0,0
201803,348,40140, ,Riverside-San Bernardino-Ontario  CA ,955,955,250576,0,0,0,3,11,2068,17,130,16694,799,799,213039,0,0,0,3,11,2068,15,96,13026
201803,350,21060, ,Elizabethtown-Fort Knox  KY ,37,37,7272,2,4,350,0,0,0,2,10,302,34,34,6863,2,4,350,0,0,0,0,0,0
201803,350,31140, ,Louisville-Jefferson County  KY-IN ,305,305,81167,1,2,99,0,0,0,4,80,8000,260,260,68517,0,0,0,0,0,0,4,80,8000
201803,352,31180, ,Lubbock  TX ,132,132,29901,4,8,979,1,4,536,6,88,10083,6,6,1177,0,0,0,0,0,0,0,0,0
201803,356,31420, ,Macon-Bibb County  GA ,21,21,4119,0,0,0,0,0,0,0,0,0,0,0,0,0,0,0,0,0,0,0,0,0
201803,356,47580, ,Warner Robins  GA ,104,104,20964,0,0,0,0,0,0,0,0,0,104,104,20964,0,0,0,0,0,0,0,0,0
201803,357,27500, ,Janesville-Beloit  WI ,12,12,2746,1,2,415,0,0,0,0,0,0,12,12,2746,1,2,415,0,0,0,0,0,0
201803,357,31540, ,Madison  WI ,142,142,45638,5,10,1858,2,6,769,4,155,25653,123,123,39876,3,6,1220,0,0,0,2,112,22464
201803,358,31740, ,Manhattan  KS ,18,18,4870,0,0,0,0,0,0,0,0,0,17,17,4711,0,0,0,0,0,0,0,0,0
201803,359,31860, ,Mankato-North Mankato  MN ,11,11,2305,0,0,0,1,3,450,1,6,635,0,0,0,0,0,0,0,0,0,0,0,0
201803,365,32580,C,McAllen-Edinburg-Mission  TX ,246,246,43115,5,10,624,14,56,3849,1,42,3287,160,160,29025,2,4,281,8,32,2386,0,0,0
201803,366,32780, ,Medford  OR ,35,35,7631,0,0,0,0,0,0,0,0,0,35,35,7631,0,0,0,0,0,0,0,0,0
201803,368,32820, ,Memphis  TN-MS-AR ,277,277,56381,0,0,0,0,0,0,0,0,0,260,260,54271,0,0,0,0,0,0,0,0,0
201803,370,33100, ,Miami-Fort Lauderdale-West Palm Beach  FL ,608,608,194393,12,24,4367,1,3,514,31,1504,243601,521,521,160181,11,22,4117,0,0,0,23,1384,218770
201803,370,38940, ,Port St. Lucie  FL ,194,194,42541,11,22,3650,2,6,1265,1,7,1772,164,164,26196,11,22,3650,1,3,300,0,0,0
201803,370,42680, ,Sebastian-Vero Beach  FL ,119,119,38471,0,0,0,0,0,0,0,0,0,119,119,38471,0,0,0,0,0,0,0,0,0
201803,372,33260, ,Midland  TX ,123,123,24058,0,0,0,0,0,0,0,0,0,123,123,24058,0,0,0,0,0,0,0,0,0
201803,372,36220,C,Odessa  TX ,46,46,8795,0,0,0,0,0,0,0,0,0,0,0,0,0,0,0,0,0,0,0,0,0
201803,376,33340,C,Milwaukee-Waukesha-West Allis  WI ,134,134,47655,6,12,1832,0,0,0,6,283,27803,91,91,30406,6,12,1832,0,0,0,5,277,27349
201803,376,39540, ,Racine  WI ,25,25,7762,1,2,325,0,0,0,0,0,0,25,25,7762,1,2,325,0,0,0,0,0,0
201803,378,33460, ,Minneapolis-St. Paul-Bloomington  MN-WI ,681,681,207921,4,8,1357,4,16,3996,6,695,138917,605,605,179505,4,8,1357,4,16,3996,4,678,135905
201803,378,41060, ,St. Cloud  MN ,1,1,213,0,0,0,0,0,0,0,0,0,0,0,0,0,0,0,0,0,0,0,0,0
201803,380,19300, ,Daphne-Fairhope-Foley  AL ,168,168,34581,1,2,252,2,8,902,0,0,0,89,89,23531,0,0,0,0,0,0,0,0,0
201803,380,33660, ,Mobile  AL ,49,49,10750,0,0,0,0,0,0,0,0,0,48,48,10677,0,0,0,0,0,0,0,0,0
201803,382,32900, ,Merced  CA ,29,29,6485,0,0,0,0,0,0,0,0,0,29,29,6485,0,0,0,0,0,0,0,0,0
201803,382,33700, ,Modesto  CA ,6,6,871,0,0,0,0,0,0,0,0,0,0,0,0,0,0,0,0,0,0,0,0,0
201803,384,33740, ,Monroe  LA ,39,39,8401,0,0,0,0,0,0,0,0,0,0,0,0,0,0,0,0,0,0,0,0,0
201803,390,34060, ,Morgantown  WV ,1,1,70,0,0,0,0,0,0,0,0,0,1,1,70,0,0,0,0,0,0,0,0,0
201803,396,34820, ,Myrtle Beach-Conway-North Myrtle Beach  SC-NC ,501,501,97291,0,0,0,1,3,146,17,293,22166,432,432,84697,0,0,0,0,0,0,17,293,22166
201803,400,34980, ,Nashville-Davidson--Murfreesboro--Franklin  TN ,1109,1109,277736,0,0,0,3,11,712,7,271,31406,987,987,252471,0,0,0,2,8,462,5,257,29960
201803,406,25220, ,Hammond  LA ,97,97,789,0,0,0,0,0,0,0,0,0,92,92,15,0,0,0,0,0,0,0,0,0
201803,406,35380, ,New Orleans-Metairie  LA ,275,275,63667,4,8,971,1,3,141,2,26,5526,194,194,45315,0,0,0,0,0,0,0,0,0
201803,408,10900, ,Allentown-Bethlehem-Easton  PA-NJ ,18,18,4582,0,0,0,0,0,0,0,0,0,5,5,1045,0,0,0,0,0,0,0,0,0
201803,408,14860,C,Bridgeport-Stamford-Norwalk  CT ,69,69,38628,1,2,583,0,0,0,3,36,5209,51,51,26458,1,2,583,0,0,0,2,30,4723
201803,408,20700, ,East Stroudsburg  PA ,10,10,3169,0,0,0,0,0,0,0,0,0,8,8,2659,0,0,0,0,0,0,0,0,0
201803,408,28740, ,Kingston  NY ,2,2,540,0,0,0,0,0,0,1,5,1220,2,2,540,0,0,0,0,0,0,0,0,0
201803,408,35300, ,New Haven-Milford  CT ,17,17,3001,0,0,0,0,0,0,1,16,984,9,9,1801,0,0,0,0,0,0,0,0,0
201803,408,35620, ,New York-Newark-Jersey City  NY-NJ-PA ,805,805,213984,63,126,15682,31,111,8434,103,3905,443939,593,593,163592,53,106,13150,28,101,6785,69,3497,408602
201803,408,45940,C,Trenton  NJ ,11,11,2538,1,2,87,1,3,265,0,0,0,5,5,712,0,0,0,0,0,0,0,0,0
201803,412,35840,C,North Port-Sarasota-Bradenton  FL ,612,612,135865,1,2,565,6,23,4754,11,238,20061,294,294,60901,0,0,0,1,4,898,8,192,15241
201803,412,39460, ,Punta Gorda  FL ,56,56,1078,1,2,158,0,0,0,0,0,0,0,0,0,0,0,0,0,0,0,0,0,0
201803,416,36420,C,Oklahoma City  OK ,449,449,102940,26,52,6295,0,0,0,0,0,0,418,418,96703,26,52,6295,0,0,0,0,0,0
201803,420,36540, ,Omaha-Council Bluffs  NE-IA ,282,282,57562,1,2,248,0,0,0,1,7,843,199,199,35896,1,2,248,0,0,0,0,0,0
201803,422,19660, ,Deltona-Daytona Beach-Ormond Beach  FL ,175,175,51849,4,8,1295,0,0,0,0,0,0,160,160,47853,4,8,1295,0,0,0,0,0,0
201803,422,36740, ,Orlando-Kissimmee-Sanford  FL ,1421,1421,390674,17,34,4201,5,20,1769,31,908,98907,973,973,262520,16,32,4001,5,20,1769,27,807,91000
201803,422,45540,C,The Villages  FL ,187,187,49069,0,0,0,0,0,0,0,0,0,187,187,49069,0,0,0,0,0,0,0,0,0
201803,425,37620, ,Parkersburg-Vienna  WV ,6,6,988,0,0,0,0,0,0,0,0,0,6,6,988,0,0,0,0,0,0,0,0,0
201803,426,37860,C,Pensacola-Ferry Pass-Brent  FL ,231,231,40881,0,0,0,0,0,0,0,0,0,231,231,40881,0,0,0,0,0,0,0,0,0
201803,427,37900, ,Peoria  IL ,2,2,450,0,0,0,0,0,0,1,36,5500,2,2,450,0,0,0,0,0,0,1,36,5500
201803,428,12100,C,Atlantic City-Hammonton  NJ ,21,21,6157,0,0,0,0,0,0,3,70,4562,17,17,5746,0,0,0,0,0,0,1,32,732
201803,428,20100,C,Dover  DE ,134,134,19975,0,0,0,0,0,0,0,0,0,131,131,19696,0,0,0,0,0,0,0,0,0
201803,428,36140,C,Ocean City  NJ ,29,29,13748,5,10,1000,0,0,0,1,22,6631,25,25,12800,5,10,1000,0,0,0,1,22,6631
201803,428,37980,C,Philadelphia-Camden-Wilmington  PA-NJ-DE-MD ,564,564,105950,8,16,5519,15,50,4539,26,511,82471,424,424,77350,8,16,5519,15,50,4539,21,473,78527
201803,428,39740, ,Reading  PA ,11,11,1342,0,0,0,0,0,0,0,0,0,10,10,1080,0,0,0,0,0,0,0,0,0
201803,428,47220,C,Vineland-Bridgeton  NJ ,14,14,1562,0,0,0,0,0,0,0,0,0,5,5,637,0,0,0,0,0,0,0,0,0
201803,430,38300, ,Pittsburgh  PA ,84,84,27464,0,0,0,0,0,0,1,40,3280,58,58,20897,0,0,0,0,0,0,0,0,0
201803,430,48260, ,Weirton-Steubenville  WV-OH ,0,0,0,0,0,0,0,0,0,0,0,0,0,0,0,0,0,0,0,0,0,0,0,0
201803,438,30340, ,Lewiston-Auburn  ME ,7,7,1519,0,0,0,0,0,0,0,0,0,7,7,1519,0,0,0,0,0,0,0,0,0
201803,438,38860, ,Portland-South Portland  ME ,108,108,26481,4,8,1154,0,0,0,3,27,2499,38,38,10118,3,6,805,0,0,0,0,0,0
201803,440,10540, ,Albany  OR ,30,30,6900,0,0,0,0,0,0,1,5,419,21,21,5424,0,0,0,0,0,0,0,0,0
201803,440,18700, ,Corvallis  OR ,4,4,1045,0,0,0,0,0,0,0,0,0,4,4,1045,0,0,0,0,0,0,0,0,0
201803,440,31020, ,Longview  WA ,17,17,3982,0,0,0,0,0,0,0,0,0,17,17,3982,0,0,0,0,0,0,0,0,0
201803,440,38900, ,Portland-Vancouver-Hillsboro  OR-WA ,605,605,172104,13,26,4374,1,4,715,25,843,89272,370,370,100146,12,24,4055,1,4,715,21,788,82760
201803,440,41420, ,Salem  OR ,56,56,14161,5,10,1610,0,0,0,0,0,0,56,56,14161,5,10,1610,0,0,0,0,0,0
201803,444,39380,C,Pueblo  CO ,63,63,6896,0,0,0,0,0,0,0,0,0,63,63,6896,0,0,0,0,0,0,0,0,0
201803,450,20500,C,Durham-Chapel Hill  NC ,317,317,70045,1,2,170,0,0,0,5,108,9301,103,103,26101,0,0,0,0,0,0,0,0,0
201803,450,39580,C,Raleigh  NC ,1035,1035,211332,1,2,117,0,0,0,17,353,32528,1029,1029,210419,1,2,117,0,0,0,17,353,32528
201803,452,39660, ,Rapid City  SD ,49,49,7604,2,4,500,0,0,0,0,0,0,36,36,5695,2,4,500,0,0,0,0,0,0
201803,454,39820, ,Redding  CA ,4,4,1090,0,0,0,0,0,0,0,0,0,4,4,1090,0,0,0,0,0,0,0,0,0
201803,456,16180,C,Carson City  NV ,14,14,3697,0,0,0,0,0,0,0,0,0,14,14,3697,0,0,0,0,0,0,0,0,0
201803,456,39900,C,Reno  NV ,139,139,36164,0,0,0,0,0,0,2,16,2094,138,138,36044,0,0,0,0,0,0,2,16,2094
201803,462,40340, ,Rochester  MN ,26,26,5976,0,0,0,0,0,0,0,0,0,26,26,5976,0,0,0,0,0,0,0,0,0
201803,464,40380, ,Rochester  NY ,94,94,23279,3,6,225,2,8,402,13,88,6346,58,58,14018,3,6,225,0,0,0,7,56,4816
201803,466,40420, ,Rockford  IL ,18,18,2153,0,0,0,0,0,0,0,0,0,18,18,2153,0,0,0,0,0,0,0,0,0
201803,470,40660,C,Rome  GA ,13,13,1811,0,0,0,1,4,288,0,0,0,13,13,1811,0,0,0,1,4,288,0,0,0
201803,472,40900,C,Sacramento--Roseville--Arden-Arcade  CA ,630,630,176814,4,8,1569,1,3,350,8,72,9565,628,628,176160,4,8,1569,1,3,350,8,72,9565
201803,474,13020, ,Bay City  MI ,2,2,262,0,0,0,0,0,0,0,0,0,0,0,0,0,0,0,0,0,0,0,0,0
201803,474,33220, ,Midland  MI ,3,3,455,2,4,432,0,0,0,0,0,0,3,3,455,2,4,432,0,0,0,0,0,0
201803,474,40980, ,Saginaw  MI ,2,2,536,0,0,0,1,4,200,0,0,0,2,2,536,0,0,0,1,4,200,0,0,0
201803,476,41180, ,St. Louis  MO-IL ,494,494,126897,2,4,658,0,0,0,4,460,30001,369,369,88103,2,4,658,0,0,0,2,440,27700
201803,482,36260, ,Ogden-Clearfield  UT ,217,217,56484,2,4,590,5,20,2810,2,10,1598,202,202,51686,2,4,590,4,16,2172,1,5,799
201803,482,39340, ,Provo-Orem  UT ,474,474,132346,1,2,336,0,0,0,4,88,10598,471,471,131438,1,2,336,0,0,0,4,88,10598
201803,482,41620, ,Salt Lake City  UT ,465,465,116055,3,6,1102,7,24,3201,14,475,57977,234,234,60175,2,4,810,4,14,2235,7,82,12561
201803,488,41860,C,San Francisco-Oakland-Hayward  CA ,433,433,165918,4,8,1918,5,16,4314,24,1592,304345,356,356,136962,4,8,1918,4,13,3457,14,1416,273903
201803,488,41940,C,San Jose-Sunnyvale-Santa Clara  CA ,220,220,67041,1,2,486,3,10,2061,8,464,61718,155,155,48561,1,2,486,2,6,1024,7,425,55827
201803,488,42100, ,Santa Cruz-Watsonville  CA ,12,12,2751,0,0,0,1,3,344,2,10,1017,0,0,0,0,0,0,0,0,0,0,0,0
201803,488,42220, ,Santa Rosa  CA ,204,204,52922,0,0,0,10,38,10750,0,0,0,202,202,52341,0,0,0,10,38,10750,0,0,0
201803,488,44700, ,Stockton-Lodi  CA ,163,163,50604,0,0,0,0,0,0,0,0,0,163,163,50604,0,0,0,0,0,0,0,0,0
201803,488,46700, ,Vallejo-Fairfield  CA ,77,77,20852,0,0,0,0,0,0,0,0,0,77,77,20852,0,0,0,0,0,0,0,0,0
201803,496,25980, ,Hinesville  GA ,33,33,8019,0,0,0,0,0,0,0,0,0,33,33,8019,0,0,0,0,0,0,0,0,0
201803,496,42340, ,Savannah  GA ,169,169,38408,0,0,0,0,0,0,0,0,0,103,103,22065,0,0,0,0,0,0,0,0,0
201803,500,14740,C,Bremerton-Silverdale  WA ,91,91,28171,1,2,279,0,0,0,0,0,0,91,91,28171,1,2,279,0,0,0,0,0,0
201803,500,34580, ,Mount Vernon-Anacortes  WA ,59,59,14833,0,0,0,0,0,0,0,0,0,43,43,12204,0,0,0,0,0,0,0,0,0
201803,500,36500, ,Olympia-Tumwater  WA ,103,103,29859,0,0,0,10,30,4796,1,6,924,103,103,29859,0,0,0,10,30,4796,1,6,924
201803,500,42660,C,Seattle-Tacoma-Bellevue  WA ,877,877,299235,28,56,12605,20,68,11629,27,1977,269768,726,726,241131,26,52,11531,20,68,11629,22,1846,254027
201803,512,43580, ,Sioux City  IA-NE-SD ,11,11,3156,0,0,0,0,0,0,0,0,0,1,1,310,0,0,0,0,0,0,0,0,0
201803,515,21140, ,Elkhart-Goshen  IN ,26,26,6784,0,0,0,0,0,0,0,0,0,26,26,6784,0,0,0,0,0,0,0,0,0
201803,515,35660, ,Niles-Benton Harbor  MI ,1,1,370,0,0,0,0,0,0,0,0,0,1,1,370,0,0,0,0,0,0,0,0,0
201803,515,43780, ,South Bend-Mishawaka  IN-MI ,31,31,10204,0,0,0,0,0,0,0,0,0,31,31,10204,0,0,0,0,0,0,0,0,0
201803,518,17660, ,Coeur dAlene  ID ,126,126,28591,0,0,0,0,0,0,1,5,313,96,96,22565,0,0,0,0,0,0,0,0,0
201803,518,44060, ,Spokane-Spokane Valley  WA ,186,186,44740,11,22,3858,1,3,322,7,178,17847,144,144,34312,10,20,3535,0,0,0,5,130,12783
201803,520,44180, ,Springfield  MO ,56,56,11398,1,2,180,0,0,0,0,0,0,56,56,11398,1,2,180,0,0,0,0,0,0
201803,521,44140, ,Springfield  MA ,0,0,0,0,0,0,0,0,0,0,0,0,0,0,0,0,0,0,0,0,0,0,0,0
201803,522,44100, ,Springfield  IL ,13,13,4090,4,8,1373,0,0,0,4,109,9980,13,13,4090,4,8,1373,0,0,0,4,109,9980
201803,524,44300, ,State College  PA ,4,4,1068,0,0,0,0,0,0,0,0,0,2,2,737,0,0,0,0,0,0,0,0,0
201803,532,45060, ,Syracuse  NY ,22,22,4849,0,0,0,0,0,0,1,30,3206,22,22,4849,0,0,0,0,0,0,0,0,0
201803,533,45220, ,Tallahassee  FL ,99,99,15221,0,0,0,0,0,0,1,43,3120,64,64,9234,0,0,0,0,0,0,0,0,0
201803,534,45780, ,Toledo  OH ,58,58,15852,3,6,1029,0,0,0,0,0,0,27,27,6775,0,0,0,0,0,0,0,0,0
201803,536,46060,C,Tucson  AZ ,293,293,79352,1,2,330,0,0,0,1,5,428,144,144,39214,0,0,0,0,0,0,0,0,0
201803,538,46140,C,Tulsa  OK ,296,296,64105,0,0,0,2,8,470,0,0,0,294,294,63939,0,0,0,2,8,470,0,0,0
201803,540,46340, ,Tyler  TX ,31,31,9475,2,4,968,2,6,1229,1,5,735,31,31,9475,2,4,968,2,6,1229,1,5,735
201803,545,47260, ,Virginia Beach-Norfolk-Newport News  VA-NC ,438,438,102180,0,0,0,1,3,249,5,123,85326,389,389,94458,0,0,0,0,0,0,5,123,85326
201803,546,47300, ,Visalia-Porterville  CA ,107,107,24875,0,0,0,0,0,0,8,64,4934,107,107,24875,0,0,0,0,0,0,8,64,4934
201803,548,12580,C,Baltimore-Columbia-Towson  MD ,423,423,83318,0,0,0,0,0,0,4,467,95513,404,404,77855,0,0,0,0,0,0,3,451,94200
201803,548,15680,C,California-Lexington Park  MD ,88,88,18711,0,0,0,0,0,0,0,0,0,88,88,18711,0,0,0,0,0,0,0,0,0
201803,548,16540,C,Chambersburg-Waynesboro  PA ,50,50,9192,0,0,0,0,0,0,1,5,488,37,37,6909,0,0,0,0,0,0,0,0,0
201803,548,25180, ,Hagerstown-Martinsburg  MD-WV ,114,114,20857,0,0,0,0,0,0,0,0,0,114,114,20857,0,0,0,0,0,0,0,0,0
201803,548,47900, ,Washington-Arlington-Alexandria  DC-VA-MD-WV ,1251,1251,297025,5,10,1644,0,0,0,25,1054,149093,1056,1056,258774,2,4,434,0,0,0,20,861,122607
201803,548,49020, ,Winchester  VA-WV ,50,50,10837,0,0,0,0,0,0,1,5,637,50,50,10837,0,0,0,0,0,0,1,5,637
201803,554,48140, ,Wausau  WI ,11,11,2198,0,0,0,0,0,0,0,0,0,5,5,810,0,0,0,0,0,0,0,0,0
201803,556,48620, ,Wichita  KS ,77,77,19860,13,26,2484,1,3,450,2,37,2589,10,10,2651,2,4,650,1,3,450,0,0,0
201803,558,48700, ,Williamsport  PA ,0,0,0,0,0,0,0,0,0,0,0,0,0,0,0,0,0,0,0,0,0,0,0,0
201803,566,49660, ,Youngstown-Warren-Boardman  OH-PA ,18,18,3433,0,0,0,0,0,0,0,0,0,18,18,3433,0,0,0,0,0,0,0,0,0
201803,999,10180, ,Abilene  TX ,31,31,5767,0,0,0,0,0,0,0,0,0,0,0,0,0,0,0,0,0,0,0,0,0
201803,999,10500, ,Albany  GA ,16,16,2054,0,0,0,0,0,0,1,5,504,0,0,0,0,0,0,0,0,0,0,0,0
201803,999,10780, ,Alexandria  LA ,19,19,4362,0,0,0,0,0,0,0,0,0,12,12,2265,0,0,0,0,0,0,0,0,0
201803,999,11020, ,Altoona  PA ,3,3,340,0,0,0,0,0,0,0,0,0,3,3,340,0,0,0,0,0,0,0,0,0
201803,999,11260,C,Anchorage  AK ,85,85,26575,1,2,301,1,4,694,2,19,3004,3,3,882,1,2,301,0,0,0,0,0,0
201803,999,11500, ,Anniston-Oxford-Jacksonville  AL ,1,1,130,0,0,0,0,0,0,0,0,0,1,1,130,0,0,0,0,0,0,0,0,0
201803,999,12260, ,Augusta-Richmond County  GA-SC ,295,295,56978,0,0,0,0,0,0,1,23,1540,142,142,29269,0,0,0,0,0,0,0,0,0
201803,999,12420, ,Austin-Round Rock  TX ,1412,1412,332040,3,6,551,0,0,0,39,1156,105439,1218,1218,291466,1,2,260,0,0,0,39,1156,105439
201803,999,12540, ,Bakersfield  CA ,192,192,44163,5,10,1183,0,0,0,0,0,0,40,40,3456,0,0,0,0,0,0,0,0,0
201803,999,12620, ,Bangor  ME ,4,4,576,0,0,0,0,0,0,0,0,0,3,3,335,0,0,0,0,0,0,0,0,0
201803,999,12940,C,Baton Rouge  LA ,326,326,70397,4,8,859,1,3,232,1,48,5381,160,160,38483,4,8,859,0,0,0,1,48,5381
201803,999,13140, ,Beaumont-Port Arthur  TX ,43,43,9340,0,0,0,0,0,0,0,0,0,31,31,6918,0,0,0,0,0,0,0,0,0
201803,999,13220,C,Beckley  WV ,3,3,326,0,0,0,0,0,0,0,0,0,0,0,0,0,0,0,0,0,0,0,0,0
201803,999,13380, ,Bellingham  WA ,79,79,20763,1,2,344,1,4,661,4,92,6314,71,71,18727,1,2,344,0,0,0,3,87,5827
201803,999,13740, ,Billings  MT ,60,60,10961,0,0,0,0,0,0,0,0,0,0,0,0,0,0,0,0,0,0,0,0,0
201803,999,13780, ,Binghamton  NY ,0,0,0,0,0,0,0,0,0,0,0,0,0,0,0,0,0,0,0,0,0,0,0,0
201803,999,13900, ,Bismarck  ND ,15,15,4189,1,2,364,0,0,0,0,0,0,10,10,2646,1,2,364,0,0,0,0,0,0
201803,999,13980, ,Blacksburg-Christiansburg-Radford  VA ,16,16,3497,0,0,0,0,0,0,0,0,0,16,16,3497,0,0,0,0,0,0,0,0,0
201803,999,15260, ,Brunswick  GA ,55,55,16217,0,0,0,0,0,0,0,0,0,0,0,0,0,0,0,0,0,0,0,0,0
201803,999,15540, ,Burlington-South Burlington  VT ,27,27,6560,3,6,616,3,10,1031,2,51,4815,22,22,5387,1,2,270,2,7,600,1,43,4080
201803,999,16220, ,Casper  WY ,17,17,3709,0,0,0,1,3,274,0,0,0,10,10,1855,0,0,0,0,0,0,0,0,0
201803,999,16580, ,Champaign-Urbana  IL ,10,10,2702,0,0,0,0,0,0,1,218,31480,9,9,2489,0,0,0,0,0,0,1,218,31480
201803,999,16700,C,Charleston-North Charleston  SC ,465,465,128389,1,2,340,0,0,0,5,153,9509,117,117,43494,0,0,0,0,0,0,0,0,0
201803,999,16820, ,Charlottesville  VA ,62,62,19211,0,0,0,0,0,0,3,24,2875,0,0,0,0,0,0,0,0,0,0,0,0
201803,999,16940, ,Cheyenne  WY ,44,44,8578,0,0,0,0,0,0,0,0,0,44,44,8578,0,0,0,0,0,0,0,0,0
201803,999,17020, ,Chico  CA ,22,22,4807,1,2,356,0,0,0,0,0,0,22,22,4807,1,2,356,0,0,0,0,0,0
201803,999,17300,C,Clarksville  TN-KY ,172,172,25536,0,0,0,3,12,670,0,0,0,170,170,25393,0,0,0,3,12,670,0,0,0
201803,999,17780, ,College Station-Bryan  TX ,84,84,17228,0,0,0,0,0,0,10,240,20231,84,84,17228,0,0,0,0,0,0,10,240,20231
201803,999,17820,C,Colorado Springs  CO ,415,415,157423,0,0,0,3,12,1308,3,206,37554,414,414,157373,0,0,0,3,12,1308,3,206,37554
201803,999,18880,C,Crestview-Fort Walton Beach-Destin  FL ,214,214,86147,0,0,0,34,102,18175,0,0,0,208,208,85149,0,0,0,34,102,18175,0,0,0
201803,999,19060, ,Cumberland  MD-WV ,3,3,691,0,0,0,0,0,0,0,0,0,3,3,691,0,0,0,0,0,0,0,0,0
201803,999,19180, ,Danville  IL ,0,0,0,0,0,0,0,0,0,0,0,0,0,0,0,0,0,0,0,0,0,0,0,0
201803,999,19500, ,Decatur  IL ,6,6,1386,1,2,300,0,0,0,0,0,0,6,6,1386,1,2,300,0,0,0,0,0,0
201803,999,20220, ,Dubuque  IA ,20,20,5594,0,0,0,0,0,0,0,0,0,20,20,5594,0,0,0,0,0,0,0,0,0
201803,999,20260, ,Duluth  MN-WI ,6,6,1252,0,0,0,0,0,0,0,0,0,6,6,1252,0,0,0,0,0,0,0,0,0
201803,999,20940, ,El Centro  CA ,4,4,1329,0,0,0,0,0,0,0,0,0,4,4,1329,0,0,0,0,0,0,0,0,0
201803,999,21420, ,Enid  OK ,1,1,193,0,0,0,0,0,0,0,0,0,0,0,0,0,0,0,0,0,0,0,0,0
201803,999,21660, ,Eugene  OR ,62,62,16156,1,2,334,0,0,0,1,8,608,38,38,10173,1,2,334,0,0,0,1,8,608
201803,999,21780, ,Evansville  IN-KY ,36,36,7509,0,0,0,0,0,0,0,0,0,36,36,7509,0,0,0,0,0,0,0,0,0
201803,999,21820,C,Fairbanks  AK ,0,0,0,0,0,0,0,0,0,0,0,0,0,0,0,0,0,0,0,0,0,0,0,0
201803,999,22140,C,Farmington  NM ,11,11,2729,0,0,0,0,0,0,0,0,0,11,11,2729,0,0,0,0,0,0,0,0,0
201803,999,22220, ,Fayetteville-Springdale-Rogers  AR-MO ,457,457,104393,3,6,811,4,12,2530,10,295,28129,337,337,80304,3,6,811,4,12,2530,9,284,27341
201803,999,22380, ,Flagstaff  AZ ,38,38,9100,0,0,0,0,0,0,0,0,0,22,22,5253,0,0,0,0,0,0,0,0,0
201803,999,22500, ,Florence  SC ,34,34,5447,1,2,135,0,0,0,0,0,0,0,0,0,0,0,0,0,0,0,0,0,0
201803,999,22520, ,Florence-Muscle Shoals  AL ,18,18,2233,0,0,0,0,0,0,1,8,280,6,6,815,0,0,0,0,0,0,1,8,280
201803,999,22540, ,Fond du Lac  WI ,4,4,951,0,0,0,0,0,0,1,14,525,0,0,0,0,0,0,0,0,0,0,0,0
201803,999,22660,C,Fort Collins  CO ,156,156,42131,1,2,781,1,4,481,3,81,13165,156,156,42131,1,2,781,1,4,481,3,81,13165
201803,999,22900, ,Fort Smith  AR-OK ,17,17,3566,6,12,1779,0,0,0,0,0,0,13,13,3158,6,12,1779,0,0,0,0,0,0
201803,999,23460, ,Gadsden  AL ,5,5,646,0,0,0,0,0,0,0,0,0,0,0,0,0,0,0,0,0,0,0,0,0
201803,999,24220, ,Grand Forks  ND-MN ,13,13,2910,0,0,0,0,0,0,0,0,0,13,13,2910,0,0,0,0,0,0,0,0,0
201803,999,24260, ,Grand Island  NE ,2,2,381,1,2,305,1,3,259,0,0,0,2,2,381,1,2,305,1,3,259,0,0,0
201803,999,24300,C,Grand Junction  CO ,80,80,12634,0,0,0,0,0,0,0,0,0,80,80,12634,0,0,0,0,0,0,0,0,0
201803,999,24500, ,Great Falls  MT ,18,18,4446,1,2,358,0,0,0,0,0,0,6,6,1161,0,0,0,0,0,0,0,0,0
201803,999,25060, ,Gulfport-Biloxi-Pascagoula  MS ,152,152,36303,1,2,245,0,0,0,1,9,762,79,79,25439,0,0,0,0,0,0,0,0,0
201803,999,25620, ,Hattiesburg  MS ,7,7,625,0,0,0,1,3,79,1,5,115,0,0,0,0,0,0,0,0,0,0,0,0
201803,999,25940, ,Hilton Head Island-Bluffton-Beaufort  SC ,88,88,30275,0,0,0,0,0,0,0,0,0,88,88,30275,0,0,0,0,0,0,0,0,0
201803,999,26140, ,Homosassa Springs  FL ,38,38,8147,1,2,44,0,0,0,1,9,604,0,0,0,0,0,0,0,0,0,0,0,0
201803,999,26380, ,Houma-Thibodaux  LA ,31,31,7271,0,0,0,0,0,0,0,0,0,31,31,7271,0,0,0,0,0,0,0,0,0
201803,999,27100, ,Jackson  MI ,0,0,0,0,0,0,0,0,0,0,0,0,0,0,0,0,0,0,0,0,0,0,0,0
201803,999,27340,C,Jacksonville  NC ,93,93,14981,0,0,0,0,0,0,0,0,0,93,93,14981,0,0,0,0,0,0,0,0,0
201803,999,27980,C,Kahului-Wailuku-Lahaina  HI ,38,38,12298,3,6,1769,0,0,0,0,0,0,38,38,12298,3,6,1769,0,0,0,0,0,0
201803,999,28420,C,Kennewick-Richland  WA ,166,166,48138,2,4,676,0,0,0,1,26,2449,63,63,18994,0,0,0,0,0,0,0,0,0
201803,999,28660,C,Killeen-Temple  TX ,200,200,38240,5,10,806,0,0,0,1,5,397,179,179,35257,5,10,806,0,0,0,0,0,0
201803,999,29100, ,La Crosse-Onalaska  WI-MN ,20,20,5180,2,4,585,0,0,0,0,0,0,20,20,5180,2,4,585,0,0,0,0,0,0
201803,999,29460, ,Lakeland-Winter Haven  FL ,422,422,82941,0,0,0,0,0,0,0,0,0,422,422,82941,0,0,0,0,0,0,0,0,0
201803,999,29540, ,Lancaster  PA ,4,4,858,0,0,0,0,0,0,0,0,0,2,2,380,0,0,0,0,0,0,0,0,0
201803,999,29700, ,Laredo  TX ,99,99,20215,1,2,142,0,0,0,1,14,1405,0,0,0,0,0,0,0,0,0,0,0,0
201803,999,30020, ,Lawton  OK ,4,4,680,0,0,0,0,0,0,0,0,0,4,4,680,0,0,0,0,0,0,0,0,0
201803,999,30300, ,Lewiston  ID-WA ,0,0,0,0,0,0,0,0,0,0,0,0,0,0,0,0,0,0,0,0,0,0,0,0
201803,999,30860, ,Logan  UT-ID ,9,9,1146,0,0,0,0,0,0,0,0,0,9,9,1146,0,0,0,0,0,0,0,0,0
201803,999,31340, ,Lynchburg  VA ,16,16,4288,0,0,0,0,0,0,1,5,300,11,11,3363,0,0,0,0,0,0,1,5,300
201803,999,33540,C,Missoula  MT ,51,51,12229,0,0,0,0,0,0,0,0,0,51,51,12229,0,0,0,0,0,0,0,0,0
201803,999,33860, ,Montgomery  AL ,59,59,14834,0,0,0,0,0,0,1,7,919,35,35,11145,0,0,0,0,0,0,0,0,0
201803,999,36100, ,Ocala  FL ,215,215,35374,0,0,0,0,0,0,0,0,0,215,215,35374,0,0,0,0,0,0,0,0,0
201803,999,36980, ,Owensboro  KY ,24,24,2772,0,0,0,0,0,0,0,0,0,24,24,2772,0,0,0,0,0,0,0,0,0
201803,999,37340, ,Palm Bay-Melbourne-Titusville  FL ,190,190,71178,0,0,0,0,0,0,0,0,0,160,160,61583,0,0,0,0,0,0,0,0,0
201803,999,37460, ,Panama City  FL ,54,54,14059,0,0,0,0,0,0,0,0,0,0,0,0,0,0,0,0,0,0,0,0,0
201803,999,38060,C,Phoenix-Mesa-Scottsdale  AZ ,1943,1943,503308,17,34,4797,10,30,3791,16,370,45045,1928,1928,499378,17,34,4797,10,30,3791,16,370,45045
201803,999,38340, ,Pittsfield  MA ,1,1,351,0,0,0,0,0,0,0,0,0,0,0,0,0,0,0,0,0,0,0,0,0
201803,999,38540, ,Pocatello  ID ,51,51,5052,0,0,0,0,0,0,0,0,0,51,51,5052,0,0,0,0,0,0,0,0,0
201803,999,39140, ,Prescott  AZ ,129,129,35773,2,4,564,1,3,376,0,0,0,91,91,23756,2,4,564,1,3,376,0,0,0
201803,999,40060, ,Richmond  VA ,433,433,84119,0,0,0,3,11,1230,5,260,20124,422,422,83552,0,0,0,3,11,1230,5,260,20124
201803,999,41100, ,St. George  UT ,124,124,24504,0,0,0,0,0,0,2,110,14229,80,80,13679,0,0,0,0,0,0,2,110,14229
201803,999,41500, ,Salinas  CA ,17,17,7080,0,0,0,0,0,0,3,101,27929,16,16,6884,0,0,0,0,0,0,3,101,27929
201803,999,41540, ,Salisbury  MD-DE ,237,237,33673,5,10,1718,6,24,3063,3,22,2236,236,236,33516,5,10,1718,6,24,3063,3,22,2236
201803,999,41660,C,San Angelo  TX ,20,20,3185,0,0,0,0,0,0,0,0,0,20,20,3185,0,0,0,0,0,0,0,0,0
201803,999,41700,C,San Antonio-New Braunfels  TX ,765,765,161569,15,30,1596,0,0,0,5,25,3404,713,713,154376,15,30,1596,0,0,0,3,15,1273
201803,999,41740,C,San Diego-Carlsbad  CA ,305,305,107367,0,0,0,22,75,15686,21,530,93087,293,293,98170,0,0,0,22,75,15686,19,510,86253
201803,999,42020, ,San Luis Obispo-Paso Robles-Arroyo Grande  CA ,37,37,14025,0,0,0,1,3,603,1,16,1683,0,0,0,0,0,0,0,0,0,0,0,0
201803,999,42200, ,Santa Maria-Santa Barbara  CA ,19,19,13433,0,0,0,0,0,0,0,0,0,19,19,13433,0,0,0,0,0,0,0,0,0
201803,999,42540, ,Scranton--Wilkes-Barre--Hazleton  PA ,7,7,1822,0,0,0,0,0,0,0,0,0,5,5,1330,0,0,0,0,0,0,0,0,0
201803,999,43100, ,Sheboygan  WI ,0,0,0,0,0,0,0,0,0,0,0,0,0,0,0,0,0,0,0,0,0,0,0,0
201803,999,43340, ,Shreveport-Bossier City  LA ,92,92,21763,0,0,0,0,0,0,0,0,0,91,91,21607,0,0,0,0,0,0,0,0,0
201803,999,43420, ,Sierra Vista-Douglas  AZ ,20,20,3491,0,0,0,0,0,0,0,0,0,20,20,3491,0,0,0,0,0,0,0,0,0
201803,999,43620, ,Sioux Falls  SD ,111,111,22168,0,0,0,3,11,627,9,137,13699,107,107,21641,0,0,0,2,8,411,8,132,13418
201803,999,44940,C,Sumter  SC ,26,26,3802,0,0,0,0,0,0,0,0,0,0,0,0,0,0,0,0,0,0,0,0,0
201803,999,45300,C,Tampa-St. Petersburg-Clearwater  FL ,1032,1032,309081,3,6,1041,2,7,314,9,78,9802,1024,1024,306275,3,6,1041,2,7,314,6,37,4776
201803,999,45460, ,Terre Haute  IN ,2,2,267,1,2,173,0,0,0,1,25,1578,0,0,0,0,0,0,0,0,0,0,0,0
201803,999,45500, ,Texarkana  TX-AR ,4,4,596,0,0,0,0,0,0,0,0,0,0,0,0,0,0,0,0,0,0,0,0,0
201803,999,45820, ,Topeka  KS ,26,26,7671,0,0,0,0,0,0,0,0,0,26,26,7671,0,0,0,0,0,0,0,0,0
201803,999,46220, ,Tuscaloosa  AL ,23,23,6992,0,0,0,0,0,0,1,20,1800,23,23,6992,0,0,0,0,0,0,1,20,1800
201803,999,46300, ,Twin Falls  ID ,42,42,9317,1,2,206,0,0,0,0,0,0,42,42,9317,1,2,206,0,0,0,0,0,0
201803,999,46520,C,Urban Honolulu  HI ,96,96,38914,0,0,0,0,0,0,2,88,32354,0,0,0,0,0,0,0,0,0,0,0,0
201803,999,46540, ,Utica-Rome  NY ,1,1,170,0,0,0,0,0,0,0,0,0,1,1,170,0,0,0,0,0,0,0,0,0
201803,999,46660, ,Valdosta  GA ,87,87,16090,0,0,0,0,0,0,0,0,0,41,41,8376,0,0,0,0,0,0,0,0,0
201803,999,47380, ,Waco  TX ,65,65,15861,13,26,2400,0,0,0,0,0,0,65,65,15861,13,26,2400,0,0,0,0,0,0
201803,999,47460, ,Walla Walla  WA ,21,21,5859,0,0,0,0,0,0,0,0,0,20,20,5759,0,0,0,0,0,0,0,0,0
201803,999,47940, ,Waterloo-Cedar Falls  IA ,13,13,3616,0,0,0,0,0,0,0,0,0,13,13,3616,0,0,0,0,0,0,0,0,0
201803,999,48060, ,Watertown-Fort Drum  NY ,10,10,1133,0,0,0,0,0,0,0,0,0,1,1,150,0,0,0,0,0,0,0,0,0
201803,999,48300, ,Wenatchee  WA ,41,41,9825,0,0,0,0,0,0,5,142,12025,41,41,9825,0,0,0,0,0,0,5,142,12025
201803,999,48540, ,Wheeling  WV-OH ,0,0,0,0,0,0,0,0,0,0,0,0,0,0,0,0,0,0,0,0,0,0,0,0
201803,999,48660, ,Wichita Falls  TX ,0,0,0,0,0,0,0,0,0,0,0,0,0,0,0,0,0,0,0,0,0,0,0,0
201803,999,48900, ,Wilmington  NC ,102,102,30352,0,0,0,0,0,0,2,48,7107,101,101,30029,0,0,0,0,0,0,2,48,7107
201803,999,49420, ,Yakima  WA ,50,50,12248,0,0,0,0,0,0,0,0,0,30,30,6298,0,0,0,0,0,0,0,0,0
201803,999,49740, ,Yuma  AZ ,95,95,14270,1,2,146,0,0,0,0,0,0,95,95,14270,1,2,146,0,0,0,0,0,0
