Survey,CSA,CBSA,MONCOV,CBSA,,1-unit,,,2-units,,,3-4 units,,,5+ units,,,1-unit rep,,,2-units rep,,,3-4 units rep,,,5+ units rep
Date,Code,Code,,Name,Bldgs,Units,Value,Bldgs,Units,Value,Bldgs,Units,Value,Bldgs,Units,Value,Bldgs,Units,Value,Bldgs,Units,Value,      Bldgs,Units,Value,Bldgs,Units,Value
 
201804,104,10580,C,Albany-Schenectady-Troy  NY ,97,97,24932,1,2,100,3,12,1121,4,20,2388,66,66,15933,1,2,100,3,12,1121,0,0,0
201804,104,24020, ,Glens Falls  NY ,11,11,2895,0,0,0,0,0,0,0,0,0,5,5,1288,0,0,0,0,0,0,0,0,0
201804,106,10740,C,Albuquerque  NM ,194,194,41627,0,0,0,0,0,0,1,5,208,174,174,38500,0,0,0,0,0,0,0,0,0
201804,106,42140,C,Santa Fe  NM ,25,25,5964,0,0,0,0,0,0,0,0,0,25,25,5964,0,0,0,0,0,0,0,0,0
201804,108,11100, ,Amarillo  TX ,45,45,11169,0,0,0,0,0,0,0,0,0,45,45,11169,0,0,0,0,0,0,0,0,0
201804,118,11540, ,Appleton  WI ,40,40,10094,4,8,1252,0,0,0,1,10,801,34,34,9021,3,6,1037,0,0,0,1,10,801
201804,118,36780, ,Oshkosh-Neenah  WI ,23,23,5815,0,0,0,0,0,0,2,16,1280,18,18,5118,0,0,0,0,0,0,2,16,1280
201804,120,11700, ,Asheville  NC ,175,175,46355,0,0,0,0,0,0,10,185,13536,51,51,10561,0,0,0,0,0,0,6,120,8200
201804,122,12020, ,Athens-Clarke County  GA ,48,48,11571,0,0,0,0,0,0,0,0,0,48,48,11571,0,0,0,0,0,0,0,0,0
201804,122,12060, ,Atlanta-Sandy Springs-Roswell  GA ,2389,2389,525279,3,6,1004,1,4,1143,14,440,66024,2126,2126,465655,2,4,470,1,4,1143,11,326,54935
201804,122,23580, ,Gainesville  GA ,85,85,19054,0,0,0,0,0,0,2,17,1433,85,85,19054,0,0,0,0,0,0,2,17,1433
201804,140,13460,C,Bend-Redmond  OR ,144,144,38253,3,6,1190,0,0,0,0,0,0,113,113,30500,2,4,796,0,0,0,0,0,0
201804,142,13820,C,Birmingham-Hoover  AL ,243,243,69185,0,0,0,0,0,0,0,0,0,174,174,52639,0,0,0,0,0,0,0,0,0
201804,144,14020,C,Bloomington  IN ,32,32,8259,2,4,478,0,0,0,1,21,2438,5,5,1293,0,0,0,0,0,0,0,0,0
201804,145,14010, ,Bloomington  IL ,18,18,2206,0,0,0,0,0,0,0,0,0,18,18,2206,0,0,0,0,0,0,0,0,0
201804,146,14100,C,Bloomsburg-Berwick  PA ,6,6,1869,0,0,0,0,0,0,1,64,8434,3,3,569,0,0,0,0,0,0,1,64,8434
201804,147,14260,C,Boise City  ID ,595,595,146567,5,10,1271,6,19,1318,1,21,2791,513,513,124293,4,8,848,4,12,863,0,0,0
201804,148,12700, ,Barnstable Town  MA ,7,7,2416,0,0,0,0,0,0,0,0,0,2,2,542,0,0,0,0,0,0,0,0,0
201804,148,14460,C,Boston-Cambridge-Newton  MA-NH ,422,422,126528,26,52,8282,5,15,3382,18,117,19196,284,284,85358,19,38,6207,3,9,2500,3,21,3390
201804,148,31700, ,Manchester-Nashua  NH ,26,26,5024,0,0,0,0,0,0,1,5,631,13,13,2880,0,0,0,0,0,0,0,0,0
201804,148,39300,C,Providence-Warwick  RI-MA ,133,133,30885,7,14,1642,0,0,0,3,21,1858,97,97,23614,5,10,1184,0,0,0,1,10,1000
201804,148,49340, ,Worcester  MA-CT ,15,15,3797,0,0,0,0,0,0,0,0,0,13,13,3378,0,0,0,0,0,0,0,0,0
201804,150,14540, ,Bowling Green  KY ,83,83,19622,0,0,0,1,4,300,1,6,600,83,83,19622,0,0,0,1,4,300,1,6,600
201804,154,15180, ,Brownsville-Harlingen  TX ,79,79,8689,0,0,0,0,0,0,0,0,0,22,22,2299,0,0,0,0,0,0,0,0,0
201804,160,15380,C,Buffalo-Cheektowaga-Niagara Falls  NY ,90,90,27705,1,2,323,0,0,0,4,64,6017,61,61,18174,1,2,323,0,0,0,3,57,4450
201804,162,15980,C,Cape Coral-Fort Myers  FL ,452,452,110604,18,36,3888,1,4,995,13,388,62562,452,452,110604,18,36,3888,1,4,995,13,388,62562
201804,162,34940, ,Naples-Immokalee-Marco Island  FL ,291,291,61476,0,0,0,1,4,397,6,40,11421,291,291,61476,0,0,0,1,4,397,6,40,11421
201804,164,16020, ,Cape Girardeau  MO-IL ,0,0,0,0,0,0,0,0,0,0,0,0,0,0,0,0,0,0,0,0,0,0,0,0
201804,168,16300, ,Cedar Rapids  IA ,43,43,5207,6,12,1345,0,0,0,0,0,0,43,43,5207,6,12,1345,0,0,0,0,0,0
201804,168,26980, ,Iowa City  IA ,16,16,3960,1,2,475,3,10,1825,3,345,35821,14,14,3685,1,2,475,3,10,1825,3,345,35821
201804,170,16620, ,Charleston  WV ,3,3,521,0,0,0,0,0,0,1,5,316,0,0,0,0,0,0,0,0,0,0,0,0
201804,170,26580, ,Huntington-Ashland  WV-KY-OH ,18,18,3328,0,0,0,0,0,0,0,0,0,11,11,2353,0,0,0,0,0,0,0,0,0
201804,172,16740, ,Charlotte-Concord-Gastonia  NC-SC ,1489,1489,382304,12,24,3121,0,0,0,16,617,75376,1291,1291,316276,12,24,3121,0,0,0,14,580,71516
201804,174,16860, ,Chattanooga  TN-GA ,199,199,36178,1,2,223,1,3,222,1,75,9102,148,148,25907,0,0,0,0,0,0,0,0,0
201804,174,17420, ,Cleveland  TN ,37,37,6569,3,6,580,3,11,767,0,0,0,19,19,3327,3,6,580,3,11,767,0,0,0
201804,176,16980, ,Chicago-Naperville-Elgin  IL-IN-WI ,794,794,216153,12,24,4107,15,48,9915,26,901,41665,636,636,173102,10,20,3768,14,45,9644,17,799,29558
201804,176,28100, ,Kankakee  IL ,2,2,828,0,0,0,0,0,0,0,0,0,2,2,828,0,0,0,0,0,0,0,0,0
201804,176,33140, ,Michigan City-La Porte  IN ,15,15,2759,0,0,0,0,0,0,0,0,0,15,15,2759,0,0,0,0,0,0,0,0,0
201804,178,17140, ,Cincinnati  OH-KY-IN ,402,402,100452,1,2,150,3,10,1308,7,245,21933,275,275,68153,1,2,150,3,10,1308,5,225,20382
201804,184,10420, ,Akron  OH ,51,51,21603,0,0,0,0,0,0,0,0,0,50,50,21331,0,0,0,0,0,0,0,0,0
201804,184,15940, ,Canton-Massillon  OH ,33,33,9089,0,0,0,0,0,0,1,5,384,28,28,8505,0,0,0,0,0,0,0,0,0
201804,184,17460, ,Cleveland-Elyria  OH ,246,246,65663,3,6,321,2,7,1300,0,0,0,188,188,52933,1,2,300,1,4,400,0,0,0
201804,190,17860,C,Columbia  MO ,67,67,14740,0,0,0,0,0,0,0,0,0,67,67,14740,0,0,0,0,0,0,0,0,0
201804,192,17900,C,Columbia  SC ,392,392,74916,1,2,267,0,0,0,2,42,2371,45,45,8723,0,0,0,0,0,0,0,0,0
201804,194,12220,C,Auburn-Opelika  AL ,97,97,27735,1,2,211,0,0,0,1,41,10720,19,19,6089,0,0,0,0,0,0,0,0,0
201804,194,17980, ,Columbus  GA-AL ,67,67,13494,0,0,0,1,3,185,2,15,2628,36,36,7440,0,0,0,0,0,0,0,0,0
201804,198,18140, ,Columbus  OH ,336,336,88912,0,0,0,1,4,180,5,296,35961,281,281,73703,0,0,0,1,4,180,4,284,34488
201804,204,18580, ,Corpus Christi  TX ,82,82,15584,0,0,0,0,0,0,0,0,0,8,8,2814,0,0,0,0,0,0,0,0,0
201804,206,19100, ,Dallas-Fort Worth-Arlington  TX ,3072,3072,858249,13,26,6493,1,4,800,110,5111,632741,2692,2692,717783,13,26,6493,1,4,800,102,4858,614067
201804,209,19340, ,Davenport-Moline-Rock Island  IA-IL ,34,34,8358,0,0,0,0,0,0,1,16,1882,20,20,4314,0,0,0,0,0,0,0,0,0
201804,212,19380, ,Dayton  OH ,138,138,43258,1,2,239,0,0,0,0,0,0,102,102,35110,1,2,239,0,0,0,0,0,0
201804,212,44220, ,Springfield  OH ,1,1,200,0,0,0,0,0,0,0,0,0,1,1,200,0,0,0,0,0,0,0,0,0
201804,216,14500, ,Boulder  CO ,62,62,29794,1,2,428,0,0,0,4,57,8645,20,20,13217,1,2,428,0,0,0,0,0,0
201804,216,19740,C,Denver-Aurora-Lakewood  CO ,1163,1163,318666,4,8,1482,5,15,2165,26,506,56454,1146,1146,314174,4,8,1482,4,12,1819,26,506,56454
201804,216,24540, ,Greeley  CO ,270,270,68995,0,0,0,5,18,2908,8,98,8720,221,221,55266,0,0,0,5,18,2908,7,92,7992
201804,218,11180, ,Ames  IA ,8,8,2751,0,0,0,1,3,435,2,72,6800,8,8,2751,0,0,0,1,3,435,2,72,6800
201804,218,19780, ,Des Moines-West Des Moines  IA ,327,327,92296,2,4,527,0,0,0,1,10,701,300,300,88375,2,4,527,0,0,0,0,0,0
201804,220,11460, ,Ann Arbor  MI ,41,41,9694,0,0,0,1,3,608,0,0,0,30,30,6469,0,0,0,0,0,0,0,0,0
201804,220,19820, ,Detroit-Warren-Dearborn  MI ,677,677,192167,3,6,1067,11,43,7270,9,74,9075,580,580,166746,2,4,884,10,40,7032,6,38,6479
201804,220,22420, ,Flint  MI ,37,37,7765,0,0,0,0,0,0,0,0,0,37,37,7765,0,0,0,0,0,0,0,0,0
201804,220,33780, ,Monroe  MI ,2,2,321,0,0,0,0,0,0,0,0,0,2,2,321,0,0,0,0,0,0,0,0,0
201804,222,20020, ,Dothan  AL ,25,25,7254,0,0,0,0,0,0,0,0,0,22,22,6559,0,0,0,0,0,0,0,0,0
201804,232,20740, ,Eau Claire  WI ,46,46,12621,1,2,160,1,4,517,1,8,564,46,46,12621,1,2,160,1,4,517,1,8,564
201804,236,21300, ,Elmira  NY ,0,0,0,0,0,0,0,0,0,0,0,0,0,0,0,0,0,0,0,0,0,0,0,0
201804,238,21340,C,El Paso  TX ,233,233,49158,3,6,581,5,20,2209,3,76,8792,0,0,0,0,0,0,0,0,0,0,0,0
201804,238,29740,C,Las Cruces  NM ,84,84,18848,0,0,0,0,0,0,0,0,0,84,84,18848,0,0,0,0,0,0,0,0,0
201804,240,21500, ,Erie  PA ,3,3,642,0,0,0,0,0,0,0,0,0,2,2,485,0,0,0,0,0,0,0,0,0
201804,244,22020, ,Fargo  ND-MN ,119,119,34643,0,0,0,0,0,0,1,84,11101,116,116,33825,0,0,0,0,0,0,1,84,11101
201804,246,22180,C,Fayetteville  NC ,83,83,16743,3,6,1030,0,0,0,0,0,0,83,83,16743,3,6,1030,0,0,0,0,0,0
201804,258,23060, ,Fort Wayne  IN ,145,145,33567,1,2,100,0,0,0,1,12,375,145,145,33567,1,2,100,0,0,0,1,12,375
201804,260,23420,C,Fresno  CA ,217,217,58502,5,10,2123,0,0,0,6,52,5148,141,141,37465,0,0,0,0,0,0,0,0,0
201804,260,31460, ,Madera  CA ,22,22,4387,0,0,0,0,0,0,0,0,0,22,22,4387,0,0,0,0,0,0,0,0,0
201804,264,23540, ,Gainesville  FL ,46,46,14389,0,0,0,0,0,0,1,138,4699,34,34,12801,0,0,0,0,0,0,0,0,0
201804,266,24340, ,Grand Rapids-Wyoming  MI ,198,198,57117,2,4,1161,5,19,2928,4,40,6003,143,143,45698,2,4,1161,5,19,2928,3,28,4756
201804,266,34740, ,Muskegon  MI ,1,1,230,0,0,0,0,0,0,0,0,0,0,0,0,0,0,0,0,0,0,0,0,0
201804,267,24580, ,Green Bay  WI ,60,60,17932,0,0,0,0,0,0,1,5,485,36,36,10886,0,0,0,0,0,0,0,0,0
201804,268,15500, ,Burlington  NC ,78,78,13009,0,0,0,0,0,0,1,36,2106,25,25,4194,0,0,0,0,0,0,1,36,2106
201804,268,24660,C,Greensboro-High Point  NC ,216,216,49336,10,20,800,0,0,0,2,66,5320,216,216,49336,10,20,800,0,0,0,2,66,5320
201804,268,49180, ,Winston-Salem  NC ,168,168,30891,0,0,0,0,0,0,1,10,451,154,154,27538,0,0,0,0,0,0,0,0,0
201804,273,24860, ,Greenville-Anderson-Mauldin  SC ,466,466,196453,1,2,500,0,0,0,5,76,5250,442,442,191215,1,2,500,0,0,0,3,50,2509
201804,273,43900, ,Spartanburg  SC ,193,193,33489,0,0,0,0,0,0,0,0,0,193,193,33489,0,0,0,0,0,0,0,0,0
201804,274,24780, ,Greenville  NC ,32,32,6354,5,10,1354,0,0,0,1,51,6503,1,1,135,0,0,0,0,0,0,0,0,0
201804,276,23900,C,Gettysburg  PA ,20,20,4091,0,0,0,0,0,0,0,0,0,0,0,0,0,0,0,0,0,0,0,0,0
201804,276,25420,C,Harrisburg-Carlisle  PA ,103,103,22166,0,0,0,1,4,487,6,156,14691,65,65,12725,0,0,0,1,4,487,6,156,14691
201804,276,30140, ,Lebanon  PA ,14,14,2440,0,0,0,0,0,0,0,0,0,0,0,0,0,0,0,0,0,0,0,0,0
201804,276,49620, ,York-Hanover  PA ,9,9,2189,0,0,0,0,0,0,0,0,0,5,5,1145,0,0,0,0,0,0,0,0,0
201804,277,25500,C,Harrisonburg  VA ,30,30,9563,0,0,0,0,0,0,0,0,0,25,25,8639,0,0,0,0,0,0,0,0,0
201804,277,44420, ,Staunton-Waynesboro  VA ,10,10,1749,0,0,0,0,0,0,0,0,0,10,10,1749,0,0,0,0,0,0,0,0,0
201804,278,25540,C,Hartford-West Hartford-East Hartford  CT ,88,88,18372,0,0,0,0,0,0,6,80,8630,76,76,15734,0,0,0,0,0,0,3,65,7393
201804,278,35980, ,Norwich-New London  CT ,8,8,1668,1,2,292,0,0,0,0,0,0,3,3,777,0,0,0,0,0,0,0,0,0
201804,280,25860, ,Hickory-Lenoir-Morganton  NC ,1,1,151,0,0,0,0,0,0,1,5,279,0,0,0,0,0,0,0,0,0,0,0,0
201804,284,26300, ,Hot Springs  AR ,1,1,225,0,0,0,0,0,0,0,0,0,1,1,225,0,0,0,0,0,0,0,0,0
201804,288,26420, ,Houston-The Woodlands-Sugar Land  TX ,3596,3596,621310,8,16,1914,6,24,1798,47,1736,183894,2730,2730,563701,8,16,1914,6,24,1798,44,1721,183280
201804,290,19460, ,Decatur  AL ,13,13,2383,0,0,0,0,0,0,0,0,0,13,13,2383,0,0,0,0,0,0,0,0,0
201804,290,26620,C,Huntsville  AL ,299,299,47624,0,0,0,0,0,0,0,0,0,299,299,47624,0,0,0,0,0,0,0,0,0
201804,292,26820, ,Idaho Falls  ID ,74,74,12316,1,2,122,0,0,0,1,5,504,73,73,12218,1,2,122,0,0,0,1,5,504
201804,294,18020, ,Columbus  IN ,28,28,6193,0,0,0,0,0,0,0,0,0,28,28,6193,0,0,0,0,0,0,0,0,0
201804,294,26900, ,Indianapolis-Carmel-Anderson  IN ,697,697,204250,6,12,1597,1,3,578,7,65,7843,669,669,197721,6,12,1597,1,3,578,7,65,7843
201804,294,34620, ,Muncie  IN ,3,3,460,0,0,0,0,0,0,0,0,0,3,3,460,0,0,0,0,0,0,0,0,0
201804,296,27060, ,Ithaca  NY ,2,2,316,1,2,237,0,0,0,0,0,0,1,1,60,0,0,0,0,0,0,0,0,0
201804,297,27180, ,Jackson  TN ,16,16,3387,0,0,0,1,4,468,1,14,930,0,0,0,0,0,0,0,0,0,0,0,0
201804,298,27140, ,Jackson  MS ,137,137,31568,0,0,0,0,0,0,0,0,0,130,130,30045,0,0,0,0,0,0,0,0,0
201804,300,27260,C,Jacksonville  FL ,999,999,222409,2,4,486,0,0,0,9,216,24801,961,961,210778,2,4,486,0,0,0,9,216,24801
201804,304,27740, ,Johnson City  TN ,5,5,1235,0,0,0,0,0,0,0,0,0,5,5,1235,0,0,0,0,0,0,0,0,0
201804,304,28700, ,Kingsport-Bristol-Bristol  TN-VA ,1,1,207,0,0,0,0,0,0,0,0,0,0,0,0,0,0,0,0,0,0,0,0,0
201804,306,27780, ,Johnstown  PA ,1,1,262,0,0,0,0,0,0,0,0,0,0,0,0,0,0,0,0,0,0,0,0,0
201804,308,27860, ,Jonesboro  AR ,50,50,7008,3,6,415,5,17,891,1,11,723,16,16,1499,0,0,0,0,0,0,0,0,0
201804,309,27900, ,Joplin  MO ,17,17,3054,0,0,0,0,0,0,0,0,0,17,17,3054,0,0,0,0,0,0,0,0,0
201804,310,12980, ,Battle Creek  MI ,1,1,314,0,0,0,0,0,0,0,0,0,1,1,314,0,0,0,0,0,0,0,0,0
201804,310,28020, ,Kalamazoo-Portage  MI ,6,6,1735,0,0,0,0,0,0,0,0,0,3,3,761,0,0,0,0,0,0,0,0,0
201804,312,28140, ,Kansas City  MO-KS ,578,578,140442,16,32,4993,3,11,1670,13,320,26180,459,459,103198,15,30,4433,0,0,0,11,283,22931
201804,312,29940, ,Lawrence  KS ,23,23,6415,0,0,0,0,0,0,0,0,0,23,23,6415,0,0,0,0,0,0,0,0,0
201804,312,41140, ,St. Joseph  MO-KS ,0,0,0,0,0,0,0,0,0,0,0,0,0,0,0,0,0,0,0,0,0,0,0,0
201804,314,28940, ,Knoxville  TN ,340,340,71856,0,0,0,11,44,6010,7,286,29394,196,196,41463,0,0,0,11,44,6010,4,200,22739
201804,316,29020, ,Kokomo  IN ,8,8,1394,0,0,0,0,0,0,0,0,0,0,0,0,0,0,0,0,0,0,0,0,0
201804,318,29180, ,Lafayette  LA ,159,159,31986,0,0,0,0,0,0,0,0,0,32,32,6905,0,0,0,0,0,0,0,0,0
201804,320,29200, ,Lafayette-West Lafayette  IN ,46,46,10778,1,2,360,0,0,0,2,522,93188,39,39,9908,0,0,0,0,0,0,2,522,93188
201804,324,29340, ,Lake Charles  LA ,97,97,17268,1,2,130,0,0,0,0,0,0,51,51,7497,1,2,130,0,0,0,0,0,0
201804,330,29620, ,Lansing-East Lansing  MI ,11,11,2710,0,0,0,0,0,0,0,0,0,8,8,2245,0,0,0,0,0,0,0,0,0
201804,332,29420, ,Lake Havasu City-Kingman  AZ ,77,77,14708,5,10,600,0,0,0,0,0,0,77,77,14708,5,10,600,0,0,0,0,0,0
201804,332,29820,C,Las Vegas-Henderson-Paradise  NV ,924,924,231371,3,6,1049,0,0,0,0,0,0,924,924,231371,3,6,1049,0,0,0,0,0,0
201804,336,30460,C,Lexington-Fayette  KY ,160,160,33580,23,46,6900,0,0,0,3,73,5325,82,82,20748,23,46,6900,0,0,0,0,0,0
201804,338,30620, ,Lima  OH ,1,1,500,0,0,0,0,0,0,0,0,0,1,1,500,0,0,0,0,0,0,0,0,0
201804,339,30700, ,Lincoln  NE ,117,117,24109,1,2,341,0,0,0,3,106,11133,11,11,1592,0,0,0,0,0,0,0,0,0
201804,340,30780, ,Little Rock-North Little Rock-Conway  AR ,140,140,26864,3,6,769,0,0,0,4,189,22774,95,95,20071,2,4,618,0,0,0,3,178,22483
201804,340,38220, ,Pine Bluff  AR ,0,0,0,2,4,230,0,0,0,0,0,0,0,0,0,2,4,230,0,0,0,0,0,0
201804,346,30980, ,Longview  TX ,13,13,2199,0,0,0,0,0,0,0,0,0,13,13,2199,0,0,0,0,0,0,0,0,0
201804,348,31080,C,Los Angeles-Long Beach-Anaheim  CA ,927,927,322366,69,138,28847,20,65,14397,56,1428,241208,689,689,223430,64,128,26189,17,55,12707,45,1283,213227
201804,348,37100, ,Oxnard-Thousand Oaks-Ventura  CA ,57,57,12512,0,0,0,0,0,0,0,0,0,57,57,12512,0,0,0,0,0,0,0,0,0
201804,348,40140, ,Riverside-San Bernardino-Ontario  CA ,1296,1296,307034,19,38,949,5,19,3589,16,137,18921,1194,1194,284210,19,38,949,5,19,3589,11,98,15146
201804,350,21060, ,Elizabethtown-Fort Knox  KY ,53,53,8634,0,0,0,0,0,0,0,0,0,50,50,7943,0,0,0,0,0,0,0,0,0
201804,350,31140, ,Louisville-Jefferson County  KY-IN ,301,301,101298,0,0,0,2,7,850,30,736,124425,250,250,87536,0,0,0,2,7,850,30,736,124425
201804,352,31180, ,Lubbock  TX ,93,93,21668,0,0,0,0,0,0,0,0,0,92,92,21495,0,0,0,0,0,0,0,0,0
201804,356,31420, ,Macon-Bibb County  GA ,23,23,4522,0,0,0,0,0,0,0,0,0,0,0,0,0,0,0,0,0,0,0,0,0
201804,356,47580, ,Warner Robins  GA ,83,83,15899,0,0,0,0,0,0,1,80,7796,58,58,9701,0,0,0,0,0,0,1,80,7796
201804,357,27500, ,Janesville-Beloit  WI ,13,13,2871,1,2,500,0,0,0,0,0,0,13,13,2871,1,2,500,0,0,0,0,0,0
201804,357,31540, ,Madison  WI ,172,172,54365,3,6,1084,1,3,454,7,326,43391,91,91,31155,0,0,0,0,0,0,1,96,13360
201804,358,31740, ,Manhattan  KS ,19,19,4931,0,0,0,0,0,0,1,5,641,8,8,2194,0,0,0,0,0,0,0,0,0
201804,359,31860, ,Mankato-North Mankato  MN ,17,17,3247,0,0,0,0,0,0,1,14,1047,0,0,0,0,0,0,0,0,0,0,0,0
201804,365,32580,C,McAllen-Edinburg-Mission  TX ,280,280,56307,7,14,925,28,109,8620,4,172,15371,145,145,29087,4,8,592,14,55,2924,1,104,9400
201804,366,32780, ,Medford  OR ,51,51,11817,0,0,0,0,0,0,0,0,0,51,51,11817,0,0,0,0,0,0,0,0,0
201804,368,32820, ,Memphis  TN-MS-AR ,354,354,74641,0,0,0,0,0,0,1,86,24391,292,292,62234,0,0,0,0,0,0,1,86,24391
201804,370,33100, ,Miami-Fort Lauderdale-West Palm Beach  FL ,563,563,168640,7,14,2409,8,30,8057,27,834,114826,429,429,125907,6,12,2201,7,26,6769,17,557,81528
201804,370,38940, ,Port St. Lucie  FL ,172,172,36183,3,6,901,3,10,1641,0,0,0,144,144,22784,3,6,901,2,6,600,0,0,0
201804,370,42680, ,Sebastian-Vero Beach  FL ,114,114,45645,0,0,0,0,0,0,0,0,0,114,114,45645,0,0,0,0,0,0,0,0,0
201804,372,33260, ,Midland  TX ,64,64,12539,0,0,0,0,0,0,0,0,0,64,64,12539,0,0,0,0,0,0,0,0,0
201804,372,36220,C,Odessa  TX ,73,73,14322,5,10,702,0,0,0,0,0,0,73,73,14322,5,10,702,0,0,0,0,0,0
201804,376,33340,C,Milwaukee-Waukesha-West Allis  WI ,142,142,50857,6,12,1609,0,0,0,4,107,9237,93,93,30772,6,12,1609,0,0,0,1,27,4000
201804,376,39540, ,Racine  WI ,31,31,8762,2,4,770,0,0,0,0,0,0,30,30,8479,2,4,770,0,0,0,0,0,0
201804,378,33460, ,Minneapolis-St. Paul-Bloomington  MN-WI ,826,826,237923,7,14,2529,0,0,0,10,398,50902,699,699,202539,4,8,1750,0,0,0,8,374,46910
201804,378,41060, ,St. Cloud  MN ,1,1,260,0,0,0,0,0,0,0,0,0,0,0,0,0,0,0,0,0,0,0,0,0
201804,380,19300, ,Daphne-Fairhope-Foley  AL ,172,172,34208,1,2,189,0,0,0,0,0,0,67,67,15547,0,0,0,0,0,0,0,0,0
201804,380,33660, ,Mobile  AL ,71,71,15873,0,0,0,0,0,0,0,0,0,70,70,15799,0,0,0,0,0,0,0,0,0
201804,382,32900, ,Merced  CA ,17,17,3607,0,0,0,0,0,0,0,0,0,17,17,3607,0,0,0,0,0,0,0,0,0
201804,382,33700, ,Modesto  CA ,10,10,1570,0,0,0,0,0,0,0,0,0,10,10,1570,0,0,0,0,0,0,0,0,0
201804,384,33740, ,Monroe  LA ,40,40,8774,0,0,0,1,4,629,1,5,579,0,0,0,0,0,0,0,0,0,0,0,0
201804,390,34060, ,Morgantown  WV ,0,0,0,0,0,0,0,0,0,0,0,0,0,0,0,0,0,0,0,0,0,0,0,0
201804,396,34820, ,Myrtle Beach-Conway-North Myrtle Beach  SC-NC ,487,487,94779,0,0,0,0,0,0,2,21,1354,453,453,86532,0,0,0,0,0,0,1,16,1104
201804,400,34980, ,Nashville-Davidson--Murfreesboro--Franklin  TN ,1247,1247,327971,0,0,0,2,8,462,0,0,0,1125,1125,297459,0,0,0,2,8,462,0,0,0
201804,406,25220, ,Hammond  LA ,79,79,13168,0,0,0,0,0,0,0,0,0,71,71,11768,0,0,0,0,0,0,0,0,0
201804,406,35380, ,New Orleans-Metairie  LA ,249,249,52874,7,14,1648,0,0,0,1,11,2708,152,152,31150,0,0,0,0,0,0,0,0,0
201804,408,10900, ,Allentown-Bethlehem-Easton  PA-NJ ,33,33,8836,0,0,0,0,0,0,1,5,181,17,17,4709,0,0,0,0,0,0,0,0,0
201804,408,14860,C,Bridgeport-Stamford-Norwalk  CT ,55,55,37995,2,4,1350,1,3,373,1,5,211,41,41,29254,2,4,1350,1,3,373,0,0,0
201804,408,20700, ,East Stroudsburg  PA ,11,11,3059,0,0,0,0,0,0,0,0,0,10,10,2763,0,0,0,0,0,0,0,0,0
201804,408,28740, ,Kingston  NY ,4,4,996,0,0,0,0,0,0,1,5,1220,2,2,532,0,0,0,0,0,0,0,0,0
201804,408,35300, ,New Haven-Milford  CT ,13,13,1836,0,0,0,0,0,0,1,5,308,8,8,980,0,0,0,0,0,0,0,0,0
201804,408,35620, ,New York-Newark-Jersey City  NY-NJ-PA ,850,850,260273,58,116,17022,19,59,7549,98,1594,181492,638,638,209590,53,106,15835,16,50,6823,69,1353,156330
201804,408,45940,C,Trenton  NJ ,20,20,3652,0,0,0,0,0,0,1,8,1128,20,20,3652,0,0,0,0,0,0,1,8,1128
201804,412,35840,C,North Port-Sarasota-Bradenton  FL ,568,568,130181,3,6,401,3,10,2085,21,475,65531,438,438,96556,3,6,401,0,0,0,19,465,57488
201804,412,39460, ,Punta Gorda  FL ,124,124,30162,2,4,522,0,0,0,0,0,0,124,124,30162,2,4,522,0,0,0,0,0,0
201804,416,36420,C,Oklahoma City  OK ,571,571,130473,4,8,694,2,7,595,0,0,0,525,525,121817,3,6,598,2,7,595,0,0,0
201804,420,36540, ,Omaha-Council Bluffs  NE-IA ,293,293,62762,2,4,384,0,0,0,18,753,45874,246,246,51421,2,4,384,0,0,0,18,753,45874
201804,422,19660, ,Deltona-Daytona Beach-Ormond Beach  FL ,176,176,56046,8,16,2593,0,0,0,0,0,0,123,123,39722,8,16,2593,0,0,0,0,0,0
201804,422,36740, ,Orlando-Kissimmee-Sanford  FL ,1984,1984,357273,5,10,1510,0,0,0,22,2027,119593,1750,1750,290268,5,10,1510,0,0,0,19,1993,116730
201804,422,45540,C,The Villages  FL ,160,160,41893,0,0,0,0,0,0,0,0,0,160,160,41893,0,0,0,0,0,0,0,0,0
201804,425,37620, ,Parkersburg-Vienna  WV ,6,6,940,0,0,0,9,32,3245,0,0,0,6,6,940,0,0,0,9,32,3245,0,0,0
201804,426,37860,C,Pensacola-Ferry Pass-Brent  FL ,248,248,49380,0,0,0,0,0,0,0,0,0,248,248,49380,0,0,0,0,0,0,0,0,0
201804,427,37900, ,Peoria  IL ,6,6,1595,0,0,0,0,0,0,0,0,0,5,5,1395,0,0,0,0,0,0,0,0,0
201804,428,12100,C,Atlantic City-Hammonton  NJ ,19,19,3914,0,0,0,0,0,0,2,20,2493,16,16,3551,0,0,0,0,0,0,0,0,0
201804,428,20100,C,Dover  DE ,115,115,17732,0,0,0,0,0,0,3,18,1716,112,112,17200,0,0,0,0,0,0,1,8,613
201804,428,36140,C,Ocean City  NJ ,23,23,8793,3,6,1240,0,0,0,0,0,0,16,16,6013,3,6,1240,0,0,0,0,0,0
201804,428,37980,C,Philadelphia-Camden-Wilmington  PA-NJ-DE-MD ,618,618,122470,10,20,3253,11,37,4041,24,447,53552,303,303,69465,1,2,397,3,12,881,6,267,33719
201804,428,39740, ,Reading  PA ,3,3,584,0,0,0,0,0,0,0,0,0,1,1,60,0,0,0,0,0,0,0,0,0
201804,428,47220,C,Vineland-Bridgeton  NJ ,8,8,970,0,0,0,0,0,0,0,0,0,3,3,495,0,0,0,0,0,0,0,0,0
201804,430,38300, ,Pittsburgh  PA ,89,89,26548,0,0,0,0,0,0,1,18,1476,49,49,16639,0,0,0,0,0,0,0,0,0
201804,430,48260, ,Weirton-Steubenville  WV-OH ,0,0,0,0,0,0,0,0,0,0,0,0,0,0,0,0,0,0,0,0,0,0,0,0
201804,438,30340, ,Lewiston-Auburn  ME ,9,9,1829,0,0,0,0,0,0,0,0,0,6,6,1430,0,0,0,0,0,0,0,0,0
201804,438,38860, ,Portland-South Portland  ME ,130,130,32740,1,2,323,0,0,0,2,18,1071,45,45,11561,0,0,0,0,0,0,1,12,591
201804,440,10540, ,Albany  OR ,31,31,5958,0,0,0,0,0,0,0,0,0,27,27,5173,0,0,0,0,0,0,0,0,0
201804,440,18700, ,Corvallis  OR ,3,3,789,0,0,0,0,0,0,0,0,0,3,3,789,0,0,0,0,0,0,0,0,0
201804,440,31020, ,Longview  WA ,19,19,4151,0,0,0,0,0,0,0,0,0,0,0,0,0,0,0,0,0,0,0,0,0
201804,440,38900, ,Portland-Vancouver-Hillsboro  OR-WA ,591,591,169531,10,20,3108,2,7,892,18,694,90894,402,402,106826,9,18,2753,1,4,285,15,664,87533
201804,440,41420, ,Salem  OR ,58,58,14919,7,14,2254,0,0,0,2,24,2514,58,58,14919,7,14,2254,0,0,0,2,24,2514
201804,444,39380,C,Pueblo  CO ,40,40,6497,0,0,0,0,0,0,0,0,0,40,40,6497,0,0,0,0,0,0,0,0,0
201804,450,20500,C,Durham-Chapel Hill  NC ,293,293,64094,3,6,1052,0,0,0,6,450,65125,105,105,27867,3,6,1052,0,0,0,2,316,54450
201804,450,39580,C,Raleigh  NC ,1022,1022,210375,13,26,2319,0,0,0,8,441,49809,955,955,196328,13,26,2319,0,0,0,8,441,49809
201804,452,39660, ,Rapid City  SD ,49,49,9164,2,4,682,0,0,0,0,0,0,38,38,6732,2,4,682,0,0,0,0,0,0
201804,454,39820, ,Redding  CA ,8,8,1780,0,0,0,0,0,0,0,0,0,8,8,1780,0,0,0,0,0,0,0,0,0
201804,456,16180,C,Carson City  NV ,24,24,5736,0,0,0,0,0,0,1,8,682,24,24,5736,0,0,0,0,0,0,1,8,682
201804,456,39900,C,Reno  NV ,171,171,47954,1,2,209,0,0,0,16,299,30992,135,135,36776,1,2,209,0,0,0,16,299,30992
201804,462,40340, ,Rochester  MN ,43,43,11700,0,0,0,0,0,0,0,0,0,42,42,11451,0,0,0,0,0,0,0,0,0
201804,464,40380, ,Rochester  NY ,115,115,23562,1,2,379,0,0,0,14,107,15211,94,94,20441,0,0,0,0,0,0,12,96,14255
201804,466,40420, ,Rockford  IL ,22,22,2327,1,2,390,0,0,0,0,0,0,22,22,2327,1,2,390,0,0,0,0,0,0
201804,470,40660,C,Rome  GA ,18,18,3705,0,0,0,0,0,0,0,0,0,18,18,3705,0,0,0,0,0,0,0,0,0
201804,472,40900,C,Sacramento--Roseville--Arden-Arcade  CA ,508,508,153968,0,0,0,0,0,0,0,0,0,465,465,145429,0,0,0,0,0,0,0,0,0
201804,474,13020, ,Bay City  MI ,2,2,530,0,0,0,0,0,0,0,0,0,2,2,530,0,0,0,0,0,0,0,0,0
201804,474,33220, ,Midland  MI ,7,7,773,0,0,0,0,0,0,0,0,0,7,7,773,0,0,0,0,0,0,0,0,0
201804,474,40980, ,Saginaw  MI ,5,5,922,2,4,408,1,4,200,0,0,0,5,5,922,2,4,408,1,4,200,0,0,0
201804,476,41180, ,St. Louis  MO-IL ,506,506,126012,2,4,1017,1,3,359,16,164,18506,356,356,81178,2,4,1017,0,0,0,11,120,13584
201804,482,36260, ,Ogden-Clearfield  UT ,222,222,58929,2,4,570,15,54,8178,2,10,1108,195,195,51398,2,4,570,10,36,5244,0,0,0
201804,482,39340, ,Provo-Orem  UT ,498,498,143466,0,0,0,0,0,0,2,15,823,494,494,140978,0,0,0,0,0,0,2,15,823
201804,482,41620, ,Salt Lake City  UT ,546,546,138531,1,2,362,4,16,1499,9,135,18707,423,423,106680,0,0,0,2,8,531,4,34,5031
201804,488,41860,C,San Francisco-Oakland-Hayward  CA ,338,338,147374,2,4,938,17,59,18997,23,1382,279577,251,251,108196,1,2,346,16,56,18140,10,1027,212202
201804,488,41940,C,San Jose-Sunnyvale-Santa Clara  CA ,196,196,90472,1,2,550,2,7,2239,7,391,85309,173,173,82452,1,2,550,1,4,1312,5,298,71674
201804,488,42100, ,Santa Cruz-Watsonville  CA ,12,12,2751,0,0,0,1,4,459,1,7,712,0,0,0,0,0,0,0,0,0,0,0,0
201804,488,42220, ,Santa Rosa  CA ,231,231,69451,0,0,0,0,0,0,0,0,0,230,230,69045,0,0,0,0,0,0,0,0,0
201804,488,44700, ,Stockton-Lodi  CA ,207,207,66851,0,0,0,0,0,0,0,0,0,207,207,66851,0,0,0,0,0,0,0,0,0
201804,488,46700, ,Vallejo-Fairfield  CA ,25,25,7511,0,0,0,0,0,0,0,0,0,25,25,7511,0,0,0,0,0,0,0,0,0
201804,496,25980, ,Hinesville  GA ,20,20,4242,0,0,0,1,3,121,1,7,292,7,7,1785,0,0,0,0,0,0,0,0,0
201804,496,42340, ,Savannah  GA ,194,194,41938,0,0,0,0,0,0,0,0,0,129,129,27954,0,0,0,0,0,0,0,0,0
201804,500,14740,C,Bremerton-Silverdale  WA ,73,73,25092,0,0,0,0,0,0,0,0,0,73,73,25092,0,0,0,0,0,0,0,0,0
201804,500,34580, ,Mount Vernon-Anacortes  WA ,41,41,8727,2,4,795,0,0,0,0,0,0,18,18,3602,1,2,529,0,0,0,0,0,0
201804,500,36500, ,Olympia-Tumwater  WA ,71,71,18036,0,0,0,0,0,0,1,6,589,60,60,15694,0,0,0,0,0,0,0,0,0
201804,500,42660,C,Seattle-Tacoma-Bellevue  WA ,830,830,272288,24,48,10112,16,54,9467,40,1609,174578,679,679,210573,24,48,10112,15,51,8967,36,1550,167883
201804,512,43580, ,Sioux City  IA-NE-SD ,17,17,4195,0,0,0,0,0,0,0,0,0,6,6,1065,0,0,0,0,0,0,0,0,0
201804,515,21140, ,Elkhart-Goshen  IN ,27,27,11622,0,0,0,0,0,0,0,0,0,27,27,11622,0,0,0,0,0,0,0,0,0
201804,515,35660, ,Niles-Benton Harbor  MI ,1,1,100,0,0,0,0,0,0,0,0,0,1,1,100,0,0,0,0,0,0,0,0,0
201804,515,43780, ,South Bend-Mishawaka  IN-MI ,43,43,10055,0,0,0,0,0,0,0,0,0,43,43,10055,0,0,0,0,0,0,0,0,0
201804,518,17660, ,Coeur dAlene  ID ,130,130,31155,0,0,0,0,0,0,1,5,357,101,101,25321,0,0,0,0,0,0,0,0,0
201804,518,44060, ,Spokane-Spokane Valley  WA ,195,195,48790,4,8,1677,1,4,516,4,83,9583,155,155,38596,3,6,1332,0,0,0,2,48,5308
201804,520,44180, ,Springfield  MO ,65,65,16865,0,0,0,0,0,0,2,16,1500,65,65,16865,0,0,0,0,0,0,2,16,1500
201804,521,44140, ,Springfield  MA ,6,6,1280,1,2,141,0,0,0,0,0,0,6,6,1280,1,2,141,0,0,0,0,0,0
201804,522,44100, ,Springfield  IL ,8,8,2157,2,4,752,0,0,0,0,0,0,1,1,170,0,0,0,0,0,0,0,0,0
201804,524,44300, ,State College  PA ,5,5,1217,0,0,0,0,0,0,0,0,0,1,1,250,0,0,0,0,0,0,0,0,0
201804,532,45060, ,Syracuse  NY ,27,27,6236,0,0,0,0,0,0,0,0,0,26,26,6026,0,0,0,0,0,0,0,0,0
201804,533,45220, ,Tallahassee  FL ,103,103,16846,1,2,222,0,0,0,5,130,17174,66,66,10313,0,0,0,0,0,0,0,0,0
201804,534,45780, ,Toledo  OH ,73,73,18116,0,0,0,5,18,1483,1,5,400,45,45,11414,0,0,0,4,15,1050,0,0,0
201804,536,46060,C,Tucson  AZ ,324,324,90319,2,4,478,0,0,0,8,98,13895,176,176,49133,0,0,0,0,0,0,0,0,0
201804,538,46140,C,Tulsa  OK ,274,274,62509,0,0,0,1,4,282,0,0,0,250,250,56710,0,0,0,1,4,282,0,0,0
201804,540,46340, ,Tyler  TX ,33,33,10163,12,24,6299,14,42,8805,0,0,0,33,33,10163,12,24,6299,14,42,8805,0,0,0
201804,545,47260, ,Virginia Beach-Norfolk-Newport News  VA-NC ,438,438,107419,1,2,260,2,7,902,1,10,849,386,386,99748,0,0,0,1,4,671,1,10,849
201804,546,47300, ,Visalia-Porterville  CA ,106,106,21339,4,8,380,0,0,0,4,32,2467,106,106,21339,4,8,380,0,0,0,4,32,2467
201804,548,12580,C,Baltimore-Columbia-Towson  MD ,458,458,90126,0,0,0,0,0,0,5,327,31100,452,452,88699,0,0,0,0,0,0,5,327,31100
201804,548,15680,C,California-Lexington Park  MD ,92,92,18447,0,0,0,0,0,0,0,0,0,92,92,18447,0,0,0,0,0,0,0,0,0
201804,548,16540,C,Chambersburg-Waynesboro  PA ,29,29,5138,0,0,0,0,0,0,1,5,488,13,13,2704,0,0,0,0,0,0,0,0,0
201804,548,25180, ,Hagerstown-Martinsburg  MD-WV ,126,126,26525,0,0,0,0,0,0,1,24,1700,126,126,26525,0,0,0,0,0,0,1,24,1700
201804,548,47900, ,Washington-Arlington-Alexandria  DC-VA-MD-WV ,1354,1354,330279,5,10,1215,0,0,0,9,215,27476,1134,1134,283014,5,10,1215,0,0,0,6,148,22138
201804,548,49020, ,Winchester  VA-WV ,52,52,12518,0,0,0,0,0,0,5,25,4995,52,52,12518,0,0,0,0,0,0,5,25,4995
201804,554,48140, ,Wausau  WI ,16,16,4174,0,0,0,0,0,0,0,0,0,9,9,2510,0,0,0,0,0,0,0,0,0
201804,556,48620, ,Wichita  KS ,103,103,18805,10,20,1653,0,0,0,2,21,1469,7,7,1883,0,0,0,0,0,0,0,0,0
201804,558,48700, ,Williamsport  PA ,2,2,596,0,0,0,0,0,0,0,0,0,2,2,596,0,0,0,0,0,0,0,0,0
201804,566,49660, ,Youngstown-Warren-Boardman  OH-PA ,22,22,4640,1,2,204,0,0,0,0,0,0,0,0,0,0,0,0,0,0,0,0,0,0
201804,999,10180, ,Abilene  TX ,24,24,4985,5,10,690,0,0,0,0,0,0,24,24,4985,5,10,690,0,0,0,0,0,0
201804,999,10500, ,Albany  GA ,35,35,3299,0,0,0,0,0,0,0,0,0,1,1,450,0,0,0,0,0,0,0,0,0
201804,999,10780, ,Alexandria  LA ,24,24,5685,0,0,0,0,0,0,0,0,0,24,24,5685,0,0,0,0,0,0,0,0,0
201804,999,11020, ,Altoona  PA ,0,0,0,0,0,0,0,0,0,0,0,0,0,0,0,0,0,0,0,0,0,0,0,0
201804,999,11260,C,Anchorage  AK ,85,85,26258,3,6,1034,1,4,695,1,13,2055,6,6,1511,3,6,1034,0,0,0,0,0,0
201804,999,11500, ,Anniston-Oxford-Jacksonville  AL ,10,10,1560,0,0,0,0,0,0,0,0,0,10,10,1560,0,0,0,0,0,0,0,0,0
201804,999,12260, ,Augusta-Richmond County  GA-SC ,234,234,42630,0,0,0,0,0,0,5,60,3120,192,192,35660,0,0,0,0,0,0,4,32,1512
201804,999,12420, ,Austin-Round Rock  TX ,1676,1676,397692,2,4,452,0,0,0,47,1382,109634,1418,1418,345421,1,2,272,0,0,0,47,1382,109634
201804,999,12540, ,Bakersfield  CA ,186,186,47191,4,8,946,0,0,0,0,0,0,32,32,5632,0,0,0,0,0,0,0,0,0
201804,999,12620, ,Bangor  ME ,7,7,1841,0,0,0,0,0,0,0,0,0,4,4,1154,0,0,0,0,0,0,0,0,0
201804,999,12940,C,Baton Rouge  LA ,350,350,71003,1,2,75,1,3,232,0,0,0,156,156,34573,0,0,0,0,0,0,0,0,0
201804,999,13140, ,Beaumont-Port Arthur  TX ,29,29,6541,0,0,0,0,0,0,0,0,0,29,29,6541,0,0,0,0,0,0,0,0,0
201804,999,13220,C,Beckley  WV ,14,14,2227,0,0,0,0,0,0,0,0,0,11,11,1902,0,0,0,0,0,0,0,0,0
201804,999,13380, ,Bellingham  WA ,81,81,21145,1,2,209,1,3,320,1,6,1259,40,40,9489,1,2,209,1,3,320,1,6,1259
201804,999,13740, ,Billings  MT ,88,88,14963,0,0,0,0,0,0,0,0,0,88,88,14963,0,0,0,0,0,0,0,0,0
201804,999,13780, ,Binghamton  NY ,0,0,0,0,0,0,0,0,0,0,0,0,0,0,0,0,0,0,0,0,0,0,0,0
201804,999,13900, ,Bismarck  ND ,55,55,13626,0,0,0,1,4,950,0,0,0,50,50,12104,0,0,0,1,4,950,0,0,0
201804,999,13980, ,Blacksburg-Christiansburg-Radford  VA ,2,2,825,0,0,0,0,0,0,0,0,0,2,2,825,0,0,0,0,0,0,0,0,0
201804,999,15260, ,Brunswick  GA ,58,58,16514,0,0,0,0,0,0,0,0,0,0,0,0,0,0,0,0,0,0,0,0,0
201804,999,15540, ,Burlington-South Burlington  VT ,26,26,6965,0,0,0,1,4,366,0,0,0,22,22,6099,0,0,0,1,4,366,0,0,0
201804,999,16220, ,Casper  WY ,15,15,2921,1,2,161,0,0,0,1,7,855,8,8,841,0,0,0,0,0,0,0,0,0
201804,999,16580, ,Champaign-Urbana  IL ,18,18,4594,0,0,0,0,0,0,0,0,0,17,17,4411,0,0,0,0,0,0,0,0,0
201804,999,16700,C,Charleston-North Charleston  SC ,417,417,123085,0,0,0,0,0,0,7,178,11222,165,165,72588,0,0,0,0,0,0,0,0,0
201804,999,16820, ,Charlottesville  VA ,68,68,20984,0,0,0,0,0,0,3,36,7025,0,0,0,0,0,0,0,0,0,0,0,0
201804,999,16940, ,Cheyenne  WY ,31,31,6055,0,0,0,0,0,0,0,0,0,31,31,6055,0,0,0,0,0,0,0,0,0
201804,999,17020, ,Chico  CA ,27,27,6222,4,8,751,0,0,0,0,0,0,27,27,6222,4,8,751,0,0,0,0,0,0
201804,999,17300,C,Clarksville  TN-KY ,158,158,26959,3,6,537,2,7,450,0,0,0,156,156,26817,3,6,537,2,7,450,0,0,0
201804,999,17780, ,College Station-Bryan  TX ,94,94,17664,1,2,255,0,0,0,0,0,0,94,94,17664,1,2,255,0,0,0,0,0,0
201804,999,17820,C,Colorado Springs  CO ,390,390,138881,0,0,0,0,0,0,8,269,35238,382,382,136725,0,0,0,0,0,0,8,269,35238
201804,999,18880,C,Crestview-Fort Walton Beach-Destin  FL ,206,206,71404,0,0,0,3,12,1423,0,0,0,200,200,70104,0,0,0,3,12,1423,0,0,0
201804,999,19060, ,Cumberland  MD-WV ,2,2,566,0,0,0,0,0,0,0,0,0,2,2,566,0,0,0,0,0,0,0,0,0
201804,999,19180, ,Danville  IL ,0,0,0,0,0,0,0,0,0,0,0,0,0,0,0,0,0,0,0,0,0,0,0,0
201804,999,19500, ,Decatur  IL ,1,1,471,0,0,0,0,0,0,0,0,0,1,1,471,0,0,0,0,0,0,0,0,0
201804,999,20220, ,Dubuque  IA ,8,8,2914,0,0,0,0,0,0,0,0,0,8,8,2914,0,0,0,0,0,0,0,0,0
201804,999,20260, ,Duluth  MN-WI ,6,6,1148,0,0,0,0,0,0,0,0,0,5,5,985,0,0,0,0,0,0,0,0,0
201804,999,20940, ,El Centro  CA ,35,35,7413,0,0,0,0,0,0,0,0,0,35,35,7413,0,0,0,0,0,0,0,0,0
201804,999,21420, ,Enid  OK ,8,8,1939,0,0,0,0,0,0,0,0,0,8,8,1939,0,0,0,0,0,0,0,0,0
201804,999,21660, ,Eugene  OR ,53,53,13355,6,12,1949,0,0,0,0,0,0,21,21,5392,6,12,1949,0,0,0,0,0,0
201804,999,21780, ,Evansville  IN-KY ,41,41,12462,1,2,80,0,0,0,1,10,400,41,41,12462,1,2,80,0,0,0,1,10,400
201804,999,21820,C,Fairbanks  AK ,0,0,0,0,0,0,0,0,0,0,0,0,0,0,0,0,0,0,0,0,0,0,0,0
201804,999,22140,C,Farmington  NM ,11,11,2591,2,4,394,0,0,0,0,0,0,11,11,2591,2,4,394,0,0,0,0,0,0
201804,999,22220, ,Fayetteville-Springdale-Rogers  AR-MO ,378,378,93380,1,2,199,0,0,0,4,126,14953,327,327,81517,1,2,199,0,0,0,3,95,12294
201804,999,22380, ,Flagstaff  AZ ,34,34,6790,0,0,0,0,0,0,0,0,0,34,34,6790,0,0,0,0,0,0,0,0,0
201804,999,22500, ,Florence  SC ,39,39,4750,0,0,0,0,0,0,3,59,5110,0,0,0,0,0,0,0,0,0,0,0,0
201804,999,22520, ,Florence-Muscle Shoals  AL ,24,24,3447,0,0,0,2,8,500,1,12,750,10,10,1827,0,0,0,2,8,500,1,12,750
201804,999,22540, ,Fond du Lac  WI ,7,7,1571,0,0,0,0,0,0,0,0,0,0,0,0,0,0,0,0,0,0,0,0,0
201804,999,22660,C,Fort Collins  CO ,156,156,40489,1,2,258,0,0,0,3,32,3854,156,156,40489,1,2,258,0,0,0,3,32,3854
201804,999,22900, ,Fort Smith  AR-OK ,46,46,5650,1,2,201,2,7,470,0,0,0,42,42,5242,1,2,201,2,7,470,0,0,0
201804,999,23460, ,Gadsden  AL ,6,6,1023,0,0,0,0,0,0,0,0,0,0,0,0,0,0,0,0,0,0,0,0,0
201804,999,24220, ,Grand Forks  ND-MN ,15,15,4381,0,0,0,0,0,0,0,0,0,15,15,4381,0,0,0,0,0,0,0,0,0
201804,999,24260, ,Grand Island  NE ,7,7,1084,0,0,0,1,4,308,0,0,0,7,7,1084,0,0,0,1,4,308,0,0,0
201804,999,24300,C,Grand Junction  CO ,86,86,12904,0,0,0,0,0,0,0,0,0,86,86,12904,0,0,0,0,0,0,0,0,0
201804,999,24500, ,Great Falls  MT ,19,19,5091,0,0,0,0,0,0,0,0,0,5,5,1204,0,0,0,0,0,0,0,0,0
201804,999,25060, ,Gulfport-Biloxi-Pascagoula  MS ,152,152,25825,2,4,458,1,3,301,1,12,1016,85,85,15722,1,2,273,0,0,0,0,0,0
201804,999,25620, ,Hattiesburg  MS ,10,10,2070,0,0,0,0,0,0,0,0,0,10,10,2070,0,0,0,0,0,0,0,0,0
201804,999,25940, ,Hilton Head Island-Bluffton-Beaufort  SC ,55,55,16300,0,0,0,0,0,0,0,0,0,55,55,16300,0,0,0,0,0,0,0,0,0
201804,999,26140, ,Homosassa Springs  FL ,40,40,8644,1,2,55,0,0,0,1,11,951,0,0,0,0,0,0,0,0,0,0,0,0
201804,999,26380, ,Houma-Thibodaux  LA ,41,41,15498,0,0,0,0,0,0,0,0,0,41,41,15498,0,0,0,0,0,0,0,0,0
201804,999,27100, ,Jackson  MI ,2,2,429,0,0,0,0,0,0,0,0,0,2,2,429,0,0,0,0,0,0,0,0,0
201804,999,27340,C,Jacksonville  NC ,88,88,13182,2,4,430,0,0,0,0,0,0,88,88,13182,2,4,430,0,0,0,0,0,0
201804,999,27980,C,Kahului-Wailuku-Lahaina  HI ,11,11,4368,2,4,1019,1,4,948,1,6,1394,11,11,4368,2,4,1019,1,4,948,1,6,1394
201804,999,28420,C,Kennewick-Richland  WA ,143,143,40834,3,6,723,0,0,0,2,10,1092,57,57,16186,1,2,376,0,0,0,0,0,0
201804,999,28660,C,Killeen-Temple  TX ,207,207,40601,13,26,1655,0,0,0,0,0,0,195,195,38850,12,24,1505,0,0,0,0,0,0
201804,999,29100, ,La Crosse-Onalaska  WI-MN ,23,23,6312,4,8,620,0,0,0,0,0,0,23,23,6312,4,8,620,0,0,0,0,0,0
201804,999,29460, ,Lakeland-Winter Haven  FL ,418,418,93289,0,0,0,0,0,0,0,0,0,418,418,93289,0,0,0,0,0,0,0,0,0
201804,999,29540, ,Lancaster  PA ,12,12,2054,0,0,0,0,0,0,0,0,0,3,3,470,0,0,0,0,0,0,0,0,0
201804,999,29700, ,Laredo  TX ,105,105,18853,1,2,140,0,0,0,2,28,2664,0,0,0,0,0,0,0,0,0,0,0,0
201804,999,30020, ,Lawton  OK ,9,9,1665,0,0,0,0,0,0,0,0,0,9,9,1665,0,0,0,0,0,0,0,0,0
201804,999,30300, ,Lewiston  ID-WA ,0,0,0,0,0,0,0,0,0,0,0,0,0,0,0,0,0,0,0,0,0,0,0,0
201804,999,30860, ,Logan  UT-ID ,12,12,2573,0,0,0,0,0,0,0,0,0,12,12,2573,0,0,0,0,0,0,0,0,0
201804,999,31340, ,Lynchburg  VA ,15,15,2990,0,0,0,0,0,0,2,52,3771,8,8,1683,0,0,0,0,0,0,2,52,3771
201804,999,33540,C,Missoula  MT ,39,39,9295,3,6,552,0,0,0,0,0,0,39,39,9295,3,6,552,0,0,0,0,0,0
201804,999,33860, ,Montgomery  AL ,77,77,16965,0,0,0,0,0,0,0,0,0,77,77,16965,0,0,0,0,0,0,0,0,0
201804,999,36100, ,Ocala  FL ,201,201,33928,3,6,305,0,0,0,0,0,0,201,201,33928,3,6,305,0,0,0,0,0,0
201804,999,36980, ,Owensboro  KY ,14,14,1360,0,0,0,0,0,0,0,0,0,14,14,1360,0,0,0,0,0,0,0,0,0
201804,999,37340, ,Palm Bay-Melbourne-Titusville  FL ,171,171,56312,1,2,351,0,0,0,1,31,4751,62,62,16834,0,0,0,0,0,0,0,0,0
201804,999,37460, ,Panama City  FL ,88,88,27223,6,12,1779,1,3,446,3,22,3487,88,88,27223,6,12,1779,1,3,446,3,22,3487
201804,999,38060,C,Phoenix-Mesa-Scottsdale  AZ ,2185,2185,568383,16,32,2964,2,6,1395,19,1100,153354,1963,1963,502671,16,32,2964,2,6,1395,15,1047,145813
201804,999,38340, ,Pittsfield  MA ,1,1,1167,0,0,0,0,0,0,0,0,0,0,0,0,0,0,0,0,0,0,0,0,0
201804,999,38540, ,Pocatello  ID ,39,39,7293,0,0,0,0,0,0,0,0,0,39,39,7293,0,0,0,0,0,0,0,0,0
201804,999,39140, ,Prescott  AZ ,121,121,33206,2,4,649,1,3,308,1,21,1986,121,121,33206,2,4,649,1,3,308,1,21,1986
201804,999,40060, ,Richmond  VA ,362,362,76516,16,32,1606,3,10,957,0,0,0,352,352,75022,16,32,1606,3,10,957,0,0,0
201804,999,41100, ,St. George  UT ,152,152,30200,1,2,168,2,8,819,4,24,4566,91,91,15690,1,2,168,2,8,819,4,24,4566
201804,999,41500, ,Salinas  CA ,30,30,8091,0,0,0,2,6,927,3,23,4800,29,29,7865,0,0,0,2,6,927,2,18,4187
201804,999,41540, ,Salisbury  MD-DE ,229,229,34434,6,12,1043,0,0,0,4,23,2493,227,227,34157,6,12,1043,0,0,0,4,23,2493
201804,999,41660,C,San Angelo  TX ,31,31,4866,0,0,0,0,0,0,0,0,0,31,31,4866,0,0,0,0,0,0,0,0,0
201804,999,41700,C,San Antonio-New Braunfels  TX ,660,660,149500,2,4,160,0,0,0,1,7,1492,602,602,141042,2,4,160,0,0,0,0,0,0
201804,999,41740,C,San Diego-Carlsbad  CA ,263,263,92544,1,2,280,15,51,9151,45,636,95436,261,261,92163,1,2,280,15,51,9151,44,624,92780
201804,999,42020, ,San Luis Obispo-Paso Robles-Arroyo Grande  CA ,39,39,14839,0,0,0,1,3,603,1,7,736,0,0,0,0,0,0,0,0,0,0,0,0
201804,999,42200, ,Santa Maria-Santa Barbara  CA ,8,8,2144,0,0,0,0,0,0,2,12,2330,8,8,2144,0,0,0,0,0,0,2,12,2330
201804,999,42540, ,Scranton--Wilkes-Barre--Hazleton  PA ,7,7,1120,0,0,0,0,0,0,0,0,0,6,6,870,0,0,0,0,0,0,0,0,0
201804,999,43100, ,Sheboygan  WI ,1,1,344,0,0,0,0,0,0,0,0,0,0,0,0,0,0,0,0,0,0,0,0,0
201804,999,43340, ,Shreveport-Bossier City  LA ,113,113,24875,0,0,0,0,0,0,0,0,0,82,82,17003,0,0,0,0,0,0,0,0,0
201804,999,43420, ,Sierra Vista-Douglas  AZ ,18,18,2498,0,0,0,0,0,0,1,5,483,18,18,2498,0,0,0,0,0,0,0,0,0
201804,999,43620, ,Sioux Falls  SD ,175,175,34396,4,8,1112,2,6,567,0,0,0,175,175,34396,4,8,1112,2,6,567,0,0,0
201804,999,44940,C,Sumter  SC ,22,22,2983,0,0,0,0,0,0,0,0,0,0,0,0,0,0,0,0,0,0,0,0,0
201804,999,45300,C,Tampa-St. Petersburg-Clearwater  FL ,1234,1234,384548,4,8,879,9,27,1481,5,328,27410,1226,1226,381986,3,6,646,8,24,976,4,289,24560
201804,999,45460, ,Terre Haute  IN ,11,11,891,1,2,138,0,0,0,1,13,900,8,8,332,0,0,0,0,0,0,0,0,0
201804,999,45500, ,Texarkana  TX-AR ,4,4,827,0,0,0,0,0,0,0,0,0,0,0,0,0,0,0,0,0,0,0,0,0
201804,999,45820, ,Topeka  KS ,31,31,5283,0,0,0,0,0,0,0,0,0,31,31,5283,0,0,0,0,0,0,0,0,0
201804,999,46220, ,Tuscaloosa  AL ,74,74,18154,0,0,0,0,0,0,0,0,0,74,74,18154,0,0,0,0,0,0,0,0,0
201804,999,46300, ,Twin Falls  ID ,45,45,8552,1,2,240,0,0,0,0,0,0,45,45,8552,1,2,240,0,0,0,0,0,0
201804,999,46520,C,Urban Honolulu  HI ,101,101,34405,0,0,0,0,0,0,1,71,11638,0,0,0,0,0,0,0,0,0,0,0,0
201804,999,46540, ,Utica-Rome  NY ,0,0,0,0,0,0,0,0,0,0,0,0,0,0,0,0,0,0,0,0,0,0,0,0
201804,999,46660, ,Valdosta  GA ,103,103,18948,0,0,0,0,0,0,0,0,0,54,54,10674,0,0,0,0,0,0,0,0,0
201804,999,47380, ,Waco  TX ,51,51,11274,1,2,240,1,4,214,1,8,548,1,1,46,0,0,0,0,0,0,0,0,0
201804,999,47460, ,Walla Walla  WA ,15,15,3795,0,0,0,0,0,0,0,0,0,14,14,3695,0,0,0,0,0,0,0,0,0
201804,999,47940, ,Waterloo-Cedar Falls  IA ,7,7,1850,0,0,0,0,0,0,0,0,0,7,7,1850,0,0,0,0,0,0,0,0,0
201804,999,48060, ,Watertown-Fort Drum  NY ,12,12,1169,0,0,0,0,0,0,0,0,0,0,0,0,0,0,0,0,0,0,0,0,0
201804,999,48300, ,Wenatchee  WA ,55,55,11975,0,0,0,0,0,0,0,0,0,55,55,11975,0,0,0,0,0,0,0,0,0
201804,999,48540, ,Wheeling  WV-OH ,0,0,0,0,0,0,0,0,0,0,0,0,0,0,0,0,0,0,0,0,0,0,0,0
201804,999,48660, ,Wichita Falls  TX ,0,0,0,0,0,0,0,0,0,0,0,0,0,0,0,0,0,0,0,0,0,0,0,0
201804,999,48900, ,Wilmington  NC ,141,141,46286,2,4,251,0,0,0,0,0,0,140,140,45964,2,4,251,0,0,0,0,0,0
201804,999,49420, ,Yakima  WA ,36,36,9884,0,0,0,0,0,0,0,0,0,19,19,4980,0,0,0,0,0,0,0,0,0
201804,999,49740, ,Yuma  AZ ,89,89,14077,0,0,0,1,3,390,1,5,661,12,12,1519,0,0,0,0,0,0,0,0,0
