Survey,CSA,CBSA,MONCOV,CBSA,,1-unit,,,2-units,,,3-4 units,,,5+ units,,,1-unit rep,,,2-units rep,,,3-4 units rep,,,5+ units rep
Date,Code,Code,,Name,Bldgs,Units,Value,Bldgs,Units,Value,Bldgs,Units,Value,Bldgs,Units,Value,Bldgs,Units,Value,Bldgs,Units,Value,      Bldgs,Units,Value,Bldgs,Units,Value
 
201810,104,10580,C,Albany-Schenectady-Troy  NY ,139,139,36139,0,0,0,6,24,3300,4,30,3282,100,100,24633,0,0,0,6,24,3300,1,12,1200
201810,104,24020, ,Glens Falls  NY ,24,24,6451,0,0,0,0,0,0,0,0,0,15,15,4040,0,0,0,0,0,0,0,0,0
201810,106,10740,C,Albuquerque  NM ,153,153,33089,1,2,283,0,0,0,1,5,208,85,85,19244,0,0,0,0,0,0,0,0,0
201810,106,42140,C,Santa Fe  NM ,13,13,2857,0,0,0,0,0,0,0,0,0,13,13,2857,0,0,0,0,0,0,0,0,0
201810,108,11100, ,Amarillo  TX ,48,48,12650,6,12,1789,0,0,0,0,0,0,48,48,12650,6,12,1789,0,0,0,0,0,0
201810,118,11540, ,Appleton  WI ,42,42,10954,2,4,520,0,0,0,0,0,0,42,42,10954,2,4,520,0,0,0,0,0,0
201810,118,36780, ,Oshkosh-Neenah  WI ,17,17,5071,1,2,370,0,0,0,1,8,350,17,17,5071,1,2,370,0,0,0,1,8,350
201810,120,11700, ,Asheville  NC ,150,150,43033,0,0,0,0,0,0,4,78,5341,35,35,10013,0,0,0,0,0,0,1,30,1950
201810,122,12020, ,Athens-Clarke County  GA ,43,43,9445,0,0,0,0,0,0,0,0,0,43,43,9445,0,0,0,0,0,0,0,0,0
201810,122,12060, ,Atlanta-Sandy Springs-Roswell  GA ,2062,2062,441634,6,12,1260,3,11,2187,26,2057,321316,1827,1827,394005,6,12,1260,3,11,2187,24,2040,320066
201810,122,23580, ,Gainesville  GA ,49,49,10225,0,0,0,0,0,0,0,0,0,49,49,10225,0,0,0,0,0,0,0,0,0
201810,140,13460,C,Bend-Redmond  OR ,195,195,49224,4,8,741,0,0,0,0,0,0,168,168,42471,4,8,741,0,0,0,0,0,0
201810,142,13820,C,Birmingham-Hoover  AL ,182,182,53977,0,0,0,0,0,0,0,0,0,101,101,34478,0,0,0,0,0,0,0,0,0
201810,144,14020,C,Bloomington  IN ,23,23,5946,1,2,278,0,0,0,1,16,1832,23,23,5946,1,2,278,0,0,0,1,16,1832
201810,145,14010, ,Bloomington  IL ,4,4,540,0,0,0,1,4,226,0,0,0,4,4,540,0,0,0,1,4,226,0,0,0
201810,146,14100,C,Bloomsburg-Berwick  PA ,13,13,2821,0,0,0,0,0,0,0,0,0,8,8,1565,0,0,0,0,0,0,0,0,0
201810,147,14260,C,Boise City  ID ,561,561,143361,3,6,834,14,55,4696,14,84,8377,448,448,114563,3,6,834,12,47,4171,11,64,5768
201810,148,12700, ,Barnstable Town  MA ,5,5,3765,0,0,0,0,0,0,0,0,0,5,5,3765,0,0,0,0,0,0,0,0,0
201810,148,14460,C,Boston-Cambridge-Newton  MA-NH ,494,494,156007,18,36,6519,5,15,3816,29,591,117028,310,310,96610,7,14,2795,3,9,3105,16,485,98151
201810,148,31700, ,Manchester-Nashua  NH ,39,39,7062,0,0,0,0,0,0,3,79,8733,12,12,2507,0,0,0,0,0,0,2,72,7850
201810,148,39300,C,Providence-Warwick  RI-MA ,147,147,33414,3,6,1115,0,0,0,0,0,0,89,89,21197,2,4,837,0,0,0,0,0,0
201810,148,49340, ,Worcester  MA-CT ,20,20,5162,1,2,202,0,0,0,1,8,143,12,12,3455,0,0,0,0,0,0,0,0,0
201810,150,14540, ,Bowling Green  KY ,50,50,11820,0,0,0,0,0,0,2,16,1250,50,50,11820,0,0,0,0,0,0,2,16,1250
201810,154,15180, ,Brownsville-Harlingen  TX ,80,80,8703,2,4,248,0,0,0,0,0,0,30,30,3098,2,4,248,0,0,0,0,0,0
201810,160,15380,C,Buffalo-Cheektowaga-Niagara Falls  NY ,81,81,23490,0,0,0,0,0,0,5,50,7884,54,54,16909,0,0,0,0,0,0,4,36,4750
201810,162,15980,C,Cape Coral-Fort Myers  FL ,520,520,125454,22,44,5795,1,4,995,18,511,63274,520,520,125454,22,44,5795,1,4,995,18,511,63274
201810,162,34940, ,Naples-Immokalee-Marco Island  FL ,212,212,52061,1,2,342,2,8,2407,10,281,142950,212,212,52061,1,2,342,2,8,2407,10,281,142950
201810,164,16020, ,Cape Girardeau  MO-IL ,0,0,0,0,0,0,0,0,0,0,0,0,0,0,0,0,0,0,0,0,0,0,0,0
201810,168,16300, ,Cedar Rapids  IA ,44,44,5529,13,26,2076,0,0,0,0,0,0,44,44,5529,13,26,2076,0,0,0,0,0,0
201810,168,26980, ,Iowa City  IA ,48,48,11611,1,2,188,0,0,0,0,0,0,30,30,8383,1,2,188,0,0,0,0,0,0
201810,170,16620, ,Charleston  WV ,5,5,571,0,0,0,0,0,0,0,0,0,2,2,50,0,0,0,0,0,0,0,0,0
201810,170,26580, ,Huntington-Ashland  WV-KY-OH ,14,14,2630,0,0,0,0,0,0,1,5,451,7,7,1655,0,0,0,0,0,0,0,0,0
201810,172,16740, ,Charlotte-Concord-Gastonia  NC-SC ,1236,1236,320788,1,2,243,0,0,0,4,428,23113,1153,1153,290060,1,2,243,0,0,0,3,413,21410
201810,174,16860, ,Chattanooga  TN-GA ,127,127,28609,2,4,94,0,0,0,0,0,0,127,127,28609,2,4,94,0,0,0,0,0,0
201810,174,17420, ,Cleveland  TN ,19,19,3532,1,2,65,0,0,0,0,0,0,3,3,650,1,2,65,0,0,0,0,0,0
201810,176,16980, ,Chicago-Naperville-Elgin  IL-IN-WI ,857,857,234653,16,32,5280,23,72,16848,35,775,156007,731,731,199142,14,28,4787,22,69,16120,27,711,149146
201810,176,28100, ,Kankakee  IL ,5,5,1293,0,0,0,0,0,0,0,0,0,5,5,1293,0,0,0,0,0,0,0,0,0
201810,176,33140, ,Michigan City-La Porte  IN ,17,17,3140,0,0,0,0,0,0,0,0,0,17,17,3140,0,0,0,0,0,0,0,0,0
201810,178,17140, ,Cincinnati  OH-KY-IN ,345,345,83809,14,28,4428,20,61,12020,14,417,46491,226,226,53873,14,28,4428,19,58,11720,12,394,44710
201810,184,10420, ,Akron  OH ,47,47,23748,0,0,0,0,0,0,0,0,0,47,47,23748,0,0,0,0,0,0,0,0,0
201810,184,15940, ,Canton-Massillon  OH ,37,37,11845,1,2,240,0,0,0,1,5,384,33,33,11378,1,2,240,0,0,0,0,0,0
201810,184,17460, ,Cleveland-Elyria  OH ,252,252,62026,4,8,122,1,4,360,4,20,2329,220,220,57652,1,2,90,1,4,360,4,20,2329
201810,190,17860,C,Columbia  MO ,65,65,16893,0,0,0,0,0,0,0,0,0,65,65,16893,0,0,0,0,0,0,0,0,0
201810,192,17900,C,Columbia  SC ,367,367,68555,0,0,0,0,0,0,2,32,1806,90,90,16749,0,0,0,0,0,0,0,0,0
201810,194,12220,C,Auburn-Opelika  AL ,78,78,22953,1,2,211,0,0,0,1,32,8367,28,28,8605,0,0,0,0,0,0,0,0,0
201810,194,17980, ,Columbus  GA-AL ,56,56,11998,0,0,0,1,3,185,2,12,2102,28,28,6531,0,0,0,0,0,0,0,0,0
201810,198,18140, ,Columbus  OH ,325,325,84907,1,2,309,1,4,180,20,413,25286,292,292,75705,1,2,309,1,4,180,17,390,23007
201810,204,18580, ,Corpus Christi  TX ,73,73,13032,0,0,0,0,0,0,0,0,0,7,7,1655,0,0,0,0,0,0,0,0,0
201810,206,19100, ,Dallas-Fort Worth-Arlington  TX ,3067,3067,855154,21,42,6621,4,14,2920,37,1382,148968,2552,2552,689090,21,42,6621,4,14,2920,32,1191,130449
201810,209,19340, ,Davenport-Moline-Rock Island  IA-IL ,25,25,6245,0,0,0,1,4,437,1,30,1556,22,22,5397,0,0,0,1,4,437,1,30,1556
201810,212,19380, ,Dayton  OH ,74,74,26863,3,6,1125,0,0,0,0,0,0,42,42,19454,3,6,1125,0,0,0,0,0,0
201810,212,44220, ,Springfield  OH ,10,10,3635,0,0,0,0,0,0,0,0,0,10,10,3635,0,0,0,0,0,0,0,0,0
201810,216,14500, ,Boulder  CO ,51,51,19348,0,0,0,0,0,0,6,133,19465,3,3,3593,0,0,0,0,0,0,2,83,12304
201810,216,19740,C,Denver-Aurora-Lakewood  CO ,1111,1111,310138,0,0,0,2,8,1533,11,355,47658,1100,1100,307000,0,0,0,2,8,1533,10,350,46931
201810,216,24540, ,Greeley  CO ,170,170,44651,0,0,0,4,15,2152,2,16,1289,46,46,12493,0,0,0,0,0,0,0,0,0
201810,218,11180, ,Ames  IA ,10,10,3874,0,0,0,0,0,0,2,52,11971,10,10,3874,0,0,0,0,0,0,2,52,11971
201810,218,19780, ,Des Moines-West Des Moines  IA ,299,299,84475,1,2,220,0,0,0,6,192,22768,291,291,82702,1,2,220,0,0,0,6,192,22768
201810,220,11460, ,Ann Arbor  MI ,45,45,13029,0,0,0,0,0,0,4,64,6215,32,32,9655,0,0,0,0,0,0,4,64,6215
201810,220,19820, ,Detroit-Warren-Dearborn  MI ,647,647,185982,1,2,183,8,28,5544,4,40,4418,509,509,150987,0,0,0,6,21,4662,2,16,2526
201810,220,22420, ,Flint  MI ,26,26,5626,0,0,0,0,0,0,2,92,3500,13,13,2146,0,0,0,0,0,0,2,92,3500
201810,220,33780, ,Monroe  MI ,1,1,150,0,0,0,0,0,0,0,0,0,1,1,150,0,0,0,0,0,0,0,0,0
201810,222,20020, ,Dothan  AL ,18,18,1954,0,0,0,0,0,0,0,0,0,16,16,1491,0,0,0,0,0,0,0,0,0
201810,232,20740, ,Eau Claire  WI ,50,50,12071,14,28,2776,12,48,4992,3,24,2490,50,50,12071,14,28,2776,12,48,4992,3,24,2490
201810,236,21300, ,Elmira  NY ,0,0,0,0,0,0,0,0,0,0,0,0,0,0,0,0,0,0,0,0,0,0,0,0
201810,238,21340,C,El Paso  TX ,137,137,31761,7,14,1263,1,4,454,0,0,0,107,107,27172,7,14,1263,1,4,454,0,0,0
201810,238,29740,C,Las Cruces  NM ,70,70,16619,0,0,0,0,0,0,9,72,2880,57,57,12889,0,0,0,0,0,0,9,72,2880
201810,240,21500, ,Erie  PA ,3,3,402,0,0,0,0,0,0,0,0,0,3,3,402,0,0,0,0,0,0,0,0,0
201810,244,22020, ,Fargo  ND-MN ,116,116,30282,0,0,0,0,0,0,8,56,6800,116,116,30282,0,0,0,0,0,0,8,56,6800
201810,246,22180,C,Fayetteville  NC ,58,58,11993,0,0,0,0,0,0,0,0,0,58,58,11993,0,0,0,0,0,0,0,0,0
201810,258,23060, ,Fort Wayne  IN ,106,106,27157,0,0,0,0,0,0,3,222,25417,106,106,27157,0,0,0,0,0,0,3,222,25417
201810,260,23420,C,Fresno  CA ,160,160,45998,4,8,1699,1,3,124,8,51,5049,91,91,26755,0,0,0,0,0,0,0,0,0
201810,260,31460, ,Madera  CA ,53,53,12436,0,0,0,0,0,0,0,0,0,53,53,12436,0,0,0,0,0,0,0,0,0
201810,264,23540, ,Gainesville  FL ,32,32,21521,0,0,0,0,0,0,1,106,3609,21,21,20066,0,0,0,0,0,0,0,0,0
201810,266,24340, ,Grand Rapids-Wyoming  MI ,185,185,44972,7,14,2250,0,0,0,7,230,33277,148,148,37251,7,14,2250,0,0,0,6,216,31821
201810,266,34740, ,Muskegon  MI ,1,1,230,0,0,0,0,0,0,0,0,0,0,0,0,0,0,0,0,0,0,0,0,0
201810,267,24580, ,Green Bay  WI ,62,62,14149,0,0,0,0,0,0,1,6,582,39,39,7352,0,0,0,0,0,0,0,0,0
201810,268,15500, ,Burlington  NC ,49,49,10314,0,0,0,0,0,0,1,36,2106,49,49,10314,0,0,0,0,0,0,1,36,2106
201810,268,24660,C,Greensboro-High Point  NC ,147,147,38757,0,0,0,0,0,0,2,57,6007,104,104,23964,0,0,0,0,0,0,2,57,6007
201810,268,49180, ,Winston-Salem  NC ,228,228,39153,1,2,165,0,0,0,1,7,316,216,216,36278,0,0,0,0,0,0,0,0,0
201810,273,24860, ,Greenville-Anderson-Mauldin  SC ,425,425,105694,0,0,0,0,0,0,4,44,3510,390,390,94546,0,0,0,0,0,0,1,24,1501
201810,273,43900, ,Spartanburg  SC ,212,212,34914,0,0,0,0,0,0,0,0,0,212,212,34914,0,0,0,0,0,0,0,0,0
201810,274,24780, ,Greenville  NC ,12,12,2968,2,4,540,0,0,0,0,0,0,11,11,2762,2,4,540,0,0,0,0,0,0
201810,276,23900,C,Gettysburg  PA ,30,30,5294,0,0,0,0,0,0,0,0,0,30,30,5294,0,0,0,0,0,0,0,0,0
201810,276,25420,C,Harrisburg-Carlisle  PA ,141,141,30070,0,0,0,1,3,616,9,64,4546,113,113,23595,0,0,0,1,3,616,9,64,4546
201810,276,30140, ,Lebanon  PA ,19,19,3312,0,0,0,0,0,0,0,0,0,0,0,0,0,0,0,0,0,0,0,0,0
201810,276,49620, ,York-Hanover  PA ,8,8,2178,3,6,589,0,0,0,0,0,0,6,6,1655,3,6,589,0,0,0,0,0,0
201810,277,25500,C,Harrisonburg  VA ,28,28,6433,0,0,0,0,0,0,0,0,0,24,24,5694,0,0,0,0,0,0,0,0,0
201810,277,44420, ,Staunton-Waynesboro  VA ,10,10,2543,0,0,0,0,0,0,0,0,0,10,10,2543,0,0,0,0,0,0,0,0,0
201810,278,25540,C,Hartford-West Hartford-East Hartford  CT ,81,81,14606,0,0,0,3,10,1086,7,51,3669,58,58,8938,0,0,0,3,10,1086,3,30,2280
201810,278,35980, ,Norwich-New London  CT ,11,11,2518,1,2,292,0,0,0,0,0,0,5,5,1462,0,0,0,0,0,0,0,0,0
201810,280,25860, ,Hickory-Lenoir-Morganton  NC ,1,1,151,0,0,0,0,0,0,1,5,279,0,0,0,0,0,0,0,0,0,0,0,0
201810,284,26300, ,Hot Springs  AR ,4,4,648,0,0,0,0,0,0,0,0,0,4,4,648,0,0,0,0,0,0,0,0,0
201810,288,26420, ,Houston-The Woodlands-Sugar Land  TX ,2954,2954,527044,14,28,3272,0,0,0,38,1220,107859,1994,1994,434714,13,26,3042,0,0,0,36,1210,107357
201810,290,19460, ,Decatur  AL ,16,16,2850,0,0,0,0,0,0,0,0,0,16,16,2850,0,0,0,0,0,0,0,0,0
201810,290,26620,C,Huntsville  AL ,230,230,36175,0,0,0,0,0,0,0,0,0,230,230,36175,0,0,0,0,0,0,0,0,0
201810,292,26820, ,Idaho Falls  ID ,191,191,31974,0,0,0,0,0,0,1,5,339,191,191,31974,0,0,0,0,0,0,1,5,339
201810,294,18020, ,Columbus  IN ,13,13,3163,0,0,0,0,0,0,0,0,0,13,13,3163,0,0,0,0,0,0,0,0,0
201810,294,26900, ,Indianapolis-Carmel-Anderson  IN ,576,576,166812,4,8,1066,0,0,0,5,235,26012,534,534,158030,3,6,866,0,0,0,3,207,24150
201810,294,34620, ,Muncie  IN ,0,0,0,0,0,0,0,0,0,0,0,0,0,0,0,0,0,0,0,0,0,0,0,0
201810,296,27060, ,Ithaca  NY ,2,2,426,0,0,0,0,0,0,1,5,600,0,0,0,0,0,0,0,0,0,0,0,0
201810,297,27180, ,Jackson  TN ,4,4,1135,0,0,0,0,0,0,0,0,0,4,4,1135,0,0,0,0,0,0,0,0,0
201810,298,27140, ,Jackson  MS ,85,85,25228,1,2,370,3,12,2340,0,0,0,72,72,22821,1,2,370,3,12,2340,0,0,0
201810,300,27260,C,Jacksonville  FL ,1040,1040,253449,0,0,0,1,4,922,1,6,1382,1031,1031,249961,0,0,0,1,4,922,1,6,1382
201810,304,27740, ,Johnson City  TN ,10,10,3591,0,0,0,0,0,0,5,80,6900,10,10,3591,0,0,0,0,0,0,5,80,6900
201810,304,28700, ,Kingsport-Bristol-Bristol  TN-VA ,2,2,381,0,0,0,0,0,0,0,0,0,2,2,381,0,0,0,0,0,0,0,0,0
201810,306,27780, ,Johnstown  PA ,0,0,0,0,0,0,0,0,0,0,0,0,0,0,0,0,0,0,0,0,0,0,0,0
201810,308,27860, ,Jonesboro  AR ,32,32,5238,3,6,415,4,13,682,1,8,526,2,2,378,0,0,0,0,0,0,0,0,0
201810,309,27900, ,Joplin  MO ,11,11,1849,0,0,0,0,0,0,0,0,0,11,11,1849,0,0,0,0,0,0,0,0,0
201810,310,12980, ,Battle Creek  MI ,1,1,356,0,0,0,0,0,0,0,0,0,1,1,356,0,0,0,0,0,0,0,0,0
201810,310,28020, ,Kalamazoo-Portage  MI ,10,10,2948,0,0,0,0,0,0,0,0,0,0,0,0,0,0,0,0,0,0,0,0,0
201810,312,28140, ,Kansas City  MO-KS ,550,550,134566,13,26,2197,3,12,1935,17,686,65279,458,458,105697,13,26,2197,1,4,725,16,652,62407
201810,312,29940, ,Lawrence  KS ,65,65,10209,0,0,0,0,0,0,20,336,17765,65,65,10209,0,0,0,0,0,0,20,336,17765
201810,312,41140, ,St. Joseph  MO-KS ,0,0,0,0,0,0,0,0,0,0,0,0,0,0,0,0,0,0,0,0,0,0,0,0
201810,314,28940, ,Knoxville  TN ,277,277,61625,0,0,0,0,0,0,3,65,5039,148,148,34425,0,0,0,0,0,0,0,0,0
201810,316,29020, ,Kokomo  IN ,9,9,1462,2,4,280,0,0,0,0,0,0,9,9,1462,2,4,280,0,0,0,0,0,0
201810,318,29180, ,Lafayette  LA ,149,149,32289,0,0,0,0,0,0,0,0,0,45,45,11799,0,0,0,0,0,0,0,0,0
201810,320,29200, ,Lafayette-West Lafayette  IN ,40,40,9691,0,0,0,0,0,0,2,50,8077,0,0,0,0,0,0,0,0,0,1,36,6708
201810,324,29340, ,Lake Charles  LA ,87,87,14937,1,2,135,0,0,0,0,0,0,47,47,6440,1,2,135,0,0,0,0,0,0
201810,330,29620, ,Lansing-East Lansing  MI ,12,12,3751,0,0,0,0,0,0,0,0,0,9,9,3168,0,0,0,0,0,0,0,0,0
201810,332,29420, ,Lake Havasu City-Kingman  AZ ,61,61,13194,1,2,228,0,0,0,0,0,0,61,61,13194,1,2,228,0,0,0,0,0,0
201810,332,29820,C,Las Vegas-Henderson-Paradise  NV ,721,721,173832,6,12,1075,2,6,585,23,340,31477,721,721,173832,6,12,1075,2,6,585,23,340,31477
201810,336,30460,C,Lexington-Fayette  KY ,128,128,23843,0,0,0,1,4,550,3,56,4081,49,49,11142,0,0,0,1,4,550,0,0,0
201810,338,30620, ,Lima  OH ,0,0,0,0,0,0,0,0,0,0,0,0,0,0,0,0,0,0,0,0,0,0,0,0
201810,339,30700, ,Lincoln  NE ,111,111,22892,1,2,341,0,0,0,4,131,13758,12,12,1816,0,0,0,0,0,0,0,0,0
201810,340,30780, ,Little Rock-North Little Rock-Conway  AR ,128,128,29931,2,4,400,0,0,0,1,9,238,87,87,23697,2,4,400,0,0,0,0,0,0
201810,340,38220, ,Pine Bluff  AR ,1,1,124,0,0,0,0,0,0,0,0,0,0,0,0,0,0,0,0,0,0,0,0,0
201810,346,30980, ,Longview  TX ,7,7,1442,0,0,0,0,0,0,0,0,0,7,7,1442,0,0,0,0,0,0,0,0,0
201810,348,31080,C,Los Angeles-Long Beach-Anaheim  CA ,753,753,250271,58,116,21824,12,39,6927,35,1108,207944,523,523,157948,55,110,20061,9,30,5453,25,990,184351
201810,348,37100, ,Oxnard-Thousand Oaks-Ventura  CA ,33,33,7743,0,0,0,1,4,631,5,82,11091,23,23,5245,0,0,0,0,0,0,3,49,7185
201810,348,40140, ,Riverside-San Bernardino-Ontario  CA ,740,740,193178,0,0,0,6,22,3912,5,33,3296,697,697,183768,0,0,0,6,22,3912,2,11,1772
201810,350,21060, ,Elizabethtown-Fort Knox  KY ,31,31,5803,0,0,0,0,0,0,0,0,0,13,13,2765,0,0,0,0,0,0,0,0,0
201810,350,31140, ,Louisville-Jefferson County  KY-IN ,294,294,76338,0,0,0,0,0,0,4,98,9700,245,245,63378,0,0,0,0,0,0,4,98,9700
201810,352,31180, ,Lubbock  TX ,120,120,31166,0,0,0,0,0,0,0,0,0,119,119,30993,0,0,0,0,0,0,0,0,0
201810,356,31420, ,Macon-Bibb County  GA ,20,20,3912,0,0,0,0,0,0,0,0,0,0,0,0,0,0,0,0,0,0,0,0,0
201810,356,47580, ,Warner Robins  GA ,68,68,13234,0,0,0,0,0,0,45,240,12499,68,68,13234,0,0,0,0,0,0,45,240,12499
201810,357,27500, ,Janesville-Beloit  WI ,21,21,4670,3,6,930,0,0,0,0,0,0,19,19,4260,2,4,720,0,0,0,0,0,0
201810,357,31540, ,Madison  WI ,137,137,45199,0,0,0,3,11,1647,5,174,18909,112,112,37744,0,0,0,2,8,1200,2,94,10820
201810,358,31740, ,Manhattan  KS ,19,19,5468,0,0,0,0,0,0,0,0,0,19,19,5468,0,0,0,0,0,0,0,0,0
201810,359,31860, ,Mankato-North Mankato  MN ,18,18,3100,0,0,0,0,0,0,0,0,0,18,18,3100,0,0,0,0,0,0,0,0,0
201810,365,32580,C,McAllen-Edinburg-Mission  TX ,224,224,35491,4,8,476,8,30,3465,2,32,2741,163,163,23377,4,8,476,0,0,0,1,10,400
201810,366,32780, ,Medford  OR ,52,52,14124,0,0,0,0,0,0,12,111,11887,52,52,14124,0,0,0,0,0,0,12,111,11887
201810,368,32820, ,Memphis  TN-MS-AR ,284,284,61722,0,0,0,0,0,0,3,274,34983,232,232,54150,0,0,0,0,0,0,2,269,34553
201810,370,33100, ,Miami-Fort Lauderdale-West Palm Beach  FL ,569,569,192967,18,36,6186,4,16,4251,35,814,89425,478,478,161021,18,36,6186,3,12,3566,25,564,58093
201810,370,38940, ,Port St. Lucie  FL ,232,232,50025,5,10,1621,1,4,1041,3,18,2795,206,206,37584,5,10,1621,0,0,0,3,18,2795
201810,370,42680, ,Sebastian-Vero Beach  FL ,94,94,36254,0,0,0,6,18,1104,0,0,0,94,94,36254,0,0,0,6,18,1104,0,0,0
201810,372,33260, ,Midland  TX ,112,112,27366,0,0,0,0,0,0,0,0,0,112,112,27366,0,0,0,0,0,0,0,0,0
201810,372,36220,C,Odessa  TX ,48,48,10795,1,2,400,0,0,0,0,0,0,48,48,10795,1,2,400,0,0,0,0,0,0
201810,376,33340,C,Milwaukee-Waukesha-West Allis  WI ,170,170,59416,4,8,1080,0,0,0,3,85,12764,132,132,44815,4,8,1080,0,0,0,1,68,10700
201810,376,39540, ,Racine  WI ,12,12,3681,0,0,0,0,0,0,0,0,0,12,12,3681,0,0,0,0,0,0,0,0,0
201810,378,33460, ,Minneapolis-St. Paul-Bloomington  MN-WI ,795,795,243284,3,6,869,3,12,2090,11,945,159122,724,724,223597,1,2,392,3,12,2090,10,924,156437
201810,378,41060, ,St. Cloud  MN ,0,0,0,0,0,0,0,0,0,0,0,0,0,0,0,0,0,0,0,0,0,0,0,0
201810,380,19300, ,Daphne-Fairhope-Foley  AL ,144,144,27351,0,0,0,0,0,0,0,0,0,34,34,8342,0,0,0,0,0,0,0,0,0
201810,380,33660, ,Mobile  AL ,73,73,16978,0,0,0,0,0,0,0,0,0,72,72,16904,0,0,0,0,0,0,0,0,0
201810,382,32900, ,Merced  CA ,24,24,5428,0,0,0,0,0,0,0,0,0,18,18,3419,0,0,0,0,0,0,0,0,0
201810,382,33700, ,Modesto  CA ,4,4,525,0,0,0,0,0,0,0,0,0,4,4,525,0,0,0,0,0,0,0,0,0
201810,384,33740, ,Monroe  LA ,36,36,7890,0,0,0,1,4,629,1,5,579,0,0,0,0,0,0,0,0,0,0,0,0
201810,390,34060, ,Morgantown  WV ,1,1,50,0,0,0,0,0,0,0,0,0,1,1,50,0,0,0,0,0,0,0,0,0
201810,396,34820, ,Myrtle Beach-Conway-North Myrtle Beach  SC-NC ,483,483,95334,0,0,0,0,0,0,2,17,2175,326,326,61602,0,0,0,0,0,0,0,0,0
201810,400,34980, ,Nashville-Davidson--Murfreesboro--Franklin  TN ,989,989,260918,0,0,0,1,3,225,24,1235,54982,913,913,246004,0,0,0,0,0,0,23,1224,54231
201810,406,25220, ,Hammond  LA ,65,65,9762,0,0,0,0,0,0,0,0,0,0,0,0,0,0,0,0,0,0,0,0,0
201810,406,35380, ,New Orleans-Metairie  LA ,279,279,63696,5,10,1044,0,0,0,1,7,1723,192,192,44408,0,0,0,0,0,0,0,0,0
201810,408,10900, ,Allentown-Bethlehem-Easton  PA-NJ ,73,73,12392,0,0,0,0,0,0,0,0,0,72,72,12133,0,0,0,0,0,0,0,0,0
201810,408,14860,C,Bridgeport-Stamford-Norwalk  CT ,81,81,49430,1,2,332,0,0,0,3,58,9682,47,47,17521,1,2,332,0,0,0,2,51,5405
201810,408,20700, ,East Stroudsburg  PA ,14,14,3726,0,0,0,0,0,0,0,0,0,12,12,3133,0,0,0,0,0,0,0,0,0
201810,408,28740, ,Kingston  NY ,16,16,3104,0,0,0,0,0,0,1,5,1220,14,14,2505,0,0,0,0,0,0,0,0,0
201810,408,35300, ,New Haven-Milford  CT ,15,15,2599,2,4,575,0,0,0,1,10,615,6,6,949,2,4,575,0,0,0,0,0,0
201810,408,35620, ,New York-Newark-Jersey City  NY-NJ-PA ,1029,1029,284557,90,180,26687,20,64,9006,83,2170,283569,760,760,204707,81,162,23365,16,52,7072,53,1883,240986
201810,408,45940,C,Trenton  NJ ,22,22,8055,0,0,0,5,18,518,2,11,4191,19,19,5793,0,0,0,0,0,0,2,11,4191
201810,412,35840,C,North Port-Sarasota-Bradenton  FL ,525,525,138591,0,0,0,3,11,2265,16,648,63520,197,197,64891,0,0,0,1,4,961,13,601,59803
201810,412,39460, ,Punta Gorda  FL ,169,169,43171,2,4,725,0,0,0,0,0,0,169,169,43171,2,4,725,0,0,0,0,0,0
201810,416,36420,C,Oklahoma City  OK ,408,408,97319,2,4,283,0,0,0,0,0,0,373,373,90375,1,2,188,0,0,0,0,0,0
201810,420,36540, ,Omaha-Council Bluffs  NE-IA ,263,263,56243,0,0,0,1,3,257,1,9,470,169,169,32138,0,0,0,1,3,257,0,0,0
201810,422,19660, ,Deltona-Daytona Beach-Ormond Beach  FL ,244,244,70344,5,10,1686,0,0,0,0,0,0,233,233,67416,5,10,1686,0,0,0,0,0,0
201810,422,36740, ,Orlando-Kissimmee-Sanford  FL ,1330,1330,343668,18,36,5014,0,0,0,16,611,65687,1138,1138,286251,17,34,4707,0,0,0,12,564,61463
201810,422,45540,C,The Villages  FL ,187,187,47956,0,0,0,0,0,0,0,0,0,187,187,47956,0,0,0,0,0,0,0,0,0
201810,425,37620, ,Parkersburg-Vienna  WV ,6,6,705,0,0,0,0,0,0,0,0,0,6,6,705,0,0,0,0,0,0,0,0,0
201810,426,37860,C,Pensacola-Ferry Pass-Brent  FL ,239,239,45197,0,0,0,0,0,0,8,64,1324,239,239,45197,0,0,0,0,0,0,8,64,1324
201810,427,37900, ,Peoria  IL ,1,1,475,0,0,0,0,0,0,0,0,0,1,1,475,0,0,0,0,0,0,0,0,0
201810,428,12100,C,Atlantic City-Hammonton  NJ ,51,51,11630,1,2,290,0,0,0,3,50,4665,46,46,10589,0,0,0,0,0,0,1,18,732
201810,428,20100,C,Dover  DE ,146,146,17351,2,4,300,0,0,0,1,5,487,144,144,16918,2,4,300,0,0,0,0,0,0
201810,428,36140,C,Ocean City  NJ ,57,57,25273,16,32,5990,0,0,0,0,0,0,56,56,25093,16,32,5990,0,0,0,0,0,0
201810,428,37980,C,Philadelphia-Camden-Wilmington  PA-NJ-DE-MD ,772,772,138898,14,28,4534,14,47,5957,26,679,78626,484,484,81743,1,2,456,2,8,1042,10,480,57183
201810,428,39740, ,Reading  PA ,2,2,391,0,0,0,0,0,0,0,0,0,1,1,148,0,0,0,0,0,0,0,0,0
201810,428,47220,C,Vineland-Bridgeton  NJ ,10,10,989,0,0,0,0,0,0,0,0,0,2,2,298,0,0,0,0,0,0,0,0,0
201810,430,38300, ,Pittsburgh  PA ,109,109,32978,1,2,246,0,0,0,1,24,1968,58,58,20213,0,0,0,0,0,0,0,0,0
201810,430,48260, ,Weirton-Steubenville  WV-OH ,0,0,0,0,0,0,0,0,0,0,0,0,0,0,0,0,0,0,0,0,0,0,0,0
201810,438,30340, ,Lewiston-Auburn  ME ,8,8,1931,0,0,0,0,0,0,0,0,0,6,6,1623,0,0,0,0,0,0,0,0,0
201810,438,38860, ,Portland-South Portland  ME ,148,148,39716,3,6,874,1,3,812,0,0,0,84,84,24410,2,4,605,1,3,812,0,0,0
201810,440,10540, ,Albany  OR ,31,31,6797,0,0,0,0,0,0,3,32,3313,24,24,5629,0,0,0,0,0,0,2,27,2894
201810,440,18700, ,Corvallis  OR ,3,3,1128,0,0,0,0,0,0,0,0,0,3,3,1128,0,0,0,0,0,0,0,0,0
201810,440,31020, ,Longview  WA ,18,18,3932,0,0,0,0,0,0,0,0,0,0,0,0,0,0,0,0,0,0,0,0,0
201810,440,38900, ,Portland-Vancouver-Hillsboro  OR-WA ,566,566,163190,6,12,2389,2,6,1271,16,631,75746,406,406,109095,6,12,2389,2,6,1271,14,607,73010
201810,440,41420, ,Salem  OR ,104,104,31004,0,0,0,0,0,0,1,12,1302,104,104,31004,0,0,0,0,0,0,1,12,1302
201810,444,39380,C,Pueblo  CO ,38,38,6647,0,0,0,0,0,0,0,0,0,38,38,6647,0,0,0,0,0,0,0,0,0
201810,450,20500,C,Durham-Chapel Hill  NC ,296,296,71419,0,0,0,0,0,0,4,104,8285,130,130,39471,0,0,0,0,0,0,0,0,0
201810,450,39580,C,Raleigh  NC ,858,858,187231,0,0,0,0,0,0,1,6,979,798,798,174698,0,0,0,0,0,0,1,6,979
201810,452,39660, ,Rapid City  SD ,44,44,9873,0,0,0,1,4,400,0,0,0,34,34,7652,0,0,0,1,4,400,0,0,0
201810,454,39820, ,Redding  CA ,6,6,1340,0,0,0,0,0,0,0,0,0,6,6,1340,0,0,0,0,0,0,0,0,0
201810,456,16180,C,Carson City  NV ,30,30,7209,0,0,0,0,0,0,0,0,0,30,30,7209,0,0,0,0,0,0,0,0,0
201810,456,39900,C,Reno  NV ,201,201,58266,1,2,487,0,0,0,18,346,34935,200,200,58064,1,2,487,0,0,0,18,346,34935
201810,462,40340, ,Rochester  MN ,30,30,7871,0,0,0,0,0,0,2,55,3194,30,30,7871,0,0,0,0,0,0,2,55,3194
201810,464,40380, ,Rochester  NY ,115,115,21430,1,2,292,1,3,240,3,23,3113,97,97,16960,1,2,292,0,0,0,2,16,2500
201810,466,40420, ,Rockford  IL ,16,16,1974,10,20,2157,0,0,0,0,0,0,16,16,1974,10,20,2157,0,0,0,0,0,0
201810,470,40660,C,Rome  GA ,15,15,2530,0,0,0,0,0,0,0,0,0,15,15,2530,0,0,0,0,0,0,0,0,0
201810,472,40900,C,Sacramento--Roseville--Arden-Arcade  CA ,563,563,175052,2,4,699,2,8,1394,10,109,20755,560,560,174093,2,4,699,2,8,1394,10,109,20755
201810,474,13020, ,Bay City  MI ,0,0,0,0,0,0,0,0,0,0,0,0,0,0,0,0,0,0,0,0,0,0,0,0
201810,474,33220, ,Midland  MI ,3,3,545,0,0,0,0,0,0,0,0,0,2,2,337,0,0,0,0,0,0,0,0,0
201810,474,40980, ,Saginaw  MI ,1,1,350,0,0,0,0,0,0,0,0,0,1,1,350,0,0,0,0,0,0,0,0,0
201810,476,41180, ,St. Louis  MO-IL ,468,468,125676,2,4,691,2,7,1059,6,239,36988,339,339,85656,2,4,691,1,4,700,2,199,32509
201810,482,36260, ,Ogden-Clearfield  UT ,187,187,53704,0,0,0,3,11,1831,1,5,966,180,180,51600,0,0,0,2,8,1277,1,5,966
201810,482,39340, ,Provo-Orem  UT ,456,456,138701,1,2,300,1,4,696,6,103,15255,452,452,136213,1,2,300,1,4,696,6,103,15255
201810,482,41620, ,Salt Lake City  UT ,444,444,106461,3,6,821,7,26,2612,24,380,48270,337,337,77798,3,6,821,7,26,2612,21,332,41437
201810,488,41860,C,San Francisco-Oakland-Hayward  CA ,316,316,134318,34,68,7946,4,13,3083,27,865,144198,227,227,99413,33,66,7116,4,13,3083,19,780,130190
201810,488,41940,C,San Jose-Sunnyvale-Santa Clara  CA ,170,170,62441,0,0,0,2,6,1636,9,504,65784,91,91,41331,0,0,0,0,0,0,6,417,53029
201810,488,42100, ,Santa Cruz-Watsonville  CA ,11,11,2535,0,0,0,1,4,459,2,10,1017,0,0,0,0,0,0,0,0,0,0,0,0
201810,488,42220, ,Santa Rosa  CA ,315,315,122610,0,0,0,0,0,0,1,5,819,297,297,118894,0,0,0,0,0,0,0,0,0
201810,488,44700, ,Stockton-Lodi  CA ,162,162,42191,0,0,0,2,8,758,0,0,0,162,162,42191,0,0,0,2,8,758,0,0,0
201810,488,46700, ,Vallejo-Fairfield  CA ,72,72,20240,0,0,0,0,0,0,0,0,0,68,68,19144,0,0,0,0,0,0,0,0,0
201810,496,25980, ,Hinesville  GA ,18,18,3970,0,0,0,0,0,0,0,0,0,18,18,3970,0,0,0,0,0,0,0,0,0
201810,496,42340, ,Savannah  GA ,176,176,39853,0,0,0,0,0,0,0,0,0,128,128,28859,0,0,0,0,0,0,0,0,0
201810,500,14740,C,Bremerton-Silverdale  WA ,81,81,26590,1,2,376,0,0,0,0,0,0,71,71,24104,1,2,376,0,0,0,0,0,0
201810,500,34580, ,Mount Vernon-Anacortes  WA ,31,31,6547,0,0,0,0,0,0,0,0,0,17,17,4246,0,0,0,0,0,0,0,0,0
201810,500,36500, ,Olympia-Tumwater  WA ,64,64,17797,1,2,291,1,3,480,3,19,1982,47,47,13905,1,2,291,0,0,0,2,13,1393
201810,500,42660,C,Seattle-Tacoma-Bellevue  WA ,796,796,274849,28,56,11718,19,67,13812,31,867,110074,645,645,217089,26,52,11062,19,67,13812,28,828,105900
201810,512,43580, ,Sioux City  IA-NE-SD ,13,13,3506,0,0,0,0,0,0,0,0,0,3,3,660,0,0,0,0,0,0,0,0,0
201810,515,21140, ,Elkhart-Goshen  IN ,23,23,5739,0,0,0,0,0,0,0,0,0,23,23,5739,0,0,0,0,0,0,0,0,0
201810,515,35660, ,Niles-Benton Harbor  MI ,3,3,675,0,0,0,0,0,0,0,0,0,3,3,675,0,0,0,0,0,0,0,0,0
201810,515,43780, ,South Bend-Mishawaka  IN-MI ,26,26,8403,0,0,0,0,0,0,0,0,0,26,26,8403,0,0,0,0,0,0,0,0,0
201810,518,17660, ,Coeur dAlene  ID ,119,119,27839,1,2,262,0,0,0,3,45,3170,93,93,22608,0,0,0,0,0,0,2,40,2813
201810,518,44060, ,Spokane-Spokane Valley  WA ,195,195,49919,6,12,2016,2,7,683,6,106,12666,166,166,42304,5,10,1670,1,4,296,4,71,8391
201810,520,44180, ,Springfield  MO ,97,97,23631,1,2,193,0,0,0,1,45,5003,82,82,20947,0,0,0,0,0,0,0,0,0
201810,521,44140, ,Springfield  MA ,3,3,730,1,2,130,0,0,0,0,0,0,2,2,580,1,2,130,0,0,0,0,0,0
201810,522,44100, ,Springfield  IL ,6,6,1698,3,6,1128,0,0,0,0,0,0,0,0,0,0,0,0,0,0,0,0,0,0
201810,524,44300, ,State College  PA ,26,26,6975,0,0,0,0,0,0,1,5,775,4,4,705,0,0,0,0,0,0,0,0,0
201810,532,45060, ,Syracuse  NY ,27,27,5783,0,0,0,0,0,0,1,13,1445,26,26,5580,0,0,0,0,0,0,1,13,1445
201810,533,45220, ,Tallahassee  FL ,63,63,12495,0,0,0,0,0,0,5,101,13343,10,10,1880,0,0,0,0,0,0,0,0,0
201810,534,45780, ,Toledo  OH ,57,57,15030,0,0,0,1,4,350,11,88,4926,55,55,14804,0,0,0,1,4,350,11,88,4926
201810,536,46060,C,Tucson  AZ ,248,248,69730,2,4,478,0,0,0,13,116,16456,47,47,14096,0,0,0,0,0,0,0,0,0
201810,538,46140,C,Tulsa  OK ,268,268,58558,11,22,11351,0,0,0,17,315,34469,245,245,52740,11,22,11351,0,0,0,17,315,34469
201810,540,46340, ,Tyler  TX ,29,29,8384,0,0,0,0,0,0,0,0,0,29,29,8384,0,0,0,0,0,0,0,0,0
201810,545,47260, ,Virginia Beach-Norfolk-Newport News  VA-NC ,400,400,92250,0,0,0,0,0,0,1,36,1330,369,369,88204,0,0,0,0,0,0,1,36,1330
201810,546,47300, ,Visalia-Porterville  CA ,104,104,22499,0,0,0,0,0,0,0,0,0,104,104,22499,0,0,0,0,0,0,0,0,0
201810,548,12580,C,Baltimore-Columbia-Towson  MD ,372,372,78296,0,0,0,0,0,0,4,165,11620,371,371,78159,0,0,0,0,0,0,4,165,11620
201810,548,15680,C,California-Lexington Park  MD ,34,34,6573,0,0,0,0,0,0,0,0,0,34,34,6573,0,0,0,0,0,0,0,0,0
201810,548,16540,C,Chambersburg-Waynesboro  PA ,29,29,5758,1,2,296,0,0,0,1,5,488,16,16,3727,1,2,296,0,0,0,0,0,0
201810,548,25180, ,Hagerstown-Martinsburg  MD-WV ,94,94,19511,1,2,200,0,0,0,0,0,0,94,94,19511,1,2,200,0,0,0,0,0,0
201810,548,47900, ,Washington-Arlington-Alexandria  DC-VA-MD-WV ,1147,1147,276710,5,10,953,0,0,0,12,1329,132817,1039,1039,247087,3,6,686,0,0,0,10,1065,115686
201810,548,49020, ,Winchester  VA-WV ,52,52,11664,0,0,0,0,0,0,1,7,705,52,52,11664,0,0,0,0,0,0,1,7,705
201810,554,48140, ,Wausau  WI ,15,15,3950,0,0,0,0,0,0,0,0,0,7,7,2040,0,0,0,0,0,0,0,0,0
201810,556,48620, ,Wichita  KS ,102,102,18977,14,28,2314,1,4,600,2,26,1819,12,12,3092,0,0,0,1,4,600,0,0,0
201810,558,48700, ,Williamsport  PA ,0,0,0,0,0,0,0,0,0,0,0,0,0,0,0,0,0,0,0,0,0,0,0,0
201810,566,49660, ,Youngstown-Warren-Boardman  OH-PA ,28,28,6896,2,4,401,0,0,0,0,0,0,28,28,6896,2,4,401,0,0,0,0,0,0
201810,999,10180, ,Abilene  TX ,24,24,5227,2,4,298,0,0,0,0,0,0,0,0,0,0,0,0,0,0,0,0,0,0
201810,999,10500, ,Albany  GA ,14,14,1120,0,0,0,0,0,0,0,0,0,14,14,1120,0,0,0,0,0,0,0,0,0
201810,999,10780, ,Alexandria  LA ,18,18,3965,0,0,0,0,0,0,0,0,0,0,0,0,0,0,0,0,0,0,0,0,0
201810,999,11020, ,Altoona  PA ,1,1,247,0,0,0,0,0,0,0,0,0,1,1,247,0,0,0,0,0,0,0,0,0
201810,999,11260,C,Anchorage  AK ,77,77,23948,5,10,1724,2,7,1054,2,13,2055,6,6,1707,5,10,1724,1,3,359,0,0,0
201810,999,11500, ,Anniston-Oxford-Jacksonville  AL ,2,2,312,0,0,0,0,0,0,0,0,0,2,2,312,0,0,0,0,0,0,0,0,0
201810,999,12260, ,Augusta-Richmond County  GA-SC ,179,179,42799,0,0,0,4,13,1164,2,16,728,176,176,42266,0,0,0,4,13,1164,2,16,728
201810,999,12420, ,Austin-Round Rock  TX ,1275,1275,329774,0,0,0,3,12,2874,5,325,42432,1024,1024,275460,0,0,0,3,12,2874,5,325,42432
201810,999,12540, ,Bakersfield  CA ,163,163,41412,4,8,946,0,0,0,5,60,8769,26,26,4369,0,0,0,0,0,0,5,60,8769
201810,999,12620, ,Bangor  ME ,9,9,1920,0,0,0,0,0,0,1,12,1809,9,9,1920,0,0,0,0,0,0,1,12,1809
201810,999,12940,C,Baton Rouge  LA ,311,311,64707,0,0,0,0,0,0,0,0,0,118,118,29168,0,0,0,0,0,0,0,0,0
201810,999,13140, ,Beaumont-Port Arthur  TX ,39,39,7925,0,0,0,0,0,0,0,0,0,39,39,7925,0,0,0,0,0,0,0,0,0
201810,999,13220,C,Beckley  WV ,5,5,1466,0,0,0,0,0,0,0,0,0,3,3,1250,0,0,0,0,0,0,0,0,0
201810,999,13380, ,Bellingham  WA ,61,61,16394,2,4,847,2,6,847,8,55,5455,24,24,5882,2,4,847,1,3,298,8,55,5455
201810,999,13740, ,Billings  MT ,35,35,10193,0,0,0,0,0,0,0,0,0,35,35,10193,0,0,0,0,0,0,0,0,0
201810,999,13780, ,Binghamton  NY ,0,0,0,0,0,0,0,0,0,0,0,0,0,0,0,0,0,0,0,0,0,0,0,0
201810,999,13900, ,Bismarck  ND ,35,35,9459,2,4,724,0,0,0,1,48,4000,28,28,7589,2,4,724,0,0,0,1,48,4000
201810,999,13980, ,Blacksburg-Christiansburg-Radford  VA ,6,6,1729,0,0,0,0,0,0,0,0,0,6,6,1729,0,0,0,0,0,0,0,0,0
201810,999,15260, ,Brunswick  GA ,51,51,14555,0,0,0,0,0,0,0,0,0,0,0,0,0,0,0,0,0,0,0,0,0
201810,999,15540, ,Burlington-South Burlington  VT ,25,25,6346,7,14,1598,4,12,1105,1,8,560,17,17,4441,6,12,1398,4,12,1105,1,8,560
201810,999,16220, ,Casper  WY ,8,8,2322,0,0,0,0,0,0,0,0,0,8,8,2322,0,0,0,0,0,0,0,0,0
201810,999,16580, ,Champaign-Urbana  IL ,76,76,11616,0,0,0,0,0,0,10,113,16752,76,76,11616,0,0,0,0,0,0,10,113,16752
201810,999,16700,C,Charleston-North Charleston  SC ,407,407,116032,0,0,0,0,0,0,6,140,9022,183,183,71388,0,0,0,0,0,0,0,0,0
201810,999,16820, ,Charlottesville  VA ,60,60,18514,0,0,0,0,0,0,2,28,5381,0,0,0,0,0,0,0,0,0,0,0,0
201810,999,16940, ,Cheyenne  WY ,31,31,5853,0,0,0,2,7,603,1,8,965,11,11,2107,0,0,0,0,0,0,0,0,0
201810,999,17020, ,Chico  CA ,25,25,5627,4,8,790,0,0,0,0,0,0,25,25,5627,4,8,790,0,0,0,0,0,0
201810,999,17300,C,Clarksville  TN-KY ,105,105,16659,0,0,0,5,20,1150,1,5,525,103,103,16516,0,0,0,5,20,1150,1,5,525
201810,999,17780, ,College Station-Bryan  TX ,48,48,9501,0,0,0,0,0,0,0,0,0,48,48,9501,0,0,0,0,0,0,0,0,0
201810,999,17820,C,Colorado Springs  CO ,270,270,103047,0,0,0,0,0,0,2,26,3482,270,270,103047,0,0,0,0,0,0,2,26,3482
201810,999,18880,C,Crestview-Fort Walton Beach-Destin  FL ,146,146,71960,0,0,0,0,0,0,0,0,0,143,143,71408,0,0,0,0,0,0,0,0,0
201810,999,19060, ,Cumberland  MD-WV ,4,4,975,0,0,0,0,0,0,0,0,0,4,4,975,0,0,0,0,0,0,0,0,0
201810,999,19180, ,Danville  IL ,0,0,0,0,0,0,0,0,0,0,0,0,0,0,0,0,0,0,0,0,0,0,0,0
201810,999,19500, ,Decatur  IL ,0,0,0,0,0,0,0,0,0,0,0,0,0,0,0,0,0,0,0,0,0,0,0,0
201810,999,20220, ,Dubuque  IA ,14,14,3784,0,0,0,0,0,0,0,0,0,14,14,3784,0,0,0,0,0,0,0,0,0
201810,999,20260, ,Duluth  MN-WI ,12,12,3013,0,0,0,0,0,0,0,0,0,11,11,2775,0,0,0,0,0,0,0,0,0
201810,999,20940, ,El Centro  CA ,9,9,2064,0,0,0,0,0,0,0,0,0,9,9,2064,0,0,0,0,0,0,0,0,0
201810,999,21420, ,Enid  OK ,0,0,0,0,0,0,0,0,0,0,0,0,0,0,0,0,0,0,0,0,0,0,0,0
201810,999,21660, ,Eugene  OR ,48,48,13072,1,2,312,0,0,0,8,174,23030,26,26,7587,1,2,312,0,0,0,8,174,23030
201810,999,21780, ,Evansville  IN-KY ,51,51,11110,1,2,176,0,0,0,0,0,0,23,23,6327,0,0,0,0,0,0,0,0,0
201810,999,21820,C,Fairbanks  AK ,0,0,0,0,0,0,0,0,0,0,0,0,0,0,0,0,0,0,0,0,0,0,0,0
201810,999,22140,C,Farmington  NM ,5,5,1257,0,0,0,0,0,0,0,0,0,5,5,1257,0,0,0,0,0,0,0,0,0
201810,999,22220, ,Fayetteville-Springdale-Rogers  AR-MO ,277,277,68120,4,8,644,0,0,0,7,58,10229,222,222,57783,3,6,491,0,0,0,6,34,8171
201810,999,22380, ,Flagstaff  AZ ,29,29,5772,0,0,0,0,0,0,0,0,0,29,29,5772,0,0,0,0,0,0,0,0,0
201810,999,22500, ,Florence  SC ,34,34,4141,0,0,0,0,0,0,3,45,3898,0,0,0,0,0,0,0,0,0,0,0,0
201810,999,22520, ,Florence-Muscle Shoals  AL ,16,16,1863,0,0,0,0,0,0,0,0,0,5,5,562,0,0,0,0,0,0,0,0,0
201810,999,22540, ,Fond du Lac  WI ,7,7,1494,0,0,0,0,0,0,0,0,0,1,1,207,0,0,0,0,0,0,0,0,0
201810,999,22660,C,Fort Collins  CO ,130,130,36184,3,6,858,3,12,1233,8,189,19554,130,130,36184,3,6,858,3,12,1233,8,189,19554
201810,999,22900, ,Fort Smith  AR-OK ,25,25,5290,13,26,3167,0,0,0,0,0,0,21,21,4882,13,26,3167,0,0,0,0,0,0
201810,999,23460, ,Gadsden  AL ,3,3,449,0,0,0,0,0,0,0,0,0,3,3,449,0,0,0,0,0,0,0,0,0
201810,999,24220, ,Grand Forks  ND-MN ,12,12,3478,1,2,678,0,0,0,0,0,0,12,12,3478,1,2,678,0,0,0,0,0,0
201810,999,24260, ,Grand Island  NE ,11,11,1697,1,2,32,0,0,0,0,0,0,11,11,1697,1,2,32,0,0,0,0,0,0
201810,999,24300,C,Grand Junction  CO ,59,59,11787,0,0,0,0,0,0,1,5,515,0,0,0,0,0,0,0,0,0,0,0,0
201810,999,24500,C,Great Falls  MT ,12,12,3055,1,2,345,0,0,0,0,0,0,12,12,3055,1,2,345,0,0,0,0,0,0
201810,999,25060, ,Gulfport-Biloxi-Pascagoula  MS ,175,175,30869,0,0,0,1,4,401,12,96,4077,134,134,24867,0,0,0,0,0,0,11,88,3400
201810,999,25620, ,Hattiesburg  MS ,3,3,900,0,0,0,0,0,0,0,0,0,3,3,900,0,0,0,0,0,0,0,0,0
201810,999,25940, ,Hilton Head Island-Bluffton-Beaufort  SC ,73,73,27306,0,0,0,0,0,0,0,0,0,73,73,27306,0,0,0,0,0,0,0,0,0
201810,999,26140, ,Homosassa Springs  FL ,36,36,7779,1,2,55,0,0,0,1,8,692,0,0,0,0,0,0,0,0,0,0,0,0
201810,999,26380, ,Houma-Thibodaux  LA ,37,37,8077,0,0,0,0,0,0,0,0,0,37,37,8077,0,0,0,0,0,0,0,0,0
201810,999,27100, ,Jackson  MI ,0,0,0,0,0,0,0,0,0,0,0,0,0,0,0,0,0,0,0,0,0,0,0,0
201810,999,27340,C,Jacksonville  NC ,111,111,14752,0,0,0,0,0,0,0,0,0,111,111,14752,0,0,0,0,0,0,0,0,0
201810,999,27980,C,Kahului-Wailuku-Lahaina  HI ,37,37,10186,1,2,448,0,0,0,1,82,22670,37,37,10186,1,2,448,0,0,0,1,82,22670
201810,999,28420,C,Kennewick-Richland  WA ,137,137,40428,4,8,1012,0,0,0,7,251,25949,72,72,22772,2,4,664,0,0,0,5,240,24758
201810,999,28660,C,Killeen-Temple  TX ,189,189,32569,11,22,1691,0,0,0,5,110,9202,176,176,30005,10,20,1498,0,0,0,5,110,9202
201810,999,29100, ,La Crosse-Onalaska  WI-MN ,20,20,5786,3,6,957,0,0,0,0,0,0,20,20,5786,3,6,957,0,0,0,0,0,0
201810,999,29460, ,Lakeland-Winter Haven  FL ,352,352,78087,0,0,0,0,0,0,0,0,0,351,351,77982,0,0,0,0,0,0,0,0,0
201810,999,29540, ,Lancaster  PA ,12,12,2084,0,0,0,0,0,0,0,0,0,0,0,0,0,0,0,0,0,0,0,0,0
201810,999,29700, ,Laredo  TX ,93,93,16698,1,2,140,1,3,192,2,20,1903,0,0,0,0,0,0,0,0,0,0,0,0
201810,999,30020, ,Lawton  OK ,2,2,635,0,0,0,0,0,0,0,0,0,2,2,635,0,0,0,0,0,0,0,0,0
201810,999,30300, ,Lewiston  ID-WA ,0,0,0,0,0,0,0,0,0,0,0,0,0,0,0,0,0,0,0,0,0,0,0,0
201810,999,30860, ,Logan  UT-ID ,25,25,4521,0,0,0,0,0,0,0,0,0,25,25,4521,0,0,0,0,0,0,0,0,0
201810,999,31340, ,Lynchburg  VA ,19,19,4251,1,2,350,0,0,0,0,0,0,19,19,4251,1,2,350,0,0,0,0,0,0
201810,999,33540,C,Missoula  MT ,64,64,8907,1,2,269,0,0,0,4,57,4806,64,64,8907,1,2,269,0,0,0,4,57,4806
201810,999,33860, ,Montgomery  AL ,44,44,10099,0,0,0,0,0,0,0,0,0,42,42,9966,0,0,0,0,0,0,0,0,0
201810,999,36100, ,Ocala  FL ,202,202,34315,0,0,0,1,3,150,0,0,0,202,202,34315,0,0,0,1,3,150,0,0,0
201810,999,36980, ,Owensboro  KY ,22,22,2232,0,0,0,0,0,0,1,5,200,22,22,2232,0,0,0,0,0,0,1,5,200
201810,999,37340, ,Palm Bay-Melbourne-Titusville  FL ,168,168,53893,0,0,0,0,0,0,1,5,1683,168,168,53893,0,0,0,0,0,0,1,5,1683
201810,999,37460, ,Panama City  FL ,47,47,12470,0,0,0,0,0,0,1,28,2302,0,0,0,0,0,0,0,0,0,0,0,0
201810,999,38060,C,Phoenix-Mesa-Scottsdale  AZ ,1935,1935,514307,16,32,3307,3,10,1834,15,434,62968,1711,1711,449264,16,32,3307,3,10,1834,10,378,55000
201810,999,38340, ,Pittsfield  MA ,0,0,0,0,0,0,0,0,0,0,0,0,0,0,0,0,0,0,0,0,0,0,0,0
201810,999,38540, ,Pocatello  ID ,12,12,1966,0,0,0,2,8,440,0,0,0,12,12,1966,0,0,0,2,8,440,0,0,0
201810,999,39140, ,Prescott  AZ ,106,106,29209,1,2,230,0,0,0,0,0,0,106,106,29209,1,2,230,0,0,0,0,0,0
201810,999,40060, ,Richmond  VA ,358,358,66362,6,12,413,1,4,500,3,112,9594,346,346,64808,6,12,413,1,4,500,3,112,9594
201810,999,41100, ,St. George  UT ,127,127,27681,0,0,0,0,0,0,3,15,1417,127,127,27681,0,0,0,0,0,0,3,15,1417
201810,999,41500, ,Salinas  CA ,23,23,6041,0,0,0,0,0,0,0,0,0,23,23,6041,0,0,0,0,0,0,0,0,0
201810,999,41540, ,Salisbury  MD-DE ,296,296,43702,5,10,782,1,4,864,2,13,2467,286,286,41946,5,10,782,1,4,864,2,13,2467
201810,999,41660,C,San Angelo  TX ,20,20,4680,0,0,0,0,0,0,0,0,0,20,20,4680,0,0,0,0,0,0,0,0,0
201810,999,41700,C,San Antonio-New Braunfels  TX ,707,707,146081,1,2,180,1,3,0,21,105,10318,628,628,131412,1,2,180,0,0,0,19,95,8187
201810,999,41740,C,San Diego-Carlsbad  CA ,213,213,67434,9,18,2890,10,39,7126,20,156,29738,207,207,66054,9,18,2890,10,39,7126,19,144,27081
201810,999,42020, ,San Luis Obispo-Paso Robles-Arroyo Grande  CA ,35,35,13317,0,0,0,0,0,0,1,8,842,0,0,0,0,0,0,0,0,0,0,0,0
201810,999,42200, ,Santa Maria-Santa Barbara  CA ,32,32,18373,0,0,0,0,0,0,1,6,1054,32,32,18373,0,0,0,0,0,0,1,6,1054
201810,999,42540, ,Scranton--Wilkes-Barre--Hazleton  PA ,27,27,771,0,0,0,0,0,0,0,0,0,27,27,771,0,0,0,0,0,0,0,0,0
201810,999,43100, ,Sheboygan  WI ,2,2,250,0,0,0,0,0,0,0,0,0,2,2,250,0,0,0,0,0,0,0,0,0
201810,999,43340, ,Shreveport-Bossier City  LA ,87,87,19530,0,0,0,0,0,0,0,0,0,82,82,18113,0,0,0,0,0,0,0,0,0
201810,999,43420, ,Sierra Vista-Douglas  AZ ,8,8,1769,0,0,0,0,0,0,0,0,0,8,8,1769,0,0,0,0,0,0,0,0,0
201810,999,43620, ,Sioux Falls  SD ,120,120,27888,0,0,0,1,4,456,6,103,11684,120,120,27888,0,0,0,1,4,456,6,103,11684
201810,999,44940,C,Sumter  SC ,29,29,3612,0,0,0,0,0,0,0,0,0,29,29,3612,0,0,0,0,0,0,0,0,0
201810,999,45300,C,Tampa-St. Petersburg-Clearwater  FL ,1296,1296,375574,4,8,1288,1,3,218,13,284,41270,1285,1285,371665,4,8,1288,1,3,218,13,284,41270
201810,999,45460, ,Terre Haute  IN ,21,21,2805,0,0,0,0,0,0,1,27,2340,21,21,2805,0,0,0,0,0,0,1,27,2340
201810,999,45500, ,Texarkana  TX-AR ,4,4,827,0,0,0,0,0,0,0,0,0,0,0,0,0,0,0,0,0,0,0,0,0
201810,999,45820, ,Topeka  KS ,16,16,3489,0,0,0,0,0,0,0,0,0,16,16,3489,0,0,0,0,0,0,0,0,0
201810,999,46220, ,Tuscaloosa  AL ,28,28,7800,1,2,475,1,4,560,4,46,4456,1,1,237,0,0,0,0,0,0,0,0,0
201810,999,46300, ,Twin Falls  ID ,43,43,8488,1,2,400,0,0,0,0,0,0,36,36,6689,1,2,400,0,0,0,0,0,0
201810,999,46520,C,Urban Honolulu  HI ,157,157,58059,0,0,0,0,0,0,0,0,0,157,157,58059,0,0,0,0,0,0,0,0,0
201810,999,46540, ,Utica-Rome  NY ,1,1,191,0,0,0,0,0,0,0,0,0,0,0,0,0,0,0,0,0,0,0,0,0
201810,999,46660, ,Valdosta  GA ,72,72,12865,0,0,0,0,0,0,0,0,0,29,29,5604,0,0,0,0,0,0,0,0,0
201810,999,47380, ,Waco  TX ,28,28,5785,0,0,0,0,0,0,0,0,0,28,28,5785,0,0,0,0,0,0,0,0,0
201810,999,47460, ,Walla Walla  WA ,16,16,4801,0,0,0,0,0,0,0,0,0,15,15,4701,0,0,0,0,0,0,0,0,0
201810,999,47940, ,Waterloo-Cedar Falls  IA ,10,10,2903,0,0,0,0,0,0,0,0,0,10,10,2903,0,0,0,0,0,0,0,0,0
201810,999,48060, ,Watertown-Fort Drum  NY ,15,15,1648,0,0,0,0,0,0,0,0,0,1,1,200,0,0,0,0,0,0,0,0,0
201810,999,48300, ,Wenatchee  WA ,54,54,11805,0,0,0,0,0,0,1,9,776,54,54,11805,0,0,0,0,0,0,1,9,776
201810,999,48540, ,Wheeling  WV-OH ,0,0,0,0,0,0,0,0,0,0,0,0,0,0,0,0,0,0,0,0,0,0,0,0
201810,999,48660, ,Wichita Falls  TX ,0,0,0,0,0,0,0,0,0,0,0,0,0,0,0,0,0,0,0,0,0,0,0,0
201810,999,48900, ,Wilmington  NC ,79,79,29328,0,0,0,5,20,1956,4,254,38135,78,78,29005,0,0,0,5,20,1956,4,254,38135
201810,999,49420, ,Yakima  WA ,44,44,10957,2,4,718,1,3,274,1,7,500,44,44,10957,2,4,718,1,3,274,1,7,500
201810,999,49740, ,Yuma  AZ ,90,90,14613,0,0,0,0,0,0,0,0,0,80,80,13300,0,0,0,0,0,0,0,0,0
