Survey,CSA,CBSA,MONCOV,CBSA,,1-unit,,,2-units,,,3-4 units,,,5+ units,,,1-unit rep,,,2-units rep,,,3-4 units rep,,,5+ units rep
Date,Code,Code,,Name,Bldgs,Units,Value,Bldgs,Units,Value,Bldgs,Units,Value,Bldgs,Units,Value,Bldgs,Units,Value,Bldgs,Units,Value,      Bldgs,Units,Value,Bldgs,Units,Value
 
201812,104,10580,C,Albany-Schenectady-Troy  NY ,61,61,15062,0,0,0,1,3,488,2,14,1564,45,45,11017,0,0,0,0,0,0,0,0,0
201812,104,24020, ,Glens Falls  NY ,12,12,2911,0,0,0,0,0,0,0,0,0,6,6,1304,0,0,0,0,0,0,0,0,0
201812,106,10740,C,Albuquerque  NM ,145,145,30699,0,0,0,0,0,0,2,25,2068,17,17,4658,0,0,0,0,0,0,0,0,0
201812,106,42140,C,Santa Fe  NM ,10,10,1735,0,0,0,0,0,0,5,25,1957,10,10,1735,0,0,0,0,0,0,5,25,1957
201812,108,11100, ,Amarillo  TX ,30,30,7088,0,0,0,0,0,0,0,0,0,30,30,7088,0,0,0,0,0,0,0,0,0
201812,118,11540, ,Appleton  WI ,12,12,3414,1,2,275,0,0,0,0,0,0,12,12,3414,1,2,275,0,0,0,0,0,0
201812,118,36780, ,Oshkosh-Neenah  WI ,12,12,3507,0,0,0,0,0,0,0,0,0,12,12,3507,0,0,0,0,0,0,0,0,0
201812,120,11700, ,Asheville  NC ,114,114,33103,0,0,0,0,0,0,4,66,5152,24,24,7276,0,0,0,0,0,0,0,0,0
201812,122,12020, ,Athens-Clarke County  GA ,24,24,7103,0,0,0,0,0,0,10,181,33544,24,24,7103,0,0,0,0,0,0,10,181,33544
201812,122,12060, ,Atlanta-Sandy Springs-Roswell  GA ,1459,1459,312304,1,2,415,1,4,899,13,618,96603,1268,1268,273795,1,2,415,1,4,899,11,514,86372
201812,122,23580, ,Gainesville  GA ,43,43,9254,0,0,0,0,0,0,1,8,1000,6,6,1248,0,0,0,0,0,0,0,0,0
201812,140,13460,C,Bend-Redmond  OR ,109,109,26710,2,4,391,1,3,541,0,0,0,86,86,20957,2,4,391,1,3,541,0,0,0
201812,142,13820,C,Birmingham-Hoover  AL ,199,199,51169,0,0,0,0,0,0,0,0,0,117,117,32400,0,0,0,0,0,0,0,0,0
201812,144,14020,C,Bloomington  IN ,16,16,4026,1,2,239,0,0,0,1,8,929,0,0,0,0,0,0,0,0,0,0,0,0
201812,145,14010, ,Bloomington  IL ,8,8,1674,0,0,0,0,0,0,2,10,596,3,3,738,0,0,0,0,0,0,2,10,596
201812,146,14100,C,Bloomsburg-Berwick  PA ,3,3,708,0,0,0,0,0,0,0,0,0,0,0,0,0,0,0,0,0,0,0,0,0
201812,147,14260,C,Boise City  ID ,461,461,97776,1,2,141,1,4,378,4,177,23490,419,419,87822,1,2,141,1,4,378,4,177,23490
201812,148,12700, ,Barnstable Town  MA ,4,4,1541,0,0,0,0,0,0,0,0,0,2,2,435,0,0,0,0,0,0,0,0,0
201812,148,14460,C,Boston-Cambridge-Newton  MA-NH ,343,343,119284,19,38,5510,19,63,7983,42,740,103067,178,178,72464,8,16,2440,16,53,6592,25,578,78659
201812,148,31700, ,Manchester-Nashua  NH ,37,37,5956,1,2,263,0,0,0,1,5,631,25,25,4186,0,0,0,0,0,0,0,0,0
201812,148,39300,C,Providence-Warwick  RI-MA ,105,105,23183,4,8,913,0,0,0,1,5,611,40,40,9588,2,4,455,0,0,0,0,0,0
201812,148,49340, ,Worcester  MA-CT ,11,11,2488,0,0,0,0,0,0,1,5,90,5,5,1185,0,0,0,0,0,0,0,0,0
201812,150,14540, ,Bowling Green  KY ,49,49,10499,0,0,0,2,6,549,4,52,3897,0,0,0,0,0,0,0,0,0,0,0,0
201812,154,15180, ,Brownsville-Harlingen  TX ,66,66,6504,0,0,0,0,0,0,0,0,0,27,27,2132,0,0,0,0,0,0,0,0,0
201812,160,15380,C,Buffalo-Cheektowaga-Niagara Falls  NY ,52,52,11568,1,2,239,0,0,0,2,24,4670,32,32,6945,1,2,239,0,0,0,0,0,0
201812,162,15980,C,Cape Coral-Fort Myers  FL ,485,485,113108,18,36,4164,2,8,2228,8,192,28762,485,485,113108,18,36,4164,2,8,2228,8,192,28762
201812,162,34940, ,Naples-Immokalee-Marco Island  FL ,192,192,50447,1,2,250,0,0,0,2,16,1750,192,192,50447,1,2,250,0,0,0,2,16,1750
201812,164,16020, ,Cape Girardeau  MO-IL ,0,0,0,0,0,0,0,0,0,0,0,0,0,0,0,0,0,0,0,0,0,0,0,0
201812,168,16300, ,Cedar Rapids  IA ,8,8,1222,0,0,0,0,0,0,0,0,0,8,8,1222,0,0,0,0,0,0,0,0,0
201812,168,26980, ,Iowa City  IA ,9,9,2470,0,0,0,1,4,800,0,0,0,8,8,2332,0,0,0,1,4,800,0,0,0
201812,170,16620, ,Charleston  WV ,2,2,347,0,0,0,1,3,203,0,0,0,0,0,0,0,0,0,0,0,0,0,0,0
201812,170,26580, ,Huntington-Ashland  WV-KY-OH ,10,10,1887,0,0,0,1,3,199,0,0,0,0,0,0,0,0,0,0,0,0,0,0,0
201812,172,16740, ,Charlotte-Concord-Gastonia  NC-SC ,1062,1062,269245,2,4,490,1,4,412,54,1858,205079,926,926,223883,2,4,490,1,4,412,52,1821,201219
201812,174,16860, ,Chattanooga  TN-GA ,98,98,21107,1,2,223,0,0,0,1,72,8738,63,63,14057,0,0,0,0,0,0,0,0,0
201812,174,17420, ,Cleveland  TN ,20,20,3654,1,2,160,1,3,271,1,6,299,0,0,0,0,0,0,0,0,0,0,0,0
201812,176,16980, ,Chicago-Naperville-Elgin  IL-IN-WI ,404,404,125140,6,12,1910,9,27,3995,23,621,93654,323,323,99927,5,10,1826,9,27,3995,16,572,87227
201812,176,28100, ,Kankakee  IL ,0,0,0,0,0,0,0,0,0,0,0,0,0,0,0,0,0,0,0,0,0,0,0,0
201812,176,33140, ,Michigan City-La Porte  IN ,6,6,1401,0,0,0,0,0,0,0,0,0,1,1,139,0,0,0,0,0,0,0,0,0
201812,178,17140, ,Cincinnati  OH-KY-IN ,237,237,58481,2,4,700,1,3,300,14,269,30637,192,192,47317,2,4,700,0,0,0,13,264,30352
201812,184,10420, ,Akron  OH ,20,20,11878,0,0,0,0,0,0,0,0,0,20,20,11878,0,0,0,0,0,0,0,0,0
201812,184,15940, ,Canton-Massillon  OH ,23,23,6188,0,0,0,1,3,154,0,0,0,20,20,5838,0,0,0,0,0,0,0,0,0
201812,184,17460, ,Cleveland-Elyria  OH ,138,138,30386,3,6,648,2,6,1365,0,0,0,126,126,29040,2,4,637,1,3,465,0,0,0
201812,190,17860, ,Columbia  MO ,22,22,5310,0,0,0,0,0,0,0,0,0,22,22,5310,0,0,0,0,0,0,0,0,0
201812,192,17900,C,Columbia  SC ,283,283,54132,0,0,0,0,0,0,2,40,2258,69,69,14143,0,0,0,0,0,0,0,0,0
201812,194,12220,C,Auburn-Opelika  AL ,61,61,17607,1,2,346,1,4,500,0,0,0,61,61,17607,1,2,346,1,4,500,0,0,0
201812,194,17980, ,Columbus  GA-AL ,62,62,11929,0,0,0,0,0,0,1,11,1927,40,40,7633,0,0,0,0,0,0,0,0,0
201812,198,18140, ,Columbus  OH ,161,161,49670,2,4,628,2,8,865,4,21,3369,142,142,44775,2,4,628,2,8,865,2,11,2530
201812,204,18580, ,Corpus Christi  TX ,60,60,11545,0,0,0,0,0,0,0,0,0,9,9,2751,0,0,0,0,0,0,0,0,0
201812,206,19100, ,Dallas-Fort Worth-Arlington  TX ,2063,2063,586381,11,22,2822,5,18,2135,28,1996,203111,1582,1582,431969,11,22,2822,5,18,2135,24,1758,180217
201812,209,19340, ,Davenport-Moline-Rock Island  IA-IL ,14,14,3515,0,0,0,0,0,0,1,6,706,4,4,836,0,0,0,0,0,0,0,0,0
201812,212,19380, ,Dayton  OH ,53,53,15881,0,0,0,0,0,0,11,78,18044,35,35,11808,0,0,0,0,0,0,11,78,18044
201812,212,44220, ,Springfield  OH ,2,2,371,0,0,0,0,0,0,0,0,0,2,2,371,0,0,0,0,0,0,0,0,0
201812,216,14500, ,Boulder  CO ,82,82,27555,0,0,0,2,8,1686,20,574,72106,76,76,24374,0,0,0,2,8,1686,19,561,69351
201812,216,19740,C,Denver-Aurora-Lakewood  CO ,702,702,200449,2,4,696,2,6,1511,34,1442,190786,677,677,193414,1,2,435,2,6,1511,33,1371,180756
201812,216,24540, ,Greeley  CO ,229,229,60983,1,2,349,4,15,2322,5,102,16822,113,113,29121,1,2,349,0,0,0,1,52,12578
201812,218,11180, ,Ames  IA ,4,4,1435,0,0,0,0,0,0,0,0,0,4,4,1435,0,0,0,0,0,0,0,0,0
201812,218,19780, ,Des Moines-West Des Moines  IA ,169,169,45888,24,48,2575,0,0,0,1,5,351,152,152,42921,24,48,2575,0,0,0,0,0,0
201812,220,11460, ,Ann Arbor  MI ,33,33,8385,1,2,306,0,0,0,1,5,550,23,23,5806,0,0,0,0,0,0,0,0,0
201812,220,19820, ,Detroit-Warren-Dearborn  MI ,243,243,73835,0,0,0,4,15,1926,2,17,2368,174,174,56305,0,0,0,3,12,1687,1,10,1860
201812,220,22420, ,Flint  MI ,8,8,1524,0,0,0,0,0,0,0,0,0,8,8,1524,0,0,0,0,0,0,0,0,0
201812,220,33780, ,Monroe  MI ,0,0,0,0,0,0,0,0,0,0,0,0,0,0,0,0,0,0,0,0,0,0,0,0
201812,222,20020, ,Dothan  AL ,8,8,1930,0,0,0,0,0,0,0,0,0,6,6,1466,0,0,0,0,0,0,0,0,0
201812,232,20740, ,Eau Claire  WI ,14,14,3834,3,6,1160,0,0,0,0,0,0,6,6,1758,3,6,1160,0,0,0,0,0,0
201812,236,21300, ,Elmira  NY ,0,0,0,0,0,0,0,0,0,0,0,0,0,0,0,0,0,0,0,0,0,0,0,0
201812,238,21340,C,El Paso  TX ,116,116,28043,4,8,1064,0,0,0,8,146,18274,92,92,24363,3,6,978,0,0,0,8,146,18274
201812,238,29740,C,Las Cruces  NM ,65,65,14267,0,0,0,0,0,0,0,0,0,55,55,11398,0,0,0,0,0,0,0,0,0
201812,240,21500, ,Erie  PA ,2,2,517,0,0,0,0,0,0,0,0,0,1,1,360,0,0,0,0,0,0,0,0,0
201812,244,22020, ,Fargo  ND-MN ,9,9,2950,0,0,0,0,0,0,2,57,6577,6,6,2105,0,0,0,0,0,0,2,57,6577
201812,246,22180, ,Fayetteville  NC ,50,50,10638,0,0,0,0,0,0,0,0,0,50,50,10638,0,0,0,0,0,0,0,0,0
201812,258,23060,C,Fort Wayne  IN ,86,86,22113,0,0,0,0,0,0,2,10,1145,86,86,22113,0,0,0,0,0,0,2,10,1145
201812,260,23420,C,Fresno  CA ,121,121,37949,4,8,1349,0,0,0,8,80,8456,66,66,22585,1,2,75,0,0,0,0,0,0
201812,260,31460, ,Madera  CA ,41,41,11534,0,0,0,0,0,0,0,0,0,41,41,11534,0,0,0,0,0,0,0,0,0
201812,264,23540, ,Gainesville  FL ,30,30,7644,0,0,0,0,0,0,1,134,4563,22,22,6586,0,0,0,0,0,0,0,0,0
201812,266,24340, ,Grand Rapids-Wyoming  MI ,97,97,24285,1,2,400,0,0,0,4,31,2787,66,66,15379,1,2,400,0,0,0,1,12,950
201812,266,34740, ,Muskegon  MI ,0,0,0,0,0,0,0,0,0,0,0,0,0,0,0,0,0,0,0,0,0,0,0,0
201812,267,24580, ,Green Bay  WI ,23,23,6254,0,0,0,1,3,402,0,0,0,10,10,2622,0,0,0,0,0,0,0,0,0
201812,268,15500, ,Burlington  NC ,49,49,8424,1,2,205,0,0,0,0,0,0,13,13,2436,0,0,0,0,0,0,0,0,0
201812,268,24660,C,Greensboro-High Point  NC ,106,106,29217,0,0,0,0,0,0,0,0,0,86,86,26627,0,0,0,0,0,0,0,0,0
201812,268,49180, ,Winston-Salem  NC ,158,158,29886,0,0,0,0,0,0,1,9,406,148,148,27490,0,0,0,0,0,0,0,0,0
201812,273,24860, ,Greenville-Anderson-Mauldin  SC ,329,329,77363,1,2,500,2,6,714,3,68,5771,308,308,72992,1,2,500,1,3,500,0,0,0
201812,273,43900, ,Spartanburg  SC ,273,273,43560,0,0,0,0,0,0,0,0,0,273,273,43560,0,0,0,0,0,0,0,0,0
201812,274,24780, ,Greenville  NC ,21,21,4213,3,6,812,0,0,0,4,103,9226,0,0,0,0,0,0,0,0,0,3,54,2978
201812,276,23900,C,Gettysburg  PA ,8,8,1658,0,0,0,0,0,0,0,0,0,8,8,1658,0,0,0,0,0,0,0,0,0
201812,276,25420,C,Harrisburg-Carlisle  PA ,69,69,14980,0,0,0,1,3,449,2,20,1772,55,55,11780,0,0,0,1,3,449,2,20,1772
201812,276,30140, ,Lebanon  PA ,12,12,2354,0,0,0,0,0,0,0,0,0,12,12,2354,0,0,0,0,0,0,0,0,0
201812,276,49620, ,York-Hanover  PA ,6,6,1580,0,0,0,0,0,0,0,0,0,3,3,796,0,0,0,0,0,0,0,0,0
201812,277,25500,C,Harrisonburg  VA ,18,18,7338,0,0,0,0,0,0,0,0,0,18,18,7338,0,0,0,0,0,0,0,0,0
201812,277,44420, ,Staunton-Waynesboro  VA ,8,8,1217,0,0,0,2,8,720,0,0,0,8,8,1217,0,0,0,2,8,720,0,0,0
201812,278,25540,C,Hartford-West Hartford-East Hartford  CT ,53,53,11667,0,0,0,0,0,0,7,111,9451,36,36,7696,0,0,0,0,0,0,1,80,6773
201812,278,35980, ,Norwich-New London  CT ,21,21,3093,1,2,292,0,0,0,0,0,0,18,18,2565,0,0,0,0,0,0,0,0,0
201812,280,25860, ,Hickory-Lenoir-Morganton  NC ,1,1,151,0,0,0,0,0,0,1,5,279,0,0,0,0,0,0,0,0,0,0,0,0
201812,284,26300, ,Hot Springs  AR ,5,5,1091,0,0,0,0,0,0,0,0,0,5,5,1091,0,0,0,0,0,0,0,0,0
201812,288,26420, ,Houston-The Woodlands-Sugar Land  TX ,2477,2477,374080,25,50,5950,0,0,0,76,2928,298159,1882,1882,331180,25,50,5950,0,0,0,74,2917,297634
201812,290,19460, ,Decatur  AL ,10,10,1785,0,0,0,0,0,0,0,0,0,0,0,0,0,0,0,0,0,0,0,0,0
201812,290,26620,C,Huntsville  AL ,166,166,24775,0,0,0,0,0,0,0,0,0,124,124,16957,0,0,0,0,0,0,0,0,0
201812,292,26820, ,Idaho Falls  ID ,54,54,10973,0,0,0,0,0,0,0,0,0,40,40,8424,0,0,0,0,0,0,0,0,0
201812,294,18020, ,Columbus  IN ,6,6,698,0,0,0,0,0,0,0,0,0,6,6,698,0,0,0,0,0,0,0,0,0
201812,294,26900, ,Indianapolis-Carmel-Anderson  IN ,455,455,129086,4,8,1415,0,0,0,1,12,1374,442,442,126088,4,8,1415,0,0,0,1,12,1374
201812,294,34620, ,Muncie  IN ,15,15,1406,0,0,0,0,0,0,0,0,0,15,15,1406,0,0,0,0,0,0,0,0,0
201812,296,27060, ,Ithaca  NY ,2,2,426,0,0,0,0,0,0,0,0,0,0,0,0,0,0,0,0,0,0,0,0,0
201812,297,27180, ,Jackson  TN ,3,3,1120,0,0,0,0,0,0,0,0,0,3,3,1120,0,0,0,0,0,0,0,0,0
201812,298,27140, ,Jackson  MS ,67,67,16223,0,0,0,0,0,0,0,0,0,55,55,13835,0,0,0,0,0,0,0,0,0
201812,300,27260,C,Jacksonville  FL ,651,651,169721,3,6,729,2,6,780,22,565,61804,637,637,166164,3,6,729,2,6,780,22,565,61804
201812,304,27740, ,Johnson City  TN ,3,3,245,0,0,0,0,0,0,0,0,0,3,3,245,0,0,0,0,0,0,0,0,0
201812,304,28700, ,Kingsport-Bristol-Bristol  TN-VA ,1,1,234,0,0,0,0,0,0,0,0,0,1,1,234,0,0,0,0,0,0,0,0,0
201812,306,27780, ,Johnstown  PA ,0,0,0,0,0,0,0,0,0,0,0,0,0,0,0,0,0,0,0,0,0,0,0,0
201812,308,27860, ,Jonesboro  AR ,28,28,4230,1,2,138,3,10,524,1,9,592,0,0,0,0,0,0,0,0,0,0,0,0
201812,309,27900, ,Joplin  MO ,20,20,3238,3,6,692,0,0,0,0,0,0,19,19,3113,3,6,692,0,0,0,0,0,0
201812,310,12980, ,Battle Creek  MI ,1,1,271,0,0,0,0,0,0,0,0,0,0,0,0,0,0,0,0,0,0,0,0,0
201812,310,28020, ,Kalamazoo-Portage  MI ,6,6,1732,0,0,0,0,0,0,0,0,0,0,0,0,0,0,0,0,0,0,0,0,0
201812,312,28140, ,Kansas City  MO-KS ,279,279,76948,0,0,0,3,12,1989,3,23,2628,192,192,50640,0,0,0,3,12,1989,0,0,0
201812,312,29940, ,Lawrence  KS ,6,6,2080,0,0,0,0,0,0,3,56,8225,6,6,2080,0,0,0,0,0,0,3,56,8225
201812,312,41140, ,St. Joseph  MO-KS ,0,0,0,0,0,0,0,0,0,0,0,0,0,0,0,0,0,0,0,0,0,0,0,0
201812,314,28940, ,Knoxville  TN ,204,204,45953,2,4,590,0,0,0,3,84,6494,60,60,14893,2,4,590,0,0,0,0,0,0
201812,316,29020, ,Kokomo  IN ,1,1,195,0,0,0,0,0,0,1,35,4000,1,1,195,0,0,0,0,0,0,1,35,4000
201812,318,29180, ,Lafayette  LA ,119,119,24922,0,0,0,0,0,0,0,0,0,35,35,8102,0,0,0,0,0,0,0,0,0
201812,320,29200, ,Lafayette-West Lafayette  IN ,25,25,5936,0,0,0,0,0,0,1,5,489,2,2,380,0,0,0,0,0,0,0,0,0
201812,324,29340, ,Lake Charles  LA ,59,59,12153,2,4,260,0,0,0,0,0,0,27,27,5355,2,4,260,0,0,0,0,0,0
201812,330,29620, ,Lansing-East Lansing  MI ,2,2,428,0,0,0,0,0,0,0,0,0,0,0,0,0,0,0,0,0,0,0,0,0
201812,332,29420, ,Lake Havasu City-Kingman  AZ ,50,50,11248,4,8,422,0,0,0,0,0,0,50,50,11248,4,8,422,0,0,0,0,0,0
201812,332,29820,C,Las Vegas-Henderson-Paradise  NV ,466,466,102993,0,0,0,6,18,2471,2,12,1448,466,466,102993,0,0,0,6,18,2471,2,12,1448
201812,336,30460,C,Lexington-Fayette  KY ,99,99,17539,2,4,415,1,4,720,2,71,5179,30,30,6216,1,2,210,1,4,720,0,0,0
201812,338,30620, ,Lima  OH ,0,0,0,0,0,0,0,0,0,0,0,0,0,0,0,0,0,0,0,0,0,0,0,0
201812,339,30700, ,Lincoln  NE ,58,58,12414,1,2,341,0,0,0,1,37,3886,4,4,901,0,0,0,0,0,0,0,0,0
201812,340,30780, ,Little Rock-North Little Rock-Conway  AR ,99,99,18088,4,8,751,0,0,0,1,11,291,67,67,13213,2,4,500,0,0,0,0,0,0
201812,340,38220, ,Pine Bluff  AR ,0,0,0,0,0,0,0,0,0,0,0,0,0,0,0,0,0,0,0,0,0,0,0,0
201812,346,30980, ,Longview  TX ,4,4,977,0,0,0,0,0,0,0,0,0,4,4,977,0,0,0,0,0,0,0,0,0
201812,348,31080,C,Los Angeles-Long Beach-Anaheim  CA ,705,705,227066,82,164,33839,8,28,4285,50,1670,252999,592,592,174786,79,158,32271,8,28,4285,40,1502,225647
201812,348,37100, ,Oxnard-Thousand Oaks-Ventura  CA ,49,49,8044,0,0,0,1,4,505,5,93,13550,1,1,64,0,0,0,0,0,0,0,0,0
201812,348,40140, ,Riverside-San Bernardino-Ontario  CA ,753,753,201240,14,28,5294,9,33,3879,15,204,25288,667,667,178842,14,28,5294,9,33,3879,12,175,23274
201812,350,21060, ,Elizabethtown-Fort Knox  KY ,13,13,2332,0,0,0,0,0,0,0,0,0,9,9,1719,0,0,0,0,0,0,0,0,0
201812,350,31140, ,Louisville-Jefferson County  KY-IN ,196,196,58915,0,0,0,0,0,0,12,240,9056,166,166,50638,0,0,0,0,0,0,12,240,9056
201812,352,31180, ,Lubbock  TX ,108,108,26642,0,0,0,0,0,0,0,0,0,108,108,26642,0,0,0,0,0,0,0,0,0
201812,356,31420, ,Macon-Bibb County  GA ,16,16,3143,0,0,0,0,0,0,0,0,0,0,0,0,0,0,0,0,0,0,0,0,0
201812,356,47580, ,Warner Robins  GA ,36,36,6330,0,0,0,0,0,0,1,20,979,15,15,2585,0,0,0,0,0,0,0,0,0
201812,357,27500, ,Janesville-Beloit  WI ,5,5,595,1,2,647,0,0,0,0,0,0,5,5,595,1,2,647,0,0,0,0,0,0
201812,357,31540, ,Madison  WI ,110,110,35631,6,12,2076,1,4,600,3,76,37618,83,83,27023,5,10,1716,1,4,600,1,50,35000
201812,358,31740, ,Manhattan  KS ,4,4,866,0,0,0,0,0,0,0,0,0,4,4,866,0,0,0,0,0,0,0,0,0
201812,359,31860, ,Mankato-North Mankato  MN ,8,8,2675,0,0,0,0,0,0,0,0,0,8,8,2675,0,0,0,0,0,0,0,0,0
201812,365,32580,C,McAllen-Edinburg-Mission  TX ,183,183,30596,2,4,326,11,40,5200,1,130,14220,164,164,28085,2,4,326,11,40,5200,1,130,14220
201812,366,32780, ,Medford  OR ,30,30,7933,0,0,0,0,0,0,1,12,1623,28,28,7518,0,0,0,0,0,0,1,12,1623
201812,368,32820, ,Memphis  TN-MS-AR ,138,138,34618,0,0,0,0,0,0,0,0,0,79,79,24839,0,0,0,0,0,0,0,0,0
201812,370,33100, ,Miami-Fort Lauderdale-West Palm Beach  FL ,479,479,146785,10,20,3360,0,0,0,32,1124,116273,409,409,124508,10,20,3360,0,0,0,20,837,82568
201812,370,38940, ,Port St. Lucie  FL ,180,180,41349,1,2,172,1,3,781,0,0,0,160,160,31779,1,2,172,0,0,0,0,0,0
201812,370,42680, ,Sebastian-Vero Beach  FL ,84,84,33637,0,0,0,0,0,0,0,0,0,84,84,33637,0,0,0,0,0,0,0,0,0
201812,372,33260, ,Midland  TX ,98,98,59090,0,0,0,0,0,0,0,0,0,98,98,59090,0,0,0,0,0,0,0,0,0
201812,372,36220,C,Odessa  TX ,34,34,6409,0,0,0,0,0,0,0,0,0,0,0,0,0,0,0,0,0,0,0,0,0
201812,376,33340,C,Milwaukee-Waukesha-West Allis  WI ,117,117,37841,3,6,1490,0,0,0,2,13,1620,101,101,32440,3,6,1490,0,0,0,1,8,916
201812,376,39540, ,Racine  WI ,9,9,2578,0,0,0,0,0,0,0,0,0,4,4,1195,0,0,0,0,0,0,0,0,0
201812,378,33460, ,Minneapolis-St. Paul-Bloomington  MN-WI ,519,519,164064,4,8,1512,3,11,2142,6,319,60386,460,460,145815,3,6,1302,3,11,2142,4,306,58480
201812,378,41060, ,St. Cloud  MN ,1,1,260,0,0,0,0,0,0,0,0,0,0,0,0,0,0,0,0,0,0,0,0,0
201812,380,19300, ,Daphne-Fairhope-Foley  AL ,126,126,26132,0,0,0,0,0,0,0,0,0,36,36,10629,0,0,0,0,0,0,0,0,0
201812,380,33660, ,Mobile  AL ,33,33,7999,1,2,163,0,0,0,1,10,1084,7,7,1686,0,0,0,0,0,0,0,0,0
201812,382,32900, ,Merced  CA ,24,24,5423,0,0,0,0,0,0,0,0,0,24,24,5423,0,0,0,0,0,0,0,0,0
201812,382,33700, ,Modesto  CA ,1,1,133,0,0,0,0,0,0,0,0,0,0,0,0,0,0,0,0,0,0,0,0,0
201812,384,33740, ,Monroe  LA ,27,27,5926,0,0,0,1,3,472,0,0,0,0,0,0,0,0,0,0,0,0,0,0,0
201812,390,34060, ,Morgantown  WV ,2,2,555,0,0,0,0,0,0,0,0,0,1,1,450,0,0,0,0,0,0,0,0,0
201812,396,34820, ,Myrtle Beach-Conway-North Myrtle Beach  SC-NC ,378,378,45958,0,0,0,0,0,0,3,59,6609,239,239,13727,0,0,0,0,0,0,1,5,1050
201812,400,34980, ,Nashville-Davidson--Murfreesboro--Franklin  TN ,842,842,219388,1,2,200,1,3,390,7,172,19776,736,736,196627,1,2,200,1,3,390,6,158,18820
201812,406,25220, ,Hammond  LA ,50,50,7520,0,0,0,0,0,0,0,0,0,0,0,0,0,0,0,0,0,0,0,0,0
201812,406,35380, ,New Orleans-Metairie  LA ,200,200,49987,4,8,846,0,0,0,1,12,2954,161,161,40772,0,0,0,0,0,0,0,0,0
201812,408,10900, ,Allentown-Bethlehem-Easton  PA-NJ ,30,30,5143,0,0,0,0,0,0,1,7,253,17,17,1808,0,0,0,0,0,0,0,0,0
201812,408,14860,C,Bridgeport-Stamford-Norwalk  CT ,52,52,37066,1,2,120,0,0,0,2,104,27936,32,32,16554,1,2,120,0,0,0,1,96,23047
201812,408,20700, ,East Stroudsburg  PA ,5,5,1294,0,0,0,0,0,0,0,0,0,2,2,425,0,0,0,0,0,0,0,0,0
201812,408,28740, ,Kingston  NY ,1,1,165,0,0,0,0,0,0,1,5,1220,0,0,0,0,0,0,0,0,0,0,0,0
201812,408,35300, ,New Haven-Milford  CT ,13,13,2822,0,0,0,0,0,0,1,13,800,7,7,1862,0,0,0,0,0,0,0,0,0
201812,408,35620,C,New York-Newark-Jersey City  NY-NJ-PA ,651,651,187383,73,146,19545,30,99,10956,99,3108,377234,500,500,142320,64,128,16673,25,80,9186,58,2646,332668
201812,408,45940,C,Trenton  NJ ,10,10,2855,0,0,0,5,18,518,1,5,3,8,8,1347,0,0,0,0,0,0,0,0,0
201812,412,35840,C,North Port-Sarasota-Bradenton  FL ,457,457,118225,1,2,75,2,8,1305,7,224,17705,258,258,73896,0,0,0,0,0,0,4,164,12960
201812,412,39460, ,Punta Gorda  FL ,127,127,34933,1,2,329,0,0,0,0,0,0,127,127,34933,1,2,329,0,0,0,0,0,0
201812,416,36420,C,Oklahoma City  OK ,358,358,85819,9,18,1290,1,4,300,0,0,0,335,335,81583,9,18,1290,1,4,300,0,0,0
201812,420,36540, ,Omaha-Council Bluffs  NE-IA ,117,117,26240,0,0,0,0,0,0,1,149,7094,80,80,16895,0,0,0,0,0,0,1,149,7094
201812,422,19660, ,Deltona-Daytona Beach-Ormond Beach  FL ,165,165,46342,5,10,1515,0,0,0,0,0,0,156,156,43946,5,10,1515,0,0,0,0,0,0
201812,422,36740, ,Orlando-Kissimmee-Sanford  FL ,1065,1065,308621,5,10,1901,0,0,0,40,2074,259989,907,907,265093,5,10,1901,0,0,0,37,2025,255497
201812,422,45540,C,The Villages  FL ,195,195,51250,0,0,0,0,0,0,0,0,0,195,195,51250,0,0,0,0,0,0,0,0,0
201812,425,37620, ,Parkersburg-Vienna  WV ,6,6,913,1,2,116,0,0,0,0,0,0,0,0,0,0,0,0,0,0,0,0,0,0
201812,426,37860,C,Pensacola-Ferry Pass-Brent  FL ,209,209,42710,0,0,0,0,0,0,0,0,0,209,209,42710,0,0,0,0,0,0,0,0,0
201812,427,37900, ,Peoria  IL ,2,2,480,0,0,0,0,0,0,0,0,0,1,1,233,0,0,0,0,0,0,0,0,0
201812,428,12100,C,Atlantic City-Hammonton  NJ ,31,31,7367,0,0,0,0,0,0,2,41,5062,28,28,6777,0,0,0,0,0,0,0,0,0
201812,428,20100,C,Dover  DE ,94,94,15353,0,0,0,1,3,677,1,5,487,93,93,15136,0,0,0,1,3,677,0,0,0
201812,428,36140,C,Ocean City  NJ ,41,41,12954,4,8,992,0,0,0,0,0,0,38,38,12299,4,8,992,0,0,0,0,0,0
201812,428,37980,C,Philadelphia-Camden-Wilmington  PA-NJ-DE-MD ,501,501,95578,28,56,8204,22,73,9548,32,285,24643,305,305,67684,27,54,8004,22,73,9548,20,177,15454
201812,428,39740, ,Reading  PA ,2,2,345,0,0,0,0,0,0,0,0,0,0,0,0,0,0,0,0,0,0,0,0,0
201812,428,47220,C,Vineland-Bridgeton  NJ ,5,5,505,0,0,0,0,0,0,0,0,0,1,1,133,0,0,0,0,0,0,0,0,0
201812,430,38300, ,Pittsburgh  PA ,71,71,20519,0,0,0,1,3,441,1,31,2542,53,53,16172,0,0,0,1,3,441,0,0,0
201812,430,48260, ,Weirton-Steubenville  WV-OH ,0,0,0,0,0,0,0,0,0,0,0,0,0,0,0,0,0,0,0,0,0,0,0,0
201812,438,30340, ,Lewiston-Auburn  ME ,2,2,404,2,4,400,0,0,0,0,0,0,1,1,250,2,4,400,0,0,0,0,0,0
201812,438,38860, ,Portland-South Portland  ME ,90,90,21195,2,4,669,1,3,225,2,16,1380,35,35,7931,0,0,0,0,0,0,0,0,0
201812,440,10540, ,Albany  OR ,16,16,4203,0,0,0,0,0,0,1,5,419,6,6,1638,0,0,0,0,0,0,0,0,0
201812,440,18700, ,Corvallis  OR ,2,2,563,0,0,0,0,0,0,3,54,8376,2,2,563,0,0,0,0,0,0,3,54,8376
201812,440,31020, ,Longview  WA ,14,14,3058,0,0,0,0,0,0,0,0,0,0,0,0,0,0,0,0,0,0,0,0,0
201812,440,38900, ,Portland-Vancouver-Hillsboro  OR-WA ,470,470,137600,11,22,4245,3,10,1116,14,733,112820,316,316,85697,11,22,4245,3,10,1116,10,687,107561
201812,440,41420, ,Salem  OR ,54,54,15246,0,0,0,0,0,0,5,48,5581,54,54,15246,0,0,0,0,0,0,5,48,5581
201812,444,39380,C,Pueblo  CO ,39,39,6473,0,0,0,0,0,0,0,0,0,39,39,6473,0,0,0,0,0,0,0,0,0
201812,450,20500,C,Durham-Chapel Hill  NC ,199,199,46684,0,0,0,0,0,0,4,131,10436,68,68,21642,0,0,0,0,0,0,0,0,0
201812,450,39580,C,Raleigh  NC ,678,678,152556,0,0,0,0,0,0,0,0,0,636,636,146707,0,0,0,0,0,0,0,0,0
201812,452,39660, ,Rapid City  SD ,35,35,6214,3,6,796,1,4,400,0,0,0,35,35,6214,3,6,796,1,4,400,0,0,0
201812,454,39820, ,Redding  CA ,1,1,479,0,0,0,0,0,0,0,0,0,1,1,479,0,0,0,0,0,0,0,0,0
201812,456,16180,C,Carson City  NV ,11,11,2865,0,0,0,0,0,0,3,50,5015,11,11,2865,0,0,0,0,0,0,3,50,5015
201812,456,39900,C,Reno  NV ,169,169,46990,0,0,0,0,0,0,30,357,37866,169,169,46990,0,0,0,0,0,0,30,357,37866
201812,462,40340, ,Rochester  MN ,27,27,7906,0,0,0,0,0,0,0,0,0,27,27,7906,0,0,0,0,0,0,0,0,0
201812,464,40380, ,Rochester  NY ,66,66,14596,0,0,0,2,6,464,2,17,1537,44,44,10897,0,0,0,0,0,0,0,0,0
201812,466,40420, ,Rockford  IL ,19,19,2846,0,0,0,0,0,0,0,0,0,19,19,2846,0,0,0,0,0,0,0,0,0
201812,470,40660,C,Rome  GA ,13,13,2590,0,0,0,0,0,0,0,0,0,13,13,2590,0,0,0,0,0,0,0,0,0
201812,472,40900,C,Sacramento--Roseville--Arden-Arcade  CA ,364,364,101708,0,0,0,0,0,0,0,0,0,360,360,100490,0,0,0,0,0,0,0,0,0
201812,474,13020, ,Bay City  MI ,0,0,0,0,0,0,0,0,0,0,0,0,0,0,0,0,0,0,0,0,0,0,0,0
201812,474,33220, ,Midland  MI ,2,2,507,0,0,0,0,0,0,0,0,0,2,2,507,0,0,0,0,0,0,0,0,0
201812,474,40980, ,Saginaw  MI ,2,2,439,0,0,0,0,0,0,0,0,0,2,2,439,0,0,0,0,0,0,0,0,0
201812,476,41180, ,St. Louis  MO-IL ,305,305,88161,0,0,0,2,8,911,1,5,432,261,261,73524,0,0,0,2,8,911,0,0,0
201812,482,36260, ,Ogden-Clearfield  UT ,167,167,39022,1,2,290,3,10,1542,3,23,2752,140,140,32088,0,0,0,3,10,1542,3,23,2752
201812,482,39340, ,Provo-Orem  UT ,318,318,92845,1,2,453,0,0,0,5,230,33832,308,308,88816,0,0,0,0,0,0,5,230,33832
201812,482,41620, ,Salt Lake City  UT ,401,401,87901,2,4,463,5,18,2642,21,453,46587,205,205,38815,0,0,0,1,4,275,16,321,29716
201812,488,41860,C,San Francisco-Oakland-Hayward  CA ,241,241,89225,1,2,350,5,15,2811,36,2663,483736,162,162,61220,1,2,350,3,9,1389,22,2389,423927
201812,488,41940,C,San Jose-Sunnyvale-Santa Clara  CA ,157,157,59514,1,2,115,1,4,1237,11,1340,204217,131,131,50258,0,0,0,0,0,0,7,1051,161323
201812,488,42100, ,Santa Cruz-Watsonville  CA ,10,10,2320,0,0,0,1,3,344,2,11,1119,0,0,0,0,0,0,0,0,0,0,0,0
201812,488,42220, ,Santa Rosa  CA ,187,187,27061,0,0,0,0,0,0,0,0,0,173,173,24698,0,0,0,0,0,0,0,0,0
201812,488,44700, ,Stockton-Lodi  CA ,75,75,23691,0,0,0,0,0,0,0,0,0,55,55,17487,0,0,0,0,0,0,0,0,0
201812,488,46700, ,Vallejo-Fairfield  CA ,39,39,9860,0,0,0,0,0,0,0,0,0,38,38,9555,0,0,0,0,0,0,0,0,0
201812,496,25980, ,Hinesville  GA ,22,22,5109,0,0,0,0,0,0,0,0,0,22,22,5109,0,0,0,0,0,0,0,0,0
201812,496,42340, ,Savannah  GA ,167,167,32650,2,4,585,2,8,680,1,6,748,129,129,23358,2,4,585,2,8,680,1,6,748
201812,500,14740,C,Bremerton-Silverdale  WA ,54,54,15898,1,2,367,0,0,0,0,0,0,46,46,13909,1,2,367,0,0,0,0,0,0
201812,500,34580, ,Mount Vernon-Anacortes  WA ,26,26,6392,0,0,0,0,0,0,0,0,0,14,14,4421,0,0,0,0,0,0,0,0,0
201812,500,36500, ,Olympia-Tumwater  WA ,67,67,16741,0,0,0,0,0,0,1,241,23373,67,67,16741,0,0,0,0,0,0,1,241,23373
201812,500,42660,C,Seattle-Tacoma-Bellevue  WA ,569,569,194705,24,48,9494,17,61,11375,27,1461,142795,419,419,136554,23,46,9142,15,55,10405,25,1418,138401
201812,512,43580, ,Sioux City  IA-NE-SD ,5,5,1423,0,0,0,0,0,0,0,0,0,0,0,0,0,0,0,0,0,0,0,0,0
201812,515,21140, ,Elkhart-Goshen  IN ,12,12,3498,0,0,0,0,0,0,0,0,0,12,12,3498,0,0,0,0,0,0,0,0,0
201812,515,35660, ,Niles-Benton Harbor  MI ,1,1,150,0,0,0,0,0,0,0,0,0,0,0,0,0,0,0,0,0,0,0,0,0
201812,515,43780, ,South Bend-Mishawaka  IN-MI ,18,18,5693,0,0,0,0,0,0,0,0,0,18,18,5693,0,0,0,0,0,0,0,0,0
201812,518,17660, ,Coeur dAlene  ID ,94,94,22153,1,2,226,0,0,0,0,0,0,94,94,22153,1,2,226,0,0,0,0,0,0
201812,518,44060, ,Spokane-Spokane Valley  WA ,96,96,27956,9,18,3415,0,0,0,4,97,11777,69,69,20845,9,18,3415,0,0,0,0,0,0
201812,520,44180, ,Springfield  MO ,38,38,9015,0,0,0,0,0,0,0,0,0,38,38,9015,0,0,0,0,0,0,0,0,0
201812,521,44140, ,Springfield  MA ,2,2,374,2,4,260,0,0,0,0,0,0,0,0,0,2,4,260,0,0,0,0,0,0
201812,522,44100, ,Springfield  IL ,2,2,558,0,0,0,0,0,0,0,0,0,1,1,308,0,0,0,0,0,0,0,0,0
201812,524,44300, ,State College  PA ,11,11,5242,0,0,0,0,0,0,0,0,0,11,11,5242,0,0,0,0,0,0,0,0,0
201812,532,45060, ,Syracuse  NY ,17,17,3982,0,0,0,0,0,0,1,50,7400,16,16,3762,0,0,0,0,0,0,1,50,7400
201812,533,45220, ,Tallahassee  FL ,59,59,12497,0,0,0,0,0,0,4,127,16778,19,19,4492,0,0,0,0,0,0,0,0,0
201812,534,45780, ,Toledo  OH ,37,37,9743,0,0,0,0,0,0,0,0,0,36,36,9630,0,0,0,0,0,0,0,0,0
201812,536,46060,C,Tucson  AZ ,194,194,53706,2,4,478,0,0,0,12,172,24400,28,28,7754,0,0,0,0,0,0,0,0,0
201812,538,46140,C,Tulsa  OK ,183,183,39714,0,0,0,0,0,0,0,0,0,168,168,37172,0,0,0,0,0,0,0,0,0
201812,540,46340, ,Tyler  TX ,29,29,8056,0,0,0,0,0,0,0,0,0,29,29,8056,0,0,0,0,0,0,0,0,0
201812,545,47260, ,Virginia Beach-Norfolk-Newport News  VA-NC ,187,187,38503,2,4,357,0,0,0,2,25,1875,133,133,31695,1,2,280,0,0,0,0,0,0
201812,546,47300, ,Visalia-Porterville  CA ,68,68,16468,0,0,0,0,0,0,11,66,11000,68,68,16468,0,0,0,0,0,0,11,66,11000
201812,548,12580,C,Baltimore-Columbia-Towson  MD ,329,329,66086,0,0,0,0,0,0,3,338,50082,328,328,65949,0,0,0,0,0,0,3,338,50082
201812,548,15680,C,California-Lexington Park  MD ,29,29,5357,0,0,0,0,0,0,0,0,0,29,29,5357,0,0,0,0,0,0,0,0,0
201812,548,16540,C,Chambersburg-Waynesboro  PA ,13,13,2141,0,0,0,0,0,0,1,5,488,3,3,586,0,0,0,0,0,0,0,0,0
201812,548,25180, ,Hagerstown-Martinsburg  MD-WV ,109,109,23549,0,0,0,0,0,0,0,0,0,109,109,23549,0,0,0,0,0,0,0,0,0
201812,548,47900, ,Washington-Arlington-Alexandria  DC-VA-MD-WV ,986,986,232599,5,10,976,0,0,0,19,935,99479,975,975,230398,4,8,843,0,0,0,18,930,98879
201812,548,49020, ,Winchester  VA-WV ,36,36,8174,0,0,0,3,12,1816,1,5,757,36,36,8174,0,0,0,3,12,1816,1,5,757
201812,554,48140, ,Wausau  WI ,8,8,2603,0,0,0,0,0,0,0,0,0,5,5,1890,0,0,0,0,0,0,0,0,0
201812,556,48620, ,Wichita  KS ,55,55,10223,6,12,1053,1,3,275,1,8,560,2,2,435,0,0,0,0,0,0,0,0,0
201812,558,48700, ,Williamsport  PA ,1,1,120,1,2,300,0,0,0,0,0,0,1,1,120,1,2,300,0,0,0,0,0,0
201812,566,49660, ,Youngstown-Warren-Boardman  OH-PA ,11,11,2057,0,0,0,0,0,0,0,0,0,10,10,1927,0,0,0,0,0,0,0,0,0
201812,999,10180, ,Abilene  TX ,26,26,7237,0,0,0,0,0,0,0,0,0,26,26,7237,0,0,0,0,0,0,0,0,0
201812,999,10500, ,Albany  GA ,5,5,689,0,0,0,0,0,0,1,5,504,3,3,416,0,0,0,0,0,0,0,0,0
201812,999,10780, ,Alexandria  LA ,15,15,3304,0,0,0,0,0,0,0,0,0,0,0,0,0,0,0,0,0,0,0,0,0
201812,999,11020, ,Altoona  PA ,3,3,418,0,0,0,0,0,0,0,0,0,3,3,418,0,0,0,0,0,0,0,0,0
201812,999,11260,C,Anchorage  AK ,59,59,18421,16,32,5516,1,4,695,2,19,3004,0,0,0,16,32,5516,0,0,0,0,0,0
201812,999,11500, ,Anniston-Oxford-Jacksonville  AL ,0,0,0,0,0,0,0,0,0,0,0,0,0,0,0,0,0,0,0,0,0,0,0,0
201812,999,12260, ,Augusta-Richmond County  GA-SC ,178,178,35649,1,2,180,0,0,0,2,35,2194,143,143,29487,0,0,0,0,0,0,0,0,0
201812,999,12420, ,Austin-Round Rock  TX ,1128,1128,278838,0,0,0,0,0,0,33,1309,119881,918,918,234457,0,0,0,0,0,0,33,1309,119881
201812,999,12540, ,Bakersfield  CA ,138,138,36403,4,8,946,1,4,512,0,0,0,24,24,5595,0,0,0,1,4,512,0,0,0
201812,999,12620, ,Bangor  ME ,4,4,985,0,0,0,0,0,0,0,0,0,3,3,750,0,0,0,0,0,0,0,0,0
201812,999,12940, ,Baton Rouge  LA ,269,269,52942,0,0,0,0,0,0,0,0,0,238,238,46394,0,0,0,0,0,0,0,0,0
201812,999,13140, ,Beaumont-Port Arthur  TX ,13,13,3004,0,0,0,0,0,0,0,0,0,13,13,3004,0,0,0,0,0,0,0,0,0
201812,999,13220,C,Beckley  WV ,5,5,920,0,0,0,0,0,0,0,0,0,0,0,0,0,0,0,0,0,0,0,0,0
201812,999,13380, ,Bellingham  WA ,44,44,9783,0,0,0,0,0,0,2,111,12403,41,41,9009,0,0,0,0,0,0,2,111,12403
201812,999,13740, ,Billings  MT ,9,9,2294,5,10,1654,0,0,0,9,136,6264,9,9,2294,5,10,1654,0,0,0,9,136,6264
201812,999,13780, ,Binghamton  NY ,0,0,0,0,0,0,0,0,0,0,0,0,0,0,0,0,0,0,0,0,0,0,0,0
201812,999,13900, ,Bismarck  ND ,20,20,4354,0,0,0,0,0,0,0,0,0,0,0,0,0,0,0,0,0,0,0,0,0
201812,999,13980, ,Blacksburg-Christiansburg-Radford  VA ,7,7,2025,0,0,0,0,0,0,0,0,0,7,7,2025,0,0,0,0,0,0,0,0,0
201812,999,15260, ,Brunswick  GA ,39,39,11136,0,0,0,0,0,0,0,0,0,0,0,0,0,0,0,0,0,0,0,0,0
201812,999,15540, ,Burlington-South Burlington  VT ,19,19,4556,2,4,668,0,0,0,1,31,2500,14,14,3361,1,2,400,0,0,0,1,31,2500
201812,999,16220, ,Casper  WY ,12,12,2445,1,2,161,0,0,0,1,11,1343,7,7,959,0,0,0,0,0,0,0,0,0
201812,999,16580, ,Champaign-Urbana  IL ,6,6,1814,0,0,0,0,0,0,1,30,3246,6,6,1814,0,0,0,0,0,0,1,30,3246
201812,999,16700,C,Charleston-North Charleston  SC ,316,316,102509,2,4,1218,0,0,0,19,498,67125,191,191,68122,2,4,1218,0,0,0,15,364,47388
201812,999,16820, ,Charlottesville  VA ,47,47,14506,0,0,0,0,0,0,2,34,6552,0,0,0,0,0,0,0,0,0,0,0,0
201812,999,16940, ,Cheyenne  WY ,28,28,5220,0,0,0,0,0,0,0,0,0,28,28,5220,0,0,0,0,0,0,0,0,0
201812,999,17020, ,Chico  CA ,47,47,9729,0,0,0,0,0,0,0,0,0,47,47,9729,0,0,0,0,0,0,0,0,0
201812,999,17300,C,Clarksville  TN-KY ,80,80,13065,0,0,0,2,8,556,0,0,0,32,32,4636,0,0,0,2,8,556,0,0,0
201812,999,17780, ,College Station-Bryan  TX ,57,57,11747,5,10,1440,0,0,0,2,250,24000,57,57,11747,5,10,1440,0,0,0,2,250,24000
201812,999,17820,C,Colorado Springs  CO ,116,116,45997,0,0,0,0,0,0,1,5,750,116,116,45997,0,0,0,0,0,0,1,5,750
201812,999,18880,C,Crestview-Fort Walton Beach-Destin  FL ,111,111,51863,0,0,0,0,0,0,6,82,30659,108,108,51312,0,0,0,0,0,0,6,82,30659
201812,999,19060, ,Cumberland  MD-WV ,1,1,195,0,0,0,0,0,0,0,0,0,1,1,195,0,0,0,0,0,0,0,0,0
201812,999,19180, ,Danville  IL ,0,0,0,0,0,0,0,0,0,0,0,0,0,0,0,0,0,0,0,0,0,0,0,0
201812,999,19500, ,Decatur  IL ,1,1,350,0,0,0,0,0,0,0,0,0,1,1,350,0,0,0,0,0,0,0,0,0
201812,999,20220, ,Dubuque  IA ,8,8,2193,0,0,0,0,0,0,0,0,0,4,4,969,0,0,0,0,0,0,0,0,0
201812,999,20260, ,Duluth  MN-WI ,2,2,530,0,0,0,0,0,0,0,0,0,2,2,530,0,0,0,0,0,0,0,0,0
201812,999,20940, ,El Centro  CA ,2,2,343,0,0,0,0,0,0,0,0,0,2,2,343,0,0,0,0,0,0,0,0,0
201812,999,21420, ,Enid  OK ,8,8,1840,0,0,0,0,0,0,0,0,0,8,8,1840,0,0,0,0,0,0,0,0,0
201812,999,21660, ,Eugene  OR ,30,30,7276,1,2,541,0,0,0,1,20,2092,13,13,3000,1,2,541,0,0,0,1,20,2092
201812,999,21780, ,Evansville  IN-KY ,31,31,6424,1,2,100,0,0,0,0,0,0,30,30,6210,1,2,100,0,0,0,0,0,0
201812,999,21820,C,Fairbanks  AK ,0,0,0,0,0,0,0,0,0,0,0,0,0,0,0,0,0,0,0,0,0,0,0,0
201812,999,22140,C,Farmington  NM ,8,8,1424,0,0,0,0,0,0,0,0,0,4,4,672,0,0,0,0,0,0,0,0,0
201812,999,22220, ,Fayetteville-Springdale-Rogers  AR-MO ,216,216,58448,3,6,451,1,3,150,5,274,35801,186,186,51679,3,6,451,1,3,150,3,240,33032
201812,999,22380, ,Flagstaff  AZ ,45,45,9986,0,0,0,0,0,0,0,0,0,45,45,9986,0,0,0,0,0,0,0,0,0
201812,999,22500, ,Florence  SC ,27,27,3288,0,0,0,0,0,0,3,57,4937,0,0,0,0,0,0,0,0,0,0,0,0
201812,999,22520, ,Florence-Muscle Shoals  AL ,10,10,1169,0,0,0,0,0,0,0,0,0,2,2,223,0,0,0,0,0,0,0,0,0
201812,999,22540, ,Fond du Lac  WI ,3,3,678,0,0,0,0,0,0,0,0,0,0,0,0,0,0,0,0,0,0,0,0,0
201812,999,22660,C,Fort Collins  CO ,117,117,30590,1,2,309,0,0,0,5,335,71773,86,86,24098,1,2,309,0,0,0,5,335,71773
201812,999,22900, ,Fort Smith  AR-OK ,12,12,2079,7,14,2085,0,0,0,0,0,0,9,9,1757,7,14,2085,0,0,0,0,0,0
201812,999,23460, ,Gadsden  AL ,2,2,392,0,0,0,0,0,0,0,0,0,2,2,392,0,0,0,0,0,0,0,0,0
201812,999,24220, ,Grand Forks  ND-MN ,5,5,1355,0,0,0,0,0,0,1,8,696,0,0,0,0,0,0,0,0,0,0,0,0
201812,999,24260, ,Grand Island  NE ,6,6,1022,0,0,0,0,0,0,1,5,292,0,0,0,0,0,0,0,0,0,0,0,0
201812,999,24300,C,Grand Junction  CO ,41,41,7132,0,0,0,0,0,0,0,0,0,41,41,7132,0,0,0,0,0,0,0,0,0
201812,999,24500,C,Great Falls  MT ,4,4,1236,0,0,0,0,0,0,1,12,968,4,4,1236,0,0,0,0,0,0,1,12,968
201812,999,25060, ,Gulfport-Biloxi-Pascagoula  MS ,116,116,19669,0,0,0,1,3,301,2,13,1101,84,84,14997,0,0,0,0,0,0,0,0,0
201812,999,25620, ,Hattiesburg  MS ,4,4,700,0,0,0,0,0,0,0,0,0,4,4,700,0,0,0,0,0,0,0,0,0
201812,999,25940, ,Hilton Head Island-Bluffton-Beaufort  SC ,69,69,22357,0,0,0,0,0,0,1,23,2439,36,36,8017,0,0,0,0,0,0,0,0,0
201812,999,26140, ,Homosassa Springs  FL ,28,28,6051,0,0,0,0,0,0,1,12,1037,0,0,0,0,0,0,0,0,0,0,0,0
201812,999,26380, ,Houma-Thibodaux  LA ,16,16,5769,0,0,0,0,0,0,0,0,0,16,16,5769,0,0,0,0,0,0,0,0,0
201812,999,27100, ,Jackson  MI ,1,1,90,0,0,0,0,0,0,0,0,0,1,1,90,0,0,0,0,0,0,0,0,0
201812,999,27340,C,Jacksonville  NC ,83,83,11301,0,0,0,0,0,0,0,0,0,73,73,9767,0,0,0,0,0,0,0,0,0
201812,999,27980,C,Kahului-Wailuku-Lahaina  HI ,30,30,11832,0,0,0,0,0,0,0,0,0,30,30,11832,0,0,0,0,0,0,0,0,0
201812,999,28420,C,Kennewick-Richland  WA ,118,118,33962,4,8,1106,0,0,0,1,5,600,66,66,19694,2,4,758,0,0,0,0,0,0
201812,999,28660,C,Killeen-Temple  TX ,126,126,27597,1,2,193,0,0,0,0,0,0,116,116,25322,0,0,0,0,0,0,0,0,0
201812,999,29100, ,La Crosse-Onalaska  WI-MN ,2,2,545,0,0,0,0,0,0,0,0,0,2,2,545,0,0,0,0,0,0,0,0,0
201812,999,29460, ,Lakeland-Winter Haven  FL ,451,451,97133,0,0,0,0,0,0,0,0,0,447,447,96362,0,0,0,0,0,0,0,0,0
201812,999,29540, ,Lancaster  PA ,10,10,2006,0,0,0,1,3,300,0,0,0,3,3,764,0,0,0,0,0,0,0,0,0
201812,999,29700, ,Laredo  TX ,72,72,12928,1,2,140,0,0,0,2,29,2759,0,0,0,0,0,0,0,0,0,0,0,0
201812,999,30020, ,Lawton  OK ,3,3,667,0,0,0,0,0,0,0,0,0,0,0,0,0,0,0,0,0,0,0,0,0
201812,999,30300, ,Lewiston  ID-WA ,1,1,150,0,0,0,0,0,0,0,0,0,1,1,150,0,0,0,0,0,0,0,0,0
201812,999,30860, ,Logan  UT-ID ,6,6,1508,0,0,0,0,0,0,0,0,0,6,6,1508,0,0,0,0,0,0,0,0,0
201812,999,31340, ,Lynchburg  VA ,17,17,4185,0,0,0,0,0,0,0,0,0,6,6,1333,0,0,0,0,0,0,0,0,0
201812,999,33540,C,Missoula  MT ,19,19,4721,2,4,424,1,4,84,0,0,0,19,19,4721,2,4,424,1,4,84,0,0,0
201812,999,33860, ,Montgomery  AL ,42,42,6523,0,0,0,0,0,0,0,0,0,42,42,6523,0,0,0,0,0,0,0,0,0
201812,999,36100, ,Ocala  FL ,198,198,28671,0,0,0,4,16,580,0,0,0,198,198,28671,0,0,0,4,16,580,0,0,0
201812,999,36980, ,Owensboro  KY ,11,11,923,0,0,0,0,0,0,0,0,0,11,11,923,0,0,0,0,0,0,0,0,0
201812,999,37340, ,Palm Bay-Melbourne-Titusville  FL ,165,165,51985,0,0,0,0,0,0,0,0,0,165,165,51985,0,0,0,0,0,0,0,0,0
201812,999,37460, ,Panama City  FL ,36,36,9558,0,0,0,0,0,0,1,33,2713,0,0,0,0,0,0,0,0,0,0,0,0
201812,999,38060,C,Phoenix-Mesa-Scottsdale  AZ ,2354,2354,656375,9,18,3553,0,0,0,7,98,17175,2318,2318,645836,8,16,3313,0,0,0,6,30,6206
201812,999,38340, ,Pittsfield  MA ,1,1,329,0,0,0,0,0,0,0,0,0,0,0,0,0,0,0,0,0,0,0,0,0
201812,999,38540, ,Pocatello  ID ,11,11,1460,0,0,0,0,0,0,0,0,0,8,8,831,0,0,0,0,0,0,0,0,0
201812,999,39140, ,Prescott  AZ ,76,76,21015,3,6,537,0,0,0,0,0,0,76,76,21015,3,6,537,0,0,0,0,0,0
201812,999,40060, ,Richmond  VA ,273,273,48642,0,0,0,1,4,391,2,13,1680,239,239,42724,0,0,0,1,4,391,2,13,1680
201812,999,41100, ,St. George  UT ,113,113,19244,1,2,143,5,19,1622,0,0,0,113,113,19244,1,2,143,5,19,1622,0,0,0
201812,999,41500, ,Salinas  CA ,6,6,1593,0,0,0,0,0,0,1,7,857,6,6,1593,0,0,0,0,0,0,0,0,0
201812,999,41540, ,Salisbury  MD-DE ,245,245,35593,7,14,1609,0,0,0,4,24,2281,237,237,34193,7,14,1609,0,0,0,4,24,2281
201812,999,41660,C,San Angelo  TX ,28,28,5951,0,0,0,0,0,0,0,0,0,28,28,5951,0,0,0,0,0,0,0,0,0
201812,999,41700,C,San Antonio-New Braunfels  TX ,459,459,96077,1,2,183,2,7,609,17,406,35360,224,224,49646,0,0,0,0,0,0,0,0,0
201812,999,41740,C,San Diego-Carlsbad  CA ,166,166,51429,3,6,1033,5,18,3720,25,343,45468,160,160,47790,3,6,1033,4,15,3264,23,319,40793
201812,999,42020, ,San Luis Obispo-Paso Robles-Arroyo Grande  CA ,29,29,11034,0,0,0,1,3,603,1,12,1263,0,0,0,0,0,0,0,0,0,0,0,0
201812,999,42200, ,Santa Maria-Santa Barbara  CA ,9,9,8344,0,0,0,0,0,0,0,0,0,9,9,8344,0,0,0,0,0,0,0,0,0
201812,999,42540, ,Scranton--Wilkes-Barre--Hazleton  PA ,1,1,247,0,0,0,0,0,0,0,0,0,0,0,0,0,0,0,0,0,0,0,0,0
201812,999,43100, ,Sheboygan  WI ,0,0,0,0,0,0,0,0,0,0,0,0,0,0,0,0,0,0,0,0,0,0,0,0
201812,999,43340, ,Shreveport-Bossier City  LA ,68,68,13150,0,0,0,0,0,0,0,0,0,48,48,7957,0,0,0,0,0,0,0,0,0
201812,999,43420, ,Sierra Vista-Douglas  AZ ,15,15,2227,0,0,0,0,0,0,0,0,0,15,15,2227,0,0,0,0,0,0,0,0,0
201812,999,43620, ,Sioux Falls  SD ,41,41,8928,0,0,0,3,12,1432,3,38,3169,40,40,8782,0,0,0,3,12,1432,3,38,3169
201812,999,44940, ,Sumter  SC ,15,15,2034,0,0,0,0,0,0,0,0,0,0,0,0,0,0,0,0,0,0,0,0,0
201812,999,45300,C,Tampa-St. Petersburg-Clearwater  FL ,887,887,185799,3,6,698,1,4,691,8,246,50494,883,883,184543,3,6,698,1,4,691,7,241,50063
201812,999,45460, ,Terre Haute  IN ,1,1,186,1,2,138,0,0,0,1,5,346,0,0,0,0,0,0,0,0,0,0,0,0
201812,999,45500, ,Texarkana  TX-AR ,2,2,457,0,0,0,0,0,0,0,0,0,0,0,0,0,0,0,0,0,0,0,0,0
201812,999,45820, ,Topeka  KS ,10,10,1957,0,0,0,0,0,0,0,0,0,10,10,1957,0,0,0,0,0,0,0,0,0
201812,999,46220, ,Tuscaloosa  AL ,31,31,8748,0,0,0,1,4,560,3,57,5521,10,10,2866,0,0,0,0,0,0,0,0,0
201812,999,46300, ,Twin Falls  ID ,24,24,5456,1,2,245,0,0,0,0,0,0,24,24,5456,1,2,245,0,0,0,0,0,0
201812,999,46520,C,Urban Honolulu  HI ,90,90,33072,0,0,0,0,0,0,1,14,1600,90,90,33072,0,0,0,0,0,0,1,14,1600
201812,999,46540, ,Utica-Rome  NY ,1,1,71,0,0,0,0,0,0,0,0,0,0,0,0,0,0,0,0,0,0,0,0,0
201812,999,46660, ,Valdosta  GA ,69,69,13330,0,0,0,0,0,0,0,0,0,35,35,7589,0,0,0,0,0,0,0,0,0
201812,999,47380, ,Waco  TX ,35,35,7860,0,0,0,0,0,0,1,7,480,0,0,0,0,0,0,0,0,0,0,0,0
201812,999,47460, ,Walla Walla  WA ,5,5,1244,0,0,0,0,0,0,0,0,0,5,5,1244,0,0,0,0,0,0,0,0,0
201812,999,47940, ,Waterloo-Cedar Falls  IA ,5,5,967,0,0,0,0,0,0,0,0,0,5,5,967,0,0,0,0,0,0,0,0,0
201812,999,48060, ,Watertown-Fort Drum  NY ,6,6,598,0,0,0,0,0,0,0,0,0,6,6,598,0,0,0,0,0,0,0,0,0
201812,999,48300, ,Wenatchee  WA ,32,32,6427,0,0,0,0,0,0,0,0,0,12,12,3137,0,0,0,0,0,0,0,0,0
201812,999,48540, ,Wheeling  WV-OH ,0,0,0,0,0,0,0,0,0,0,0,0,0,0,0,0,0,0,0,0,0,0,0,0
201812,999,48660, ,Wichita Falls  TX ,0,0,0,0,0,0,0,0,0,0,0,0,0,0,0,0,0,0,0,0,0,0,0,0
201812,999,48900, ,Wilmington  NC ,107,107,34440,1,2,107,0,0,0,2,56,7968,0,0,0,0,0,0,0,0,0,0,0,0
201812,999,49420, ,Yakima  WA ,24,24,5976,0,0,0,0,0,0,0,0,0,24,24,5976,0,0,0,0,0,0,0,0,0
201812,999,49740, ,Yuma  AZ ,68,68,10540,0,0,0,0,0,0,0,0,0,68,68,10540,0,0,0,0,0,0,0,0,0
