Survey,CSA,CBSA,MONCOV,CBSA,,1-unit,,,2-units,,,3-4 units,,,5+ units,,,1-unit rep,,,2-units rep,,,3-4 units rep,,,5+ units rep
Date,Code,Code,,Name,Bldgs,Units,Value,Bldgs,Units,Value,Bldgs,Units,Value,Bldgs,Units,Value,Bldgs,Units,Value,Bldgs,Units,Value,      Bldgs,Units,Value,Bldgs,Units,Value
 
201903,104,10580,C,Albany-Schenectady-Troy  NY ,80,80,23158,1,2,550,0,0,0,7,49,5257,54,54,15041,0,0,0,0,0,0,2,16,1200
201903,104,24020, ,Glens Falls  NY ,13,13,3261,0,0,0,2,6,746,1,6,781,7,7,1654,0,0,0,2,6,746,1,6,781
201903,106,10740,C,Albuquerque  NM ,169,169,39048,0,0,0,1,3,252,1,6,250,114,114,26799,0,0,0,0,0,0,0,0,0
201903,106,42140,C,Santa Fe  NM ,26,26,5015,0,0,0,0,0,0,0,0,0,26,26,5015,0,0,0,0,0,0,0,0,0
201903,107,11020, ,Altoona  PA ,6,6,853,0,0,0,0,0,0,0,0,0,6,6,853,0,0,0,0,0,0,0,0,0
201903,108,11100, ,Amarillo  TX ,43,43,10417,9,18,2520,0,0,0,0,0,0,43,43,10417,9,18,2520,0,0,0,0,0,0
201903,118,11540, ,Appleton  WI ,12,12,3604,1,2,185,0,0,0,0,0,0,12,12,3604,1,2,185,0,0,0,0,0,0
201903,118,36780, ,Oshkosh-Neenah  WI ,17,17,3840,0,0,0,0,0,0,1,8,640,14,14,3421,0,0,0,0,0,0,1,8,640
201903,120,11700, ,Asheville  NC ,158,158,43573,1,2,119,0,0,0,3,48,3391,35,35,8244,0,0,0,0,0,0,0,0,0
201903,122,12020, ,Athens-Clarke County  GA ,50,50,12807,0,0,0,0,0,0,0,0,0,50,50,12807,0,0,0,0,0,0,0,0,0
201903,122,12060, ,Atlanta-Sandy Springs-Alpharetta  GA ,2389,2389,543383,7,14,2532,0,0,0,12,399,49805,2080,2080,466222,7,14,2532,0,0,0,9,266,37676
201903,122,23580, ,Gainesville  GA ,71,71,13977,0,0,0,0,0,0,0,0,0,71,71,13977,0,0,0,0,0,0,0,0,0
201903,122,40660,C,Rome  GA ,25,25,3967,0,0,0,0,0,0,0,0,0,25,25,3967,0,0,0,0,0,0,0,0,0
201903,140,13460,C,Bend  OR ,109,109,27689,1,2,379,0,0,0,1,5,333,83,83,21186,1,2,379,0,0,0,0,0,0
201903,142,13820,C,Birmingham-Hoover  AL ,262,262,72126,0,0,0,0,0,0,0,0,0,169,169,50621,0,0,0,0,0,0,0,0,0
201903,144,14020,C,Bloomington  IN ,29,29,7497,1,2,278,0,0,0,0,0,0,29,29,7497,1,2,278,0,0,0,0,0,0
201903,145,14010, ,Bloomington  IL ,10,10,1242,0,0,0,0,0,0,0,0,0,10,10,1242,0,0,0,0,0,0,0,0,0
201903,146,14100,C,Bloomsburg-Berwick  PA ,6,6,1292,0,0,0,0,0,0,0,0,0,3,3,544,0,0,0,0,0,0,0,0,0
201903,147,14260,C,Boise City  ID ,615,615,141970,2,4,457,3,11,1016,2,30,2012,522,522,124247,1,2,317,1,3,491,1,24,1591
201903,148,12700, ,Barnstable Town  MA ,3,3,715,0,0,0,0,0,0,0,0,0,3,3,715,0,0,0,0,0,0,0,0,0
201903,148,14460,C,Boston-Cambridge-Newton  MA-NH ,316,316,102006,16,32,5860,10,33,6642,28,586,115148,215,215,72614,9,18,3726,9,30,6182,12,458,94513
201903,148,31700, ,Manchester-Nashua  NH ,39,39,7493,1,2,263,0,0,0,1,5,631,28,28,5773,0,0,0,0,0,0,0,0,0
201903,148,39300,C,Providence-Warwick  RI-MA ,95,95,20639,3,6,667,1,3,200,2,14,1211,40,40,9253,1,2,208,0,0,0,0,0,0
201903,148,49340, ,Worcester  MA-CT ,18,18,4699,0,0,0,0,0,0,1,11,197,14,14,3928,0,0,0,0,0,0,0,0,0
201903,150,14540, ,Bowling Green  KY ,38,38,8983,0,0,0,0,0,0,0,0,0,38,38,8983,0,0,0,0,0,0,0,0,0
201903,154,15180, ,Brownsville-Harlingen  TX ,77,77,8435,0,0,0,0,0,0,0,0,0,52,52,5755,0,0,0,0,0,0,0,0,0
201903,160,15380,C,Buffalo-Cheektowaga  NY ,81,81,22162,0,0,0,0,0,0,1,18,4029,71,71,19806,0,0,0,0,0,0,0,0,0
201903,162,15540, ,Burlington-South Burlington  VT ,22,22,5021,1,2,268,0,0,0,3,39,5062,13,13,2733,0,0,0,0,0,0,1,29,3774
201903,163,15980,C,Cape Coral-Fort Myers  FL ,405,405,87544,28,56,6687,2,8,2228,1,6,1080,405,405,87544,28,56,6687,2,8,2228,1,6,1080
201903,163,34940, ,Naples-Marco Island  FL ,260,260,74259,0,0,0,2,8,1427,4,30,6664,260,260,74259,0,0,0,2,8,1427,4,30,6664
201903,164,16020, ,Cape Girardeau  MO-IL ,0,0,0,0,0,0,0,0,0,0,0,0,0,0,0,0,0,0,0,0,0,0,0,0
201903,168,16300, ,Cedar Rapids  IA ,28,28,3555,0,0,0,0,0,0,1,58,5360,28,28,3555,0,0,0,0,0,0,1,58,5360
201903,168,26980, ,Iowa City  IA ,22,22,4297,0,0,0,0,0,0,0,0,0,8,8,1808,0,0,0,0,0,0,0,0,0
201903,170,16620, ,Charleston  WV ,6,6,1190,1,2,236,0,0,0,1,5,316,2,2,565,0,0,0,0,0,0,0,0,0
201903,170,26580, ,Huntington-Ashland  WV-KY-OH ,12,12,1998,0,0,0,1,3,420,0,0,0,5,5,1023,0,0,0,0,0,0,0,0,0
201903,172,16740, ,Charlotte-Concord-Gastonia  NC-SC ,1494,1494,380740,1,2,295,1,4,602,15,484,51685,1298,1298,317920,1,2,295,1,4,602,12,430,45844
201903,174,16860, ,Chattanooga  TN-GA ,165,165,33390,1,2,223,0,0,0,1,55,6675,117,117,23722,0,0,0,0,0,0,0,0,0
201903,174,17420, ,Cleveland  TN ,24,24,4270,0,0,0,0,0,0,1,78,6546,7,7,1208,0,0,0,0,0,0,1,78,6546
201903,176,16980, ,Chicago-Naperville-Elgin  IL-IN-WI ,583,583,158478,5,10,1720,20,61,13309,18,257,45120,472,472,127941,4,8,1637,20,61,13309,11,151,32073
201903,176,28100, ,Kankakee  IL ,2,2,517,0,0,0,0,0,0,0,0,0,2,2,517,0,0,0,0,0,0,0,0,0
201903,176,33140, ,Michigan City-La Porte  IN ,8,8,1551,0,0,0,0,0,0,0,0,0,8,8,1551,0,0,0,0,0,0,0,0,0
201903,178,17140, ,Cincinnati  OH-KY-IN ,392,392,91367,1,2,298,2,8,2100,3,21,1679,327,327,75164,1,2,298,2,8,2100,0,0,0
201903,184,10420, ,Akron  OH ,38,38,17966,0,0,0,0,0,0,0,0,0,29,29,15850,0,0,0,0,0,0,0,0,0
201903,184,15940, ,Canton-Massillon  OH ,36,36,11474,0,0,0,1,3,154,1,5,384,33,33,11124,0,0,0,0,0,0,0,0,0
201903,184,17460, ,Cleveland-Elyria  OH ,203,203,49416,1,2,11,5,20,1903,2,10,760,168,168,41678,0,0,0,4,16,1595,2,10,760
201903,190,17860, ,Columbia  MO ,53,53,13280,0,0,0,0,0,0,0,0,0,53,53,13280,0,0,0,0,0,0,0,0,0
201903,192,17900,C,Columbia  SC ,293,293,66795,0,0,0,0,0,0,1,17,1534,132,132,26753,0,0,0,0,0,0,0,0,0
201903,194,12220,C,Auburn-Opelika  AL ,87,87,25378,1,2,211,0,0,0,1,30,7844,34,34,10169,0,0,0,0,0,0,0,0,0
201903,194,17980, ,Columbus  GA-AL ,56,56,11593,0,0,0,0,0,0,1,12,2102,27,27,5929,0,0,0,0,0,0,0,0,0
201903,198,18140, ,Columbus  OH ,313,313,101249,0,0,0,0,0,0,3,47,5172,296,296,95951,0,0,0,0,0,0,2,36,3822
201903,204,18580, ,Corpus Christi  TX ,82,82,14145,0,0,0,0,0,0,0,0,0,78,78,13568,0,0,0,0,0,0,0,0,0
201903,206,19100, ,Dallas-Fort Worth-Arlington  TX ,2968,2968,823709,13,26,3583,13,44,7816,76,2046,173318,2355,2355,631220,13,26,3583,12,41,7450,72,1825,153194
201903,209,19340, ,Davenport-Moline-Rock Island  IA-IL ,21,21,5637,0,0,0,0,0,0,1,11,1294,8,8,2187,0,0,0,0,0,0,0,0,0
201903,212,19430, ,Dayton-Kettering  OH ,69,69,21334,1,2,156,0,0,0,0,0,0,46,46,16008,0,0,0,0,0,0,0,0,0
201903,212,44220, ,Springfield  OH ,3,3,595,0,0,0,0,0,0,0,0,0,3,3,595,0,0,0,0,0,0,0,0,0
201903,216,14500, ,Boulder  CO ,36,36,14338,0,0,0,0,0,0,3,47,6731,6,6,3310,0,0,0,0,0,0,0,0,0
201903,216,19740,C,Denver-Aurora-Lakewood  CO ,764,764,231735,1,2,402,2,6,808,11,778,137560,753,753,227411,1,2,402,1,3,463,10,773,136833
201903,216,24540, ,Greeley  CO ,186,186,49747,0,0,0,3,10,1094,1,5,606,75,75,20318,0,0,0,0,0,0,0,0,0
201903,218,11180, ,Ames  IA ,0,0,0,0,0,0,0,0,0,1,8,818,0,0,0,0,0,0,0,0,0,1,8,818
201903,218,19780, ,Des Moines-West Des Moines  IA ,238,238,61659,1,2,434,0,0,0,0,0,0,236,236,61160,1,2,434,0,0,0,0,0,0
201903,220,11460, ,Ann Arbor  MI ,33,33,8645,0,0,0,0,0,0,1,5,550,21,21,5565,0,0,0,0,0,0,0,0,0
201903,220,19820, ,Detroit-Warren-Dearborn  MI ,379,379,108418,1,2,183,2,7,830,7,88,12376,329,329,96852,0,0,0,1,4,592,5,66,10628
201903,220,22420, ,Flint  MI ,20,20,4013,1,2,520,0,0,0,0,0,0,16,16,2971,1,2,520,0,0,0,0,0,0
201903,220,33780, ,Monroe  MI ,0,0,0,0,0,0,0,0,0,0,0,0,0,0,0,0,0,0,0,0,0,0,0,0
201903,222,20020, ,Dothan  AL ,10,10,2950,0,0,0,0,0,0,0,0,0,8,8,2486,0,0,0,0,0,0,0,0,0
201903,232,20740, ,Eau Claire  WI ,26,26,7346,2,4,572,0,0,0,0,0,0,15,15,4491,2,4,572,0,0,0,0,0,0
201903,236,21300, ,Elmira  NY ,0,0,0,0,0,0,0,0,0,0,0,0,0,0,0,0,0,0,0,0,0,0,0,0
201903,238,21340,C,El Paso  TX ,223,223,47147,2,4,387,4,13,1436,3,58,6709,2,2,548,0,0,0,0,0,0,0,0,0
201903,238,29740,C,Las Cruces  NM ,79,79,19837,2,4,383,0,0,0,0,0,0,79,79,19837,2,4,383,0,0,0,0,0,0
201903,240,21500, ,Erie  PA ,1,1,255,0,0,0,0,0,0,0,0,0,1,1,255,0,0,0,0,0,0,0,0,0
201903,244,22020, ,Fargo  ND-MN ,22,22,7275,0,0,0,0,0,0,0,0,0,20,20,6582,0,0,0,0,0,0,0,0,0
201903,246,22180, ,Fayetteville  NC ,128,128,19725,0,0,0,0,0,0,0,0,0,72,72,12929,0,0,0,0,0,0,0,0,0
201903,258,23060,C,Fort Wayne  IN ,78,78,18266,2,4,374,0,0,0,1,34,3460,5,5,1202,0,0,0,0,0,0,0,0,0
201903,260,23420,C,Fresno  CA ,127,127,40296,4,8,1699,31,93,5407,6,52,5148,64,64,22668,0,0,0,30,90,5282,0,0,0
201903,260,31460, ,Madera  CA ,31,31,7510,0,0,0,0,0,0,0,0,0,31,31,7510,0,0,0,0,0,0,0,0,0
201903,264,23540, ,Gainesville  FL ,47,47,14443,2,4,901,0,0,0,1,101,3439,36,36,12988,2,4,901,0,0,0,0,0,0
201903,266,24340, ,Grand Rapids-Kentwood  MI ,117,117,31440,1,2,500,0,0,0,4,133,17380,82,82,24358,1,2,500,0,0,0,2,60,7177
201903,266,34740, ,Muskegon  MI ,0,0,0,0,0,0,0,0,0,0,0,0,0,0,0,0,0,0,0,0,0,0,0,0
201903,267,24580, ,Green Bay  WI ,46,46,14160,2,4,581,0,0,0,1,5,485,37,37,11574,1,2,400,0,0,0,0,0,0
201903,268,15500, ,Burlington  NC ,25,25,4378,0,0,0,0,0,0,0,0,0,25,25,4378,0,0,0,0,0,0,0,0,0
201903,268,24660,C,Greensboro-High Point  NC ,129,129,34733,2,4,757,0,0,0,2,33,3799,129,129,34733,2,4,757,0,0,0,2,33,3799
201903,268,49180, ,Winston-Salem  NC ,176,176,30928,0,0,0,0,0,0,0,0,0,176,176,30928,0,0,0,0,0,0,0,0,0
201903,272,24780, ,Greenville  NC ,29,29,5817,3,6,812,0,0,0,1,38,4845,0,0,0,0,0,0,0,0,0,0,0,0
201903,273,24860, ,Greenville-Anderson  SC ,285,285,55958,6,12,1115,1,3,390,3,61,5778,211,211,37777,6,12,1115,0,0,0,0,0,0
201903,273,43900, ,Spartanburg  SC ,207,207,33957,0,0,0,0,0,0,0,0,0,207,207,33957,0,0,0,0,0,0,0,0,0
201903,276,23900,C,Gettysburg  PA ,19,19,6270,0,0,0,0,0,0,0,0,0,19,19,6270,0,0,0,0,0,0,0,0,0
201903,276,25420,C,Harrisburg-Carlisle  PA ,91,91,18935,5,10,1260,1,3,911,7,65,16972,69,69,14292,5,10,1260,1,3,911,7,65,16972
201903,276,30140, ,Lebanon  PA ,13,13,2266,0,0,0,0,0,0,0,0,0,0,0,0,0,0,0,0,0,0,0,0,0
201903,276,49620, ,York-Hanover  PA ,15,15,4436,0,0,0,0,0,0,0,0,0,12,12,3652,0,0,0,0,0,0,0,0,0
201903,277,25500,C,Harrisonburg  VA ,42,42,12219,0,0,0,0,0,0,0,0,0,37,37,11295,0,0,0,0,0,0,0,0,0
201903,277,44420, ,Staunton  VA ,12,12,2843,0,0,0,0,0,0,0,0,0,12,12,2843,0,0,0,0,0,0,0,0,0
201903,278,25540,C,Hartford-East Hartford-Middletown  CT ,72,72,13326,1,2,398,0,0,0,5,29,2343,51,51,7929,0,0,0,0,0,0,0,0,0
201903,278,35980, ,Norwich-New London  CT ,16,16,3872,0,0,0,0,0,0,0,0,0,13,13,3376,0,0,0,0,0,0,0,0,0
201903,279,25620, ,Hattiesburg  MS ,3,3,1145,0,0,0,0,0,0,0,0,0,3,3,1145,0,0,0,0,0,0,0,0,0
201903,284,26300, ,Hot Springs  AR ,7,7,1453,0,0,0,0,0,0,0,0,0,7,7,1453,0,0,0,0,0,0,0,0,0
201903,288,26420, ,Houston-The Woodlands-Sugar Land  TX ,3618,3618,628518,14,28,3242,0,0,0,15,650,59602,2804,2804,567496,13,26,3012,0,0,0,13,640,59100
201903,290,19460, ,Decatur  AL ,14,14,2323,0,0,0,0,0,0,0,0,0,11,11,1926,0,0,0,0,0,0,0,0,0
201903,290,26620,C,Huntsville  AL ,309,309,48916,0,0,0,0,0,0,0,0,0,309,309,48916,0,0,0,0,0,0,0,0,0
201903,292,26820, ,Idaho Falls  ID ,82,82,17052,0,0,0,0,0,0,0,0,0,82,82,17052,0,0,0,0,0,0,0,0,0
201903,294,18020, ,Columbus  IN ,13,13,3348,0,0,0,0,0,0,0,0,0,13,13,3348,0,0,0,0,0,0,0,0,0
201903,294,26900, ,Indianapolis-Carmel-Anderson  IN ,555,555,156244,4,8,737,0,0,0,1,60,5556,542,542,153492,3,6,600,0,0,0,1,60,5556
201903,294,34620, ,Muncie  IN ,13,13,967,0,0,0,0,0,0,0,0,0,13,13,967,0,0,0,0,0,0,0,0,0
201903,296,27060, ,Ithaca  NY ,0,0,0,1,2,237,0,0,0,1,5,600,0,0,0,0,0,0,0,0,0,0,0,0
201903,297,27180, ,Jackson  TN ,18,18,3474,0,0,0,0,0,0,0,0,0,18,18,3474,0,0,0,0,0,0,0,0,0
201903,298,27140, ,Jackson  MS ,118,118,29934,0,0,0,0,0,0,0,0,0,69,69,21575,0,0,0,0,0,0,0,0,0
201903,300,27260,C,Jacksonville  FL ,889,889,218861,6,12,1725,1,4,732,11,680,74383,864,864,210923,6,12,1725,1,4,732,11,680,74383
201903,304,27740, ,Johnson City  TN ,12,12,2995,0,0,0,0,0,0,0,0,0,12,12,2995,0,0,0,0,0,0,0,0,0
201903,304,28700, ,Kingsport-Bristol  TN-VA ,1,1,160,1,2,80,0,0,0,0,0,0,1,1,160,1,2,80,0,0,0,0,0,0
201903,306,27780, ,Johnstown  PA ,0,0,0,0,0,0,0,0,0,0,0,0,0,0,0,0,0,0,0,0,0,0,0,0
201903,308,27860, ,Jonesboro  AR ,62,62,8708,2,4,300,4,16,700,0,0,0,62,62,8708,2,4,300,4,16,700,0,0,0
201903,309,27900, ,Joplin  MO ,11,11,1615,1,2,277,0,0,0,1,8,503,0,0,0,0,0,0,0,0,0,0,0,0
201903,310,12980, ,Battle Creek  MI ,1,1,271,0,0,0,0,0,0,0,0,0,0,0,0,0,0,0,0,0,0,0,0,0
201903,310,28020, ,Kalamazoo-Portage  MI ,4,4,1467,0,0,0,0,0,0,0,0,0,2,2,726,0,0,0,0,0,0,0,0,0
201903,312,28140, ,Kansas City  MO-KS ,307,307,84080,35,70,5319,10,39,6397,7,629,83909,226,226,58595,35,70,5319,8,31,5181,6,605,81882
201903,312,29940, ,Lawrence  KS ,14,14,3715,0,0,0,0,0,0,0,0,0,14,14,3715,0,0,0,0,0,0,0,0,0
201903,312,41140, ,St. Joseph  MO-KS ,0,0,0,0,0,0,0,0,0,0,0,0,0,0,0,0,0,0,0,0,0,0,0,0
201903,313,28420,C,Kennewick-Richland  WA ,113,113,33104,4,8,1163,0,0,0,2,10,1092,43,43,13645,1,2,411,0,0,0,0,0,0
201903,313,47460, ,Walla Walla  WA ,6,6,1728,0,0,0,0,0,0,0,0,0,5,5,1628,0,0,0,0,0,0,0,0,0
201903,315,28940, ,Knoxville  TN ,252,252,56499,0,0,0,0,0,0,3,229,34863,72,72,17003,0,0,0,0,0,0,1,166,30000
201903,316,29020, ,Kokomo  IN ,5,5,650,0,0,0,0,0,0,0,0,0,5,5,650,0,0,0,0,0,0,0,0,0
201903,318,29180, ,Lafayette  LA ,158,158,29900,0,0,0,0,0,0,0,0,0,45,45,7717,0,0,0,0,0,0,0,0,0
201903,320,29200, ,Lafayette-West Lafayette  IN ,35,35,8020,0,0,0,0,0,0,9,268,23286,4,4,525,0,0,0,0,0,0,7,252,21630
201903,324,29340, ,Lake Charles  LA ,68,68,14623,2,4,545,0,0,0,0,0,0,25,25,5488,2,4,545,0,0,0,0,0,0
201903,332,29820,C,Las Vegas-Henderson-Paradise  NV ,738,738,185123,4,8,1270,10,30,3770,5,30,3617,738,738,185123,4,8,1270,10,30,3770,5,30,3617
201903,336,30460,C,Lexington-Fayette  KY ,137,137,24800,3,6,820,1,3,375,3,53,3861,52,52,11097,3,6,820,0,0,0,0,0,0
201903,338,30620, ,Lima  OH ,0,0,0,0,0,0,0,0,0,0,0,0,0,0,0,0,0,0,0,0,0,0,0,0
201903,339,30700, ,Lincoln  NE ,78,78,16248,1,2,341,0,0,0,3,97,10187,0,0,0,0,0,0,0,0,0,0,0,0
201903,340,30780, ,Little Rock-North Little Rock-Conway  AR ,143,143,23817,2,4,251,0,0,0,1,8,211,101,101,17428,1,2,100,0,0,0,0,0,0
201903,340,38220, ,Pine Bluff  AR ,1,1,124,0,0,0,0,0,0,0,0,0,0,0,0,0,0,0,0,0,0,0,0,0
201903,348,31080,C,Los Angeles-Long Beach-Anaheim  CA ,751,751,249506,64,128,25259,7,21,4687,77,1518,276736,629,629,184472,60,120,22848,4,12,2634,66,1380,251249
201903,348,37100, ,Oxnard-Thousand Oaks-Ventura  CA ,20,20,7011,9,18,4978,0,0,0,25,140,9533,20,20,7011,9,18,4978,0,0,0,25,140,9533
201903,348,40140, ,Riverside-San Bernardino-Ontario  CA ,735,735,208118,0,0,0,3,10,1738,6,78,6648,649,649,183529,0,0,0,3,10,1738,4,65,5750
201903,350,21060, ,Elizabethtown-Fort Knox  KY ,42,42,9091,4,8,1007,0,0,0,0,0,0,36,36,8193,3,6,837,0,0,0,0,0,0
201903,350,31140, ,Louisville-Jefferson County  KY-IN ,285,285,78488,1,2,300,0,0,0,0,0,0,242,242,66675,1,2,300,0,0,0,0,0,0
201903,352,31180, ,Lubbock  TX ,185,185,36575,0,0,0,0,0,0,20,156,10935,184,184,36402,0,0,0,0,0,0,20,156,10935
201903,356,31420, ,Macon-Bibb County  GA ,21,21,4137,0,0,0,0,0,0,0,0,0,0,0,0,0,0,0,0,0,0,0,0,0
201903,356,47580, ,Warner Robins  GA ,116,116,23347,0,0,0,0,0,0,1,92,8340,116,116,23347,0,0,0,0,0,0,1,92,8340
201903,357,27500, ,Janesville-Beloit  WI ,9,9,2106,1,2,200,0,0,0,0,0,0,9,9,2106,1,2,200,0,0,0,0,0,0
201903,357,31540, ,Madison  WI ,120,120,42792,1,2,435,1,4,600,4,121,14650,97,97,36374,1,2,435,1,4,600,1,58,8179
201903,359,31860, ,Mankato  MN ,13,13,2563,0,0,0,0,0,0,1,12,897,0,0,0,0,0,0,0,0,0,0,0,0
201903,365,32580,C,McAllen-Edinburg-Mission  TX ,216,216,36298,1,2,100,4,16,631,2,25,1731,174,174,31363,0,0,0,4,16,631,0,0,0
201903,366,32780, ,Medford  OR ,53,53,12623,0,0,0,0,0,0,1,12,1542,53,53,12623,0,0,0,0,0,0,1,12,1542
201903,368,32820, ,Memphis  TN-MS-AR ,288,288,63926,0,0,0,0,0,0,0,0,0,275,275,62206,0,0,0,0,0,0,0,0,0
201903,370,33100, ,Miami-Fort Lauderdale-Pompano Beach  FL ,604,604,229877,6,12,2740,1,3,412,22,1643,496120,503,503,198040,6,12,2740,1,3,412,13,1424,470466
201903,370,38940, ,Port St. Lucie  FL ,256,256,56141,4,8,1135,4,16,2749,0,0,0,256,256,56141,4,8,1135,4,16,2749,0,0,0
201903,370,42680, ,Sebastian-Vero Beach  FL ,80,80,33355,0,0,0,3,9,916,0,0,0,80,80,33355,0,0,0,3,9,916,0,0,0
201903,372,33260, ,Midland  TX ,125,125,25224,0,0,0,0,0,0,0,0,0,125,125,25224,0,0,0,0,0,0,0,0,0
201903,372,36220,C,Odessa  TX ,46,46,8671,0,0,0,0,0,0,0,0,0,0,0,0,0,0,0,0,0,0,0,0,0
201903,376,33340,C,Milwaukee-Waukesha  WI ,98,98,33519,8,16,2761,0,0,0,4,198,25981,74,74,24487,8,16,2761,0,0,0,2,168,22346
201903,376,39540, ,Racine  WI ,15,15,3974,0,0,0,0,0,0,0,0,0,7,7,1761,0,0,0,0,0,0,0,0,0
201903,378,33460, ,Minneapolis-St. Paul-Bloomington  MN-WI ,628,628,191876,4,8,1495,2,8,1646,10,1177,168613,563,563,172669,3,6,1257,2,8,1646,9,1162,166695
201903,378,41060, ,St. Cloud  MN ,1,1,260,0,0,0,0,0,0,0,0,0,0,0,0,0,0,0,0,0,0,0,0,0
201903,380,19300, ,Daphne-Fairhope-Foley  AL ,161,161,31881,0,0,0,0,0,0,0,0,0,56,56,13406,0,0,0,0,0,0,0,0,0
201903,380,33660, ,Mobile  AL ,46,46,11013,0,0,0,0,0,0,0,0,0,40,40,9849,0,0,0,0,0,0,0,0,0
201903,384,33740, ,Monroe  LA ,27,27,6221,1,2,50,0,0,0,0,0,0,1,1,250,1,2,50,0,0,0,0,0,0
201903,388,33860, ,Montgomery  AL ,77,77,17185,0,0,0,0,0,0,0,0,0,77,77,17185,0,0,0,0,0,0,0,0,0
201903,390,34060, ,Morgantown  WV ,1,1,200,0,0,0,0,0,0,0,0,0,1,1,200,0,0,0,0,0,0,0,0,0
201903,396,34820, ,Myrtle Beach-Conway-North Myrtle Beach  SC-NC ,553,553,108993,0,0,0,1,4,602,1,24,2653,415,415,77072,0,0,0,1,4,602,1,24,2653
201903,400,34980, ,Nashville-Davidson--Murfreesboro--Franklin  TN ,1049,1049,270790,0,0,0,1,3,435,9,595,30050,856,856,231863,0,0,0,0,0,0,5,492,20192
201903,406,25220, ,Hammond  LA ,69,69,10380,0,0,0,0,0,0,0,0,0,0,0,0,0,0,0,0,0,0,0,0,0
201903,406,35380, ,New Orleans-Metairie  LA ,278,278,62389,4,8,846,0,0,0,1,9,2215,220,220,48754,0,0,0,0,0,0,0,0,0
201903,408,14860,C,Bridgeport-Stamford-Norwalk  CT ,48,48,36059,0,0,0,0,0,0,2,12,5186,31,31,20563,0,0,0,0,0,0,0,0,0
201903,408,20700, ,East Stroudsburg  PA ,8,8,2151,0,0,0,0,0,0,0,0,0,5,5,1302,0,0,0,0,0,0,0,0,0
201903,408,28740, ,Kingston  NY ,2,2,464,0,0,0,0,0,0,1,5,1220,0,0,0,0,0,0,0,0,0,0,0,0
201903,408,35300, ,New Haven-Milford  CT ,12,12,2607,0,0,0,0,0,0,3,206,22058,5,5,1437,0,0,0,0,0,0,2,194,21320
201903,408,35620,C,New York-Newark-Jersey City  NY-NJ-PA ,785,785,212349,74,148,21354,29,98,7928,91,2631,324534,622,622,165771,67,134,18811,25,84,6108,61,2333,291871
201903,408,39100, ,Poughkeepsie-Newburgh-Middletown  NY ,19,19,4585,0,0,0,0,0,0,1,18,2062,15,15,3890,0,0,0,0,0,0,0,0,0
201903,408,45940,C,Trenton-Princeton  NJ ,6,6,2429,1,2,150,4,15,432,2,24,1981,3,3,852,1,2,150,0,0,0,0,0,0
201903,412,35840,C,North Port-Sarasota-Bradenton  FL ,569,569,135677,1,2,100,2,7,1237,6,69,13561,469,469,111514,1,2,100,1,4,479,6,69,13561
201903,412,39460, ,Punta Gorda  FL ,148,148,38190,3,6,978,0,0,0,0,0,0,148,148,38190,3,6,978,0,0,0,0,0,0
201903,416,36420,C,Oklahoma City  OK ,514,514,113423,4,8,2260,1,4,325,0,0,0,490,490,108688,4,8,2260,1,4,325,0,0,0
201903,420,36540, ,Omaha-Council Bluffs  NE-IA ,210,210,42276,1,2,253,0,0,0,3,137,11640,48,48,13962,0,0,0,0,0,0,0,0,0
201903,422,19660, ,Deltona-Daytona Beach-Ormond Beach  FL ,185,185,53264,4,8,1212,0,0,0,1,10,740,174,174,50336,4,8,1212,0,0,0,1,10,740
201903,422,29460, ,Lakeland-Winter Haven  FL ,454,454,116971,0,0,0,0,0,0,0,0,0,454,454,116971,0,0,0,0,0,0,0,0,0
201903,422,36740, ,Orlando-Kissimmee-Sanford  FL ,1252,1252,367190,2,4,186,1,4,1324,11,448,41750,1129,1129,333076,2,4,186,1,4,1324,8,412,38384
201903,422,45540,C,The Villages  FL ,198,198,58119,0,0,0,0,0,0,0,0,0,198,198,58119,0,0,0,0,0,0,0,0,0
201903,425,37620, ,Parkersburg-Vienna  WV ,6,6,855,0,0,0,0,0,0,0,0,0,6,6,855,0,0,0,0,0,0,0,0,0
201903,426,37860,C,Pensacola-Ferry Pass-Brent  FL ,271,271,51398,1,2,500,0,0,0,0,0,0,271,271,51398,1,2,500,0,0,0,0,0,0
201903,428,12100,C,Atlantic City-Hammonton  NJ ,24,24,6036,0,0,0,0,0,0,5,63,5183,21,21,5424,0,0,0,0,0,0,4,51,3938
201903,428,20100,C,Dover  DE ,107,107,16020,2,4,357,0,0,0,0,0,0,105,105,15588,2,4,357,0,0,0,0,0,0
201903,428,36140,C,Ocean City  NJ ,33,33,9371,4,8,1093,0,0,0,0,0,0,33,33,9371,4,8,1093,0,0,0,0,0,0
201903,428,37980,C,Philadelphia-Camden-Wilmington  PA-NJ-DE-MD ,740,740,143621,16,32,4789,26,86,9707,31,352,27004,511,511,111118,14,28,4464,25,83,9320,20,257,18389
201903,428,39740, ,Reading  PA ,2,2,462,0,0,0,0,0,0,0,0,0,1,1,200,0,0,0,0,0,0,0,0,0
201903,428,47220,C,Vineland-Bridgeton  NJ ,4,4,243,0,0,0,0,0,0,0,0,0,4,4,243,0,0,0,0,0,0,0,0,0
201903,429,38060,C,Phoenix-Mesa-Chandler  AZ ,2087,2087,563998,12,24,2127,6,21,8581,17,769,111046,1794,1794,482030,12,24,2127,6,21,8581,12,663,95051
201903,430,38300, ,Pittsburgh  PA ,83,83,25214,0,0,0,0,0,0,1,32,2624,54,54,18074,0,0,0,0,0,0,0,0,0
201903,430,48260, ,Weirton-Steubenville  WV-OH ,0,0,0,0,0,0,0,0,0,0,0,0,0,0,0,0,0,0,0,0,0,0,0,0
201903,438,30340, ,Lewiston-Auburn  ME ,4,4,575,0,0,0,0,0,0,0,0,0,4,4,575,0,0,0,0,0,0,0,0,0
201903,438,38860, ,Portland-South Portland  ME ,95,95,23744,12,24,5042,0,0,0,2,10,1086,42,42,10631,11,22,4719,0,0,0,0,0,0
201903,440,10540, ,Albany-Lebanon  OR ,53,53,13641,0,0,0,0,0,0,4,45,5034,50,50,13052,0,0,0,0,0,0,4,45,5034
201903,440,18700, ,Corvallis  OR ,2,2,448,0,0,0,4,16,3642,3,252,41649,2,2,448,0,0,0,4,16,3642,3,252,41649
201903,440,31020, ,Longview  WA ,17,17,3714,1,2,340,0,0,0,0,0,0,0,0,0,0,0,0,0,0,0,0,0,0
201903,440,38900, ,Portland-Vancouver-Hillsboro  OR-WA ,584,584,163821,8,16,2467,2,8,739,32,1011,125233,429,429,111585,8,16,2467,2,8,739,30,987,122497
201903,440,41420, ,Salem  OR ,50,50,14368,3,6,1054,0,0,0,4,46,4569,24,24,7051,2,4,739,0,0,0,0,0,0
201903,444,39380,C,Pueblo  CO ,39,39,5983,0,0,0,0,0,0,0,0,0,39,39,5983,0,0,0,0,0,0,0,0,0
201903,450,20500,C,Durham-Chapel Hill  NC ,308,308,68760,0,0,0,0,0,0,2,99,7886,128,128,34219,0,0,0,0,0,0,0,0,0
201903,450,39580,C,Raleigh-Cary  NC ,974,974,214410,1,2,120,0,0,0,0,0,0,944,944,208571,1,2,120,0,0,0,0,0,0
201903,452,39660, ,Rapid City  SD ,22,22,4447,2,4,837,3,12,1200,2,27,2675,22,22,4447,2,4,837,3,12,1200,2,27,2675
201903,454,39820, ,Redding  CA ,18,18,5857,0,0,0,0,0,0,0,0,0,18,18,5857,0,0,0,0,0,0,0,0,0
201903,456,16180,C,Carson City  NV ,24,24,6401,0,0,0,0,0,0,0,0,0,24,24,6401,0,0,0,0,0,0,0,0,0
201903,456,39900,C,Reno  NV ,123,123,36759,7,14,1216,3,10,1183,3,72,8466,93,93,27351,7,14,1216,3,10,1183,3,72,8466
201903,462,40340, ,Rochester  MN ,26,26,6935,0,0,0,0,0,0,0,0,0,26,26,6935,0,0,0,0,0,0,0,0,0
201903,464,40380, ,Rochester  NY ,92,92,22512,1,2,265,0,0,0,3,23,1921,71,71,19071,1,2,265,0,0,0,0,0,0
201903,466,40420, ,Rockford  IL ,7,7,539,11,22,1954,0,0,0,0,0,0,7,7,539,11,22,1954,0,0,0,0,0,0
201903,472,40900,C,Sacramento-Roseville-Folsom  CA ,631,631,191636,6,12,1334,1,4,500,3,105,11457,629,629,190916,6,12,1334,1,4,500,3,105,11457
201903,474,13020, ,Bay City  MI ,0,0,0,0,0,0,0,0,0,0,0,0,0,0,0,0,0,0,0,0,0,0,0,0
201903,474,33220, ,Midland  MI ,4,4,476,0,0,0,0,0,0,0,0,0,4,4,476,0,0,0,0,0,0,0,0,0
201903,474,40980, ,Saginaw  MI ,5,5,1207,0,0,0,0,0,0,0,0,0,4,4,1044,0,0,0,0,0,0,0,0,0
201903,476,41180, ,St. Louis  MO-IL ,481,481,137502,3,6,619,2,6,825,5,52,5295,391,391,108662,2,4,227,1,3,450,1,20,1760
201903,480,41540, ,Salisbury  MD-DE ,224,224,31670,2,4,502,0,0,0,1,5,660,223,223,31513,2,4,502,0,0,0,1,5,660
201903,482,36260, ,Ogden-Clearfield  UT ,203,203,53282,1,2,283,2,8,1022,7,69,8822,185,185,49093,1,2,283,1,4,400,7,69,8822
201903,482,39340, ,Provo-Orem  UT ,467,467,132770,1,2,453,2,8,1129,1,71,10908,459,459,130131,0,0,0,2,8,1129,1,71,10908
201903,482,41620, ,Salt Lake City  UT ,363,363,93918,4,8,1243,1,4,711,10,260,33021,275,275,71098,2,4,781,0,0,0,7,198,25161
201903,484,41700,C,San Antonio-New Braunfels  TX ,715,715,169390,14,28,3402,4,16,1694,2,161,22963,629,629,152928,14,28,3402,4,16,1694,1,156,21897
201903,488,32900, ,Merced  CA ,25,25,5529,0,0,0,0,0,0,0,0,0,25,25,5529,0,0,0,0,0,0,0,0,0
201903,488,33700, ,Modesto  CA ,1,1,133,0,0,0,0,0,0,0,0,0,0,0,0,0,0,0,0,0,0,0,0,0
201903,488,41860,C,San Francisco-Oakland-Berkeley  CA ,273,273,98415,2,4,1500,3,10,1898,24,871,185536,203,203,70911,2,4,1500,1,4,900,18,821,176796
201903,488,41940,C,San Jose-Sunnyvale-Santa Clara  CA ,200,200,69387,3,6,1942,0,0,0,16,419,59125,136,136,53109,3,6,1942,0,0,0,13,218,29289
201903,488,42100, ,Santa Cruz-Watsonville  CA ,10,10,2153,0,0,0,0,0,0,1,7,712,0,0,0,0,0,0,0,0,0,0,0,0
201903,488,42220, ,Santa Rosa-Petaluma  CA ,161,161,65267,0,0,0,0,0,0,2,29,4839,161,161,65267,0,0,0,0,0,0,2,29,4839
201903,488,44700, ,Stockton  CA ,195,195,62783,0,0,0,0,0,0,0,0,0,195,195,62783,0,0,0,0,0,0,0,0,0
201903,488,46700, ,Vallejo  CA ,129,129,38406,0,0,0,0,0,0,0,0,0,129,129,38406,0,0,0,0,0,0,0,0,0
201903,496,25980, ,Hinesville  GA ,21,21,4866,0,0,0,0,0,0,15,392,40731,21,21,4866,0,0,0,0,0,0,15,392,40731
201903,496,42340, ,Savannah  GA ,218,218,84333,0,0,0,0,0,0,0,0,0,214,214,83681,0,0,0,0,0,0,0,0,0
201903,500,14740,C,Bremerton-Silverdale-Port Orchard  WA ,71,71,23561,0,0,0,0,0,0,0,0,0,71,71,23561,0,0,0,0,0,0,0,0,0
201903,500,34580, ,Mount Vernon-Anacortes  WA ,40,40,9304,0,0,0,0,0,0,0,0,0,27,27,7169,0,0,0,0,0,0,0,0,0
201903,500,36500, ,Olympia-Lacey-Tumwater  WA ,59,59,15392,2,4,600,0,0,0,4,79,7694,50,50,13475,2,4,600,0,0,0,3,72,7007
201903,500,42660,C,Seattle-Tacoma-Bellevue  WA ,717,717,246835,27,54,13349,21,76,13285,34,1627,255481,597,597,201825,26,52,12998,20,73,12785,33,1622,254981
201903,508,43340,C,Shreveport-Bossier City  LA ,113,113,26197,0,0,0,0,0,0,0,0,0,85,85,18926,0,0,0,0,0,0,0,0,0
201903,515,21140, ,Elkhart-Goshen  IN ,20,20,4568,0,0,0,0,0,0,0,0,0,20,20,4568,0,0,0,0,0,0,0,0,0
201903,515,35660, ,Niles  MI ,4,4,1150,0,0,0,0,0,0,0,0,0,4,4,1150,0,0,0,0,0,0,0,0,0
201903,515,43780, ,South Bend-Mishawaka  IN-MI ,27,27,8595,0,0,0,0,0,0,0,0,0,27,27,8595,0,0,0,0,0,0,0,0,0
201903,518,17660, ,Coeur dAlene  ID ,139,139,32749,1,2,262,0,0,0,0,0,0,80,80,17538,0,0,0,0,0,0,0,0,0
201903,518,44060, ,Spokane-Spokane Valley  WA ,159,159,43573,4,8,1413,1,3,211,4,118,12516,128,128,35402,4,8,1413,0,0,0,1,51,4381
201903,522,44100, ,Springfield  IL ,5,5,1408,2,4,752,0,0,0,1,6,300,0,0,0,0,0,0,0,0,0,0,0,0
201903,524,44300, ,State College  PA ,6,6,1676,0,0,0,0,0,0,1,50,7000,4,4,1343,0,0,0,0,0,0,1,50,7000
201903,532,45060, ,Syracuse  NY ,17,17,4467,0,0,0,0,0,0,0,0,0,14,14,3666,0,0,0,0,0,0,0,0,0
201903,534,45780, ,Toledo  OH ,78,78,20269,0,0,0,0,0,0,2,206,19876,76,76,20044,0,0,0,0,0,0,2,206,19876
201903,536,46060,C,Tucson  AZ ,270,270,77005,2,4,478,0,0,0,7,98,13895,116,116,33861,0,0,0,0,0,0,0,0,0
201903,538,46140,C,Tulsa  OK ,311,311,64799,0,0,0,2,8,1200,5,319,42681,297,297,62349,0,0,0,2,8,1200,5,319,42681
201903,540,46340, ,Tyler  TX ,47,47,13060,1,2,446,0,0,0,0,0,0,47,47,13060,1,2,446,0,0,0,0,0,0
201903,545,47260, ,Virginia Beach-Norfolk-Newport News  VA-NC ,327,327,61880,0,0,0,0,0,0,0,0,0,294,294,57577,0,0,0,0,0,0,0,0,0
201903,548,12580,C,Baltimore-Columbia-Towson  MD ,534,534,108288,0,0,0,0,0,0,2,327,30950,534,534,108288,0,0,0,0,0,0,2,327,30950
201903,548,15680,C,California-Lexington Park  MD ,59,59,13298,0,0,0,0,0,0,0,0,0,59,59,13298,0,0,0,0,0,0,0,0,0
201903,548,16540,C,Chambersburg-Waynesboro  PA ,33,33,5446,0,0,0,0,0,0,1,5,488,28,28,4792,0,0,0,0,0,0,0,0,0
201903,548,25180, ,Hagerstown-Martinsburg  MD-WV ,153,153,26832,0,0,0,0,0,0,0,0,0,153,153,26832,0,0,0,0,0,0,0,0,0
201903,548,47900, ,Washington-Arlington-Alexandria  DC-VA-MD-WV ,1142,1142,278022,6,12,1329,0,0,0,15,653,101886,1064,1064,257337,6,12,1329,0,0,0,13,611,98755
201903,548,49020, ,Winchester  VA-WV ,51,51,11347,0,0,0,3,11,1291,0,0,0,51,51,11347,0,0,0,3,11,1291,0,0,0
201903,554,48140, ,Wausau-Weston  WI ,15,15,3070,1,2,250,0,0,0,0,0,0,3,3,710,1,2,250,0,0,0,0,0,0
201903,556,48620, ,Wichita  KS ,75,75,14095,8,16,1322,1,4,720,2,19,1330,2,2,652,0,0,0,1,4,720,0,0,0
201903,558,48700, ,Williamsport  PA ,0,0,0,0,0,0,0,0,0,0,0,0,0,0,0,0,0,0,0,0,0,0,0,0
201903,566,49660, ,Youngstown-Warren-Boardman  OH-PA ,10,10,2231,0,0,0,0,0,0,0,0,0,1,1,134,0,0,0,0,0,0,0,0,0
201903,999,10180, ,Abilene  TX ,19,19,4268,2,4,734,0,0,0,0,0,0,19,19,4268,2,4,734,0,0,0,0,0,0
201903,999,10500, ,Albany  GA ,16,16,1950,0,0,0,0,0,0,1,5,504,13,13,1541,0,0,0,0,0,0,0,0,0
201903,999,10780, ,Alexandria  LA ,11,11,2749,0,0,0,0,0,0,0,0,0,11,11,2749,0,0,0,0,0,0,0,0,0
201903,999,10900, ,Allentown-Bethlehem-Easton  PA-NJ ,24,24,5260,0,0,0,0,0,0,1,7,253,9,9,1352,0,0,0,0,0,0,0,0,0
201903,999,11260,C,Anchorage  AK ,70,70,21725,1,2,345,1,4,695,1,13,2055,3,3,737,1,2,345,0,0,0,0,0,0
201903,999,11500, ,Anniston-Oxford  AL ,14,14,1122,0,0,0,0,0,0,0,0,0,14,14,1122,0,0,0,0,0,0,0,0,0
201903,999,12260, ,Augusta-Richmond County  GA-SC ,160,160,29213,0,0,0,0,0,0,1,5,402,150,150,27022,0,0,0,0,0,0,0,0,0
201903,999,12420, ,Austin-Round Rock-Georgetown  TX ,1584,1584,371669,0,0,0,4,16,982,34,1478,112605,1314,1314,313146,0,0,0,4,16,982,34,1478,112605
201903,999,12540, ,Bakersfield  CA ,158,158,40458,4,8,946,0,0,0,0,0,0,22,22,4280,0,0,0,0,0,0,0,0,0
201903,999,12620, ,Bangor  ME ,5,5,991,0,0,0,1,4,500,0,0,0,1,1,175,0,0,0,1,4,500,0,0,0
201903,999,12940, ,Baton Rouge  LA ,355,355,76237,0,0,0,0,0,0,0,0,0,168,168,40486,0,0,0,0,0,0,0,0,0
201903,999,13140, ,Beaumont-Port Arthur  TX ,36,36,7702,0,0,0,0,0,0,0,0,0,36,36,7702,0,0,0,0,0,0,0,0,0
201903,999,13220,C,Beckley  WV ,5,5,610,0,0,0,0,0,0,0,0,0,5,5,610,0,0,0,0,0,0,0,0,0
201903,999,13380, ,Bellingham  WA ,54,54,14106,5,10,1539,1,3,548,1,7,675,44,44,11570,5,10,1539,0,0,0,1,7,675
201903,999,13740, ,Billings  MT ,30,30,7031,0,0,0,0,0,0,0,0,0,30,30,7031,0,0,0,0,0,0,0,0,0
201903,999,13780, ,Binghamton  NY ,0,0,0,0,0,0,0,0,0,0,0,0,0,0,0,0,0,0,0,0,0,0,0,0
201903,999,13900, ,Bismarck  ND ,19,19,5268,0,0,0,0,0,0,0,0,0,15,15,4114,0,0,0,0,0,0,0,0,0
201903,999,13980, ,Blacksburg-Christiansburg  VA ,0,0,0,0,0,0,0,0,0,0,0,0,0,0,0,0,0,0,0,0,0,0,0,0
201903,999,15260, ,Brunswick  GA ,54,54,15432,0,0,0,0,0,0,0,0,0,0,0,0,0,0,0,0,0,0,0,0,0
201903,999,16220, ,Casper  WY ,12,12,2879,1,2,161,1,3,299,1,7,855,6,6,1250,0,0,0,0,0,0,0,0,0
201903,999,16580, ,Champaign-Urbana  IL ,13,13,3480,0,0,0,0,0,0,0,0,0,13,13,3480,0,0,0,0,0,0,0,0,0
201903,999,16700,C,Charleston-North Charleston  SC ,446,446,126427,0,0,0,0,0,0,6,205,21846,210,210,69853,0,0,0,0,0,0,0,0,0
201903,999,16820, ,Charlottesville  VA ,65,65,20053,0,0,0,0,0,0,2,26,5156,0,0,0,0,0,0,0,0,0,0,0,0
201903,999,16940, ,Cheyenne  WY ,38,38,7010,0,0,0,1,4,344,1,8,965,19,19,3452,0,0,0,0,0,0,0,0,0
201903,999,17020, ,Chico  CA ,30,30,7624,0,0,0,0,0,0,2,48,5149,30,30,7624,0,0,0,0,0,0,2,48,5149
201903,999,17300,C,Clarksville  TN-KY ,255,255,30484,0,0,0,0,0,0,0,0,0,253,253,30342,0,0,0,0,0,0,0,0,0
201903,999,17780, ,College Station-Bryan  TX ,109,109,20885,0,0,0,0,0,0,0,0,0,109,109,20885,0,0,0,0,0,0,0,0,0
201903,999,17820,C,Colorado Springs  CO ,300,300,116714,0,0,0,7,28,3617,7,320,35059,300,300,116714,0,0,0,7,28,3617,7,320,35059
201903,999,18880,C,Crestview-Fort Walton Beach-Destin  FL ,192,192,68880,0,0,0,0,0,0,0,0,0,188,188,68145,0,0,0,0,0,0,0,0,0
201903,999,19060, ,Cumberland  MD-WV ,6,6,990,0,0,0,0,0,0,0,0,0,6,6,990,0,0,0,0,0,0,0,0,0
201903,999,19180, ,Danville  IL ,0,0,0,0,0,0,0,0,0,0,0,0,0,0,0,0,0,0,0,0,0,0,0,0
201903,999,19500, ,Decatur  IL ,2,2,419,0,0,0,0,0,0,0,0,0,2,2,419,0,0,0,0,0,0,0,0,0
201903,999,20220, ,Dubuque  IA ,10,10,2381,0,0,0,0,0,0,0,0,0,10,10,2381,0,0,0,0,0,0,0,0,0
201903,999,20260, ,Duluth  MN-WI ,3,3,423,0,0,0,0,0,0,0,0,0,3,3,423,0,0,0,0,0,0,0,0,0
201903,999,20940, ,El Centro  CA ,19,19,3311,0,0,0,0,0,0,0,0,0,19,19,3311,0,0,0,0,0,0,0,0,0
201903,999,21420, ,Enid  OK ,0,0,0,0,0,0,0,0,0,0,0,0,0,0,0,0,0,0,0,0,0,0,0,0
201903,999,21660, ,Eugene-Springfield  OR ,40,40,10384,0,0,0,2,8,1064,3,56,3060,13,13,3655,0,0,0,2,8,1064,3,56,3060
201903,999,21780, ,Evansville  IN-KY ,55,55,12039,1,2,115,0,0,0,0,0,0,34,34,8440,1,2,115,0,0,0,0,0,0
201903,999,21820,C,Fairbanks  AK ,1,1,384,0,0,0,0,0,0,0,0,0,1,1,384,0,0,0,0,0,0,0,0,0
201903,999,22140,C,Farmington  NM ,10,10,1973,2,4,651,0,0,0,0,0,0,7,7,1106,2,4,651,0,0,0,0,0,0
201903,999,22220, ,Fayetteville-Springdale-Rogers  AR-MO ,371,371,90398,9,18,4110,1,3,181,3,25,1997,309,309,78680,8,16,3956,0,0,0,0,0,0
201903,999,22380, ,Flagstaff  AZ ,28,28,4715,0,0,0,0,0,0,0,0,0,28,28,4715,0,0,0,0,0,0,0,0,0
201903,999,22500, ,Florence  SC ,37,37,4506,0,0,0,0,0,0,2,43,3725,0,0,0,0,0,0,0,0,0,0,0,0
201903,999,22520, ,Florence-Muscle Shoals  AL ,14,14,1696,0,0,0,0,0,0,0,0,0,2,2,278,0,0,0,0,0,0,0,0,0
201903,999,22540, ,Fond du Lac  WI ,8,8,1856,0,0,0,0,0,0,0,0,0,4,4,998,0,0,0,0,0,0,0,0,0
201903,999,22660,C,Fort Collins  CO ,145,145,39259,0,0,0,0,0,0,1,7,1588,145,145,39259,0,0,0,0,0,0,1,7,1588
201903,999,22900, ,Fort Smith  AR-OK ,16,16,2631,1,2,230,1,3,255,0,0,0,12,12,2223,1,2,230,0,0,0,0,0,0
201903,999,23460, ,Gadsden  AL ,5,5,853,0,0,0,0,0,0,0,0,0,0,0,0,0,0,0,0,0,0,0,0,0
201903,999,24220, ,Grand Forks  ND-MN ,7,7,1897,0,0,0,0,0,0,1,15,1306,0,0,0,0,0,0,0,0,0,0,0,0
201903,999,24260, ,Grand Island  NE ,10,10,2485,0,0,0,0,0,0,0,0,0,10,10,2485,0,0,0,0,0,0,0,0,0
201903,999,24300,C,Grand Junction  CO ,55,55,10988,0,0,0,0,0,0,1,6,618,0,0,0,0,0,0,0,0,0,0,0,0
201903,999,24500,C,Great Falls  MT ,5,5,1426,0,0,0,0,0,0,0,0,0,5,5,1426,0,0,0,0,0,0,0,0,0
201903,999,25060, ,Gulfport-Biloxi  MS ,170,170,28804,0,0,0,0,0,0,1,9,762,129,129,23047,0,0,0,0,0,0,0,0,0
201903,999,25860, ,Hickory-Lenoir-Morganton  NC ,1,1,151,0,0,0,0,0,0,1,5,279,0,0,0,0,0,0,0,0,0,0,0,0
201903,999,25940, ,Hilton Head Island-Bluffton  SC ,65,65,24858,0,0,0,0,0,0,1,15,1591,4,4,2141,0,0,0,0,0,0,0,0,0
201903,999,26140, ,Homosassa Springs  FL ,38,38,8211,1,2,55,0,0,0,1,9,778,0,0,0,0,0,0,0,0,0,0,0,0
201903,999,26380, ,Houma-Thibodaux  LA ,52,52,12014,0,0,0,0,0,0,0,0,0,52,52,12014,0,0,0,0,0,0,0,0,0
201903,999,27100, ,Jackson  MI ,0,0,0,0,0,0,0,0,0,0,0,0,0,0,0,0,0,0,0,0,0,0,0,0
201903,999,27340,C,Jacksonville  NC ,116,116,16270,0,0,0,0,0,0,0,0,0,116,116,16270,0,0,0,0,0,0,0,0,0
201903,999,27980,C,Kahului-Wailuku-Lahaina  HI ,61,61,21809,2,4,710,0,0,0,0,0,0,61,61,21809,2,4,710,0,0,0,0,0,0
201903,999,28660,C,Killeen-Temple  TX ,239,239,39127,4,8,687,0,0,0,0,0,0,224,224,36192,2,4,300,0,0,0,0,0,0
201903,999,29100, ,La Crosse-Onalaska  WI-MN ,23,23,5237,0,0,0,0,0,0,1,5,373,22,22,5028,0,0,0,0,0,0,0,0,0
201903,999,29420, ,Lake Havasu City-Kingman  AZ ,80,80,17648,0,0,0,0,0,0,0,0,0,80,80,17648,0,0,0,0,0,0,0,0,0
201903,999,29540, ,Lancaster  PA ,10,10,1754,0,0,0,0,0,0,0,0,0,1,1,150,0,0,0,0,0,0,0,0,0
201903,999,29620, ,Lansing-East Lansing  MI ,7,7,1801,1,2,385,0,0,0,0,0,0,4,4,1217,1,2,385,0,0,0,0,0,0
201903,999,29700, ,Laredo  TX ,99,99,17776,0,0,0,0,0,0,1,20,1903,0,0,0,0,0,0,0,0,0,0,0,0
201903,999,30020, ,Lawton  OK ,1,1,190,0,0,0,0,0,0,0,0,0,1,1,190,0,0,0,0,0,0,0,0,0
201903,999,30300, ,Lewiston  ID-WA ,0,0,0,0,0,0,0,0,0,0,0,0,0,0,0,0,0,0,0,0,0,0,0,0
201903,999,30860, ,Logan  UT-ID ,12,12,2932,0,0,0,0,0,0,0,0,0,12,12,2932,0,0,0,0,0,0,0,0,0
201903,999,30980, ,Longview  TX ,12,12,2088,1,2,284,0,0,0,0,0,0,0,0,0,0,0,0,0,0,0,0,0,0
201903,999,31340, ,Lynchburg  VA ,27,27,6757,0,0,0,0,0,0,0,0,0,4,4,1302,0,0,0,0,0,0,0,0,0
201903,999,31740, ,Manhattan  KS ,20,20,5117,0,0,0,0,0,0,1,5,641,12,12,3195,0,0,0,0,0,0,0,0,0
201903,999,33540,C,Missoula  MT ,26,26,6435,0,0,0,0,0,0,4,87,3800,26,26,6435,0,0,0,0,0,0,4,87,3800
201903,999,36100, ,Ocala  FL ,190,190,36979,0,0,0,3,12,450,0,0,0,190,190,36979,0,0,0,3,12,450,0,0,0
201903,999,36980, ,Owensboro  KY ,26,26,2875,0,0,0,0,0,0,0,0,0,26,26,2875,0,0,0,0,0,0,0,0,0
201903,999,37340, ,Palm Bay-Melbourne-Titusville  FL ,111,111,35426,0,0,0,0,0,0,0,0,0,111,111,35426,0,0,0,0,0,0,0,0,0
201903,999,37460, ,Panama City  FL ,67,67,16901,0,0,0,0,0,0,0,0,0,58,58,14072,0,0,0,0,0,0,0,0,0
201903,999,37900, ,Peoria  IL ,0,0,0,0,0,0,0,0,0,0,0,0,0,0,0,0,0,0,0,0,0,0,0,0
201903,999,38340, ,Pittsfield  MA ,1,1,329,0,0,0,0,0,0,0,0,0,0,0,0,0,0,0,0,0,0,0,0,0
201903,999,38540, ,Pocatello  ID ,44,44,4061,0,0,0,0,0,0,0,0,0,41,41,3432,0,0,0,0,0,0,0,0,0
201903,999,39150, ,Prescott Valley-Prescott  AZ ,105,105,29923,4,8,1187,0,0,0,0,0,0,78,78,21080,3,6,815,0,0,0,0,0,0
201903,999,40060, ,Richmond  VA ,350,350,64791,4,8,871,2,8,1200,11,651,53731,341,341,63459,4,8,871,2,8,1200,11,651,53731
201903,999,41100, ,St. George  UT ,135,135,28376,0,0,0,3,11,1350,0,0,0,135,135,28376,0,0,0,3,11,1350,0,0,0
201903,999,41500, ,Salinas  CA ,8,8,2222,0,0,0,0,0,0,1,5,612,7,7,1996,0,0,0,0,0,0,0,0,0
201903,999,41660,C,San Angelo  TX ,23,23,5638,0,0,0,0,0,0,0,0,0,23,23,5638,0,0,0,0,0,0,0,0,0
201903,999,41740,C,San Diego-Chula Vista-Carlsbad  CA ,257,257,96674,8,16,2535,16,59,9597,12,159,18010,249,249,94598,7,14,2273,14,53,8793,9,133,13763
201903,999,42020, ,San Luis Obispo-Paso Robles  CA ,33,33,12556,0,0,0,0,0,0,1,7,736,0,0,0,0,0,0,0,0,0,0,0,0
201903,999,42200, ,Santa Maria-Santa Barbara  CA ,27,27,13561,0,0,0,0,0,0,1,6,1054,27,27,13561,0,0,0,0,0,0,1,6,1054
201903,999,42540, ,Scranton--Wilkes-Barre  PA ,4,4,1325,0,0,0,0,0,0,0,0,0,3,3,1075,0,0,0,0,0,0,0,0,0
201903,999,43100, ,Sheboygan  WI ,3,3,671,0,0,0,0,0,0,0,0,0,2,2,445,0,0,0,0,0,0,0,0,0
201903,999,43420, ,Sierra Vista-Douglas  AZ ,21,21,4268,0,0,0,0,0,0,0,0,0,21,21,4268,0,0,0,0,0,0,0,0,0
201903,999,43580, ,Sioux City  IA-NE-SD ,7,7,1992,0,0,0,0,0,0,0,0,0,0,0,0,0,0,0,0,0,0,0,0,0
201903,999,43620, ,Sioux Falls  SD ,68,68,16463,0,0,0,0,0,0,2,56,5288,65,65,16054,0,0,0,0,0,0,2,56,5288
201903,999,44140, ,Springfield  MA ,1,1,224,0,0,0,0,0,0,0,0,0,0,0,0,0,0,0,0,0,0,0,0,0
201903,999,44180, ,Springfield  MO ,54,54,11277,0,0,0,0,0,0,0,0,0,54,54,11277,0,0,0,0,0,0,0,0,0
201903,999,44940, ,Sumter  SC ,18,18,1772,0,0,0,0,0,0,0,0,0,18,18,1772,0,0,0,0,0,0,0,0,0
201903,999,45220, ,Tallahassee  FL ,75,75,14741,1,2,222,0,0,0,4,97,12815,19,19,3533,0,0,0,0,0,0,0,0,0
201903,999,45300,C,Tampa-St. Petersburg-Clearwater  FL ,1282,1282,354400,3,6,1388,2,8,511,12,298,40955,1267,1267,352091,3,6,1388,2,8,511,12,298,40955
201903,999,45460, ,Terre Haute  IN ,2,2,373,1,2,138,0,0,0,1,12,830,0,0,0,0,0,0,0,0,0,0,0,0
201903,999,45500, ,Texarkana  TX-AR ,2,2,135,0,0,0,0,0,0,0,0,0,2,2,135,0,0,0,0,0,0,0,0,0
201903,999,45820, ,Topeka  KS ,15,15,4158,0,0,0,0,0,0,0,0,0,15,15,4158,0,0,0,0,0,0,0,0,0
201903,999,46220, ,Tuscaloosa  AL ,33,33,9353,1,2,475,1,4,560,3,43,4165,3,3,950,0,0,0,0,0,0,0,0,0
201903,999,46300, ,Twin Falls  ID ,45,45,8447,1,2,170,0,0,0,0,0,0,45,45,8447,1,2,170,0,0,0,0,0,0
201903,999,46520,C,Urban Honolulu  HI ,87,87,29964,0,0,0,0,0,0,0,0,0,87,87,29964,0,0,0,0,0,0,0,0,0
201903,999,46540, ,Utica-Rome  NY ,1,1,191,0,0,0,0,0,0,0,0,0,0,0,0,0,0,0,0,0,0,0,0,0
201903,999,46660, ,Valdosta  GA ,91,91,17041,0,0,0,0,0,0,0,0,0,44,44,9106,0,0,0,0,0,0,0,0,0
201903,999,47300, ,Visalia  CA ,135,135,31249,0,0,0,0,0,0,0,0,0,135,135,31249,0,0,0,0,0,0,0,0,0
201903,999,47380, ,Waco  TX ,48,48,10779,1,2,240,1,3,161,1,5,343,0,0,0,0,0,0,0,0,0,0,0,0
201903,999,47940, ,Waterloo-Cedar Falls  IA ,2,2,551,0,0,0,1,4,410,0,0,0,2,2,551,0,0,0,1,4,410,0,0,0
201903,999,48060, ,Watertown-Fort Drum  NY ,10,10,909,0,0,0,0,0,0,0,0,0,10,10,909,0,0,0,0,0,0,0,0,0
201903,999,48300, ,Wenatchee  WA ,48,48,10261,0,0,0,0,0,0,0,0,0,25,25,6478,0,0,0,0,0,0,0,0,0
201903,999,48540, ,Wheeling  WV-OH ,0,0,0,0,0,0,0,0,0,0,0,0,0,0,0,0,0,0,0,0,0,0,0,0
201903,999,48660, ,Wichita Falls  TX ,3,3,420,0,0,0,0,0,0,0,0,0,3,3,420,0,0,0,0,0,0,0,0,0
201903,999,48900, ,Wilmington  NC ,157,157,50975,0,0,0,0,0,0,2,120,19529,156,156,50652,0,0,0,0,0,0,2,120,19529
201903,999,49420, ,Yakima  WA ,35,35,11032,3,6,951,0,0,0,13,300,24912,34,34,10809,3,6,951,0,0,0,13,300,24912
201903,999,49740, ,Yuma  AZ ,95,95,15228,2,4,357,0,0,0,0,0,0,95,95,15228,2,4,357,0,0,0,0,0,0
