Survey,CSA,CBSA,MONCOV,CBSA,,1-unit,,,2-units,,,3-4 units,,,5+ units,,,1-unit rep,,,2-units rep,,,3-4 units rep,,,5+ units rep
Date,Code,Code,,Name,Bldgs,Units,Value,Bldgs,Units,Value,Bldgs,Units,Value,Bldgs,Units,Value,Bldgs,Units,Value,Bldgs,Units,Value,      Bldgs,Units,Value,Bldgs,Units,Value
 
201907,104,10580,C,Albany-Schenectady-Troy  NY ,111,111,28313,0,0,0,2,7,930,15,107,8728,80,80,20500,0,0,0,1,4,480,9,77,5254
201907,104,24020, ,Glens Falls  NY ,25,25,6025,0,0,0,0,0,0,0,0,0,17,17,4146,0,0,0,0,0,0,0,0,0
201907,106,10740,C,Albuquerque  NM ,157,157,39251,0,0,0,0,0,0,1,6,250,93,93,24960,0,0,0,0,0,0,0,0,0
201907,106,42140,C,Santa Fe  NM ,22,22,5784,0,0,0,0,0,0,1,5,344,0,0,0,0,0,0,0,0,0,0,0,0
201907,107,11020, ,Altoona  PA ,1,1,82,0,0,0,0,0,0,0,0,0,1,1,82,0,0,0,0,0,0,0,0,0
201907,108,11100, ,Amarillo  TX ,36,36,8548,1,2,224,0,0,0,0,0,0,36,36,8548,1,2,224,0,0,0,0,0,0
201907,118,11540, ,Appleton  WI ,29,29,7255,1,2,490,0,0,0,0,0,0,24,24,6269,1,2,490,0,0,0,0,0,0
201907,118,36780, ,Oshkosh-Neenah  WI ,13,13,3434,0,0,0,0,0,0,0,0,0,13,13,3434,0,0,0,0,0,0,0,0,0
201907,120,11700, ,Asheville  NC ,177,177,50447,0,0,0,0,0,0,9,100,11852,49,49,12502,0,0,0,0,0,0,6,78,8536
201907,122,12020, ,Athens-Clarke County  GA ,35,35,8687,0,0,0,6,20,1832,0,0,0,35,35,8687,0,0,0,6,20,1832,0,0,0
201907,122,12060, ,Atlanta-Sandy Springs-Alpharetta  GA ,2197,2197,517832,4,8,1393,5,16,2939,22,198,24745,1841,1841,431058,3,6,1218,5,16,2939,17,114,14393
201907,122,23580, ,Gainesville  GA ,61,61,13883,0,0,0,0,0,0,2,16,1200,61,61,13883,0,0,0,0,0,0,2,16,1200
201907,122,40660,C,Rome  GA ,17,17,2535,0,0,0,0,0,0,0,0,0,17,17,2535,0,0,0,0,0,0,0,0,0
201907,140,13460,C,Bend  OR ,131,131,33651,4,8,1253,1,4,588,2,33,3067,131,131,33651,4,8,1253,1,4,588,2,33,3067
201907,142,13820,C,Birmingham-Hoover  AL ,252,252,70632,1,2,247,0,0,0,2,19,2011,153,153,47843,0,0,0,0,0,0,0,0,0
201907,144,14020,C,Bloomington  IN ,25,25,6720,0,0,0,0,0,0,1,159,18468,21,21,5685,0,0,0,0,0,0,1,159,18468
201907,145,14010, ,Bloomington  IL ,3,3,512,0,0,0,0,0,0,1,16,950,3,3,512,0,0,0,0,0,0,1,16,950
201907,146,14100,C,Bloomsburg-Berwick  PA ,7,7,2673,0,0,0,0,0,0,1,5,659,5,5,2129,0,0,0,0,0,0,0,0,0
201907,147,14260,C,Boise City  ID ,600,600,145393,4,8,807,9,34,5190,28,455,49157,267,267,67559,3,6,661,6,23,3267,19,338,37716
201907,148,12700, ,Barnstable Town  MA ,5,5,2254,0,0,0,0,0,0,0,0,0,5,5,2254,0,0,0,0,0,0,0,0,0
201907,148,14460,C,Boston-Cambridge-Newton  MA-NH ,432,432,135634,17,34,6701,7,22,4246,38,678,88055,263,263,81995,8,16,3287,6,19,3620,16,462,57861
201907,148,31700, ,Manchester-Nashua  NH ,37,37,8901,6,12,2075,1,3,584,1,5,631,19,19,5861,5,10,1812,1,3,584,0,0,0
201907,148,39300,C,Providence-Warwick  RI-MA ,146,146,37218,10,20,3136,1,4,444,0,0,0,86,86,24119,7,14,2288,1,4,444,0,0,0
201907,148,49340, ,Worcester  MA-CT ,16,16,3777,0,0,0,0,0,0,0,0,0,9,9,2153,0,0,0,0,0,0,0,0,0
201907,150,14540, ,Bowling Green  KY ,63,63,14960,0,0,0,0,0,0,0,0,0,63,63,14960,0,0,0,0,0,0,0,0,0
201907,154,15180, ,Brownsville-Harlingen  TX ,82,82,9015,1,2,165,0,0,0,0,0,0,22,22,2925,1,2,165,0,0,0,0,0,0
201907,160,15380,C,Buffalo-Cheektowaga  NY ,93,93,28037,3,6,1350,3,11,2666,3,32,6287,82,82,25690,3,6,1350,3,11,2666,2,12,1800
201907,162,15540, ,Burlington-South Burlington  VT ,28,28,7189,2,4,1106,1,4,350,2,14,1317,17,17,4373,1,2,879,0,0,0,0,0,0
201907,163,15980,C,Cape Coral-Fort Myers  FL ,536,536,111288,10,20,2519,4,16,4905,4,106,9239,536,536,111288,10,20,2519,4,16,4905,4,106,9239
201907,163,34940, ,Naples-Marco Island  FL ,271,271,66147,1,2,400,2,8,1876,1,8,2500,271,271,66147,1,2,400,2,8,1876,1,8,2500
201907,164,16020, ,Cape Girardeau  MO-IL ,0,0,0,0,0,0,0,0,0,0,0,0,0,0,0,0,0,0,0,0,0,0,0,0
201907,168,16300, ,Cedar Rapids  IA ,28,28,4404,11,22,2669,1,4,520,1,6,964,28,28,4404,11,22,2669,1,4,520,1,6,964
201907,168,26980, ,Iowa City  IA ,15,15,3534,2,4,384,0,0,0,1,45,3750,14,14,3396,2,4,384,0,0,0,1,45,3750
201907,170,16620, ,Charleston  WV ,27,27,2890,0,0,0,0,0,0,0,0,0,21,21,2540,0,0,0,0,0,0,0,0,0
201907,170,26580, ,Huntington-Ashland  WV-KY-OH ,11,11,1986,1,2,278,0,0,0,0,0,0,4,4,950,0,0,0,0,0,0,0,0,0
201907,172,16740, ,Charlotte-Concord-Gastonia  NC-SC ,1191,1191,312911,2,4,285,5,18,2676,24,559,62372,1098,1098,279670,2,4,285,5,18,2676,23,543,60556
201907,174,16860, ,Chattanooga  TN-GA ,136,136,28413,7,14,1353,0,0,0,1,15,1698,96,96,18880,4,8,895,0,0,0,0,0,0
201907,174,17420, ,Cleveland  TN ,28,28,4987,0,0,0,1,3,260,0,0,0,10,10,1745,0,0,0,1,3,260,0,0,0
201907,176,16980, ,Chicago-Naperville-Elgin  IL-IN-WI ,762,762,214753,17,34,6497,21,69,13981,21,989,100955,622,622,172847,13,26,5200,20,66,13579,12,926,95399
201907,176,28100, ,Kankakee  IL ,1,1,271,0,0,0,0,0,0,0,0,0,1,1,271,0,0,0,0,0,0,0,0,0
201907,176,33140, ,Michigan City-La Porte  IN ,11,11,2880,0,0,0,0,0,0,0,0,0,2,2,750,0,0,0,0,0,0,0,0,0
201907,178,17140, ,Cincinnati  OH-KY-IN ,394,394,103784,1,2,182,0,0,0,3,79,8451,323,323,86577,1,2,182,0,0,0,2,74,8050
201907,184,10420, ,Akron  OH ,59,59,28827,0,0,0,0,0,0,0,0,0,15,15,3438,0,0,0,0,0,0,0,0,0
201907,184,15940, ,Canton-Massillon  OH ,45,45,11846,2,4,603,0,0,0,1,5,384,41,41,11379,2,4,603,0,0,0,0,0,0
201907,184,17460, ,Cleveland-Elyria  OH ,234,234,63579,6,12,1722,2,8,460,0,0,0,175,175,53408,4,8,1480,2,8,460,0,0,0
201907,190,17860, ,Columbia  MO ,58,58,16026,0,0,0,0,0,0,0,0,0,58,58,16026,0,0,0,0,0,0,0,0,0
201907,192,17900,C,Columbia  SC ,390,390,81042,0,0,0,0,0,0,2,10,1332,221,221,38476,0,0,0,0,0,0,0,0,0
201907,194,12220,C,Auburn-Opelika  AL ,126,126,34169,0,0,0,0,0,0,0,0,0,126,126,34169,0,0,0,0,0,0,0,0,0
201907,194,17980, ,Columbus  GA-AL ,67,67,14177,0,0,0,1,4,246,2,14,2630,38,38,8537,0,0,0,0,0,0,0,0,0
201907,198,18140, ,Columbus  OH ,387,387,110762,6,12,1743,1,3,444,8,290,34071,336,336,96814,6,12,1743,0,0,0,7,285,33846
201907,204,18580, ,Corpus Christi  TX ,96,96,16725,0,0,0,0,0,0,0,0,0,0,0,0,0,0,0,0,0,0,0,0,0
201907,206,19100, ,Dallas-Fort Worth-Arlington  TX ,2944,2944,800108,9,18,1665,9,34,2775,33,1639,206900,2251,2251,601927,9,18,1665,9,34,2775,24,1248,158655
201907,209,19340, ,Davenport-Moline-Rock Island  IA-IL ,24,24,6386,0,0,0,0,0,0,0,0,0,7,7,1730,0,0,0,0,0,0,0,0,0
201907,212,19430, ,Dayton-Kettering  OH ,87,87,28408,0,0,0,0,0,0,0,0,0,57,57,21915,0,0,0,0,0,0,0,0,0
201907,212,44220, ,Springfield  OH ,7,7,1864,0,0,0,0,0,0,0,0,0,7,7,1864,0,0,0,0,0,0,0,0,0
201907,216,14500, ,Boulder  CO ,69,69,27904,0,0,0,2,6,1101,3,96,12728,17,17,6138,0,0,0,0,0,0,0,0,0
201907,216,19740,C,Denver-Aurora-Lakewood  CO ,1052,1052,300524,1,2,247,2,6,1445,7,629,95209,1042,1042,294260,0,0,0,2,6,1445,6,624,94481
201907,216,24540, ,Greeley  CO ,264,264,69440,0,0,0,0,0,0,5,57,6885,177,177,46529,0,0,0,0,0,0,3,25,4481
201907,218,11180, ,Ames  IA ,2,2,519,0,0,0,0,0,0,1,60,4088,1,1,320,0,0,0,0,0,0,1,60,4088
201907,218,19780, ,Des Moines-West Des Moines  IA ,316,316,88618,2,4,1106,0,0,0,3,118,14773,308,308,86574,2,4,1106,0,0,0,2,113,14313
201907,220,11460, ,Ann Arbor  MI ,28,28,8226,0,0,0,0,0,0,0,0,0,17,17,5190,0,0,0,0,0,0,0,0,0
201907,220,19820, ,Detroit-Warren-Dearborn  MI ,609,609,173139,2,4,436,5,18,1697,42,288,57410,462,462,132551,0,0,0,3,10,951,41,283,56897
201907,220,22420, ,Flint  MI ,20,20,4590,0,0,0,0,0,0,0,0,0,13,13,2662,0,0,0,0,0,0,0,0,0
201907,220,33780, ,Monroe  MI ,0,0,0,0,0,0,0,0,0,0,0,0,0,0,0,0,0,0,0,0,0,0,0,0
201907,222,20020, ,Dothan  AL ,11,11,3166,0,0,0,0,0,0,3,48,4832,9,9,2752,0,0,0,0,0,0,3,48,4832
201907,232,20740, ,Eau Claire  WI ,41,41,10298,6,12,1682,0,0,0,2,24,1250,41,41,10298,6,12,1682,0,0,0,2,24,1250
201907,236,21300, ,Elmira  NY ,0,0,0,0,0,0,0,0,0,0,0,0,0,0,0,0,0,0,0,0,0,0,0,0
201907,238,21340,C,El Paso  TX ,194,194,45170,7,14,1820,1,4,525,4,44,7684,50,50,11873,0,0,0,0,0,0,0,0,0
201907,238,29740,C,Las Cruces  NM ,85,85,20374,0,0,0,0,0,0,4,96,9585,70,70,16233,0,0,0,0,0,0,4,96,9585
201907,240,21500, ,Erie  PA ,3,3,1030,0,0,0,0,0,0,0,0,0,3,3,1030,0,0,0,0,0,0,0,0,0
201907,244,22020, ,Fargo  ND-MN ,82,82,21694,0,0,0,0,0,0,0,0,0,75,75,19811,0,0,0,0,0,0,0,0,0
201907,246,22180, ,Fayetteville  NC ,133,133,21266,0,0,0,0,0,0,0,0,0,84,84,15271,0,0,0,0,0,0,0,0,0
201907,258,23060,C,Fort Wayne  IN ,149,149,35928,0,0,0,0,0,0,0,0,0,149,149,35928,0,0,0,0,0,0,0,0,0
201907,260,23420,C,Fresno  CA ,199,199,59562,3,6,1274,2,7,588,5,51,4778,38,38,12008,0,0,0,0,0,0,0,0,0
201907,260,31460, ,Madera  CA ,35,35,9434,0,0,0,0,0,0,0,0,0,35,35,9434,0,0,0,0,0,0,0,0,0
201907,264,23540, ,Gainesville  FL ,34,34,7894,0,0,0,0,0,0,1,70,2383,23,23,6409,0,0,0,0,0,0,0,0,0
201907,266,24340, ,Grand Rapids-Kentwood  MI ,106,106,29607,1,2,467,1,4,493,4,102,12267,66,66,21166,1,2,467,0,0,0,3,60,6312
201907,266,34740, ,Muskegon  MI ,2,2,444,0,0,0,0,0,0,0,0,0,0,0,0,0,0,0,0,0,0,0,0,0
201907,267,24580, ,Green Bay  WI ,63,63,20254,0,0,0,0,0,0,2,12,3963,49,49,16634,0,0,0,0,0,0,1,7,3500
201907,268,15500, ,Burlington  NC ,36,36,5787,0,0,0,0,0,0,0,0,0,36,36,5787,0,0,0,0,0,0,0,0,0
201907,268,24660,C,Greensboro-High Point  NC ,139,139,32785,2,4,200,0,0,0,1,14,1508,139,139,32785,2,4,200,0,0,0,1,14,1508
201907,268,49180, ,Winston-Salem  NC ,191,191,41186,0,0,0,0,0,0,2,26,1025,177,177,38238,0,0,0,0,0,0,0,0,0
201907,272,24780, ,Greenville  NC ,28,28,4952,5,10,1240,0,0,0,1,28,3256,0,0,0,0,0,0,0,0,0,0,0,0
201907,273,24860, ,Greenville-Anderson  SC ,472,472,109046,10,20,1762,0,0,0,0,0,0,449,449,105625,9,18,1508,0,0,0,0,0,0
201907,273,43900, ,Spartanburg  SC ,287,287,46068,0,0,0,0,0,0,0,0,0,287,287,46068,0,0,0,0,0,0,0,0,0
201907,276,23900,C,Gettysburg  PA ,21,21,4644,0,0,0,0,0,0,0,0,0,0,0,0,0,0,0,0,0,0,0,0,0
201907,276,25420,C,Harrisburg-Carlisle  PA ,107,107,23893,1,2,341,2,8,1009,10,151,18149,86,86,18856,1,2,341,2,8,1009,8,125,14718
201907,276,30140, ,Lebanon  PA ,21,21,3906,0,0,0,0,0,0,0,0,0,0,0,0,0,0,0,0,0,0,0,0,0
201907,276,49620, ,York-Hanover  PA ,12,12,3720,1,2,246,1,3,278,0,0,0,6,6,2029,0,0,0,0,0,0,0,0,0
201907,277,25500,C,Harrisonburg  VA ,30,30,9606,0,0,0,0,0,0,1,5,500,25,25,8768,0,0,0,0,0,0,0,0,0
201907,277,44420, ,Staunton  VA ,12,12,2808,0,0,0,0,0,0,0,0,0,12,12,2808,0,0,0,0,0,0,0,0,0
201907,278,25540,C,Hartford-East Hartford-Middletown  CT ,80,80,14307,2,4,564,2,6,410,7,61,4936,55,55,9263,1,2,391,2,6,410,1,26,1642
201907,278,35980, ,Norwich-New London  CT ,15,15,4251,0,0,0,0,0,0,0,0,0,12,12,3755,0,0,0,0,0,0,0,0,0
201907,279,25620, ,Hattiesburg  MS ,2,2,401,0,0,0,0,0,0,0,0,0,2,2,401,0,0,0,0,0,0,0,0,0
201907,284,26300, ,Hot Springs  AR ,3,3,1167,0,0,0,0,0,0,5,60,7200,3,3,1167,0,0,0,0,0,0,5,60,7200
201907,288,26420, ,Houston-The Woodlands-Sugar Land  TX ,3493,3493,634147,10,20,1848,0,0,0,79,2501,239178,2583,2583,538852,10,20,1848,0,0,0,75,2481,237738
201907,290,19460, ,Decatur  AL ,17,17,3310,0,0,0,0,0,0,0,0,0,15,15,3084,0,0,0,0,0,0,0,0,0
201907,290,26620,C,Huntsville  AL ,288,288,47345,0,0,0,0,0,0,0,0,0,288,288,47345,0,0,0,0,0,0,0,0,0
201907,292,26820, ,Idaho Falls  ID ,125,125,21168,0,0,0,0,0,0,0,0,0,125,125,21168,0,0,0,0,0,0,0,0,0
201907,294,18020, ,Columbus  IN ,13,13,2893,0,0,0,0,0,0,0,0,0,13,13,2893,0,0,0,0,0,0,0,0,0
201907,294,26900, ,Indianapolis-Carmel-Anderson  IN ,684,684,193519,1,2,374,1,4,729,15,97,8261,652,652,186271,1,2,374,1,4,729,15,97,8261
201907,294,34620, ,Muncie  IN ,1,1,95,0,0,0,0,0,0,0,0,0,1,1,95,0,0,0,0,0,0,0,0,0
201907,296,27060, ,Ithaca  NY ,1,1,48,1,2,237,0,0,0,1,5,600,0,0,0,0,0,0,0,0,0,0,0,0
201907,297,27180, ,Jackson  TN ,15,15,4459,0,0,0,0,0,0,0,0,0,15,15,4459,0,0,0,0,0,0,0,0,0
201907,298,27140, ,Jackson  MS ,97,97,24817,0,0,0,0,0,0,0,0,0,81,81,20336,0,0,0,0,0,0,0,0,0
201907,300,27260,C,Jacksonville  FL ,1054,1054,252884,4,8,895,1,4,732,13,821,77901,1045,1045,250029,4,8,895,1,4,732,13,821,77901
201907,304,27740, ,Johnson City  TN ,9,9,2262,1,2,98,0,0,0,1,14,1516,0,0,0,0,0,0,0,0,0,0,0,0
201907,304,28700, ,Kingsport-Bristol  TN-VA ,2,2,452,0,0,0,0,0,0,0,0,0,0,0,0,0,0,0,0,0,0,0,0,0
201907,306,27780, ,Johnstown  PA ,0,0,0,0,0,0,0,0,0,0,0,0,0,0,0,0,0,0,0,0,0,0,0,0
201907,308,27860, ,Jonesboro  AR ,60,60,8091,3,6,409,3,10,530,2,10,541,24,24,2382,0,0,0,0,0,0,0,0,0
201907,309,27900, ,Joplin  MO ,12,12,2184,0,0,0,0,0,0,0,0,0,12,12,2184,0,0,0,0,0,0,0,0,0
201907,310,12980, ,Battle Creek  MI ,1,1,271,0,0,0,0,0,0,0,0,0,1,1,271,0,0,0,0,0,0,0,0,0
201907,310,28020, ,Kalamazoo-Portage  MI ,7,7,2008,0,0,0,0,0,0,0,0,0,1,1,222,0,0,0,0,0,0,0,0,0
201907,312,28140, ,Kansas City  MO-KS ,463,463,127612,33,66,7735,9,33,5574,2,117,10772,414,414,114257,32,64,7542,9,33,5574,2,117,10772
201907,312,29940, ,Lawrence  KS ,16,16,4086,0,0,0,0,0,0,0,0,0,16,16,4086,0,0,0,0,0,0,0,0,0
201907,312,41140, ,St. Joseph  MO-KS ,0,0,0,0,0,0,0,0,0,0,0,0,0,0,0,0,0,0,0,0,0,0,0,0
201907,313,28420,C,Kennewick-Richland  WA ,154,154,43358,3,6,1014,0,0,0,1,25,2510,70,70,20309,1,2,397,0,0,0,0,0,0
201907,313,47460, ,Walla Walla  WA ,15,15,3911,0,0,0,0,0,0,0,0,0,4,4,1227,0,0,0,0,0,0,0,0,0
201907,315,28940, ,Knoxville  TN ,307,307,63230,0,0,0,1,4,400,6,289,36776,159,159,32215,0,0,0,1,4,400,5,266,33980
201907,316,29020, ,Kokomo  IN ,2,2,660,0,0,0,0,0,0,0,0,0,2,2,660,0,0,0,0,0,0,0,0,0
201907,318,29180, ,Lafayette  LA ,130,130,28798,0,0,0,0,0,0,0,0,0,51,51,9582,0,0,0,0,0,0,0,0,0
201907,320,29200, ,Lafayette-West Lafayette  IN ,37,37,8929,0,0,0,0,0,0,2,14,1626,0,0,0,0,0,0,0,0,0,0,0,0
201907,324,29340, ,Lake Charles  LA ,82,82,13568,1,2,140,0,0,0,0,0,0,46,46,6795,1,2,140,0,0,0,0,0,0
201907,332,29820,C,Las Vegas-Henderson-Paradise  NV ,1207,1207,305881,5,10,781,9,27,4735,7,167,14741,1207,1207,305881,5,10,781,9,27,4735,7,167,14741
201907,336,30460,C,Lexington-Fayette  KY ,127,127,27122,3,6,876,1,3,503,7,164,8608,18,18,6654,0,0,0,0,0,0,2,54,3200
201907,338,30620, ,Lima  OH ,0,0,0,0,0,0,0,0,0,0,0,0,0,0,0,0,0,0,0,0,0,0,0,0
201907,339,30700, ,Lincoln  NE ,84,84,20056,2,4,524,0,0,0,1,41,4946,0,0,0,0,0,0,0,0,0,0,0,0
201907,340,30780, ,Little Rock-North Little Rock-Conway  AR ,117,117,25054,3,6,392,0,0,0,2,31,1197,83,83,19204,2,4,240,0,0,0,1,24,1000
201907,340,38220, ,Pine Bluff  AR ,3,3,715,0,0,0,0,0,0,0,0,0,3,3,715,0,0,0,0,0,0,0,0,0
201907,348,31080,C,Los Angeles-Long Beach-Anaheim  CA ,711,711,236391,67,134,26552,11,38,9170,30,2045,696837,583,583,176451,64,128,24913,9,31,7576,22,1929,677081
201907,348,37100, ,Oxnard-Thousand Oaks-Ventura  CA ,1,1,76,0,0,0,0,0,0,0,0,0,1,1,76,0,0,0,0,0,0,0,0,0
201907,348,40140, ,Riverside-San Bernardino-Ontario  CA ,925,925,251928,8,16,5710,5,20,2062,39,824,44669,858,858,234034,8,16,5710,5,20,2062,37,810,43630
201907,350,21060, ,Elizabethtown-Fort Knox  KY ,44,44,9313,4,8,1216,0,0,0,0,0,0,31,31,6673,4,8,1216,0,0,0,0,0,0
201907,350,31140, ,Louisville-Jefferson County  KY-IN ,277,277,78896,0,0,0,0,0,0,8,187,25016,125,125,31654,0,0,0,0,0,0,0,0,0
201907,352,31180, ,Lubbock  TX ,126,126,29347,0,0,0,0,0,0,1,5,313,7,7,2493,0,0,0,0,0,0,0,0,0
201907,356,31420, ,Macon-Bibb County  GA ,26,26,2438,0,0,0,0,0,0,0,0,0,0,0,0,0,0,0,0,0,0,0,0,0
201907,356,47580, ,Warner Robins  GA ,127,127,24891,0,0,0,0,0,0,0,0,0,127,127,24891,0,0,0,0,0,0,0,0,0
201907,357,27500, ,Janesville-Beloit  WI ,12,12,3007,1,2,200,0,0,0,0,0,0,12,12,3007,1,2,200,0,0,0,0,0,0
201907,357,31540, ,Madison  WI ,132,132,45269,7,14,2406,2,7,1362,6,142,20135,89,89,30173,5,10,1676,1,3,761,2,43,4700
201907,359,31860, ,Mankato  MN ,8,8,2411,2,4,990,0,0,0,0,0,0,8,8,2411,2,4,990,0,0,0,0,0,0
201907,365,32580,C,McAllen-Edinburg-Mission  TX ,284,284,43560,14,28,1903,38,151,16275,0,0,0,263,263,41667,13,26,1753,38,151,16275,0,0,0
201907,366,32780, ,Medford  OR ,35,35,10679,0,0,0,0,0,0,2,30,3080,35,35,10679,0,0,0,0,0,0,2,30,3080
201907,368,32820, ,Memphis  TN-MS-AR ,311,311,67250,0,0,0,0,0,0,0,0,0,281,281,61120,0,0,0,0,0,0,0,0,0
201907,370,33100, ,Miami-Fort Lauderdale-Pompano Beach  FL ,580,580,215469,29,58,11129,1,4,627,20,590,59737,499,499,183031,29,58,11129,1,4,627,18,572,57783
201907,370,38940, ,Port St. Lucie  FL ,255,255,53054,8,16,1922,0,0,0,2,11,1116,255,255,53054,8,16,1922,0,0,0,2,11,1116
201907,370,42680, ,Sebastian-Vero Beach  FL ,98,98,42187,1,2,100,3,9,928,0,0,0,98,98,42187,1,2,100,3,9,928,0,0,0
201907,372,33260, ,Midland  TX ,128,128,21023,0,0,0,0,0,0,0,0,0,128,128,21023,0,0,0,0,0,0,0,0,0
201907,372,36220,C,Odessa  TX ,45,45,10686,0,0,0,0,0,0,0,0,0,45,45,10686,0,0,0,0,0,0,0,0,0
201907,376,33340,C,Milwaukee-Waukesha  WI ,138,138,52570,17,34,4967,0,0,0,1,9,994,92,92,34481,16,32,4677,0,0,0,0,0,0
201907,376,39540, ,Racine  WI ,10,10,3497,0,0,0,0,0,0,0,0,0,10,10,3497,0,0,0,0,0,0,0,0,0
201907,378,33460, ,Minneapolis-St. Paul-Bloomington  MN-WI ,942,942,285724,17,34,7971,5,20,4264,14,753,89757,850,850,261694,17,34,7971,5,20,4264,10,707,83095
201907,378,41060, ,St. Cloud  MN ,1,1,253,0,0,0,0,0,0,0,0,0,0,0,0,0,0,0,0,0,0,0,0,0
201907,380,19300, ,Daphne-Fairhope-Foley  AL ,172,172,36578,1,2,618,0,0,0,2,38,2948,114,114,26590,1,2,618,0,0,0,0,0,0
201907,380,33660, ,Mobile  AL ,63,63,14379,0,0,0,0,0,0,0,0,0,62,62,14306,0,0,0,0,0,0,0,0,0
201907,384,33740, ,Monroe  LA ,23,23,5253,1,2,81,1,3,472,1,5,579,16,16,3799,0,0,0,0,0,0,0,0,0
201907,388,33860, ,Montgomery  AL ,51,51,13390,0,0,0,0,0,0,0,0,0,51,51,13390,0,0,0,0,0,0,0,0,0
201907,390,34060, ,Morgantown  WV ,2,2,874,0,0,0,0,0,0,0,0,0,2,2,874,0,0,0,0,0,0,0,0,0
201907,396,34820, ,Myrtle Beach-Conway-North Myrtle Beach  SC-NC ,570,570,102227,0,0,0,0,0,0,1,5,250,443,443,72626,0,0,0,0,0,0,0,0,0
201907,400,34980, ,Nashville-Davidson--Murfreesboro--Franklin  TN ,1040,1040,274800,1,2,350,1,4,537,25,819,93892,954,954,247746,1,2,350,1,4,537,25,819,93892
201907,406,25220, ,Hammond  LA ,67,67,11211,0,0,0,0,0,0,0,0,0,59,59,9975,0,0,0,0,0,0,0,0,0
201907,406,35380, ,New Orleans-Metairie  LA ,298,298,68047,8,16,1654,0,0,0,1,53,10931,241,241,54849,0,0,0,0,0,0,0,0,0
201907,408,14860,C,Bridgeport-Stamford-Norwalk  CT ,64,64,42013,1,2,530,2,7,1366,3,95,33503,42,42,22268,1,2,530,2,7,1366,1,85,30017
201907,408,20700, ,East Stroudsburg  PA ,5,5,1280,0,0,0,0,0,0,0,0,0,2,2,464,0,0,0,0,0,0,0,0,0
201907,408,28740, ,Kingston  NY ,9,9,2061,0,0,0,0,0,0,1,5,1220,7,7,1562,0,0,0,0,0,0,0,0,0
201907,408,35300, ,New Haven-Milford  CT ,21,21,4011,0,0,0,0,0,0,1,24,2031,19,19,3649,0,0,0,0,0,0,1,24,2031
201907,408,35620,C,New York-Newark-Jersey City  NY-NJ-PA ,1019,1019,231250,89,178,23916,25,82,9162,144,3184,358716,779,779,163173,67,134,19439,20,67,7960,104,2764,323243
201907,408,39100, ,Poughkeepsie-Newburgh-Middletown  NY ,30,30,6841,0,0,0,0,0,0,3,41,3971,25,25,5876,0,0,0,0,0,0,0,0,0
201907,408,45940,C,Trenton-Princeton  NJ ,19,19,3205,0,0,0,1,4,152,10,78,3528,16,16,2391,0,0,0,0,0,0,9,73,3528
201907,412,35840,C,North Port-Sarasota-Bradenton  FL ,593,593,156635,1,2,649,8,24,26705,5,132,12934,554,554,147301,1,2,649,8,24,26705,2,24,1449
201907,412,39460, ,Punta Gorda  FL ,189,189,49472,4,8,1233,0,0,0,0,0,0,189,189,49472,4,8,1233,0,0,0,0,0,0
201907,416,36420,C,Oklahoma City  OK ,494,494,112392,15,30,2994,1,3,305,0,0,0,154,154,39783,9,18,1650,0,0,0,0,0,0
201907,420,36540, ,Omaha-Council Bluffs  NE-IA ,240,240,48411,6,12,1134,0,0,0,0,0,0,192,192,37120,6,12,1134,0,0,0,0,0,0
201907,422,19660, ,Deltona-Daytona Beach-Ormond Beach  FL ,299,299,85008,13,26,4111,0,0,0,0,0,0,286,286,81547,13,26,4111,0,0,0,0,0,0
201907,422,29460, ,Lakeland-Winter Haven  FL ,557,557,139113,2,4,338,0,0,0,2,24,4331,487,487,123138,2,4,338,0,0,0,2,24,4331
201907,422,36740, ,Orlando-Kissimmee-Sanford  FL ,1361,1361,391337,10,20,3619,0,0,0,23,1545,167837,1301,1301,373608,10,20,3619,0,0,0,23,1545,167837
201907,422,45540,C,The Villages  FL ,214,214,58737,0,0,0,0,0,0,0,0,0,214,214,58737,0,0,0,0,0,0,0,0,0
201907,425,37620, ,Parkersburg-Vienna  WV ,7,7,1968,1,2,90,12,48,3840,0,0,0,7,7,1968,1,2,90,12,48,3840,0,0,0
201907,426,37860,C,Pensacola-Ferry Pass-Brent  FL ,213,213,43324,6,12,1846,0,0,0,0,0,0,213,213,43324,6,12,1846,0,0,0,0,0,0
201907,428,12100,C,Atlantic City-Hammonton  NJ ,39,39,8294,1,2,325,0,0,0,3,33,3320,37,37,7638,1,2,325,0,0,0,0,0,0
201907,428,20100,C,Dover  DE ,118,118,16680,0,0,0,0,0,0,1,5,485,116,116,16251,0,0,0,0,0,0,0,0,0
201907,428,36140,C,Ocean City  NJ ,38,38,32430,7,14,2231,1,3,516,0,0,0,33,33,29677,7,14,2231,1,3,516,0,0,0
201907,428,37980,C,Philadelphia-Camden-Wilmington  PA-NJ-DE-MD ,729,729,122163,11,22,3191,28,91,10580,25,263,38533,486,486,87775,11,22,3191,28,91,10580,14,176,29457
201907,428,39740, ,Reading  PA ,6,6,793,0,0,0,0,0,0,0,0,0,4,4,261,0,0,0,0,0,0,0,0,0
201907,428,47220,C,Vineland-Bridgeton  NJ ,25,25,2853,0,0,0,0,0,0,0,0,0,25,25,2853,0,0,0,0,0,0,0,0,0
201907,429,38060,C,Phoenix-Mesa-Chandler  AZ ,2293,2293,623064,18,36,10563,6,18,4002,16,688,153854,2255,2255,613910,17,34,10285,6,18,4002,15,552,129790
201907,430,38300, ,Pittsburgh  PA ,85,85,22982,1,2,388,2,8,1064,2,53,5816,44,44,13440,0,0,0,2,8,1064,0,0,0
201907,430,48260, ,Weirton-Steubenville  WV-OH ,0,0,0,0,0,0,0,0,0,0,0,0,0,0,0,0,0,0,0,0,0,0,0,0
201907,438,30340, ,Lewiston-Auburn  ME ,9,9,1999,1,2,200,0,0,0,0,0,0,7,7,1585,0,0,0,0,0,0,0,0,0
201907,438,38860, ,Portland-South Portland  ME ,131,131,37031,3,6,862,1,3,250,4,43,5120,49,49,15328,1,2,300,0,0,0,2,32,4051
201907,440,10540, ,Albany-Lebanon  OR ,36,36,9376,0,0,0,0,0,0,1,5,419,32,32,8590,0,0,0,0,0,0,0,0,0
201907,440,18700, ,Corvallis  OR ,3,3,929,0,0,0,0,0,0,0,0,0,3,3,929,0,0,0,0,0,0,0,0,0
201907,440,31020, ,Longview  WA ,20,20,4407,0,0,0,0,0,0,0,0,0,0,0,0,0,0,0,0,0,0,0,0,0
201907,440,38900, ,Portland-Vancouver-Hillsboro  OR-WA ,708,708,205555,22,44,11613,1,3,259,15,481,45953,520,520,148927,22,44,11613,0,0,0,15,481,45953
201907,440,41420, ,Salem  OR ,59,59,18206,0,0,0,1,3,516,0,0,0,59,59,18206,0,0,0,1,3,516,0,0,0
201907,444,39380,C,Pueblo  CO ,40,40,6812,0,0,0,0,0,0,0,0,0,40,40,6812,0,0,0,0,0,0,0,0,0
201907,450,20500,C,Durham-Chapel Hill  NC ,327,327,75876,1,2,170,0,0,0,4,119,9656,144,144,40880,0,0,0,0,0,0,0,0,0
201907,450,39580,C,Raleigh-Cary  NC ,1122,1122,221611,3,6,671,0,0,0,5,292,32776,1085,1085,214864,3,6,671,0,0,0,5,292,32776
201907,452,39660, ,Rapid City  SD ,53,53,14134,3,6,778,1,4,300,0,0,0,53,53,14134,3,6,778,1,4,300,0,0,0
201907,454,39820, ,Redding  CA ,18,18,4606,0,0,0,0,0,0,0,0,0,18,18,4606,0,0,0,0,0,0,0,0,0
201907,456,16180,C,Carson City  NV ,16,16,4171,0,0,0,0,0,0,1,11,1098,0,0,0,0,0,0,0,0,0,0,0,0
201907,456,39900,C,Reno  NV ,208,208,56706,1,2,231,1,4,433,9,153,16886,35,35,8729,0,0,0,0,0,0,0,0,0
201907,462,40340, ,Rochester  MN ,40,40,9266,0,0,0,0,0,0,0,0,0,40,40,9266,0,0,0,0,0,0,0,0,0
201907,464,40380, ,Rochester  NY ,115,115,35373,3,6,944,2,6,440,1,5,214,96,96,32012,3,6,944,1,3,200,0,0,0
201907,466,40420, ,Rockford  IL ,49,49,6769,2,4,568,0,0,0,0,0,0,49,49,6769,2,4,568,0,0,0,0,0,0
201907,472,40900,C,Sacramento-Roseville-Folsom  CA ,592,592,187993,17,34,5971,0,0,0,9,292,36942,587,587,186559,17,34,5971,0,0,0,9,292,36942
201907,474,13020, ,Bay City  MI ,1,1,661,0,0,0,0,0,0,0,0,0,0,0,0,0,0,0,0,0,0,0,0,0
201907,474,33220, ,Midland  MI ,2,2,229,3,6,766,0,0,0,0,0,0,2,2,229,3,6,766,0,0,0,0,0,0
201907,474,40980, ,Saginaw  MI ,3,3,1228,0,0,0,2,8,400,0,0,0,3,3,1228,0,0,0,2,8,400,0,0,0
201907,476,41180, ,St. Louis  MO-IL ,484,484,128829,2,4,472,9,35,2989,7,164,15719,354,354,89159,2,4,472,8,32,2464,5,126,13006
201907,480,41540, ,Salisbury  MD-DE ,359,359,50393,4,8,1375,3,12,1427,5,28,3609,357,357,49970,4,8,1375,3,12,1427,5,28,3609
201907,482,36260, ,Ogden-Clearfield  UT ,191,191,55807,1,2,300,3,11,2060,7,97,11183,164,164,47598,1,2,300,2,8,1850,5,70,8316
201907,482,39340, ,Provo-Orem  UT ,471,471,144965,0,0,0,0,0,0,2,116,12929,445,445,135664,0,0,0,0,0,0,1,108,12000
201907,482,41620, ,Salt Lake City  UT ,468,468,124079,3,6,773,5,18,2328,14,257,33515,319,319,83092,1,2,210,2,8,840,7,194,24245
201907,484,41700,C,San Antonio-New Braunfels  TX ,817,817,190836,0,0,0,1,4,393,16,413,37303,736,736,176127,0,0,0,1,4,393,16,413,37303
201907,488,32900, ,Merced  CA ,30,30,7362,0,0,0,0,0,0,0,0,0,30,30,7362,0,0,0,0,0,0,0,0,0
201907,488,33700, ,Modesto  CA ,2,2,278,0,0,0,0,0,0,0,0,0,2,2,278,0,0,0,0,0,0,0,0,0
201907,488,41860,C,San Francisco-Oakland-Berkeley  CA ,288,288,115381,2,4,1080,1,3,857,9,181,50320,191,191,76764,1,2,340,0,0,0,2,104,36774
201907,488,41940,C,San Jose-Sunnyvale-Santa Clara  CA ,203,203,70389,1,2,549,0,0,0,6,507,84887,137,137,44013,0,0,0,0,0,0,2,347,50823
201907,488,42100, ,Santa Cruz-Watsonville  CA ,11,11,2369,0,0,0,1,3,344,2,10,1017,0,0,0,0,0,0,0,0,0,0,0,0
201907,488,42220, ,Santa Rosa-Petaluma  CA ,198,198,60151,0,0,0,0,0,0,0,0,0,196,196,58478,0,0,0,0,0,0,0,0,0
201907,488,44700, ,Stockton  CA ,135,135,41208,0,0,0,0,0,0,13,156,18239,102,102,31868,0,0,0,0,0,0,13,156,18239
201907,488,46700, ,Vallejo  CA ,61,61,17258,0,0,0,0,0,0,0,0,0,61,61,17258,0,0,0,0,0,0,0,0,0
201907,496,25980, ,Hinesville  GA ,19,19,4745,0,0,0,0,0,0,0,0,0,19,19,4745,0,0,0,0,0,0,0,0,0
201907,496,42340, ,Savannah  GA ,195,195,44923,0,0,0,0,0,0,0,0,0,130,130,31019,0,0,0,0,0,0,0,0,0
201907,500,14740,C,Bremerton-Silverdale-Port Orchard  WA ,116,116,35998,0,0,0,0,0,0,0,0,0,116,116,35998,0,0,0,0,0,0,0,0,0
201907,500,34580, ,Mount Vernon-Anacortes  WA ,39,39,7662,0,0,0,0,0,0,0,0,0,39,39,7662,0,0,0,0,0,0,0,0,0
201907,500,36500, ,Olympia-Lacey-Tumwater  WA ,69,69,17918,2,4,870,0,0,0,3,43,5903,63,63,16697,2,4,870,0,0,0,2,36,5804
201907,500,42660,C,Seattle-Tacoma-Bellevue  WA ,848,848,276842,31,62,13932,32,115,20047,49,1346,160899,750,750,236664,29,58,13311,31,112,19692,43,1078,137633
201907,508,43340,C,Shreveport-Bossier City  LA ,95,95,21094,0,0,0,0,0,0,0,0,0,90,90,19623,0,0,0,0,0,0,0,0,0
201907,515,21140, ,Elkhart-Goshen  IN ,15,15,3358,0,0,0,0,0,0,0,0,0,15,15,3358,0,0,0,0,0,0,0,0,0
201907,515,35660, ,Niles  MI ,3,3,895,0,0,0,0,0,0,0,0,0,2,2,735,0,0,0,0,0,0,0,0,0
201907,515,43780, ,South Bend-Mishawaka  IN-MI ,23,23,8044,0,0,0,0,0,0,0,0,0,23,23,8044,0,0,0,0,0,0,0,0,0
201907,518,17660, ,Coeur dAlene  ID ,132,132,30118,1,2,412,0,0,0,2,44,4549,46,46,12134,0,0,0,0,0,0,0,0,0
201907,518,44060, ,Spokane-Spokane Valley  WA ,236,236,58566,8,16,2564,1,4,496,15,326,38131,201,201,49519,8,16,2564,0,0,0,13,290,33897
201907,522,44100, ,Springfield  IL ,4,4,815,1,2,450,0,0,0,0,0,0,3,3,565,1,2,450,0,0,0,0,0,0
201907,524,44300, ,State College  PA ,29,29,9575,0,0,0,0,0,0,0,0,0,29,29,9575,0,0,0,0,0,0,0,0,0
201907,532,45060, ,Syracuse  NY ,24,24,5157,0,0,0,0,0,0,0,0,0,23,23,4986,0,0,0,0,0,0,0,0,0
201907,534,45780, ,Toledo  OH ,73,73,19080,2,4,300,0,0,0,0,0,0,72,72,18967,2,4,300,0,0,0,0,0,0
201907,536,46060,C,Tucson  AZ ,303,303,88205,0,0,0,1,3,215,4,94,13807,35,35,14608,0,0,0,0,0,0,0,0,0
201907,538,46140,C,Tulsa  OK ,311,311,73140,0,0,0,0,0,0,2,62,6138,298,298,70666,0,0,0,0,0,0,1,50,5215
201907,540,46340, ,Tyler  TX ,24,24,5699,0,0,0,0,0,0,0,0,0,24,24,5699,0,0,0,0,0,0,0,0,0
201907,545,47260, ,Virginia Beach-Norfolk-Newport News  VA-NC ,389,389,87855,6,12,1152,0,0,0,1,16,1223,357,357,83590,6,12,1152,0,0,0,1,16,1223
201907,548,12580,C,Baltimore-Columbia-Towson  MD ,414,414,96805,0,0,0,1,4,500,1,131,19852,400,400,94528,0,0,0,1,4,500,0,0,0
201907,548,15680,C,California-Lexington Park  MD ,60,60,10230,0,0,0,0,0,0,0,0,0,60,60,10230,0,0,0,0,0,0,0,0,0
201907,548,16540,C,Chambersburg-Waynesboro  PA ,25,25,5468,0,0,0,0,0,0,0,0,0,18,18,3606,0,0,0,0,0,0,0,0,0
201907,548,25180, ,Hagerstown-Martinsburg  MD-WV ,111,111,27583,2,4,652,3,12,960,0,0,0,111,111,27583,2,4,652,3,12,960,0,0,0
201907,548,47900, ,Washington-Arlington-Alexandria  DC-VA-MD-WV ,1136,1136,264442,15,30,3971,1,4,500,21,1700,144512,1067,1067,246938,15,30,3971,1,4,500,17,1596,132331
201907,548,49020, ,Winchester  VA-WV ,57,57,11629,0,0,0,4,16,1600,0,0,0,57,57,11629,0,0,0,4,16,1600,0,0,0
201907,554,48140, ,Wausau-Weston  WI ,18,18,3651,2,4,400,0,0,0,0,0,0,8,8,1890,2,4,400,0,0,0,0,0,0
201907,556,48620, ,Wichita  KS ,79,79,16940,19,38,3041,1,3,275,1,8,560,9,9,1882,0,0,0,0,0,0,0,0,0
201907,558,48700, ,Williamsport  PA ,2,2,585,1,2,300,0,0,0,0,0,0,2,2,585,1,2,300,0,0,0,0,0,0
201907,566,49660, ,Youngstown-Warren-Boardman  OH-PA ,14,14,3522,0,0,0,0,0,0,0,0,0,14,14,3522,0,0,0,0,0,0,0,0,0
201907,999,10180, ,Abilene  TX ,31,31,5658,0,0,0,0,0,0,0,0,0,30,30,5430,0,0,0,0,0,0,0,0,0
201907,999,10500, ,Albany  GA ,14,14,1704,0,0,0,0,0,0,0,0,0,14,14,1704,0,0,0,0,0,0,0,0,0
201907,999,10780, ,Alexandria  LA ,18,18,4057,0,0,0,0,0,0,0,0,0,11,11,2221,0,0,0,0,0,0,0,0,0
201907,999,10900, ,Allentown-Bethlehem-Easton  PA-NJ ,33,33,7175,0,0,0,0,0,0,2,30,3443,28,28,6076,0,0,0,0,0,0,2,30,3443
201907,999,11260,C,Anchorage  AK ,85,85,26401,3,6,1026,1,4,695,2,14,2213,1,1,219,0,0,0,0,0,0,0,0,0
201907,999,11500, ,Anniston-Oxford  AL ,14,14,1420,0,0,0,0,0,0,0,0,0,14,14,1420,0,0,0,0,0,0,0,0,0
201907,999,12260, ,Augusta-Richmond County  GA-SC ,247,247,48567,3,6,1145,1,3,282,12,312,27433,207,207,41735,3,6,1145,1,3,282,11,298,26576
201907,999,12420, ,Austin-Round Rock-Georgetown  TX ,1525,1525,341971,23,46,6261,1,3,334,24,1394,183931,1264,1264,292205,21,42,5915,1,3,334,22,1377,182071
201907,999,12540, ,Bakersfield  CA ,129,129,32715,1,2,201,0,0,0,0,0,0,31,31,5127,0,0,0,0,0,0,0,0,0
201907,999,12620, ,Bangor  ME ,9,9,1897,1,2,280,0,0,0,0,0,0,6,6,1352,1,2,280,0,0,0,0,0,0
201907,999,12940, ,Baton Rouge  LA ,361,361,75069,0,0,0,0,0,0,0,0,0,200,200,46385,0,0,0,0,0,0,0,0,0
201907,999,13140, ,Beaumont-Port Arthur  TX ,67,67,14328,0,0,0,0,0,0,0,0,0,67,67,14328,0,0,0,0,0,0,0,0,0
201907,999,13220,C,Beckley  WV ,7,7,850,0,0,0,0,0,0,0,0,0,7,7,850,0,0,0,0,0,0,0,0,0
201907,999,13380, ,Bellingham  WA ,67,67,17137,0,0,0,2,7,1483,0,0,0,31,31,7313,0,0,0,2,7,1483,0,0,0
201907,999,13740, ,Billings  MT ,21,21,5908,0,0,0,0,0,0,0,0,0,21,21,5908,0,0,0,0,0,0,0,0,0
201907,999,13780, ,Binghamton  NY ,0,0,0,0,0,0,0,0,0,0,0,0,0,0,0,0,0,0,0,0,0,0,0,0
201907,999,13900, ,Bismarck  ND ,33,33,7552,1,2,285,1,4,568,2,108,11975,28,28,6058,1,2,285,1,4,568,2,108,11975
201907,999,13980, ,Blacksburg-Christiansburg  VA ,5,5,1280,0,0,0,0,0,0,0,0,0,0,0,0,0,0,0,0,0,0,0,0,0
201907,999,15260, ,Brunswick  GA ,28,28,12176,2,4,600,0,0,0,0,0,0,24,24,11341,2,4,600,0,0,0,0,0,0
201907,999,16220, ,Casper  WY ,15,15,3508,4,8,950,0,0,0,0,0,0,15,15,3508,4,8,950,0,0,0,0,0,0
201907,999,16580, ,Champaign-Urbana  IL ,14,14,3017,0,0,0,0,0,0,2,65,8709,2,2,452,0,0,0,0,0,0,0,0,0
201907,999,16700,C,Charleston-North Charleston  SC ,405,405,101031,0,0,0,1,3,238,6,138,7497,283,283,81514,0,0,0,0,0,0,0,0,0
201907,999,16820, ,Charlottesville  VA ,63,63,18176,0,0,0,0,0,0,2,52,6128,0,0,0,0,0,0,0,0,0,0,0,0
201907,999,16940, ,Cheyenne  WY ,37,37,6942,0,0,0,2,6,532,1,8,678,17,17,3080,0,0,0,0,0,0,0,0,0
201907,999,17020, ,Chico  CA ,42,42,9376,0,0,0,11,44,4005,0,0,0,42,42,9376,0,0,0,11,44,4005,0,0,0
201907,999,17300,C,Clarksville  TN-KY ,137,137,21510,2,4,311,3,11,626,4,20,1627,4,4,375,1,2,187,0,0,0,1,5,700
201907,999,17780, ,College Station-Bryan  TX ,99,99,20273,0,0,0,0,0,0,1,122,12000,92,92,18800,0,0,0,0,0,0,1,122,12000
201907,999,17820,C,Colorado Springs  CO ,341,341,130178,16,32,2483,0,0,0,0,0,0,340,340,130063,16,32,2483,0,0,0,0,0,0
201907,999,18880,C,Crestview-Fort Walton Beach-Destin  FL ,210,210,83161,0,0,0,0,0,0,1,5,277,207,207,82468,0,0,0,0,0,0,0,0,0
201907,999,19060, ,Cumberland  MD-WV ,1,1,364,0,0,0,0,0,0,0,0,0,1,1,364,0,0,0,0,0,0,0,0,0
201907,999,19180, ,Danville  IL ,0,0,0,0,0,0,0,0,0,0,0,0,0,0,0,0,0,0,0,0,0,0,0,0
201907,999,19500, ,Decatur  IL ,2,2,476,0,0,0,0,0,0,0,0,0,2,2,476,0,0,0,0,0,0,0,0,0
201907,999,20220, ,Dubuque  IA ,10,10,3598,0,0,0,0,0,0,0,0,0,10,10,3598,0,0,0,0,0,0,0,0,0
201907,999,20260, ,Duluth  MN-WI ,9,9,1816,0,0,0,0,0,0,0,0,0,9,9,1816,0,0,0,0,0,0,0,0,0
201907,999,20940, ,El Centro  CA ,18,18,2786,0,0,0,0,0,0,2,24,1710,18,18,2786,0,0,0,0,0,0,2,24,1710
201907,999,21420, ,Enid  OK ,10,10,2662,0,0,0,0,0,0,0,0,0,10,10,2662,0,0,0,0,0,0,0,0,0
201907,999,21660, ,Eugene-Springfield  OR ,52,52,13429,3,6,1336,0,0,0,1,5,436,27,27,7080,2,4,1010,0,0,0,0,0,0
201907,999,21780, ,Evansville  IN-KY ,44,44,10821,1,2,200,0,0,0,0,0,0,44,44,10821,1,2,200,0,0,0,0,0,0
201907,999,21820,C,Fairbanks  AK ,4,4,1378,0,0,0,2,8,1114,0,0,0,4,4,1378,0,0,0,2,8,1114,0,0,0
201907,999,22140,C,Farmington  NM ,10,10,2534,0,0,0,0,0,0,0,0,0,10,10,2534,0,0,0,0,0,0,0,0,0
201907,999,22220, ,Fayetteville-Springdale-Rogers  AR-MO ,401,401,100308,2,4,685,0,0,0,11,172,15793,312,312,82828,1,2,472,0,0,0,9,146,13743
201907,999,22380, ,Flagstaff  AZ ,29,29,5517,0,0,0,0,0,0,0,0,0,29,29,5517,0,0,0,0,0,0,0,0,0
201907,999,22500, ,Florence  SC ,37,37,5292,0,0,0,0,0,0,0,0,0,0,0,0,0,0,0,0,0,0,0,0,0
201907,999,22520, ,Florence-Muscle Shoals  AL ,19,19,2326,3,6,225,0,0,0,0,0,0,7,7,908,3,6,225,0,0,0,0,0,0
201907,999,22540, ,Fond du Lac  WI ,8,8,2245,0,0,0,0,0,0,1,9,327,4,4,1315,0,0,0,0,0,0,0,0,0
201907,999,22660,C,Fort Collins  CO ,204,204,55461,2,4,675,4,16,1600,3,18,4059,204,204,55461,2,4,675,4,16,1600,3,18,4059
201907,999,22900, ,Fort Smith  AR-OK ,24,24,4050,3,6,425,0,0,0,0,0,0,20,20,3642,3,6,425,0,0,0,0,0,0
201907,999,23460, ,Gadsden  AL ,6,6,1176,0,0,0,0,0,0,0,0,0,6,6,1176,0,0,0,0,0,0,0,0,0
201907,999,24220, ,Grand Forks  ND-MN ,12,12,3083,0,0,0,0,0,0,1,6,444,0,0,0,0,0,0,0,0,0,0,0,0
201907,999,24260, ,Grand Island  NE ,3,3,384,0,0,0,0,0,0,0,0,0,3,3,384,0,0,0,0,0,0,0,0,0
201907,999,24300,C,Grand Junction  CO ,56,56,7937,0,0,0,0,0,0,0,0,0,56,56,7937,0,0,0,0,0,0,0,0,0
201907,999,24500,C,Great Falls  MT ,12,12,3224,0,0,0,0,0,0,0,0,0,12,12,3224,0,0,0,0,0,0,0,0,0
201907,999,25060, ,Gulfport-Biloxi  MS ,213,213,42127,1,2,185,1,4,401,1,10,847,173,173,36474,0,0,0,0,0,0,0,0,0
201907,999,25860, ,Hickory-Lenoir-Morganton  NC ,1,1,150,0,0,0,0,0,0,2,10,557,0,0,0,0,0,0,0,0,0,0,0,0
201907,999,25940, ,Hilton Head Island-Bluffton  SC ,65,65,21313,0,0,0,0,0,0,0,0,0,26,26,11312,0,0,0,0,0,0,0,0,0
201907,999,26140, ,Homosassa Springs  FL ,77,77,15604,0,0,0,0,0,0,0,0,0,0,0,0,0,0,0,0,0,0,0,0,0
201907,999,26380, ,Houma-Thibodaux  LA ,24,24,5038,2,4,336,1,3,262,0,0,0,13,13,2217,1,2,180,0,0,0,0,0,0
201907,999,27100, ,Jackson  MI ,1,1,200,0,0,0,0,0,0,0,0,0,1,1,200,0,0,0,0,0,0,0,0,0
201907,999,27340,C,Jacksonville  NC ,166,166,21817,1,2,124,1,4,288,0,0,0,152,152,19665,0,0,0,1,4,288,0,0,0
201907,999,27980,C,Kahului-Wailuku-Lahaina  HI ,61,61,16531,0,0,0,0,0,0,0,0,0,61,61,16531,0,0,0,0,0,0,0,0,0
201907,999,28660,C,Killeen-Temple  TX ,196,196,33228,9,18,1373,0,0,0,0,0,0,159,159,24673,4,8,467,0,0,0,0,0,0
201907,999,29100, ,La Crosse-Onalaska  WI-MN ,12,12,3255,1,2,330,0,0,0,2,66,5400,12,12,3255,1,2,330,0,0,0,2,66,5400
201907,999,29420, ,Lake Havasu City-Kingman  AZ ,113,113,24679,6,12,455,0,0,0,0,0,0,113,113,24679,6,12,455,0,0,0,0,0,0
201907,999,29540, ,Lancaster  PA ,2,2,498,0,0,0,0,0,0,0,0,0,2,2,498,0,0,0,0,0,0,0,0,0
201907,999,29620, ,Lansing-East Lansing  MI ,10,10,2368,1,2,105,0,0,0,1,5,568,1,1,200,1,2,105,0,0,0,0,0,0
201907,999,29700, ,Laredo  TX ,97,97,13515,4,8,291,2,6,234,2,15,1052,0,0,0,0,0,0,0,0,0,0,0,0
201907,999,30020, ,Lawton  OK ,3,3,536,0,0,0,0,0,0,0,0,0,3,3,536,0,0,0,0,0,0,0,0,0
201907,999,30300, ,Lewiston  ID-WA ,0,0,0,0,0,0,0,0,0,1,6,350,0,0,0,0,0,0,0,0,0,1,6,350
201907,999,30860, ,Logan  UT-ID ,17,17,4171,1,2,286,3,11,1590,1,72,23000,17,17,4171,1,2,286,3,11,1590,1,72,23000
201907,999,30980, ,Longview  TX ,12,12,2150,0,0,0,0,0,0,1,7,471,0,0,0,0,0,0,0,0,0,0,0,0
201907,999,31340, ,Lynchburg  VA ,10,10,2193,0,0,0,0,0,0,5,45,5322,1,1,310,0,0,0,0,0,0,4,40,5000
201907,999,31740, ,Manhattan  KS ,15,15,3999,0,0,0,0,0,0,1,32,3782,14,14,3744,0,0,0,0,0,0,1,32,3782
201907,999,33540,C,Missoula  MT ,52,52,12568,1,2,190,0,0,0,3,20,768,52,52,12568,1,2,190,0,0,0,3,20,768
201907,999,36100, ,Ocala  FL ,229,229,46795,1,2,93,0,0,0,0,0,0,229,229,46795,1,2,93,0,0,0,0,0,0
201907,999,36980, ,Owensboro  KY ,30,30,2241,0,0,0,1,4,269,2,15,1563,30,30,2241,0,0,0,1,4,269,2,15,1563
201907,999,37340, ,Palm Bay-Melbourne-Titusville  FL ,186,186,64490,2,4,1268,1,3,2108,1,8,2300,95,95,26649,2,4,1268,0,0,0,0,0,0
201907,999,37460, ,Panama City  FL ,54,54,15578,2,4,518,0,0,0,1,5,809,0,0,0,0,0,0,0,0,0,0,0,0
201907,999,37900, ,Peoria  IL ,2,2,685,0,0,0,0,0,0,0,0,0,2,2,685,0,0,0,0,0,0,0,0,0
201907,999,38340, ,Pittsfield  MA ,0,0,0,0,0,0,0,0,0,0,0,0,0,0,0,0,0,0,0,0,0,0,0,0
201907,999,38540, ,Pocatello  ID ,18,18,2377,0,0,0,0,0,0,0,0,0,14,14,1410,0,0,0,0,0,0,0,0,0
201907,999,39150, ,Prescott Valley-Prescott  AZ ,128,128,41184,1,2,320,0,0,0,0,0,0,128,128,41184,1,2,320,0,0,0,0,0,0
201907,999,40060, ,Richmond  VA ,437,437,86836,14,28,1569,3,12,1320,10,234,16781,420,420,84406,14,28,1569,3,12,1320,9,229,16350
201907,999,41100, ,St. George  UT ,142,142,30987,0,0,0,2,6,112,1,6,1152,142,142,30987,0,0,0,2,6,112,1,6,1152
201907,999,41500, ,Salinas  CA ,30,30,7760,1,2,600,0,0,0,1,6,1637,30,30,7760,1,2,600,0,0,0,1,6,1637
201907,999,41660,C,San Angelo  TX ,20,20,4098,0,0,0,0,0,0,0,0,0,20,20,4098,0,0,0,0,0,0,0,0,0
201907,999,41740,C,San Diego-Chula Vista-Carlsbad  CA ,292,292,81140,0,0,0,6,23,4762,5,56,8113,265,265,73467,0,0,0,5,20,4643,2,20,2651
201907,999,42020, ,San Luis Obispo-Paso Robles  CA ,37,37,2058,0,0,0,0,0,0,0,0,0,37,37,2058,0,0,0,0,0,0,0,0,0
201907,999,42200, ,Santa Maria-Santa Barbara  CA ,7,7,6349,0,0,0,0,0,0,0,0,0,7,7,6349,0,0,0,0,0,0,0,0,0
201907,999,42540, ,Scranton--Wilkes-Barre  PA ,7,7,1532,0,0,0,0,0,0,0,0,0,6,6,1318,0,0,0,0,0,0,0,0,0
201907,999,43100, ,Sheboygan  WI ,1,1,394,0,0,0,0,0,0,0,0,0,1,1,394,0,0,0,0,0,0,0,0,0
201907,999,43420, ,Sierra Vista-Douglas  AZ ,19,19,3802,0,0,0,0,0,0,0,0,0,19,19,3802,0,0,0,0,0,0,0,0,0
201907,999,43580, ,Sioux City  IA-NE-SD ,12,12,3156,0,0,0,1,3,0,0,0,0,2,2,310,0,0,0,0,0,0,0,0,0
201907,999,43620, ,Sioux Falls  SD ,126,126,25532,1,2,284,0,0,0,3,57,5763,27,27,5133,1,2,284,0,0,0,0,0,0
201907,999,44140, ,Springfield  MA ,6,6,1657,2,4,708,1,3,264,0,0,0,2,2,700,1,2,300,0,0,0,0,0,0
201907,999,44180, ,Springfield  MO ,67,67,15306,1,2,291,0,0,0,1,21,2732,57,57,12985,0,0,0,0,0,0,0,0,0
201907,999,44940, ,Sumter  SC ,43,43,4720,0,0,0,0,0,0,0,0,0,43,43,4720,0,0,0,0,0,0,0,0,0
201907,999,45220, ,Tallahassee  FL ,92,92,17862,1,2,222,0,0,0,4,100,12564,30,30,5679,0,0,0,0,0,0,0,0,0
201907,999,45300,C,Tampa-St. Petersburg-Clearwater  FL ,1263,1263,355569,4,8,899,1,3,204,9,318,49743,1250,1250,351551,3,6,619,1,3,204,8,313,49311
201907,999,45460, ,Terre Haute  IN ,3,3,424,3,6,990,0,0,0,0,0,0,0,0,0,2,4,810,0,0,0,0,0,0
201907,999,45500, ,Texarkana  TX-AR ,4,4,809,0,0,0,0,0,0,0,0,0,0,0,0,0,0,0,0,0,0,0,0,0
201907,999,45820, ,Topeka  KS ,28,28,5561,0,0,0,0,0,0,0,0,0,27,27,5530,0,0,0,0,0,0,0,0,0
201907,999,46220, ,Tuscaloosa  AL ,61,61,4734,0,0,0,1,4,472,1,13,1111,61,61,4734,0,0,0,1,4,472,1,13,1111
201907,999,46300, ,Twin Falls  ID ,45,45,8686,1,2,253,0,0,0,0,0,0,21,21,3761,0,0,0,0,0,0,0,0,0
201907,999,46520,C,Urban Honolulu  HI ,90,90,36010,0,0,0,0,0,0,0,0,0,90,90,36010,0,0,0,0,0,0,0,0,0
201907,999,46540, ,Utica-Rome  NY ,1,1,190,0,0,0,0,0,0,0,0,0,1,1,190,0,0,0,0,0,0,0,0,0
201907,999,46660, ,Valdosta  GA ,92,92,17197,0,0,0,0,0,0,0,0,0,44,44,9106,0,0,0,0,0,0,0,0,0
201907,999,47300, ,Visalia  CA ,169,169,38898,0,0,0,1,3,335,0,0,0,169,169,38898,0,0,0,1,3,335,0,0,0
201907,999,47380, ,Waco  TX ,48,48,10835,2,4,412,0,0,0,0,0,0,0,0,0,0,0,0,0,0,0,0,0,0
201907,999,47940, ,Waterloo-Cedar Falls  IA ,9,9,2368,0,0,0,0,0,0,0,0,0,0,0,0,0,0,0,0,0,0,0,0,0
201907,999,48060, ,Watertown-Fort Drum  NY ,13,13,1454,0,0,0,0,0,0,0,0,0,1,1,200,0,0,0,0,0,0,0,0,0
201907,999,48300, ,Wenatchee  WA ,66,66,14128,0,0,0,0,0,0,0,0,0,39,39,9133,0,0,0,0,0,0,0,0,0
201907,999,48540, ,Wheeling  WV-OH ,0,0,0,0,0,0,0,0,0,0,0,0,0,0,0,0,0,0,0,0,0,0,0,0
201907,999,48660, ,Wichita Falls  TX ,0,0,0,0,0,0,0,0,0,0,0,0,0,0,0,0,0,0,0,0,0,0,0,0
201907,999,48900, ,Wilmington  NC ,100,100,30935,0,0,0,0,0,0,1,24,2355,99,99,30613,0,0,0,0,0,0,1,24,2355
201907,999,49420, ,Yakima  WA ,39,39,8676,5,10,1931,3,11,808,5,43,2271,39,39,8676,5,10,1931,3,11,808,5,43,2271
201907,999,49740, ,Yuma  AZ ,95,95,14962,1,2,146,0,0,0,0,0,0,50,50,7071,0,0,0,0,0,0,0,0,0
