Survey,CSA,CBSA,MONCOV,CBSA,,1-unit,,,2-units,,,3-4 units,,,5+ units,,,1-unit rep,,,2-units rep,,,3-4 units rep,,,5+ units rep
Date,Code,Code,,Name,Bldgs,Units,Value,Bldgs,Units,Value,Bldgs,Units,Value,Bldgs,Units,Value,Bldgs,Units,Value,Bldgs,Units,Value,      Bldgs,Units,Value,Bldgs,Units,Value
 
201912,104,10580,C,Albany-Schenectady-Troy  NY ,73,73,23372,0,0,0,1,4,600,7,65,7548,45,45,15462,0,0,0,0,0,0,2,11,1419
201912,104,24020, ,Glens Falls  NY ,9,9,2537,0,0,0,0,0,0,0,0,0,4,4,1362,0,0,0,0,0,0,0,0,0
201912,106,10740,C,Albuquerque  NM ,138,138,32415,0,0,0,0,0,0,1,7,292,82,82,20013,0,0,0,0,0,0,0,0,0
201912,106,42140,C,Santa Fe  NM ,31,31,6560,0,0,0,0,0,0,0,0,0,31,31,6560,0,0,0,0,0,0,0,0,0
201912,107,11020, ,Altoona  PA ,1,1,164,0,0,0,0,0,0,0,0,0,0,0,0,0,0,0,0,0,0,0,0,0
201912,108,11100, ,Amarillo  TX ,41,41,9736,0,0,0,0,0,0,0,0,0,41,41,9736,0,0,0,0,0,0,0,0,0
201912,118,11540, ,Appleton  WI ,13,13,3378,2,4,600,0,0,0,0,0,0,13,13,3378,2,4,600,0,0,0,0,0,0
201912,118,36780, ,Oshkosh-Neenah  WI ,6,6,1606,0,0,0,0,0,0,0,0,0,6,6,1606,0,0,0,0,0,0,0,0,0
201912,120,11700, ,Asheville  NC ,148,148,42358,0,0,0,0,0,0,2,19,2254,40,40,10271,0,0,0,0,0,0,0,0,0
201912,122,12020, ,Athens-Clarke County  GA ,34,34,11144,0,0,0,0,0,0,0,0,0,34,34,11144,0,0,0,0,0,0,0,0,0
201912,122,12060, ,Atlanta-Sandy Springs-Alpharetta  GA ,2188,2188,450689,0,0,0,7,27,5083,13,173,17485,2008,2008,408850,0,0,0,7,27,5083,8,114,11970
201912,122,23580, ,Gainesville  GA ,57,57,13330,0,0,0,0,0,0,0,0,0,12,12,2820,0,0,0,0,0,0,0,0,0
201912,122,40660,C,Rome  GA ,21,21,3028,0,0,0,0,0,0,0,0,0,21,21,3028,0,0,0,0,0,0,0,0,0
201912,140,13460,C,Bend  OR ,134,134,29956,2,4,608,0,0,0,3,72,7500,134,134,29956,2,4,608,0,0,0,3,72,7500
201912,142,13820,C,Birmingham-Hoover  AL ,211,211,62132,1,2,247,0,0,0,1,12,1210,144,144,46962,0,0,0,0,0,0,0,0,0
201912,144,14020,C,Bloomington  IN ,20,20,5243,2,4,538,0,0,0,1,8,921,6,6,1624,0,0,0,0,0,0,0,0,0
201912,145,14010, ,Bloomington  IL ,2,2,365,0,0,0,0,0,0,2,10,1521,2,2,365,0,0,0,0,0,0,2,10,1521
201912,146,14100,C,Bloomsburg-Berwick  PA ,2,2,487,1,2,180,0,0,0,1,9,1186,1,1,292,1,2,180,0,0,0,0,0,0
201912,147,14260,C,Boise City  ID ,631,631,141412,2,4,264,9,32,3903,11,176,18430,538,538,118640,2,4,264,8,29,3613,11,176,18430
201912,148,12700, ,Barnstable Town  MA ,4,4,884,0,0,0,0,0,0,0,0,0,4,4,884,0,0,0,0,0,0,0,0,0
201912,148,14460,C,Boston-Cambridge-Newton  MA-NH ,316,316,92749,16,32,5774,9,29,6923,48,984,137354,189,189,60449,10,20,3488,9,29,6923,28,711,97196
201912,148,31700, ,Manchester-Nashua  NH ,19,19,3407,0,0,0,0,0,0,1,6,757,8,8,1635,0,0,0,0,0,0,0,0,0
201912,148,39300,C,Providence-Warwick  RI-MA ,124,124,30672,7,14,1176,6,23,1142,0,0,1317,93,93,24896,5,10,866,6,23,1142,0,0,1317
201912,148,49340, ,Worcester  MA-CT ,9,9,2383,0,0,0,1,3,600,1,5,90,3,3,1001,0,0,0,0,0,0,0,0,0
201912,150,14540, ,Bowling Green  KY ,41,41,9736,0,0,0,1,4,350,0,0,0,41,41,9736,0,0,0,1,4,350,0,0,0
201912,154,15180, ,Brownsville-Harlingen  TX ,85,85,8288,0,0,0,0,0,0,0,0,0,62,62,6076,0,0,0,0,0,0,0,0,0
201912,160,15380,C,Buffalo-Cheektowaga  NY ,54,54,17838,0,0,0,0,0,0,2,41,7655,50,50,17119,0,0,0,0,0,0,1,10,700
201912,162,15540, ,Burlington-South Burlington  VT ,15,15,4064,1,2,227,0,0,0,1,19,1851,11,11,2954,0,0,0,0,0,0,0,0,0
201912,163,15980,C,Cape Coral-Fort Myers  FL ,510,510,104119,11,22,2904,0,0,0,23,801,166135,510,510,104119,11,22,2904,0,0,0,23,801,166135
201912,163,34940, ,Naples-Marco Island  FL ,181,181,50542,0,0,0,1,4,650,3,24,2694,181,181,50542,0,0,0,1,4,650,3,24,2694
201912,164,16020, ,Cape Girardeau  MO-IL ,0,0,0,0,0,0,0,0,0,0,0,0,0,0,0,0,0,0,0,0,0,0,0,0
201912,168,16300, ,Cedar Rapids  IA ,16,16,2631,2,4,624,0,0,0,2,20,2060,16,16,2631,2,4,624,0,0,0,2,20,2060
201912,168,26980, ,Iowa City  IA ,6,6,1238,0,0,0,2,8,1611,1,59,8215,5,5,1100,0,0,0,2,8,1611,1,59,8215
201912,170,16620, ,Charleston  WV ,16,16,1677,0,0,0,0,0,0,0,0,0,16,16,1677,0,0,0,0,0,0,0,0,0
201912,170,26580, ,Huntington-Ashland  WV-KY-OH ,7,7,1099,0,0,0,1,3,199,0,0,0,2,2,317,0,0,0,0,0,0,0,0,0
201912,172,16740, ,Charlotte-Concord-Gastonia  NC-SC ,1147,1147,295622,2,4,258,1,4,342,35,744,92964,966,966,233287,2,4,258,1,4,342,33,725,90902
201912,174,16860, ,Chattanooga  TN-GA ,111,111,24904,3,6,459,0,0,0,1,11,1246,67,67,15072,0,0,0,0,0,0,0,0,0
201912,174,17420, ,Cleveland  TN ,22,22,3893,0,0,0,4,14,1528,0,0,0,7,7,1191,0,0,0,4,14,1528,0,0,0
201912,176,16980, ,Chicago-Naperville-Elgin  IL-IN-WI ,565,565,162125,12,24,4122,10,33,5798,22,1336,118390,458,458,135153,9,18,3086,10,33,5798,16,1276,111335
201912,176,28100, ,Kankakee  IL ,2,2,1149,0,0,0,0,0,0,0,0,0,2,2,1149,0,0,0,0,0,0,0,0,0
201912,176,33140, ,Michigan City-La Porte  IN ,9,9,1421,0,0,0,0,0,0,0,0,0,9,9,1421,0,0,0,0,0,0,0,0,0
201912,178,17140, ,Cincinnati  OH-KY-IN ,286,286,95528,0,0,0,0,0,0,2,17,2645,225,225,80412,0,0,0,0,0,0,1,12,2244
201912,184,10420, ,Akron  OH ,30,30,19251,0,0,0,0,0,0,0,0,0,30,30,19251,0,0,0,0,0,0,0,0,0
201912,184,15940, ,Canton-Massillon  OH ,36,36,9364,1,2,231,1,3,154,0,0,0,33,33,9014,1,2,231,0,0,0,0,0,0
201912,184,17460, ,Cleveland-Elyria  OH ,159,159,43214,2,4,242,3,11,1685,3,17,2545,117,117,34715,0,0,0,2,8,1478,3,17,2545
201912,190,17860, ,Columbia  MO ,46,46,13496,2,4,372,0,0,0,3,150,19927,46,46,13496,2,4,372,0,0,0,3,150,19927
201912,192,17900,C,Columbia  SC ,302,302,73047,1,2,160,0,0,0,1,5,843,281,281,68396,1,2,160,0,0,0,0,0,0
201912,194,12220,C,Auburn-Opelika  AL ,63,63,18463,1,2,197,0,0,0,2,207,68817,63,63,18463,1,2,197,0,0,0,2,207,68817
201912,194,17980, ,Columbus  GA-AL ,51,51,10346,0,0,0,1,4,246,1,11,2066,19,19,4505,0,0,0,0,0,0,0,0,0
201912,198,18140, ,Columbus  OH ,365,365,101668,1,2,142,0,0,0,12,235,13360,327,327,92858,1,2,142,0,0,0,11,230,13135
201912,204,18580, ,Corpus Christi  TX ,82,82,14272,0,0,0,0,0,0,0,0,0,0,0,0,0,0,0,0,0,0,0,0,0
201912,206,19100, ,Dallas-Fort Worth-Arlington  TX ,2778,2778,714315,19,38,4588,3,11,2232,27,1183,170794,1929,1929,504989,13,26,3301,2,7,1727,15,800,122330
201912,209,19340, ,Davenport-Moline-Rock Island  IA-IL ,36,36,4971,0,0,0,0,0,0,0,0,0,29,29,3408,0,0,0,0,0,0,0,0,0
201912,212,19430, ,Dayton-Kettering  OH ,84,84,26367,0,0,0,0,0,0,0,0,0,61,61,21389,0,0,0,0,0,0,0,0,0
201912,212,44220, ,Springfield  OH ,4,4,1155,0,0,0,0,0,0,0,0,0,4,4,1155,0,0,0,0,0,0,0,0,0
201912,216,14500, ,Boulder  CO ,39,39,15270,0,0,0,0,0,0,0,0,0,39,39,15270,0,0,0,0,0,0,0,0,0
201912,216,19740,C,Denver-Aurora-Lakewood  CO ,1021,1021,262142,0,0,0,2,7,1199,16,1441,159032,882,882,222187,0,0,0,2,7,1199,13,1393,152584
201912,216,24540, ,Greeley  CO ,195,195,53345,0,0,0,0,0,0,16,404,52309,91,91,25522,0,0,0,0,0,0,14,390,50336
201912,218,11180, ,Ames  IA ,6,6,1212,0,0,0,0,0,0,0,0,0,6,6,1212,0,0,0,0,0,0,0,0,0
201912,218,19780, ,Des Moines-West Des Moines  IA ,192,192,53920,1,2,323,0,0,0,1,5,461,188,188,53029,1,2,323,0,0,0,0,0,0
201912,220,11460, ,Ann Arbor  MI ,24,24,5604,0,0,0,0,0,0,0,0,0,15,15,3111,0,0,0,0,0,0,0,0,0
201912,220,19820, ,Detroit-Warren-Dearborn  MI ,292,292,81322,0,0,0,1,4,318,4,41,5611,215,215,63732,0,0,0,0,0,0,3,36,5098
201912,220,22420, ,Flint  MI ,22,22,4062,0,0,0,0,0,0,0,0,0,17,17,2684,0,0,0,0,0,0,0,0,0
201912,220,33780, ,Monroe  MI ,1,1,272,0,0,0,0,0,0,0,0,0,1,1,272,0,0,0,0,0,0,0,0,0
201912,222,20020, ,Dothan  AL ,11,11,3093,0,0,0,0,0,0,0,0,0,9,9,2679,0,0,0,0,0,0,0,0,0
201912,232,20740, ,Eau Claire  WI ,22,22,6584,4,8,1087,0,0,0,1,9,680,11,11,3930,3,6,795,0,0,0,1,9,680
201912,236,21300, ,Elmira  NY ,0,0,0,0,0,0,0,0,0,0,0,0,0,0,0,0,0,0,0,0,0,0,0,0
201912,238,21340,C,El Paso  TX ,158,158,36608,7,14,1820,1,3,394,4,35,6113,37,37,8628,0,0,0,0,0,0,0,0,0
201912,238,29740,C,Las Cruces  NM ,62,62,16120,0,0,0,0,0,0,0,0,0,48,48,12255,0,0,0,0,0,0,0,0,0
201912,240,21500, ,Erie  PA ,0,0,0,0,0,0,0,0,0,0,0,0,0,0,0,0,0,0,0,0,0,0,0,0
201912,244,22020, ,Fargo  ND-MN ,10,10,2743,0,0,0,0,0,0,0,0,0,7,7,1998,0,0,0,0,0,0,0,0,0
201912,246,22180, ,Fayetteville  NC ,116,116,20306,0,0,0,0,0,0,6,72,5254,74,74,15167,0,0,0,0,0,0,6,72,5254
201912,258,23060,C,Fort Wayne  IN ,167,167,45610,0,0,0,0,0,0,0,0,0,167,167,45610,0,0,0,0,0,0,0,0,0
201912,260,23420,C,Fresno  CA ,206,206,57809,1,2,425,2,7,900,18,228,33915,116,116,30724,0,0,0,1,4,775,13,183,29021
201912,260,31460, ,Madera  CA ,101,101,20454,0,0,0,0,0,0,0,0,0,101,101,20454,0,0,0,0,0,0,0,0,0
201912,264,23540, ,Gainesville  FL ,41,41,9309,0,0,0,0,0,0,1,63,2145,31,31,7959,0,0,0,0,0,0,0,0,0
201912,266,24340, ,Grand Rapids-Kentwood  MI ,103,103,29968,0,0,0,0,0,0,0,0,0,79,79,24294,0,0,0,0,0,0,0,0,0
201912,266,34740, ,Muskegon  MI ,1,1,222,0,0,0,0,0,0,0,0,0,0,0,0,0,0,0,0,0,0,0,0,0
201912,267,24580, ,Green Bay  WI ,36,36,10281,0,0,0,0,0,0,1,5,463,20,20,5623,0,0,0,0,0,0,0,0,0
201912,268,15500, ,Burlington  NC ,48,48,7790,0,0,0,0,0,0,0,0,0,48,48,7790,0,0,0,0,0,0,0,0,0
201912,268,24660,C,Greensboro-High Point  NC ,116,116,29145,0,0,0,0,0,0,2,48,7685,116,116,29145,0,0,0,0,0,0,2,48,7685
201912,268,49180, ,Winston-Salem  NC ,183,183,30890,0,0,0,0,0,0,2,29,1758,0,0,0,0,0,0,0,0,0,0,0,0
201912,272,24780, ,Greenville  NC ,4,4,862,0,0,0,0,0,0,0,0,0,4,4,862,0,0,0,0,0,0,0,0,0
201912,273,24860, ,Greenville-Anderson  SC ,436,436,113983,2,4,422,0,0,0,0,0,0,416,416,111019,1,2,169,0,0,0,0,0,0
201912,273,43900, ,Spartanburg  SC ,157,157,26672,0,0,0,0,0,0,0,0,0,157,157,26672,0,0,0,0,0,0,0,0,0
201912,276,23900,C,Gettysburg  PA ,21,21,4065,0,0,0,0,0,0,0,0,0,21,21,4065,0,0,0,0,0,0,0,0,0
201912,276,25420,C,Harrisburg-Carlisle  PA ,81,81,21111,1,2,370,2,7,1063,0,0,0,66,66,17852,1,2,370,2,7,1063,0,0,0
201912,276,30140, ,Lebanon  PA ,14,14,2604,0,0,0,0,0,0,0,0,0,0,0,0,0,0,0,0,0,0,0,0,0
201912,276,49620, ,York-Hanover  PA ,8,8,2185,0,0,0,0,0,0,0,0,0,6,6,1659,0,0,0,0,0,0,0,0,0
201912,277,25500,C,Harrisonburg  VA ,11,11,4794,0,0,0,0,0,0,0,0,0,11,11,4794,0,0,0,0,0,0,0,0,0
201912,277,44420, ,Staunton  VA ,5,5,1203,0,0,0,0,0,0,0,0,0,5,5,1203,0,0,0,0,0,0,0,0,0
201912,278,25540,C,Hartford-East Hartford-Middletown  CT ,40,40,9831,0,0,0,0,0,0,5,42,3778,30,30,7516,0,0,0,0,0,0,0,0,0
201912,278,35980, ,Norwich-New London  CT ,11,11,2628,0,0,0,0,0,0,5,42,7044,9,9,2297,0,0,0,0,0,0,5,42,7044
201912,279,25620, ,Hattiesburg  MS ,4,4,1005,0,0,0,10,40,6155,0,0,0,4,4,1005,0,0,0,10,40,6155,0,0,0
201912,284,26300, ,Hot Springs  AR ,3,3,487,0,0,0,0,0,0,0,0,0,3,3,487,0,0,0,0,0,0,0,0,0
201912,288,26420, ,Houston-The Woodlands-Sugar Land  TX ,2994,2994,544442,16,32,4585,1,3,130,39,1537,163575,2253,2253,492487,16,32,4585,1,3,130,36,1520,162338
201912,290,19460, ,Decatur  AL ,16,16,2832,0,0,0,0,0,0,0,0,0,10,10,1811,0,0,0,0,0,0,0,0,0
201912,290,26620,C,Huntsville  AL ,238,238,34327,1,2,140,5,20,5750,0,0,0,174,174,22800,1,2,140,5,20,5750,0,0,0
201912,292,26820, ,Idaho Falls  ID ,61,61,8664,0,0,0,0,0,0,0,0,0,61,61,8664,0,0,0,0,0,0,0,0,0
201912,294,18020, ,Columbus  IN ,14,14,3244,0,0,0,0,0,0,0,0,0,14,14,3244,0,0,0,0,0,0,0,0,0
201912,294,26900, ,Indianapolis-Carmel-Anderson  IN ,492,492,153688,5,10,1560,0,0,0,2,108,20581,449,449,143652,5,10,1560,0,0,0,2,108,20581
201912,294,34620, ,Muncie  IN ,0,0,0,0,0,0,0,0,0,0,0,0,0,0,0,0,0,0,0,0,0,0,0,0
201912,296,27060, ,Ithaca  NY ,3,3,1191,1,2,237,0,0,0,1,8,960,2,2,935,0,0,0,0,0,0,0,0,0
201912,297,27180, ,Jackson  TN ,11,11,2060,0,0,0,0,0,0,0,0,0,11,11,2060,0,0,0,0,0,0,0,0,0
201912,298,27140, ,Jackson  MS ,86,86,18643,0,0,0,0,0,0,0,0,0,84,84,18204,0,0,0,0,0,0,0,0,0
201912,300,27260,C,Jacksonville  FL ,788,788,189831,1,2,165,0,0,0,2,21,2999,700,700,164332,1,2,165,0,0,0,0,0,0
201912,304,27740, ,Johnson City  TN ,8,8,2011,1,2,98,0,0,0,1,12,1300,0,0,0,0,0,0,0,0,0,0,0,0
201912,304,28700, ,Kingsport-Bristol  TN-VA ,1,1,245,1,2,100,0,0,0,0,0,0,1,1,245,1,2,100,0,0,0,0,0,0
201912,306,27780, ,Johnstown  PA ,1,1,25,0,0,0,0,0,0,0,0,0,1,1,25,0,0,0,0,0,0,0,0,0
201912,308,27860, ,Jonesboro  AR ,39,39,5829,3,6,409,3,10,530,1,6,325,8,8,912,0,0,0,0,0,0,0,0,0
201912,309,27900, ,Joplin  MO ,29,29,4726,0,0,0,0,0,0,0,0,0,29,29,4726,0,0,0,0,0,0,0,0,0
201912,310,12980, ,Battle Creek  MI ,0,0,0,0,0,0,0,0,0,0,0,0,0,0,0,0,0,0,0,0,0,0,0,0
201912,310,28020, ,Kalamazoo-Portage  MI ,12,12,3572,0,0,0,0,0,0,0,0,0,12,12,3572,0,0,0,0,0,0,0,0,0
201912,312,28140, ,Kansas City  MO-KS ,450,450,110988,21,42,3414,4,14,4850,9,173,16036,418,418,101466,20,40,3222,4,14,4850,9,173,16036
201912,312,29940, ,Lawrence  KS ,13,13,2270,0,0,0,3,11,1464,4,44,4228,13,13,2270,0,0,0,3,11,1464,4,44,4228
201912,312,41140, ,St. Joseph  MO-KS ,0,0,0,0,0,0,0,0,0,0,0,0,0,0,0,0,0,0,0,0,0,0,0,0
201912,313,28420,C,Kennewick-Richland  WA ,149,149,41352,3,6,1180,2,8,881,1,33,3313,80,80,22837,2,4,823,2,8,881,0,0,0
201912,313,47460, ,Walla Walla  WA ,8,8,1610,0,0,0,0,0,0,0,0,0,7,7,1510,0,0,0,0,0,0,0,0,0
201912,315,28940, ,Knoxville  TN ,174,174,39671,0,0,0,0,0,0,0,0,0,131,131,29794,0,0,0,0,0,0,0,0,0
201912,316,29020, ,Kokomo  IN ,1,1,320,0,0,0,0,0,0,1,35,5620,1,1,320,0,0,0,0,0,0,1,35,5620
201912,318,29180, ,Lafayette  LA ,147,147,28932,0,0,0,0,0,0,0,0,0,66,66,11383,0,0,0,0,0,0,0,0,0
201912,320,29200, ,Lafayette-West Lafayette  IN ,47,47,11839,0,0,0,0,0,0,2,14,1856,43,43,11314,0,0,0,0,0,0,1,9,1275
201912,324,29340, ,Lake Charles  LA ,69,69,13132,0,0,0,0,0,0,0,0,0,39,39,7488,0,0,0,0,0,0,0,0,0
201912,332,29820,C,Las Vegas-Henderson-Paradise  NV ,588,588,162061,4,8,2011,0,0,0,1,12,505,588,588,162061,4,8,2011,0,0,0,1,12,505
201912,336,30460,C,Lexington-Fayette  KY ,83,83,21227,3,6,876,1,4,1545,4,46,5464,44,44,13535,0,0,0,1,4,1545,2,31,4449
201912,338,30620, ,Lima  OH ,0,0,0,0,0,0,0,0,0,0,0,0,0,0,0,0,0,0,0,0,0,0,0,0
201912,339,30700, ,Lincoln  NE ,69,69,16165,1,2,262,0,0,0,1,49,5911,0,0,0,0,0,0,0,0,0,0,0,0
201912,340,30780, ,Little Rock-North Little Rock-Conway  AR ,165,165,33715,1,2,152,0,0,0,5,338,34195,135,135,28649,0,0,0,0,0,0,4,331,33998
201912,340,38220, ,Pine Bluff  AR ,1,1,122,0,0,0,0,0,0,0,0,0,0,0,0,0,0,0,0,0,0,0,0,0
201912,348,31080,C,Los Angeles-Long Beach-Anaheim  CA ,834,834,266575,51,102,20683,7,24,4133,50,2789,391466,737,737,227217,48,96,18701,5,18,3198,44,2682,371010
201912,348,37100, ,Oxnard-Thousand Oaks-Ventura  CA ,7,7,1828,0,0,0,0,0,0,1,5,970,1,1,537,0,0,0,0,0,0,0,0,0
201912,348,40140, ,Riverside-San Bernardino-Ontario  CA ,1261,1261,338210,5,10,1741,1,3,534,33,405,36023,1164,1164,311141,4,8,1321,0,0,0,29,363,31184
201912,350,21060, ,Elizabethtown-Fort Knox  KY ,17,17,2988,0,0,0,0,0,0,0,0,0,17,17,2988,0,0,0,0,0,0,0,0,0
201912,350,31140, ,Louisville-Jefferson County  KY-IN ,221,221,62777,0,0,0,1,3,320,7,160,21404,117,117,30697,0,0,0,1,3,320,0,0,0
201912,352,31180, ,Lubbock  TX ,117,117,26239,22,44,5487,0,0,0,0,0,0,117,117,26239,22,44,5487,0,0,0,0,0,0
201912,356,31420, ,Macon-Bibb County  GA ,34,34,7989,0,0,0,0,0,0,0,0,0,23,23,6104,0,0,0,0,0,0,0,0,0
201912,356,47580, ,Warner Robins  GA ,60,60,12765,0,0,0,0,0,0,6,72,6580,60,60,12765,0,0,0,0,0,0,6,72,6580
201912,357,27500, ,Janesville-Beloit  WI ,10,10,2484,1,2,250,0,0,0,0,0,0,10,10,2484,1,2,250,0,0,0,0,0,0
201912,357,31540, ,Madison  WI ,121,121,39941,4,8,2284,0,0,0,3,134,18065,104,104,34257,4,8,2284,0,0,0,1,96,14700
201912,359,31860, ,Mankato  MN ,0,0,0,0,0,0,0,0,0,1,45,8607,0,0,0,0,0,0,0,0,0,1,45,8607
201912,365,32580,C,McAllen-Edinburg-Mission  TX ,193,193,25566,5,10,470,24,96,4902,13,358,31536,176,176,23970,4,8,320,24,96,4902,13,358,31536
201912,366,32780, ,Medford  OR ,36,36,10567,0,0,0,0,0,0,0,0,0,36,36,10567,0,0,0,0,0,0,0,0,0
201912,368,32820, ,Memphis  TN-MS-AR ,215,215,45252,0,0,0,0,0,0,0,0,0,186,186,39359,0,0,0,0,0,0,0,0,0
201912,370,33100, ,Miami-Fort Lauderdale-Pompano Beach  FL ,593,593,214828,9,18,1974,0,0,0,22,957,225621,497,497,181236,9,18,1974,0,0,0,19,918,221041
201912,370,38940, ,Port St. Lucie  FL ,241,241,51820,7,14,1884,0,0,0,0,0,0,240,240,51709,7,14,1884,0,0,0,0,0,0
201912,370,42680, ,Sebastian-Vero Beach  FL ,71,71,35611,0,0,0,1,4,1125,0,0,0,71,71,35611,0,0,0,1,4,1125,0,0,0
201912,372,33260, ,Midland  TX ,86,86,15874,0,0,0,0,0,0,0,0,0,86,86,15874,0,0,0,0,0,0,0,0,0
201912,372,36220,C,Odessa  TX ,77,77,18284,0,0,0,0,0,0,0,0,0,77,77,18284,0,0,0,0,0,0,0,0,0
201912,376,33340,C,Milwaukee-Waukesha  WI ,94,94,37899,6,12,2470,0,0,0,2,25,2687,72,72,28641,5,10,1970,0,0,0,0,0,0
201912,376,39540, ,Racine  WI ,8,8,2396,1,2,403,0,0,0,0,0,0,8,8,2396,1,2,403,0,0,0,0,0,0
201912,378,33460, ,Minneapolis-St. Paul-Bloomington  MN-WI ,870,870,250379,8,16,3251,2,7,4105,15,1543,235967,834,834,239763,7,14,2543,2,7,4105,14,1529,233980
201912,378,41060, ,St. Cloud  MN ,0,0,0,0,0,0,0,0,0,0,0,0,0,0,0,0,0,0,0,0,0,0,0,0
201912,380,19300, ,Daphne-Fairhope-Foley  AL ,186,186,42421,3,6,567,4,14,956,2,33,2560,161,161,37855,3,6,567,4,14,956,0,0,0
201912,380,33660, ,Mobile  AL ,33,33,7371,0,0,0,0,0,0,0,0,0,26,26,5965,0,0,0,0,0,0,0,0,0
201912,384,33740, ,Monroe  LA ,13,13,2909,0,0,0,1,4,629,1,5,579,7,7,1662,0,0,0,0,0,0,0,0,0
201912,388,33860, ,Montgomery  AL ,71,71,12340,0,0,0,0,0,0,0,0,0,71,71,12340,0,0,0,0,0,0,0,0,0
201912,390,34060, ,Morgantown  WV ,0,0,0,0,0,0,0,0,0,0,0,0,0,0,0,0,0,0,0,0,0,0,0,0
201912,396,34820, ,Myrtle Beach-Conway-North Myrtle Beach  SC-NC ,449,449,87209,3,6,686,0,0,0,1,24,2700,290,290,45786,3,6,686,0,0,0,0,0,0
201912,400,34980, ,Nashville-Davidson--Murfreesboro--Franklin  TN ,1005,1005,247952,1,2,400,6,22,3954,17,950,100947,994,994,245219,1,2,400,6,22,3954,17,950,100947
201912,406,25220, ,Hammond  LA ,64,64,10245,0,0,0,0,0,0,0,0,0,0,0,0,0,0,0,0,0,0,0,0,0
201912,406,35380, ,New Orleans-Metairie  LA ,230,230,52161,10,20,2053,1,3,722,1,46,9487,180,180,39986,1,2,130,0,0,0,0,0,0
201912,408,14860,C,Bridgeport-Stamford-Norwalk  CT ,44,44,28530,0,0,0,0,0,0,2,11,4634,26,26,12556,0,0,0,0,0,0,1,6,1578
201912,408,20700, ,East Stroudsburg  PA ,6,6,2274,0,0,0,0,0,0,0,0,0,4,4,1753,0,0,0,0,0,0,0,0,0
201912,408,28740, ,Kingston  NY ,1,1,262,0,0,0,0,0,0,1,7,1707,1,1,262,0,0,0,0,0,0,0,0,0
201912,408,35300, ,New Haven-Milford  CT ,29,29,3810,0,0,0,0,0,0,2,216,26781,25,25,3118,0,0,0,0,0,0,1,199,25735
201912,408,35620,C,New York-Newark-Jersey City  NY-NJ-PA ,744,744,247972,62,124,18175,21,65,6966,132,4775,651606,630,630,219757,55,110,16425,19,59,6518,86,3867,490165
201912,408,39100, ,Poughkeepsie-Newburgh-Middletown  NY ,15,15,8089,2,4,320,0,0,0,1,42,4669,10,10,6895,2,4,320,0,0,0,0,0,0
201912,408,45940,C,Trenton-Princeton  NJ ,6,6,1279,0,0,0,1,4,156,1,10,485,3,3,753,0,0,0,1,4,156,1,10,485
201912,412,35840,C,North Port-Sarasota-Bradenton  FL ,514,514,123814,0,0,0,6,23,4417,12,461,57442,514,514,123814,0,0,0,6,23,4417,12,461,57442
201912,412,39460, ,Punta Gorda  FL ,223,223,59617,2,4,661,1,4,1256,2,42,6178,223,223,59617,2,4,661,1,4,1256,2,42,6178
201912,416,36420,C,Oklahoma City  OK ,405,405,93993,32,64,7497,0,0,0,0,0,0,122,122,33501,26,52,6153,0,0,0,0,0,0
201912,420,36540, ,Omaha-Council Bluffs  NE-IA ,194,194,40408,0,0,0,0,0,0,0,0,0,134,134,24947,0,0,0,0,0,0,0,0,0
201912,422,19660, ,Deltona-Daytona Beach-Ormond Beach  FL ,146,146,43227,14,28,4101,0,0,0,0,0,0,117,117,35529,14,28,4101,0,0,0,0,0,0
201912,422,29460, ,Lakeland-Winter Haven  FL ,429,429,108138,3,6,748,5,20,3188,11,193,22168,429,429,108138,3,6,748,5,20,3188,11,193,22168
201912,422,36740, ,Orlando-Kissimmee-Sanford  FL ,1202,1202,289943,14,28,7749,11,43,6953,17,370,46000,1090,1090,255138,14,28,7749,10,40,6469,17,370,46000
201912,422,45540,C,The Villages  FL ,246,246,68692,0,0,0,0,0,0,1,6,1334,246,246,68692,0,0,0,0,0,0,1,6,1334
201912,425,37620, ,Parkersburg-Vienna  WV ,1,1,55,0,0,0,0,0,0,0,0,0,1,1,55,0,0,0,0,0,0,0,0,0
201912,426,37860,C,Pensacola-Ferry Pass-Brent  FL ,224,224,43160,3,6,401,0,0,0,0,0,0,216,216,41381,3,6,401,0,0,0,0,0,0
201912,428,12100,C,Atlantic City-Hammonton  NJ ,33,33,9348,0,0,0,0,0,0,2,53,5232,32,32,9237,0,0,0,0,0,0,0,0,0
201912,428,20100,C,Dover  DE ,83,83,11557,2,4,352,0,0,0,1,6,450,74,74,10493,2,4,352,0,0,0,1,6,450
201912,428,36140,C,Ocean City  NJ ,55,55,19797,11,22,4687,1,3,2,0,0,0,55,55,19797,11,22,4687,1,3,2,0,0,0
201912,428,37980,C,Philadelphia-Camden-Wilmington  PA-NJ-DE-MD ,506,506,103518,10,20,3067,13,46,31578,22,1066,187380,348,348,82019,10,20,3067,12,43,31374,12,1000,178956
201912,428,39740, ,Reading  PA ,2,2,532,0,0,0,0,0,0,0,0,0,0,0,0,0,0,0,0,0,0,0,0,0
201912,428,47220,C,Vineland-Bridgeton  NJ ,1,1,83,0,0,0,0,0,0,0,0,0,0,0,0,0,0,0,0,0,0,0,0,0
201912,429,38060,C,Phoenix-Mesa-Chandler  AZ ,1940,1940,541354,23,46,5974,1,3,492,15,1027,139927,1914,1914,536115,23,46,5974,1,3,492,14,848,108255
201912,430,38300, ,Pittsburgh  PA ,55,55,17063,0,0,0,0,0,0,2,78,8675,35,35,12006,0,0,0,0,0,0,1,5,609
201912,430,48260, ,Weirton-Steubenville  WV-OH ,0,0,0,0,0,0,0,0,0,0,0,0,0,0,0,0,0,0,0,0,0,0,0,0
201912,438,30340, ,Lewiston-Auburn  ME ,3,3,564,0,0,0,0,0,0,0,0,0,1,1,150,0,0,0,0,0,0,0,0,0
201912,438,38860, ,Portland-South Portland  ME ,70,70,18739,3,6,1611,0,0,0,3,15,1129,34,34,9877,2,4,1350,0,0,0,0,0,0
201912,440,10540, ,Albany-Lebanon  OR ,25,25,2642,0,0,0,0,0,0,6,68,6114,21,21,1899,0,0,0,0,0,0,5,63,5695
201912,440,18700, ,Corvallis  OR ,0,0,0,0,0,0,0,0,0,0,0,0,0,0,0,0,0,0,0,0,0,0,0,0
201912,440,31020, ,Longview  WA ,15,15,3213,0,0,0,0,0,0,0,0,0,15,15,3213,0,0,0,0,0,0,0,0,0
201912,440,38900, ,Portland-Vancouver-Hillsboro  OR-WA ,545,545,153486,7,14,2439,4,15,3251,33,905,115312,365,365,98348,7,14,2439,4,15,3251,32,892,113422
201912,440,41420, ,Salem  OR ,25,25,7811,1,2,504,0,0,0,7,156,12931,25,25,7811,1,2,504,0,0,0,7,156,12931
201912,444,39380,C,Pueblo  CO ,29,29,4786,0,0,0,1,4,510,0,0,0,29,29,4786,0,0,0,1,4,510,0,0,0
201912,450,20500,C,Durham-Chapel Hill  NC ,244,244,54342,1,2,170,0,0,0,4,103,8358,89,89,24657,0,0,0,0,0,0,0,0,0
201912,450,39580,C,Raleigh-Cary  NC ,804,804,170826,1,2,442,0,0,0,7,102,13011,800,800,170126,1,2,442,0,0,0,7,102,13011
201912,452,39660, ,Rapid City  SD ,35,35,7972,0,0,0,0,0,0,1,32,3700,35,35,7972,0,0,0,0,0,0,1,32,3700
201912,454,39820, ,Redding  CA ,14,14,4135,0,0,0,0,0,0,2,47,5461,14,14,4135,0,0,0,0,0,0,2,47,5461
201912,456,16180,C,Carson City  NV ,15,15,4194,0,0,0,0,0,0,0,0,0,15,15,4194,0,0,0,0,0,0,0,0,0
201912,456,39900,C,Reno  NV ,188,188,50713,1,2,231,4,12,2092,26,421,53061,35,35,8293,0,0,0,4,12,2092,16,220,30877
201912,462,40340, ,Rochester  MN ,38,38,9372,0,0,0,0,0,0,9,318,32965,38,38,9372,0,0,0,0,0,0,9,318,32965
201912,464,40380, ,Rochester  NY ,53,53,14054,1,2,600,0,0,0,4,96,10804,47,47,12993,1,2,600,0,0,0,3,88,10116
201912,466,40420, ,Rockford  IL ,1,1,126,1,2,284,2,7,980,0,0,0,1,1,126,1,2,284,2,7,980,0,0,0
201912,472,40900,C,Sacramento-Roseville-Folsom  CA ,506,506,141365,2,4,640,4,16,3235,3,164,49033,505,505,141139,2,4,640,4,16,3235,3,164,49033
201912,474,13020, ,Bay City  MI ,8,8,1925,0,0,0,0,0,0,0,0,0,8,8,1925,0,0,0,0,0,0,0,0,0
201912,474,33220, ,Midland  MI ,4,4,472,0,0,0,0,0,0,0,0,0,4,4,472,0,0,0,0,0,0,0,0,0
201912,474,40980, ,Saginaw  MI ,1,1,182,0,0,0,0,0,0,0,0,0,1,1,182,0,0,0,0,0,0,0,0,0
201912,476,41180, ,St. Louis  MO-IL ,364,364,102097,1,2,340,9,35,3794,6,35,3975,288,288,75557,1,2,340,8,32,3466,5,30,3329
201912,480,41540, ,Salisbury  MD-DE ,278,278,42140,4,8,868,2,7,912,0,0,0,276,276,41717,4,8,868,2,7,912,0,0,0
201912,482,36260, ,Ogden-Clearfield  UT ,141,141,37875,0,0,0,5,19,3752,3,37,5040,132,132,35273,0,0,0,4,15,3127,3,37,5040
201912,482,39340, ,Provo-Orem  UT ,445,445,101214,0,0,0,1,4,717,14,120,9942,436,436,97483,0,0,0,1,4,717,14,120,9942
201912,482,41620, ,Salt Lake City  UT ,299,299,78446,1,2,268,3,10,1978,5,151,24864,230,230,61148,0,0,0,2,6,1402,2,105,18000
201912,484,41700,C,San Antonio-New Braunfels  TX ,698,698,161477,0,0,0,2,8,1074,11,308,35746,628,628,148723,0,0,0,2,8,1074,11,308,35746
201912,488,32900, ,Merced  CA ,5,5,1243,0,0,0,0,0,0,0,0,0,5,5,1243,0,0,0,0,0,0,0,0,0
201912,488,33700, ,Modesto  CA ,1,1,215,0,0,0,0,0,0,0,0,0,1,1,215,0,0,0,0,0,0,0,0,0
201912,488,41860,C,San Francisco-Oakland-Berkeley  CA ,570,570,156931,6,12,3410,8,28,6276,20,880,166250,509,509,131525,5,10,1879,6,22,4767,10,607,104252
201912,488,41940,C,San Jose-Sunnyvale-Santa Clara  CA ,200,200,64258,0,0,0,1,4,740,17,511,85798,138,138,42486,0,0,0,1,4,740,14,335,47227
201912,488,42100, ,Santa Cruz-Watsonville  CA ,11,11,2535,0,0,0,1,3,344,1,11,1119,0,0,0,0,0,0,0,0,0,0,0,0
201912,488,42220, ,Santa Rosa-Petaluma  CA ,218,218,52099,0,0,0,0,0,0,1,24,6850,218,218,52099,0,0,0,0,0,0,1,24,6850
201912,488,44700, ,Stockton  CA ,150,150,45571,0,0,0,0,0,0,10,172,22051,60,60,18532,0,0,0,0,0,0,10,172,22051
201912,488,46700, ,Vallejo  CA ,60,60,16757,0,0,0,0,0,0,0,0,0,60,60,16757,0,0,0,0,0,0,0,0,0
201912,496,25980, ,Hinesville  GA ,25,25,5838,0,0,0,0,0,0,0,0,0,25,25,5838,0,0,0,0,0,0,0,0,0
201912,496,42340, ,Savannah  GA ,169,169,36596,1,2,292,0,0,0,0,0,0,93,93,20376,0,0,0,0,0,0,0,0,0
201912,500,14740,C,Bremerton-Silverdale-Port Orchard  WA ,78,78,22596,0,0,0,1,4,950,1,20,2300,78,78,22596,0,0,0,1,4,950,1,20,2300
201912,500,34580, ,Mount Vernon-Anacortes  WA ,30,30,7871,0,0,0,0,0,0,0,0,0,30,30,7871,0,0,0,0,0,0,0,0,0
201912,500,36500, ,Olympia-Lacey-Tumwater  WA ,62,62,16686,0,0,0,0,0,0,3,25,1518,57,57,15668,0,0,0,0,0,0,2,16,1391
201912,500,42660,C,Seattle-Tacoma-Bellevue  WA ,779,779,247170,23,46,9607,11,38,6243,49,1823,242846,723,723,225733,22,44,9290,11,38,6243,46,1788,239546
201912,508,43340,C,Shreveport-Bossier City  LA ,90,90,18136,0,0,0,0,0,0,0,0,0,42,42,6930,0,0,0,0,0,0,0,0,0
201912,515,21140, ,Elkhart-Goshen  IN ,16,16,3795,0,0,0,0,0,0,0,0,0,16,16,3795,0,0,0,0,0,0,0,0,0
201912,515,35660, ,Niles  MI ,2,2,742,0,0,0,0,0,0,0,0,0,2,2,742,0,0,0,0,0,0,0,0,0
201912,515,43780, ,South Bend-Mishawaka  IN-MI ,36,36,10511,0,0,0,0,0,0,0,0,0,36,36,10511,0,0,0,0,0,0,0,0,0
201912,518,17660, ,Coeur dAlene  ID ,90,90,22460,7,14,2176,0,0,0,2,59,6002,56,56,15303,6,12,1764,0,0,0,1,20,1410
201912,518,44060, ,Spokane-Spokane Valley  WA ,88,88,23779,25,50,9039,0,0,0,6,120,14013,88,88,23779,25,50,9039,0,0,0,6,120,14013
201912,522,44100, ,Springfield  IL ,2,2,521,1,2,360,0,0,0,0,0,0,1,1,271,1,2,360,0,0,0,0,0,0
201912,524,44300, ,State College  PA ,5,5,1922,0,0,0,0,0,0,0,0,0,5,5,1922,0,0,0,0,0,0,0,0,0
201912,532,45060, ,Syracuse  NY ,13,13,2770,0,0,0,0,0,0,0,0,0,12,12,2599,0,0,0,0,0,0,0,0,0
201912,534,45780, ,Toledo  OH ,59,59,8629,0,0,0,0,0,0,1,5,400,58,58,8516,0,0,0,0,0,0,0,0,0
201912,536,46060,C,Tucson  AZ ,250,250,76457,1,2,299,0,0,0,4,91,13977,195,195,62776,0,0,0,0,0,0,0,0,0
201912,538,46140,C,Tulsa  OK ,233,233,54820,5,10,825,0,0,0,1,14,1077,227,227,53563,5,10,825,0,0,0,0,0,0
201912,540,46340, ,Tyler  TX ,29,29,6886,1,2,224,1,4,537,0,0,0,29,29,6886,1,2,224,1,4,537,0,0,0
201912,545,47260, ,Virginia Beach-Norfolk-Newport News  VA-NC ,316,316,76262,0,0,0,0,0,0,1,36,973,269,269,67234,0,0,0,0,0,0,1,36,973
201912,548,12580,C,Baltimore-Columbia-Towson  MD ,295,295,64884,18,36,3493,0,0,0,8,287,68793,295,295,64884,18,36,3493,0,0,0,8,287,68793
201912,548,15680,C,California-Lexington Park  MD ,71,71,15771,0,0,0,0,0,0,0,0,0,71,71,15771,0,0,0,0,0,0,0,0,0
201912,548,16540,C,Chambersburg-Waynesboro  PA ,20,20,4069,0,0,0,0,0,0,1,5,651,12,12,2055,0,0,0,0,0,0,0,0,0
201912,548,25180, ,Hagerstown-Martinsburg  MD-WV ,68,68,14849,0,0,0,0,0,0,1,8,650,68,68,14849,0,0,0,0,0,0,1,8,650
201912,548,47900, ,Washington-Arlington-Alexandria  DC-VA-MD-WV ,815,815,191220,16,32,3647,0,0,0,12,966,111595,754,754,175867,15,30,3404,0,0,0,8,875,100942
201912,548,49020, ,Winchester  VA-WV ,51,51,7475,0,0,0,0,0,0,0,0,0,51,51,7475,0,0,0,0,0,0,0,0,0
201912,554,48140, ,Wausau-Weston  WI ,17,17,3233,4,8,800,0,0,0,0,0,0,9,9,1778,4,8,800,0,0,0,0,0,0
201912,556,48620, ,Wichita  KS ,58,58,13070,14,28,2513,0,0,0,1,7,490,9,9,2729,1,2,550,0,0,0,0,0,0
201912,558,48700, ,Williamsport  PA ,2,2,563,0,0,0,0,0,0,0,0,0,1,1,305,0,0,0,0,0,0,0,0,0
201912,566,49660, ,Youngstown-Warren-Boardman  OH-PA ,8,8,1959,0,0,0,0,0,0,0,0,0,8,8,1959,0,0,0,0,0,0,0,0,0
201912,999,10180, ,Abilene  TX ,31,31,6352,3,6,561,0,0,0,0,0,0,31,31,6352,3,6,561,0,0,0,0,0,0
201912,999,10500, ,Albany  GA ,15,15,1470,0,0,0,0,0,0,4,64,8250,7,7,497,0,0,0,0,0,0,4,64,8250
201912,999,10780, ,Alexandria  LA ,7,7,1916,0,0,0,0,0,0,0,0,0,1,1,342,0,0,0,0,0,0,0,0,0
201912,999,10900, ,Allentown-Bethlehem-Easton  PA-NJ ,24,24,5370,0,0,0,0,0,0,1,5,181,21,21,4852,0,0,0,0,0,0,0,0,0
201912,999,11260,C,Anchorage  AK ,73,73,22780,0,0,0,1,3,521,2,18,2846,2,2,566,0,0,0,0,0,0,0,0,0
201912,999,11500, ,Anniston-Oxford  AL ,2,2,322,0,0,0,0,0,0,0,0,0,1,1,242,0,0,0,0,0,0,0,0,0
201912,999,12260, ,Augusta-Richmond County  GA-SC ,216,216,43995,0,0,0,2,8,477,0,0,0,134,134,27147,0,0,0,2,8,477,0,0,0
201912,999,12420, ,Austin-Round Rock-Georgetown  TX ,1404,1404,322678,11,22,1872,0,0,0,36,1181,131202,1232,1232,287959,9,18,1525,0,0,0,35,1167,129670
201912,999,12540, ,Bakersfield  CA ,98,98,26567,1,2,201,0,0,0,1,5,1752,11,11,2082,0,0,0,0,0,0,0,0,0
201912,999,12620, ,Bangor  ME ,4,4,1017,0,0,0,0,0,0,0,0,0,4,4,1017,0,0,0,0,0,0,0,0,0
201912,999,12940, ,Baton Rouge  LA ,257,257,55931,0,0,0,0,0,0,0,0,0,113,113,30542,0,0,0,0,0,0,0,0,0
201912,999,13140, ,Beaumont-Port Arthur  TX ,56,56,12075,0,0,0,0,0,0,0,0,0,48,48,10514,0,0,0,0,0,0,0,0,0
201912,999,13220,C,Beckley  WV ,2,2,283,0,0,0,0,0,0,0,0,0,0,0,0,0,0,0,0,0,0,0,0,0
201912,999,13380, ,Bellingham  WA ,51,51,13907,0,0,0,0,0,0,2,160,17935,19,19,5175,0,0,0,0,0,0,2,160,17935
201912,999,13740, ,Billings  MT ,21,21,5609,1,2,264,1,4,515,0,0,0,21,21,5609,1,2,264,1,4,515,0,0,0
201912,999,13780, ,Binghamton  NY ,0,0,0,0,0,0,0,0,0,0,0,0,0,0,0,0,0,0,0,0,0,0,0,0
201912,999,13900, ,Bismarck  ND ,7,7,1829,0,0,0,0,0,0,0,0,0,2,2,561,0,0,0,0,0,0,0,0,0
201912,999,13980, ,Blacksburg-Christiansburg  VA ,3,3,949,0,0,0,0,0,0,0,0,0,3,3,949,0,0,0,0,0,0,0,0,0
201912,999,15260, ,Brunswick  GA ,47,47,13501,0,0,0,0,0,0,0,0,0,0,0,0,0,0,0,0,0,0,0,0,0
201912,999,16220, ,Casper  WY ,7,7,1985,1,2,176,1,3,353,0,0,0,2,2,489,0,0,0,0,0,0,0,0,0
201912,999,16580, ,Champaign-Urbana  IL ,5,5,1894,0,0,0,0,0,0,1,20,3000,5,5,1894,0,0,0,0,0,0,1,20,3000
201912,999,16700,C,Charleston-North Charleston  SC ,346,346,101326,0,0,0,1,3,238,7,170,11932,108,108,36326,0,0,0,0,0,0,0,0,0
201912,999,16820, ,Charlottesville  VA ,53,53,15280,0,0,0,0,0,0,2,44,5041,0,0,0,0,0,0,0,0,0,0,0,0
201912,999,16940, ,Cheyenne  WY ,22,22,4974,0,0,0,0,0,0,0,0,0,22,22,4974,0,0,0,0,0,0,0,0,0
201912,999,17020, ,Chico  CA ,3,3,304,0,0,0,0,0,0,0,0,0,3,3,304,0,0,0,0,0,0,0,0,0
201912,999,17300,C,Clarksville  TN-KY ,125,125,21944,1,2,124,3,12,683,2,12,741,72,72,15657,0,0,0,0,0,0,0,0,0
201912,999,17780, ,College Station-Bryan  TX ,72,72,15519,1,2,300,0,0,0,1,25,2200,65,65,14061,1,2,300,0,0,0,1,25,2200
201912,999,17820,C,Colorado Springs  CO ,285,285,104994,0,0,0,0,0,0,0,0,0,285,285,104994,0,0,0,0,0,0,0,0,0
201912,999,18880,C,Crestview-Fort Walton Beach-Destin  FL ,247,247,95159,0,0,0,0,0,0,0,0,0,233,233,91109,0,0,0,0,0,0,0,0,0
201912,999,19060, ,Cumberland  MD-WV ,4,4,847,0,0,0,0,0,0,0,0,0,4,4,847,0,0,0,0,0,0,0,0,0
201912,999,19180, ,Danville  IL ,0,0,0,0,0,0,0,0,0,0,0,0,0,0,0,0,0,0,0,0,0,0,0,0
201912,999,19500, ,Decatur  IL ,0,0,0,0,0,0,0,0,0,0,0,0,0,0,0,0,0,0,0,0,0,0,0,0
201912,999,20220, ,Dubuque  IA ,2,2,456,0,0,0,0,0,0,0,0,0,2,2,456,0,0,0,0,0,0,0,0,0
201912,999,20260, ,Duluth  MN-WI ,2,2,276,0,0,0,0,0,0,0,0,0,2,2,276,0,0,0,0,0,0,0,0,0
201912,999,20940, ,El Centro  CA ,15,15,2426,0,0,0,0,0,0,0,0,0,15,15,2426,0,0,0,0,0,0,0,0,0
201912,999,21420, ,Enid  OK ,1,1,175,0,0,0,0,0,0,0,0,0,1,1,175,0,0,0,0,0,0,0,0,0
201912,999,21660, ,Eugene-Springfield  OR ,47,47,11691,0,0,0,0,0,0,22,174,21568,26,26,6444,0,0,0,0,0,0,22,174,21568
201912,999,21780, ,Evansville  IN-KY ,33,33,9055,1,2,180,0,0,0,0,0,0,33,33,9055,1,2,180,0,0,0,0,0,0
201912,999,21820,C,Fairbanks  AK ,0,0,0,0,0,0,0,0,0,0,0,0,0,0,0,0,0,0,0,0,0,0,0,0
201912,999,22140,C,Farmington  NM ,3,3,880,0,0,0,0,0,0,0,0,0,3,3,880,0,0,0,0,0,0,0,0,0
201912,999,22220, ,Fayetteville-Springdale-Rogers  AR-MO ,321,321,86807,10,20,2901,5,20,2812,3,251,51526,276,276,78310,10,20,2901,5,20,2812,1,226,49560
201912,999,22380, ,Flagstaff  AZ ,30,30,7445,0,0,0,0,0,0,0,0,0,30,30,7445,0,0,0,0,0,0,0,0,0
201912,999,22500, ,Florence  SC ,32,32,4577,0,0,0,0,0,0,0,0,0,0,0,0,0,0,0,0,0,0,0,0,0
201912,999,22520, ,Florence-Muscle Shoals  AL ,17,17,1948,0,0,0,0,0,0,0,0,0,7,7,766,0,0,0,0,0,0,0,0,0
201912,999,22540, ,Fond du Lac  WI ,1,1,302,0,0,0,0,0,0,0,0,0,0,0,0,0,0,0,0,0,0,0,0,0
201912,999,22660,C,Fort Collins  CO ,163,163,42342,0,0,0,1,4,850,1,24,3360,121,121,32846,0,0,0,1,4,850,1,24,3360
201912,999,22900, ,Fort Smith  AR-OK ,19,19,6354,19,38,8172,0,0,0,0,0,0,16,16,6048,19,38,8172,0,0,0,0,0,0
201912,999,23460, ,Gadsden  AL ,2,2,360,0,0,0,0,0,0,0,0,0,2,2,360,0,0,0,0,0,0,0,0,0
201912,999,24220, ,Grand Forks  ND-MN ,0,0,0,0,0,0,0,0,0,0,0,0,0,0,0,0,0,0,0,0,0,0,0,0
201912,999,24260, ,Grand Island  NE ,2,2,660,0,0,0,0,0,0,0,0,0,2,2,660,0,0,0,0,0,0,0,0,0
201912,999,24300,C,Grand Junction  CO ,0,0,0,0,0,0,0,0,0,0,0,0,0,0,0,0,0,0,0,0,0,0,0,0
201912,999,24500,C,Great Falls  MT ,6,6,1852,0,0,0,0,0,0,0,0,0,6,6,1852,0,0,0,0,0,0,0,0,0
201912,999,25060, ,Gulfport-Biloxi  MS ,142,142,25150,1,2,185,1,4,401,1,7,593,85,85,16465,0,0,0,0,0,0,0,0,0
201912,999,25860, ,Hickory-Lenoir-Morganton  NC ,1,1,150,0,0,0,0,0,0,1,5,279,0,0,0,0,0,0,0,0,0,0,0,0
201912,999,25940, ,Hilton Head Island-Bluffton  SC ,49,49,17335,0,0,0,0,0,0,0,0,0,21,21,10739,0,0,0,0,0,0,0,0,0
201912,999,26140, ,Homosassa Springs  FL ,65,65,13172,0,0,0,0,0,0,0,0,0,0,0,0,0,0,0,0,0,0,0,0,0
201912,999,26380, ,Houma-Thibodaux  LA ,21,21,4574,1,2,156,0,0,0,0,0,0,12,12,2266,0,0,0,0,0,0,0,0,0
201912,999,27100, ,Jackson  MI ,0,0,0,0,0,0,0,0,0,0,0,0,0,0,0,0,0,0,0,0,0,0,0,0
201912,999,27340,C,Jacksonville  NC ,80,80,12588,0,0,0,1,4,288,0,0,0,80,80,12588,0,0,0,1,4,288,0,0,0
201912,999,27980,C,Kahului-Wailuku-Lahaina  HI ,47,47,12553,0,0,0,0,0,0,0,0,0,47,47,12553,0,0,0,0,0,0,0,0,0
201912,999,28660,C,Killeen-Temple  TX ,155,155,28354,2,4,217,0,0,0,0,0,0,90,90,16988,0,0,0,0,0,0,0,0,0
201912,999,29100, ,La Crosse-Onalaska  WI-MN ,6,6,1555,1,2,500,0,0,0,0,0,0,6,6,1555,1,2,500,0,0,0,0,0,0
201912,999,29420, ,Lake Havasu City-Kingman  AZ ,87,87,19295,8,16,713,0,0,0,0,0,0,87,87,19295,8,16,713,0,0,0,0,0,0
201912,999,29540, ,Lancaster  PA ,5,5,1064,2,4,629,0,0,0,0,0,0,3,3,500,1,2,410,0,0,0,0,0,0
201912,999,29620, ,Lansing-East Lansing  MI ,7,7,2036,0,0,0,0,0,0,1,5,568,4,4,1639,0,0,0,0,0,0,0,0,0
201912,999,29700, ,Laredo  TX ,83,83,11564,4,8,291,1,4,156,2,15,1052,0,0,0,0,0,0,0,0,0,0,0,0
201912,999,30020, ,Lawton  OK ,2,2,480,0,0,0,0,0,0,0,0,0,2,2,480,0,0,0,0,0,0,0,0,0
201912,999,30300, ,Lewiston  ID-WA ,0,0,0,0,0,0,0,0,0,0,0,0,0,0,0,0,0,0,0,0,0,0,0,0
201912,999,30860, ,Logan  UT-ID ,13,13,1916,0,0,0,0,0,0,1,24,1599,13,13,1916,0,0,0,0,0,0,1,24,1599
201912,999,30980, ,Longview  TX ,10,10,1791,0,0,0,0,0,0,1,6,404,0,0,0,0,0,0,0,0,0,0,0,0
201912,999,31340, ,Lynchburg  VA ,4,4,570,0,0,0,0,0,0,0,0,0,4,4,570,0,0,0,0,0,0,0,0,0
201912,999,31740, ,Manhattan  KS ,45,45,12427,0,0,0,0,0,0,0,0,0,45,45,12427,0,0,0,0,0,0,0,0,0
201912,999,33540,C,Missoula  MT ,27,27,6865,0,0,0,0,0,0,0,0,0,27,27,6865,0,0,0,0,0,0,0,0,0
201912,999,36100, ,Ocala  FL ,246,246,50291,0,0,0,0,0,0,0,0,0,246,246,50291,0,0,0,0,0,0,0,0,0
201912,999,36980, ,Owensboro  KY ,18,18,1797,0,0,0,0,0,0,0,0,0,18,18,1797,0,0,0,0,0,0,0,0,0
201912,999,37340, ,Palm Bay-Melbourne-Titusville  FL ,161,161,50627,0,0,0,0,0,0,7,160,22451,161,161,50627,0,0,0,0,0,0,7,160,22451
201912,999,37460, ,Panama City  FL ,46,46,13294,2,4,518,0,0,0,1,5,809,0,0,0,0,0,0,0,0,0,0,0,0
201912,999,37900, ,Peoria  IL ,2,2,915,0,0,0,0,0,0,1,5,764,2,2,915,0,0,0,0,0,0,0,0,0
201912,999,38340, ,Pittsfield  MA ,0,0,0,0,0,0,0,0,0,0,0,0,0,0,0,0,0,0,0,0,0,0,0,0
201912,999,38540, ,Pocatello  ID ,9,9,1446,0,0,0,0,0,0,0,0,0,6,6,721,0,0,0,0,0,0,0,0,0
201912,999,39150, ,Prescott Valley-Prescott  AZ ,112,112,31220,6,12,1843,0,0,0,0,0,0,75,75,22375,6,12,1843,0,0,0,0,0,0
201912,999,40060, ,Richmond  VA ,307,307,68651,1,2,400,4,15,1759,4,367,38426,298,298,67417,1,2,400,4,15,1759,4,367,38426
201912,999,41100, ,St. George  UT ,159,159,31817,0,0,0,0,0,0,0,0,0,159,159,31817,0,0,0,0,0,0,0,0,0
201912,999,41500, ,Salinas  CA ,25,25,6727,0,0,0,0,0,0,0,0,0,25,25,6727,0,0,0,0,0,0,0,0,0
201912,999,41660,C,San Angelo  TX ,22,22,4508,0,0,0,0,0,0,0,0,0,22,22,4508,0,0,0,0,0,0,0,0,0
201912,999,41740,C,San Diego-Chula Vista-Carlsbad  CA ,197,197,56323,19,38,8801,7,24,4985,15,252,42086,168,168,49943,19,38,8801,7,24,4985,12,201,34522
201912,999,42020, ,San Luis Obispo-Paso Robles  CA ,26,26,11352,0,0,0,0,0,0,0,0,0,26,26,11352,0,0,0,0,0,0,0,0,0
201912,999,42200, ,Santa Maria-Santa Barbara  CA ,11,11,7673,0,0,0,0,0,0,0,0,0,11,11,7673,0,0,0,0,0,0,0,0,0
201912,999,42540, ,Scranton--Wilkes-Barre  PA ,2,2,422,0,0,0,0,0,0,0,0,0,2,2,422,0,0,0,0,0,0,0,0,0
201912,999,43100, ,Sheboygan  WI ,1,1,484,0,0,0,0,0,0,0,0,0,1,1,484,0,0,0,0,0,0,0,0,0
201912,999,43420, ,Sierra Vista-Douglas  AZ ,15,15,2913,0,0,0,0,0,0,0,0,0,15,15,2913,0,0,0,0,0,0,0,0,0
201912,999,43580, ,Sioux City  IA-NE-SD ,9,9,2491,0,0,0,1,3,0,0,0,0,1,1,215,0,0,0,0,0,0,0,0,0
201912,999,43620, ,Sioux Falls  SD ,65,65,13992,0,0,0,2,8,996,8,90,11623,65,65,13992,0,0,0,2,8,996,8,90,11623
201912,999,44140, ,Springfield  MA ,1,1,261,0,0,0,0,0,0,0,0,0,0,0,0,0,0,0,0,0,0,0,0,0
201912,999,44180, ,Springfield  MO ,45,45,12043,5,10,1256,0,0,0,0,0,0,45,45,12043,5,10,1256,0,0,0,0,0,0
201912,999,44940, ,Sumter  SC ,20,20,2992,0,0,0,0,0,0,0,0,0,20,20,2992,0,0,0,0,0,0,0,0,0
201912,999,45220, ,Tallahassee  FL ,76,76,14343,0,0,0,0,0,0,3,87,10931,24,24,4114,0,0,0,0,0,0,0,0,0
201912,999,45300,C,Tampa-St. Petersburg-Clearwater  FL ,1033,1033,306098,7,14,1600,2,8,585,11,943,159324,1026,1026,304143,6,12,1320,2,8,585,11,943,159324
201912,999,45460, ,Terre Haute  IN ,3,3,616,1,2,180,0,0,0,0,0,0,3,3,616,1,2,180,0,0,0,0,0,0
201912,999,45500, ,Texarkana  TX-AR ,3,3,593,0,0,0,0,0,0,0,0,0,0,0,0,0,0,0,0,0,0,0,0,0
201912,999,45820, ,Topeka  KS ,13,13,2706,0,0,0,0,0,0,0,0,0,13,13,2706,0,0,0,0,0,0,0,0,0
201912,999,46220, ,Tuscaloosa  AL ,37,37,10183,1,2,475,1,4,597,2,33,6201,10,10,2771,0,0,0,0,0,0,0,0,0
201912,999,46300, ,Twin Falls  ID ,34,34,3067,1,2,180,5,20,1734,1,6,534,34,34,3067,1,2,180,5,20,1734,1,6,534
201912,999,46520,C,Urban Honolulu  HI ,80,80,29838,0,0,0,0,0,0,3,155,30327,0,0,0,0,0,0,0,0,0,0,0,0
201912,999,46540, ,Utica-Rome  NY ,0,0,0,0,0,0,0,0,0,0,0,0,0,0,0,0,0,0,0,0,0,0,0,0
201912,999,46660, ,Valdosta  GA ,84,84,15848,0,0,0,0,0,0,0,0,0,44,44,9106,0,0,0,0,0,0,0,0,0
201912,999,47300, ,Visalia  CA ,147,147,31652,2,4,235,0,0,0,2,24,2908,147,147,31652,2,4,235,0,0,0,2,24,2908
201912,999,47380, ,Waco  TX ,34,34,6967,3,6,561,0,0,0,0,0,0,34,34,6967,3,6,561,0,0,0,0,0,0
201912,999,47940, ,Waterloo-Cedar Falls  IA ,7,7,1607,0,0,0,0,0,0,0,0,0,7,7,1607,0,0,0,0,0,0,0,0,0
201912,999,48060, ,Watertown-Fort Drum  NY ,7,7,732,0,0,0,0,0,0,0,0,0,0,0,0,0,0,0,0,0,0,0,0,0
201912,999,48300, ,Wenatchee  WA ,35,35,7483,0,0,0,0,0,0,0,0,0,12,12,3228,0,0,0,0,0,0,0,0,0
201912,999,48540, ,Wheeling  WV-OH ,1,1,100,0,0,0,0,0,0,0,0,0,1,1,100,0,0,0,0,0,0,0,0,0
201912,999,48660, ,Wichita Falls  TX ,1,1,200,0,0,0,0,0,0,0,0,0,1,1,200,0,0,0,0,0,0,0,0,0
201912,999,48900, ,Wilmington  NC ,100,100,33088,0,0,0,0,0,0,3,72,8167,99,99,32766,0,0,0,0,0,0,3,72,8167
201912,999,49420, ,Yakima  WA ,42,42,9174,2,4,616,2,8,804,0,0,0,42,42,9174,2,4,616,2,8,804,0,0,0
201912,999,49740, ,Yuma  AZ ,95,95,15231,0,0,0,0,0,0,0,0,0,95,95,15231,0,0,0,0,0,0,0,0,0
