Survey,CSA,CBSA,MONCOV,CBSA,,1-unit,,,2-units,,,3-4 units,,,5+ units,,,1-unit rep,,,2-units rep,,,3-4 units rep,,,5+ units rep
Date,Code,Code,,Name,Bldgs,Units,Value,Bldgs,Units,Value,Bldgs,Units,Value,Bldgs,Units,Value,Bldgs,Units,Value,Bldgs,Units,Value,      Bldgs,Units,Value,Bldgs,Units,Value
 
201904,104,10580,C,Albany-Schenectady-Troy  NY ,88,88,21559,2,4,470,0,0,0,4,55,4086,66,66,15716,1,2,200,0,0,0,1,36,2000
201904,104,24020, ,Glens Falls  NY ,23,23,6938,0,0,0,0,0,0,0,0,0,16,16,5063,0,0,0,0,0,0,0,0,0
201904,106,10740,C,Albuquerque  NM ,172,172,40510,0,0,0,0,0,0,1,6,250,110,110,26754,0,0,0,0,0,0,0,0,0
201904,106,42140,C,Santa Fe  NM ,13,13,2847,0,0,0,0,0,0,1,77,11803,13,13,2847,0,0,0,0,0,0,1,77,11803
201904,107,11020, ,Altoona  PA ,3,3,158,0,0,0,0,0,0,0,0,0,3,3,158,0,0,0,0,0,0,0,0,0
201904,108,11100, ,Amarillo  TX ,36,36,10075,0,0,0,0,0,0,0,0,0,36,36,10075,0,0,0,0,0,0,0,0,0
201904,118,11540, ,Appleton  WI ,28,28,6776,1,2,215,0,0,0,0,0,0,22,22,5703,0,0,0,0,0,0,0,0,0
201904,118,36780, ,Oshkosh-Neenah  WI ,14,14,3757,2,4,698,0,0,0,3,24,1920,10,10,3199,2,4,698,0,0,0,3,24,1920
201904,120,11700, ,Asheville  NC ,155,155,45043,1,2,119,0,0,0,3,57,4042,32,32,9714,0,0,0,0,0,0,0,0,0
201904,122,12020, ,Athens-Clarke County  GA ,44,44,9870,0,0,0,0,0,0,0,0,0,44,44,9870,0,0,0,0,0,0,0,0,0
201904,122,12060, ,Atlanta-Sandy Springs-Alpharetta  GA ,2195,2195,487399,0,0,0,7,22,4539,19,958,151614,1945,1945,432726,0,0,0,7,22,4539,16,858,141909
201904,122,23580, ,Gainesville  GA ,58,58,12671,0,0,0,1,4,680,0,0,0,58,58,12671,0,0,0,1,4,680,0,0,0
201904,122,40660,C,Rome  GA ,15,15,2602,0,0,0,0,0,0,0,0,0,0,0,0,0,0,0,0,0,0,0,0,0
201904,140,13460,C,Bend  OR ,157,157,42900,10,20,2059,2,6,926,0,0,0,128,128,35647,10,20,2059,2,6,926,0,0,0
201904,142,13820,C,Birmingham-Hoover  AL ,265,265,62266,0,0,0,0,0,0,0,0,0,137,137,31624,0,0,0,0,0,0,0,0,0
201904,144,14020,C,Bloomington  IN ,29,29,7346,2,4,478,0,0,0,1,25,2902,0,0,0,0,0,0,0,0,0,0,0,0
201904,145,14010, ,Bloomington  IL ,6,6,730,0,0,0,0,0,0,0,0,0,6,6,730,0,0,0,0,0,0,0,0,0
201904,146,14100,C,Bloomsburg-Berwick  PA ,9,9,2224,0,0,0,0,0,0,0,0,0,4,4,963,0,0,0,0,0,0,0,0,0
201904,147,14260,C,Boise City  ID ,649,649,142576,3,6,1258,6,23,2182,10,123,10991,428,428,88086,2,4,894,3,11,1195,4,60,5189
201904,148,12700, ,Barnstable Town  MA ,7,7,4352,0,0,0,0,0,0,0,0,0,7,7,4352,0,0,0,0,0,0,0,0,0
201904,148,14460,C,Boston-Cambridge-Newton  MA-NH ,386,386,111397,27,54,9077,15,51,11430,23,288,42322,269,269,75096,18,36,5899,13,44,10199,8,149,20111
201904,148,31700, ,Manchester-Nashua  NH ,32,32,6413,2,4,473,0,0,0,1,5,631,13,13,3382,1,2,210,0,0,0,0,0,0
201904,148,39300,C,Providence-Warwick  RI-MA ,139,139,33236,3,6,665,0,0,0,3,19,1689,87,87,21254,2,4,386,0,0,0,0,0,0
201904,148,49340, ,Worcester  MA-CT ,28,28,7298,0,0,0,0,0,0,1,11,197,25,25,6743,0,0,0,0,0,0,0,0,0
201904,150,14540, ,Bowling Green  KY ,49,49,11584,0,0,0,2,8,1040,1,8,875,49,49,11584,0,0,0,2,8,1040,1,8,875
201904,154,15180, ,Brownsville-Harlingen  TX ,87,87,8999,2,4,173,0,0,0,0,0,0,86,86,8703,2,4,173,0,0,0,0,0,0
201904,160,15380,C,Buffalo-Cheektowaga  NY ,101,101,27956,2,4,700,0,0,0,1,19,4253,67,67,16896,2,4,700,0,0,0,0,0,0
201904,162,15540, ,Burlington-South Burlington  VT ,30,30,6401,1,2,267,1,3,232,1,63,8519,24,24,4975,0,0,0,0,0,0,1,63,8519
201904,163,15980,C,Cape Coral-Fort Myers  FL ,508,508,110717,10,20,2497,2,8,2570,3,17,4133,495,495,108048,9,18,2312,2,8,2570,2,12,3067
201904,163,34940, ,Naples-Marco Island  FL ,247,247,60670,0,0,0,1,4,620,3,20,6952,247,247,60670,0,0,0,1,4,620,3,20,6952
201904,164,16020, ,Cape Girardeau  MO-IL ,0,0,0,0,0,0,0,0,0,0,0,0,0,0,0,0,0,0,0,0,0,0,0,0
201904,168,16300, ,Cedar Rapids  IA ,40,40,6873,6,12,1491,0,0,0,0,0,0,40,40,6873,6,12,1491,0,0,0,0,0,0
201904,168,26980, ,Iowa City  IA ,41,41,9158,1,2,500,0,0,0,1,14,4600,22,22,5746,1,2,500,0,0,0,1,14,4600
201904,170,16620, ,Charleston  WV ,9,9,1221,1,2,236,1,3,203,0,0,0,6,6,700,0,0,0,0,0,0,0,0,0
201904,170,26580, ,Huntington-Ashland  WV-KY-OH ,14,14,2507,0,0,0,0,0,0,0,0,0,7,7,1532,0,0,0,0,0,0,0,0,0
201904,172,16740, ,Charlotte-Concord-Gastonia  NC-SC ,1387,1387,378532,3,6,924,6,19,2917,15,369,41207,1197,1197,315863,3,6,924,6,19,2917,13,336,37763
201904,174,16860, ,Chattanooga  TN-GA ,110,110,21572,2,4,220,4,16,880,0,0,0,110,110,21572,2,4,220,4,16,880,0,0,0
201904,174,17420, ,Cleveland  TN ,43,43,7868,1,2,181,2,7,381,0,0,0,25,25,4626,1,2,181,2,7,381,0,0,0
201904,176,16980, ,Chicago-Naperville-Elgin  IL-IN-WI ,748,748,220530,16,32,4600,17,54,8175,24,1509,213769,603,603,178790,13,26,3880,16,51,7732,16,1395,199725
201904,176,28100, ,Kankakee  IL ,6,6,1551,0,0,0,0,0,0,0,0,0,6,6,1551,0,0,0,0,0,0,0,0,0
201904,176,33140, ,Michigan City-La Porte  IN ,12,12,2592,0,0,0,0,0,0,0,0,0,4,4,573,0,0,0,0,0,0,0,0,0
201904,178,17140, ,Cincinnati  OH-KY-IN ,472,472,113240,0,0,0,5,17,1949,12,216,23686,362,362,86417,0,0,0,4,14,1633,8,186,21370
201904,184,10420, ,Akron  OH ,49,49,22099,0,0,0,0,0,0,0,0,0,49,49,22099,0,0,0,0,0,0,0,0,0
201904,184,15940, ,Canton-Massillon  OH ,45,45,10070,0,0,0,1,4,205,1,5,384,41,41,9603,0,0,0,0,0,0,0,0,0
201904,184,17460, ,Cleveland-Elyria  OH ,232,232,62184,4,8,481,1,4,308,2,26,2188,163,163,51151,2,4,460,0,0,0,1,20,2000
201904,190,17860, ,Columbia  MO ,72,72,20272,0,0,0,0,0,0,1,12,3000,72,72,20272,0,0,0,0,0,0,1,12,3000
201904,192,17900,C,Columbia  SC ,328,328,69918,0,0,0,0,0,0,1,20,1805,164,164,29183,0,0,0,0,0,0,0,0,0
201904,194,12220,C,Auburn-Opelika  AL ,130,130,34496,2,4,640,0,0,0,1,36,9413,77,77,19287,1,2,429,0,0,0,0,0,0
201904,194,17980, ,Columbus  GA-AL ,68,68,14290,0,0,0,1,4,246,1,14,2453,39,39,8627,0,0,0,0,0,0,0,0,0
201904,198,18140, ,Columbus  OH ,331,331,95166,0,0,0,6,24,5282,4,31,3775,289,289,81417,0,0,0,6,24,5282,2,10,1664
201904,204,18580, ,Corpus Christi  TX ,98,98,17495,0,0,0,0,0,0,0,0,0,94,94,16917,0,0,0,0,0,0,0,0,0
201904,206,19100, ,Dallas-Fort Worth-Arlington  TX ,3068,3068,841422,15,30,4286,7,27,3370,27,1690,172286,2475,2475,652073,14,28,4069,7,27,3370,20,1363,144498
201904,209,19340, ,Davenport-Moline-Rock Island  IA-IL ,32,32,9270,0,0,0,0,0,0,2,10,1113,27,27,8304,0,0,0,0,0,0,2,10,1113
201904,212,19430, ,Dayton-Kettering  OH ,96,96,31330,1,2,156,0,0,0,3,110,8768,64,64,23921,0,0,0,0,0,0,3,110,8768
201904,212,44220, ,Springfield  OH ,6,6,1195,0,0,0,0,0,0,0,0,0,6,6,1195,0,0,0,0,0,0,0,0,0
201904,216,14500, ,Boulder  CO ,92,92,32448,0,0,0,0,0,0,6,97,16789,58,58,19950,0,0,0,0,0,0,2,43,9055
201904,216,19740,C,Denver-Aurora-Lakewood  CO ,947,947,267751,3,6,532,0,0,0,5,685,23267,936,936,264687,3,6,532,0,0,0,5,685,23267
201904,216,24540, ,Greeley  CO ,210,210,56208,1,2,376,6,23,3407,6,101,7363,85,85,23079,0,0,0,0,0,0,4,90,5918
201904,218,11180, ,Ames  IA ,9,9,3325,0,0,0,1,3,440,0,0,0,9,9,3325,0,0,0,1,3,440,0,0,0
201904,218,19780, ,Des Moines-West Des Moines  IA ,380,380,99135,3,6,1091,0,0,0,0,0,0,372,372,96835,3,6,1091,0,0,0,0,0,0
201904,220,11460, ,Ann Arbor  MI ,27,27,7194,0,0,0,0,0,0,4,26,3826,13,13,3527,0,0,0,0,0,0,3,21,3276
201904,220,19820, ,Detroit-Warren-Dearborn  MI ,541,541,157844,1,2,183,3,10,1326,9,161,20142,372,372,113216,0,0,0,1,3,444,5,115,16123
201904,220,22420, ,Flint  MI ,42,42,7970,0,0,0,0,0,0,0,0,0,27,27,3958,0,0,0,0,0,0,0,0,0
201904,220,33780, ,Monroe  MI ,0,0,0,0,0,0,0,0,0,0,0,0,0,0,0,0,0,0,0,0,0,0,0,0
201904,222,20020, ,Dothan  AL ,22,22,5715,0,0,0,0,0,0,0,0,0,20,20,5252,0,0,0,0,0,0,0,0,0
201904,232,20740, ,Eau Claire  WI ,45,45,11964,9,18,2050,0,0,0,5,36,3640,28,28,7704,8,16,1804,0,0,0,5,36,3640
201904,236,21300, ,Elmira  NY ,0,0,0,0,0,0,0,0,0,0,0,0,0,0,0,0,0,0,0,0,0,0,0,0
201904,238,21340,C,El Paso  TX ,220,220,46729,3,6,581,5,20,2209,4,67,7750,1,1,540,0,0,0,0,0,0,0,0,0
201904,238,29740,C,Las Cruces  NM ,72,72,15341,0,0,0,0,0,0,2,26,1923,13,13,2959,0,0,0,0,0,0,0,0,0
201904,240,21500, ,Erie  PA ,6,6,1657,0,0,0,0,0,0,2,14,970,5,5,1500,0,0,0,0,0,0,2,14,970
201904,244,22020, ,Fargo  ND-MN ,116,116,30372,0,0,0,0,0,0,0,0,0,114,114,29827,0,0,0,0,0,0,0,0,0
201904,246,22180, ,Fayetteville  NC ,128,128,19428,0,0,0,0,0,0,0,0,0,72,72,12632,0,0,0,0,0,0,0,0,0
201904,258,23060,C,Fort Wayne  IN ,123,123,31686,0,0,0,0,0,0,1,16,162,123,123,31686,0,0,0,0,0,0,1,16,162
201904,260,23420,C,Fresno  CA ,161,161,48054,5,10,2123,17,51,3247,6,59,5841,88,88,27842,0,0,0,16,48,3122,0,0,0
201904,260,31460, ,Madera  CA ,44,44,11397,0,0,0,0,0,0,0,0,0,44,44,11397,0,0,0,0,0,0,0,0,0
201904,264,23540, ,Gainesville  FL ,45,45,7901,0,0,0,0,0,0,3,158,7631,0,0,0,0,0,0,0,0,0,0,0,0
201904,266,24340, ,Grand Rapids-Kentwood  MI ,114,114,28930,4,8,840,1,3,691,1,13,1352,77,77,21344,4,8,840,1,3,691,0,0,0
201904,266,34740, ,Muskegon  MI ,1,1,230,0,0,0,0,0,0,0,0,0,0,0,0,0,0,0,0,0,0,0,0,0
201904,267,24580, ,Green Bay  WI ,83,83,24182,0,0,0,0,0,0,1,6,582,69,69,20117,0,0,0,0,0,0,0,0,0
201904,268,15500, ,Burlington  NC ,34,34,9850,0,0,0,0,0,0,0,0,0,34,34,9850,0,0,0,0,0,0,0,0,0
201904,268,24660,C,Greensboro-High Point  NC ,170,170,37293,0,0,0,0,0,0,1,36,1836,170,170,37293,0,0,0,0,0,0,1,36,1836
201904,268,49180, ,Winston-Salem  NC ,204,204,35352,0,0,0,0,0,0,0,0,0,204,204,35352,0,0,0,0,0,0,0,0,0
201904,272,24780, ,Greenville  NC ,31,31,6175,5,10,1354,0,0,0,1,45,5738,2,2,358,0,0,0,0,0,0,0,0,0
201904,273,24860, ,Greenville-Anderson  SC ,437,437,105595,6,12,653,0,0,0,24,184,17473,421,421,101941,6,12,653,0,0,0,22,160,15062
201904,273,43900, ,Spartanburg  SC ,244,244,41273,0,0,0,0,0,0,0,0,0,244,244,41273,0,0,0,0,0,0,0,0,0
201904,276,23900,C,Gettysburg  PA ,21,21,4295,0,0,0,0,0,0,0,0,0,0,0,0,0,0,0,0,0,0,0,0,0
201904,276,25420,C,Harrisburg-Carlisle  PA ,74,74,17988,0,0,0,2,8,1130,7,69,6222,59,59,14555,0,0,0,2,8,1130,7,69,6222
201904,276,30140, ,Lebanon  PA ,14,14,2440,0,0,0,0,0,0,0,0,0,0,0,0,0,0,0,0,0,0,0,0,0
201904,276,49620, ,York-Hanover  PA ,7,7,1675,0,0,0,0,0,0,0,0,0,6,6,1515,0,0,0,0,0,0,0,0,0
201904,277,25500,C,Harrisonburg  VA ,32,32,9811,0,0,0,0,0,0,0,0,0,27,27,8887,0,0,0,0,0,0,0,0,0
201904,277,44420, ,Staunton  VA ,21,21,3685,0,0,0,1,4,250,0,0,0,21,21,3685,0,0,0,1,4,250,0,0,0
201904,278,25540,C,Hartford-East Hartford-Middletown  CT ,84,84,17172,0,0,0,0,0,0,6,38,2967,62,62,12217,0,0,0,0,0,0,1,8,700
201904,278,35980, ,Norwich-New London  CT ,10,10,2210,0,0,0,0,0,0,0,0,0,7,7,1714,0,0,0,0,0,0,0,0,0
201904,279,25620, ,Hattiesburg  MS ,8,8,1646,0,0,0,0,0,0,0,0,0,8,8,1646,0,0,0,0,0,0,0,0,0
201904,284,26300, ,Hot Springs  AR ,1,1,168,0,0,0,0,0,0,0,0,0,1,1,168,0,0,0,0,0,0,0,0,0
201904,288,26420, ,Houston-The Woodlands-Sugar Land  TX ,3346,3346,626663,19,38,4337,8,32,2000,27,1133,154695,2461,2461,543595,18,36,4107,8,32,2000,24,1118,154082
201904,290,19460, ,Decatur  AL ,18,18,3586,0,0,0,0,0,0,0,0,0,15,15,3189,0,0,0,0,0,0,0,0,0
201904,290,26620,C,Huntsville  AL ,304,304,43361,0,0,0,0,0,0,0,0,0,304,304,43361,0,0,0,0,0,0,0,0,0
201904,292,26820, ,Idaho Falls  ID ,78,78,16106,0,0,0,0,0,0,0,0,0,60,60,12828,0,0,0,0,0,0,0,0,0
201904,294,18020, ,Columbus  IN ,21,21,4689,0,0,0,0,0,0,0,0,0,21,21,4689,0,0,0,0,0,0,0,0,0
201904,294,26900, ,Indianapolis-Carmel-Anderson  IN ,673,673,203351,2,4,718,2,7,1529,4,334,43661,625,625,192831,1,2,400,1,4,850,3,301,41375
201904,294,34620, ,Muncie  IN ,3,3,303,0,0,0,0,0,0,0,0,0,3,3,303,0,0,0,0,0,0,0,0,0
201904,296,27060, ,Ithaca  NY ,1,1,256,1,2,237,0,0,0,1,5,600,0,0,0,0,0,0,0,0,0,0,0,0
201904,297,27180, ,Jackson  TN ,18,18,3295,0,0,0,0,0,0,0,0,0,18,18,3295,0,0,0,0,0,0,0,0,0
201904,298,27140, ,Jackson  MS ,76,76,16533,0,0,0,0,0,0,0,0,0,68,68,15233,0,0,0,0,0,0,0,0,0
201904,300,27260,C,Jacksonville  FL ,912,912,224253,5,10,1880,0,0,0,8,254,26705,897,897,220226,5,10,1880,0,0,0,8,254,26705
201904,304,27740, ,Johnson City  TN ,24,24,3563,0,0,0,0,0,0,1,5,189,0,0,0,0,0,0,0,0,0,0,0,0
201904,304,28700, ,Kingsport-Bristol  TN-VA ,2,2,417,1,2,100,0,0,0,0,0,0,1,1,210,1,2,100,0,0,0,0,0,0
201904,306,27780, ,Johnstown  PA ,0,0,0,0,0,0,0,0,0,0,0,0,0,0,0,0,0,0,0,0,0,0,0,0
201904,308,27860, ,Jonesboro  AR ,33,33,5695,4,8,530,4,15,787,1,8,526,1,1,510,1,2,115,0,0,0,0,0,0
201904,309,27900, ,Joplin  MO ,25,25,3713,0,0,0,0,0,0,0,0,0,25,25,3713,0,0,0,0,0,0,0,0,0
201904,310,12980, ,Battle Creek  MI ,0,0,0,0,0,0,0,0,0,0,0,0,0,0,0,0,0,0,0,0,0,0,0,0
201904,310,28020, ,Kalamazoo-Portage  MI ,10,10,2948,0,0,0,0,0,0,0,0,0,0,0,0,0,0,0,0,0,0,0,0,0
201904,312,28140, ,Kansas City  MO-KS ,434,434,114597,2,4,597,7,28,5177,2,163,4020,320,320,82988,1,2,400,6,24,4572,1,134,1570
201904,312,29940, ,Lawrence  KS ,18,18,5483,0,0,0,0,0,0,1,5,688,0,0,0,0,0,0,0,0,0,0,0,0
201904,312,41140, ,St. Joseph  MO-KS ,0,0,0,0,0,0,0,0,0,0,0,0,0,0,0,0,0,0,0,0,0,0,0,0
201904,313,28420,C,Kennewick-Richland  WA ,157,157,46992,3,6,521,0,0,0,9,276,32411,104,104,32829,0,0,0,0,0,0,9,276,32411
201904,313,47460, ,Walla Walla  WA ,12,12,4394,0,0,0,0,0,0,0,0,0,7,7,3336,0,0,0,0,0,0,0,0,0
201904,315,28940, ,Knoxville  TN ,301,301,65370,0,0,0,0,0,0,4,170,43719,148,148,31022,0,0,0,0,0,0,1,96,38000
201904,316,29020, ,Kokomo  IN ,5,5,770,0,0,0,0,0,0,1,8,560,5,5,770,0,0,0,0,0,0,1,8,560
201904,318,29180, ,Lafayette  LA ,162,162,33625,0,0,0,0,0,0,0,0,0,50,50,11625,0,0,0,0,0,0,0,0,0
201904,320,29200, ,Lafayette-West Lafayette  IN ,43,43,10479,0,0,0,0,0,0,1,14,1368,1,1,400,0,0,0,0,0,0,0,0,0
201904,324,29340, ,Lake Charles  LA ,75,75,14240,8,16,1150,0,0,0,0,0,0,32,32,5105,8,16,1150,0,0,0,0,0,0
201904,332,29820,C,Las Vegas-Henderson-Paradise  NV ,780,780,191042,4,8,720,14,42,3717,6,113,8465,780,780,191042,4,8,720,14,42,3717,6,113,8465
201904,336,30460,C,Lexington-Fayette  KY ,162,162,27616,1,2,205,0,0,0,3,64,4666,77,77,13913,0,0,0,0,0,0,0,0,0
201904,338,30620, ,Lima  OH ,1,1,120,0,0,0,0,0,0,0,0,0,1,1,120,0,0,0,0,0,0,0,0,0
201904,339,30700, ,Lincoln  NE ,105,105,22025,1,2,341,0,0,0,2,118,12393,0,0,0,0,0,0,0,0,0,0,0,0
201904,340,30780, ,Little Rock-North Little Rock-Conway  AR ,164,164,33307,1,2,289,0,0,0,1,9,238,109,109,24073,1,2,289,0,0,0,0,0,0
201904,340,38220, ,Pine Bluff  AR ,1,1,80,0,0,0,0,0,0,0,0,0,1,1,80,0,0,0,0,0,0,0,0,0
201904,348,31080,C,Los Angeles-Long Beach-Anaheim  CA ,894,894,296312,74,148,28161,10,30,5853,40,774,126382,768,768,239656,69,138,25375,3,9,2003,30,637,101893
201904,348,37100, ,Oxnard-Thousand Oaks-Ventura  CA ,14,14,2831,0,0,0,0,0,0,0,0,0,14,14,2831,0,0,0,0,0,0,0,0,0
201904,348,40140, ,Riverside-San Bernardino-Ontario  CA ,935,935,253643,7,14,4970,2,8,1422,13,399,64568,763,763,210907,7,14,4970,2,8,1422,9,344,61124
201904,350,21060, ,Elizabethtown-Fort Knox  KY ,47,47,10764,2,4,560,0,0,0,0,0,0,45,45,10461,2,4,560,0,0,0,0,0,0
201904,350,31140, ,Louisville-Jefferson County  KY-IN ,310,310,80630,4,8,775,3,12,780,14,320,9875,265,265,67684,4,8,775,3,12,780,14,320,9875
201904,352,31180, ,Lubbock  TX ,111,111,27657,0,0,0,0,0,0,12,72,5979,110,110,27484,0,0,0,0,0,0,12,72,5979
201904,356,31420, ,Macon-Bibb County  GA ,12,12,2705,0,0,0,0,0,0,0,0,0,0,0,0,0,0,0,0,0,0,0,0,0
201904,356,47580, ,Warner Robins  GA ,79,79,15802,0,0,0,0,0,0,0,0,0,79,79,15802,0,0,0,0,0,0,0,0,0
201904,357,27500, ,Janesville-Beloit  WI ,17,17,4265,0,0,0,0,0,0,0,0,0,15,15,3855,0,0,0,0,0,0,0,0,0
201904,357,31540, ,Madison  WI ,164,164,55426,13,26,4167,1,3,447,9,411,56505,135,135,47634,11,22,3565,0,0,0,7,338,49142
201904,359,31860, ,Mankato  MN ,26,26,3909,0,0,0,0,0,0,0,0,0,26,26,3909,0,0,0,0,0,0,0,0,0
201904,365,32580,C,McAllen-Edinburg-Mission  TX ,203,203,32030,10,20,1266,20,80,4205,3,43,2498,165,165,27602,8,16,1066,19,76,4002,1,14,490
201904,366,32780, ,Medford  OR ,40,40,11171,2,4,676,4,16,1914,4,34,3150,40,40,11171,2,4,676,4,16,1914,4,34,3150
201904,368,32820, ,Memphis  TN-MS-AR ,246,246,52210,0,0,0,0,0,0,0,0,0,231,231,50252,0,0,0,0,0,0,0,0,0
201904,370,33100, ,Miami-Fort Lauderdale-Pompano Beach  FL ,658,658,229089,11,22,3902,4,14,2744,28,1977,353009,583,583,202934,11,22,3902,3,11,2230,21,1776,333272
201904,370,38940, ,Port St. Lucie  FL ,193,193,44915,13,26,3727,0,0,0,2,66,10127,193,193,44915,13,26,3727,0,0,0,2,66,10127
201904,370,42680, ,Sebastian-Vero Beach  FL ,79,79,31897,0,0,0,12,36,4309,0,0,0,79,79,31897,0,0,0,12,36,4309,0,0,0
201904,372,33260, ,Midland  TX ,103,103,15641,0,0,0,0,0,0,0,0,0,103,103,15641,0,0,0,0,0,0,0,0,0
201904,372,36220,C,Odessa  TX ,46,46,8671,0,0,0,0,0,0,0,0,0,0,0,0,0,0,0,0,0,0,0,0,0
201904,376,33340,C,Milwaukee-Waukesha  WI ,136,136,45714,6,12,2218,0,0,0,6,199,20093,102,102,33873,6,12,2218,0,0,0,5,190,18825
201904,376,39540, ,Racine  WI ,13,13,3480,2,4,643,0,0,0,0,0,0,4,4,990,2,4,643,0,0,0,0,0,0
201904,378,33460, ,Minneapolis-St. Paul-Bloomington  MN-WI ,828,828,263825,5,10,1898,2,8,2200,14,1175,229824,749,749,241120,2,4,1067,2,8,2200,11,1117,221048
201904,378,41060, ,St. Cloud  MN ,0,0,0,0,0,0,0,0,0,0,0,0,0,0,0,0,0,0,0,0,0,0,0,0
201904,380,19300, ,Daphne-Fairhope-Foley  AL ,248,248,45775,9,18,1413,0,0,0,0,0,0,126,126,24801,8,16,1224,0,0,0,0,0,0
201904,380,33660, ,Mobile  AL ,54,54,12818,0,0,0,0,0,0,0,0,0,48,48,11654,0,0,0,0,0,0,0,0,0
201904,384,33740, ,Monroe  LA ,30,30,6916,0,0,0,0,0,0,0,0,0,4,4,945,0,0,0,0,0,0,0,0,0
201904,388,33860, ,Montgomery  AL ,84,84,18036,0,0,0,0,0,0,0,0,0,84,84,18036,0,0,0,0,0,0,0,0,0
201904,390,34060, ,Morgantown  WV ,1,1,44,0,0,0,0,0,0,0,0,0,1,1,44,0,0,0,0,0,0,0,0,0
201904,396,34820, ,Myrtle Beach-Conway-North Myrtle Beach  SC-NC ,526,526,95894,10,20,4798,0,0,0,5,120,14855,389,389,64140,9,18,4230,0,0,0,5,120,14855
201904,400,34980, ,Nashville-Davidson--Murfreesboro--Franklin  TN ,1103,1103,281440,0,0,0,0,0,0,3,116,12689,990,990,253476,0,0,0,0,0,0,3,116,12689
201904,406,25220, ,Hammond  LA ,62,62,39312,1,2,250,0,0,0,0,0,0,54,54,37912,0,0,0,0,0,0,0,0,0
201904,406,35380, ,New Orleans-Metairie  LA ,230,230,51780,7,14,1578,0,0,0,1,9,2215,172,172,37883,1,2,310,0,0,0,0,0,0
201904,408,14860,C,Bridgeport-Stamford-Norwalk  CT ,66,66,49937,2,4,921,0,0,0,5,382,87433,46,46,31755,1,2,800,0,0,0,3,368,82290
201904,408,20700, ,East Stroudsburg  PA ,7,7,2415,0,0,0,0,0,0,0,0,0,5,5,1842,0,0,0,0,0,0,0,0,0
201904,408,28740, ,Kingston  NY ,5,5,1296,0,0,0,0,0,0,1,5,1220,2,2,532,0,0,0,0,0,0,0,0,0
201904,408,35300, ,New Haven-Milford  CT ,15,15,2553,0,0,0,0,0,0,2,13,800,10,10,1696,0,0,0,0,0,0,0,0,0
201904,408,35620,C,New York-Newark-Jersey City  NY-NJ-PA ,790,790,223596,62,124,17200,32,106,14822,110,2810,366353,640,640,176814,49,98,13991,25,82,12898,75,2471,333392
201904,408,39100, ,Poughkeepsie-Newburgh-Middletown  NY ,26,26,10299,0,0,0,1,3,263,1,20,2291,20,20,9202,0,0,0,0,0,0,0,0,0
201904,408,45940,C,Trenton-Princeton  NJ ,20,20,6071,0,0,0,5,18,518,1,5,3,14,14,3159,0,0,0,0,0,0,0,0,0
201904,412,35840,C,North Port-Sarasota-Bradenton  FL ,512,512,125949,0,0,0,6,24,3855,16,379,80373,392,392,96071,0,0,0,4,16,2337,15,374,79437
201904,412,39460, ,Punta Gorda  FL ,126,126,35594,2,4,584,0,0,0,0,0,0,126,126,35594,2,4,584,0,0,0,0,0,0
201904,416,36420,C,Oklahoma City  OK ,474,474,111320,6,12,1150,0,0,0,0,0,0,449,449,107127,6,12,1150,0,0,0,0,0,0
201904,420,36540, ,Omaha-Council Bluffs  NE-IA ,248,248,52496,1,2,193,0,0,0,1,30,1378,173,173,33421,1,2,193,0,0,0,1,30,1378
201904,422,19660, ,Deltona-Daytona Beach-Ormond Beach  FL ,179,179,53305,8,16,2818,0,0,0,0,0,0,167,167,50111,8,16,2818,0,0,0,0,0,0
201904,422,29460, ,Lakeland-Winter Haven  FL ,497,497,108707,0,0,0,0,0,0,0,0,0,497,497,108707,0,0,0,0,0,0,0,0,0
201904,422,36740, ,Orlando-Kissimmee-Sanford  FL ,1308,1308,336618,8,16,3029,1,4,1324,25,837,86605,1187,1187,298862,8,16,3029,1,4,1324,23,808,83898
201904,422,45540,C,The Villages  FL ,208,208,55259,0,0,0,0,0,0,7,265,45000,208,208,55259,0,0,0,0,0,0,7,265,45000
201904,425,37620, ,Parkersburg-Vienna  WV ,3,3,600,6,12,1176,0,0,0,0,0,0,3,3,600,6,12,1176,0,0,0,0,0,0
201904,426,37860,C,Pensacola-Ferry Pass-Brent  FL ,268,268,63259,1,2,85,0,0,0,1,93,10437,268,268,63259,1,2,85,0,0,0,1,93,10437
201904,428,12100,C,Atlantic City-Hammonton  NJ ,27,27,11839,0,0,0,0,0,0,2,45,5533,25,25,11711,0,0,0,0,0,0,0,0,0
201904,428,20100,C,Dover  DE ,115,115,17243,0,0,0,0,0,0,1,5,487,113,113,16810,0,0,0,0,0,0,0,0,0
201904,428,36140,C,Ocean City  NJ ,31,31,9302,2,4,326,1,4,55,0,0,0,31,31,9302,2,4,326,1,4,55,0,0,0
201904,428,37980,C,Philadelphia-Camden-Wilmington  PA-NJ-DE-MD ,639,639,110952,22,44,5829,19,60,9051,29,707,81680,478,478,80005,21,42,5742,18,57,8664,18,596,71157
201904,428,39740, ,Reading  PA ,2,2,261,0,0,0,0,0,0,0,0,0,2,2,261,0,0,0,0,0,0,0,0,0
201904,428,47220,C,Vineland-Bridgeton  NJ ,7,7,560,0,0,0,0,0,0,0,0,0,2,2,90,0,0,0,0,0,0,0,0,0
201904,429,38060,C,Phoenix-Mesa-Chandler  AZ ,2179,2179,591681,28,56,5631,1,3,667,34,1468,184459,1638,1638,460883,20,40,4275,1,3,667,29,1349,166500
201904,430,38300, ,Pittsburgh  PA ,84,84,27594,0,0,0,2,7,722,1,33,2706,64,64,22764,0,0,0,1,4,497,0,0,0
201904,430,48260, ,Weirton-Steubenville  WV-OH ,0,0,0,0,0,0,0,0,0,0,0,0,0,0,0,0,0,0,0,0,0,0,0,0
201904,438,30340, ,Lewiston-Auburn  ME ,4,4,708,0,0,0,0,0,0,0,0,0,2,2,400,0,0,0,0,0,0,0,0,0
201904,438,38860, ,Portland-South Portland  ME ,107,107,25513,8,16,3232,0,0,0,5,34,2289,37,37,9290,6,12,2686,0,0,0,0,0,0
201904,440,10540, ,Albany-Lebanon  OR ,28,28,6043,0,0,0,0,0,0,5,53,5474,25,25,5454,0,0,0,0,0,0,4,48,5055
201904,440,18700, ,Corvallis  OR ,5,5,1416,0,0,0,1,4,898,0,0,0,5,5,1416,0,0,0,1,4,898,0,0,0
201904,440,31020, ,Longview  WA ,17,17,3920,0,0,0,0,0,0,0,0,0,17,17,3920,0,0,0,0,0,0,0,0,0
201904,440,38900, ,Portland-Vancouver-Hillsboro  OR-WA ,686,686,197673,11,22,4325,8,28,3129,21,282,25954,624,624,178062,11,22,4325,7,25,2697,19,266,23920
201904,440,41420, ,Salem  OR ,60,60,18784,0,0,0,0,0,0,2,20,2605,60,60,18784,0,0,0,0,0,0,2,20,2605
201904,444,39380,C,Pueblo  CO ,43,43,7129,0,0,0,0,0,0,0,0,0,43,43,7129,0,0,0,0,0,0,0,0,0
201904,450,20500,C,Durham-Chapel Hill  NC ,328,328,75352,0,0,0,0,0,0,4,118,9400,109,109,28332,0,0,0,0,0,0,0,0,0
201904,450,39580,C,Raleigh-Cary  NC ,1036,1036,214448,0,0,0,0,0,0,5,297,30465,1036,1036,214448,0,0,0,0,0,0,5,297,30465
201904,452,39660, ,Rapid City  SD ,44,44,10232,2,4,569,0,0,0,3,45,3500,44,44,10232,2,4,569,0,0,0,3,45,3500
201904,454,39820, ,Redding  CA ,24,24,6896,0,0,0,0,0,0,0,0,0,24,24,6896,0,0,0,0,0,0,0,0,0
201904,456,16180,C,Carson City  NV ,11,11,3094,0,0,0,1,3,382,0,0,0,0,0,0,0,0,0,0,0,0,0,0,0
201904,456,39900,C,Reno  NV ,136,136,39100,6,12,1059,0,0,0,8,143,16627,135,135,38898,6,12,1059,0,0,0,8,143,16627
201904,462,40340, ,Rochester  MN ,28,28,7198,0,0,0,0,0,0,1,26,3300,28,28,7198,0,0,0,0,0,0,1,26,3300
201904,464,40380, ,Rochester  NY ,90,90,23131,0,0,0,4,15,2073,9,178,26670,77,77,19482,0,0,0,4,15,2073,7,165,25563
201904,466,40420, ,Rockford  IL ,10,10,1918,9,18,2638,0,0,0,0,0,0,10,10,1918,9,18,2638,0,0,0,0,0,0
201904,472,40900,C,Sacramento-Roseville-Folsom  CA ,649,649,193382,2,4,702,0,0,0,3,180,23636,646,646,192423,2,4,702,0,0,0,3,180,23636
201904,474,13020, ,Bay City  MI ,0,0,0,0,0,0,0,0,0,0,0,0,0,0,0,0,0,0,0,0,0,0,0,0
201904,474,33220, ,Midland  MI ,4,4,391,0,0,0,0,0,0,0,0,0,4,4,391,0,0,0,0,0,0,0,0,0
201904,474,40980, ,Saginaw  MI ,4,4,580,0,0,0,2,8,400,0,0,0,4,4,580,0,0,0,2,8,400,0,0,0
201904,476,41180, ,St. Louis  MO-IL ,505,505,142697,2,4,397,4,14,2622,4,47,4595,387,387,105777,2,4,397,4,14,2622,1,15,902
201904,480,41540, ,Salisbury  MD-DE ,136,136,18777,2,4,1005,1,3,750,4,25,4039,123,123,16247,1,2,255,0,0,0,4,25,4039
201904,482,36260, ,Ogden-Clearfield  UT ,235,235,63255,1,2,274,7,25,3911,2,50,4884,215,215,57628,1,2,274,7,25,3911,2,50,4884
201904,482,39340, ,Provo-Orem  UT ,523,523,146593,0,0,0,4,16,3441,5,383,90161,515,515,142612,0,0,0,4,16,3441,5,383,90161
201904,482,41620, ,Salt Lake City  UT ,400,400,100154,5,10,1378,7,24,4022,18,496,58524,257,257,61575,1,2,290,0,0,0,12,380,43707
201904,484,41700,C,San Antonio-New Braunfels  TX ,705,705,163364,2,4,486,4,15,1307,38,195,22056,619,619,147221,2,4,486,3,12,1307,37,188,20565
201904,488,32900, ,Merced  CA ,39,39,7577,0,0,0,0,0,0,0,0,0,39,39,7577,0,0,0,0,0,0,0,0,0
201904,488,33700, ,Modesto  CA ,1,1,133,0,0,0,0,0,0,0,0,0,0,0,0,0,0,0,0,0,0,0,0,0
201904,488,41860,C,San Francisco-Oakland-Berkeley  CA ,469,469,198632,8,16,3092,6,21,5327,20,835,211017,402,402,170175,6,12,2098,5,18,4470,13,748,195320
201904,488,41940,C,San Jose-Sunnyvale-Santa Clara  CA ,254,254,92206,0,0,0,1,4,1237,10,274,43484,162,162,66807,0,0,0,0,0,0,7,46,9643
201904,488,42100, ,Santa Cruz-Watsonville  CA ,11,11,2369,0,0,0,1,3,344,2,10,1017,0,0,0,0,0,0,0,0,0,0,0,0
201904,488,42220, ,Santa Rosa-Petaluma  CA ,194,194,64654,0,0,0,0,0,0,0,0,0,194,194,64654,0,0,0,0,0,0,0,0,0
201904,488,44700, ,Stockton  CA ,148,148,45002,0,0,0,0,0,0,1,6,680,122,122,36936,0,0,0,0,0,0,1,6,680
201904,488,46700, ,Vallejo  CA ,46,46,12602,0,0,0,0,0,0,0,0,0,45,45,12263,0,0,0,0,0,0,0,0,0
201904,496,25980, ,Hinesville  GA ,26,26,5620,0,0,0,0,0,0,0,0,0,26,26,5620,0,0,0,0,0,0,0,0,0
201904,496,42340, ,Savannah  GA ,218,218,52332,0,0,0,0,0,0,0,0,0,161,161,39903,0,0,0,0,0,0,0,0,0
201904,500,14740,C,Bremerton-Silverdale-Port Orchard  WA ,73,73,24573,0,0,0,0,0,0,0,0,0,63,63,22087,0,0,0,0,0,0,0,0,0
201904,500,34580, ,Mount Vernon-Anacortes  WA ,43,43,9915,0,0,0,0,0,0,0,0,0,20,20,4790,0,0,0,0,0,0,0,0,0
201904,500,36500, ,Olympia-Lacey-Tumwater  WA ,70,70,14174,0,0,0,4,15,1573,3,37,3853,51,51,9823,0,0,0,3,11,933,1,24,2264
201904,500,42660,C,Seattle-Tacoma-Bellevue  WA ,791,791,268243,30,60,12304,26,90,16027,30,2095,265447,665,665,220441,28,56,11601,26,90,16027,29,2083,263932
201904,508,43340,C,Shreveport-Bossier City  LA ,79,79,19279,0,0,0,0,0,0,0,0,0,46,46,10568,0,0,0,0,0,0,0,0,0
201904,515,21140, ,Elkhart-Goshen  IN ,25,25,6506,0,0,0,0,0,0,0,0,0,25,25,6506,0,0,0,0,0,0,0,0,0
201904,515,35660, ,Niles  MI ,2,2,1093,0,0,0,0,0,0,0,0,0,2,2,1093,0,0,0,0,0,0,0,0,0
201904,515,43780, ,South Bend-Mishawaka  IN-MI ,29,29,9071,0,0,0,0,0,0,0,0,0,29,29,9071,0,0,0,0,0,0,0,0,0
201904,518,17660, ,Coeur dAlene  ID ,145,145,33287,2,4,663,0,0,0,1,10,1344,106,106,24721,2,4,663,0,0,0,0,0,0
201904,518,44060, ,Spokane-Spokane Valley  WA ,179,179,47720,16,32,5897,1,3,387,3,57,7507,142,142,38245,15,30,5551,0,0,0,2,18,2744
201904,522,44100, ,Springfield  IL ,7,7,1987,2,4,752,0,0,0,1,5,250,0,0,0,0,0,0,0,0,0,0,0,0
201904,524,44300, ,State College  PA ,8,8,3413,0,0,0,0,0,0,0,0,0,6,6,3080,0,0,0,0,0,0,0,0,0
201904,532,45060, ,Syracuse  NY ,33,33,9088,1,2,200,0,0,0,1,42,4845,32,32,8868,1,2,200,0,0,0,0,0,0
201904,534,45780, ,Toledo  OH ,78,78,22324,0,0,0,0,0,0,5,128,1325,77,77,22212,0,0,0,0,0,0,5,128,1325
201904,536,46060,C,Tucson  AZ ,285,285,81556,6,12,4214,0,0,0,9,111,15739,143,143,42032,3,6,3497,0,0,0,0,0,0
201904,538,46140,C,Tulsa  OK ,288,288,63843,2,4,260,0,0,0,1,9,810,275,275,61496,2,4,260,0,0,0,1,9,810
201904,540,46340, ,Tyler  TX ,95,95,27616,0,0,0,0,0,0,0,0,0,95,95,27616,0,0,0,0,0,0,0,0,0
201904,545,47260, ,Virginia Beach-Norfolk-Newport News  VA-NC ,338,338,73404,2,4,431,0,0,0,7,254,19564,301,301,68467,2,4,431,0,0,0,7,254,19564
201904,548,12580,C,Baltimore-Columbia-Towson  MD ,446,446,94984,0,0,0,0,0,0,3,330,86580,443,443,94366,0,0,0,0,0,0,3,330,86580
201904,548,15680,C,California-Lexington Park  MD ,46,46,13042,0,0,0,0,0,0,0,0,0,46,46,13042,0,0,0,0,0,0,0,0,0
201904,548,16540,C,Chambersburg-Waynesboro  PA ,23,23,4633,1,2,185,0,0,0,1,5,488,14,14,3314,0,0,0,0,0,0,0,0,0
201904,548,25180, ,Hagerstown-Martinsburg  MD-WV ,105,105,20164,1,2,233,0,0,0,1,5,354,21,21,4530,1,2,233,0,0,0,0,0,0
201904,548,47900, ,Washington-Arlington-Alexandria  DC-VA-MD-WV ,1318,1318,318273,8,16,1725,0,0,0,21,1288,145335,1222,1222,289835,6,12,1458,0,0,0,19,988,125876
201904,548,49020, ,Winchester  VA-WV ,95,95,19378,0,0,0,0,0,0,0,0,0,95,95,19378,0,0,0,0,0,0,0,0,0
201904,554,48140, ,Wausau-Weston  WI ,21,21,4329,2,4,400,0,0,0,0,0,0,7,7,1510,2,4,400,0,0,0,0,0,0
201904,556,48620, ,Wichita  KS ,106,106,20175,32,64,5827,1,3,275,1,23,1609,16,16,4290,20,40,3844,0,0,0,0,0,0
201904,558,48700, ,Williamsport  PA ,1,1,280,1,2,300,0,0,0,0,0,0,1,1,280,1,2,300,0,0,0,0,0,0
201904,566,49660, ,Youngstown-Warren-Boardman  OH-PA ,31,31,5586,1,2,217,0,0,0,0,0,0,30,30,5456,1,2,217,0,0,0,0,0,0
201904,999,10180, ,Abilene  TX ,31,31,7236,0,0,0,0,0,0,0,0,0,31,31,7236,0,0,0,0,0,0,0,0,0
201904,999,10500, ,Albany  GA ,33,33,2846,0,0,0,0,0,0,0,0,0,1,1,165,0,0,0,0,0,0,0,0,0
201904,999,10780, ,Alexandria  LA ,21,21,4626,0,0,0,0,0,0,0,0,0,0,0,0,0,0,0,0,0,0,0,0,0
201904,999,10900, ,Allentown-Bethlehem-Easton  PA-NJ ,22,22,5730,0,0,0,0,0,0,0,0,0,9,9,2273,0,0,0,0,0,0,0,0,0
201904,999,11260,C,Anchorage  AK ,80,80,24792,1,2,345,2,6,1042,2,15,2371,4,4,985,1,2,345,0,0,0,0,0,0
201904,999,11500, ,Anniston-Oxford  AL ,12,12,1086,0,0,0,0,0,0,0,0,0,12,12,1086,0,0,0,0,0,0,0,0,0
201904,999,12260, ,Augusta-Richmond County  GA-SC ,158,158,30915,0,0,0,0,0,0,0,0,0,155,155,30363,0,0,0,0,0,0,0,0,0
201904,999,12420, ,Austin-Round Rock-Georgetown  TX ,1790,1790,405953,1,2,250,1,3,218,35,1319,84213,1477,1477,335890,1,2,250,1,3,218,35,1319,84213
201904,999,12540, ,Bakersfield  CA ,169,169,44524,6,12,1420,0,0,0,0,0,0,16,16,3738,0,0,0,0,0,0,0,0,0
201904,999,12620, ,Bangor  ME ,9,9,2208,0,0,0,1,3,505,0,0,0,3,3,920,0,0,0,0,0,0,0,0,0
201904,999,12940, ,Baton Rouge  LA ,325,325,66733,0,0,0,0,0,0,1,5,943,125,125,28679,0,0,0,0,0,0,0,0,0
201904,999,13140, ,Beaumont-Port Arthur  TX ,45,45,9919,0,0,0,0,0,0,0,0,0,45,45,9919,0,0,0,0,0,0,0,0,0
201904,999,13220,C,Beckley  WV ,7,7,1135,0,0,0,0,0,0,0,0,0,7,7,1135,0,0,0,0,0,0,0,0,0
201904,999,13380, ,Bellingham  WA ,72,72,19436,0,0,0,2,6,1047,5,196,36352,33,33,8330,0,0,0,1,3,499,4,191,35864
201904,999,13740, ,Billings  MT ,36,36,9901,3,6,1276,0,0,0,0,0,0,36,36,9901,3,6,1276,0,0,0,0,0,0
201904,999,13780, ,Binghamton  NY ,0,0,0,0,0,0,0,0,0,0,0,0,0,0,0,0,0,0,0,0,0,0,0,0
201904,999,13900, ,Bismarck  ND ,54,54,13873,0,0,0,0,0,0,0,0,0,48,48,12142,0,0,0,0,0,0,0,0,0
201904,999,13980, ,Blacksburg-Christiansburg  VA ,3,3,778,0,0,0,0,0,0,0,0,0,3,3,778,0,0,0,0,0,0,0,0,0
201904,999,15260, ,Brunswick  GA ,54,54,15432,0,0,0,0,0,0,0,0,0,0,0,0,0,0,0,0,0,0,0,0,0
201904,999,16220, ,Casper  WY ,21,21,5835,1,2,161,1,3,0,1,9,1099,14,14,3909,0,0,0,0,0,0,0,0,0
201904,999,16580, ,Champaign-Urbana  IL ,14,14,3407,0,0,0,0,0,0,2,331,42798,14,14,3407,0,0,0,0,0,0,2,331,42798
201904,999,16700,C,Charleston-North Charleston  SC ,453,453,124541,0,0,0,0,0,0,7,155,9762,288,288,97914,0,0,0,0,0,0,0,0,0
201904,999,16820, ,Charlottesville  VA ,59,59,18269,0,0,0,0,0,0,2,22,2473,3,3,900,0,0,0,0,0,0,0,0,0
201904,999,16940, ,Cheyenne  WY ,39,39,7421,1,2,318,2,8,689,1,8,965,18,18,3488,0,0,0,0,0,0,0,0,0
201904,999,17020, ,Chico  CA ,21,21,5295,0,0,0,0,0,0,4,24,2924,21,21,5295,0,0,0,0,0,0,4,24,2924
201904,999,17300,C,Clarksville  TN-KY ,174,174,26305,2,4,191,1,4,253,3,15,823,97,97,16994,0,0,0,0,0,0,0,0,0
201904,999,17780, ,College Station-Bryan  TX ,103,103,19713,0,0,0,0,0,0,0,0,0,102,102,19482,0,0,0,0,0,0,0,0,0
201904,999,17820,C,Colorado Springs  CO ,387,387,140554,0,0,0,1,4,479,3,156,21981,387,387,140554,0,0,0,1,4,479,3,156,21981
201904,999,18880,C,Crestview-Fort Walton Beach-Destin  FL ,189,189,80320,2,4,403,3,12,1745,13,251,28949,169,169,76289,2,4,403,3,12,1745,13,251,28949
201904,999,19060, ,Cumberland  MD-WV ,1,1,121,0,0,0,0,0,0,0,0,0,1,1,121,0,0,0,0,0,0,0,0,0
201904,999,19180, ,Danville  IL ,0,0,0,0,0,0,0,0,0,0,0,0,0,0,0,0,0,0,0,0,0,0,0,0
201904,999,19500, ,Decatur  IL ,2,2,890,0,0,0,0,0,0,0,0,0,2,2,890,0,0,0,0,0,0,0,0,0
201904,999,20220, ,Dubuque  IA ,17,17,4936,0,0,0,0,0,0,0,0,0,17,17,4936,0,0,0,0,0,0,0,0,0
201904,999,20260, ,Duluth  MN-WI ,7,7,1413,0,0,0,0,0,0,0,0,0,7,7,1413,0,0,0,0,0,0,0,0,0
201904,999,20940, ,El Centro  CA ,10,10,2165,0,0,0,0,0,0,0,0,0,10,10,2165,0,0,0,0,0,0,0,0,0
201904,999,21420, ,Enid  OK ,3,3,755,0,0,0,0,0,0,0,0,0,3,3,755,0,0,0,0,0,0,0,0,0
201904,999,21660, ,Eugene-Springfield  OR ,49,49,12696,0,0,0,0,0,0,1,12,1479,19,19,5209,0,0,0,0,0,0,1,12,1479
201904,999,21780, ,Evansville  IN-KY ,75,75,16847,6,12,720,0,0,0,1,6,595,75,75,16847,6,12,720,0,0,0,1,6,595
201904,999,21820,C,Fairbanks  AK ,0,0,0,0,0,0,0,0,0,0,0,0,0,0,0,0,0,0,0,0,0,0,0,0
201904,999,22140,C,Farmington  NM ,4,4,898,0,0,0,0,0,0,0,0,0,4,4,898,0,0,0,0,0,0,0,0,0
201904,999,22220, ,Fayetteville-Springdale-Rogers  AR-MO ,347,347,93937,11,22,2794,2,6,426,2,32,2597,284,284,82264,9,18,2488,0,0,0,0,0,0
201904,999,22380, ,Flagstaff  AZ ,54,54,9699,0,0,0,0,0,0,0,0,0,54,54,9699,0,0,0,0,0,0,0,0,0
201904,999,22500, ,Florence  SC ,37,37,4506,0,0,0,0,0,0,3,51,4418,0,0,0,0,0,0,0,0,0,0,0,0
201904,999,22520, ,Florence-Muscle Shoals  AL ,26,26,3177,0,0,0,0,0,0,0,0,0,13,13,1678,0,0,0,0,0,0,0,0,0
201904,999,22540, ,Fond du Lac  WI ,8,8,1812,0,0,0,0,0,0,0,0,0,3,3,740,0,0,0,0,0,0,0,0,0
201904,999,22660,C,Fort Collins  CO ,108,108,30995,0,0,0,1,3,207,2,10,1283,108,108,30995,0,0,0,1,3,207,2,10,1283
201904,999,22900, ,Fort Smith  AR-OK ,18,18,3946,6,12,3868,1,3,255,0,0,0,14,14,3538,6,12,3868,0,0,0,0,0,0
201904,999,23460, ,Gadsden  AL ,5,5,853,0,0,0,0,0,0,0,0,0,0,0,0,0,0,0,0,0,0,0,0,0
201904,999,24220, ,Grand Forks  ND-MN ,9,9,2439,0,0,0,0,0,0,1,18,1567,0,0,0,0,0,0,0,0,0,0,0,0
201904,999,24260, ,Grand Island  NE ,12,12,3273,0,0,0,0,0,0,1,8,847,12,12,3273,0,0,0,0,0,0,1,8,847
201904,999,24300,C,Grand Junction  CO ,79,79,11579,0,0,0,0,0,0,0,0,0,79,79,11579,0,0,0,0,0,0,0,0,0
201904,999,24500,C,Great Falls  MT ,10,10,5884,0,0,0,0,0,0,0,0,0,10,10,5884,0,0,0,0,0,0,0,0,0
201904,999,25060, ,Gulfport-Biloxi  MS ,151,151,25867,1,2,149,0,0,0,1,7,593,111,111,20257,1,2,149,0,0,0,0,0,0
201904,999,25860, ,Hickory-Lenoir-Morganton  NC ,0,0,0,0,0,0,0,0,0,1,5,279,0,0,0,0,0,0,0,0,0,0,0,0
201904,999,25940, ,Hilton Head Island-Bluffton  SC ,78,78,26956,0,0,0,0,0,0,1,20,2121,37,37,9160,0,0,0,0,0,0,0,0,0
201904,999,26140, ,Homosassa Springs  FL ,38,38,8211,2,4,109,0,0,0,1,5,432,0,0,0,0,0,0,0,0,0,0,0,0
201904,999,26380, ,Houma-Thibodaux  LA ,40,40,7510,0,0,0,0,0,0,0,0,0,28,28,4450,0,0,0,0,0,0,0,0,0
201904,999,27100, ,Jackson  MI ,0,0,0,0,0,0,0,0,0,0,0,0,0,0,0,0,0,0,0,0,0,0,0,0
201904,999,27340,C,Jacksonville  NC ,120,120,15605,0,0,0,0,0,0,0,0,0,120,120,15605,0,0,0,0,0,0,0,0,0
201904,999,27980,C,Kahului-Wailuku-Lahaina  HI ,27,27,9961,1,2,350,0,0,0,0,0,0,27,27,9961,1,2,350,0,0,0,0,0,0
201904,999,28660,C,Killeen-Temple  TX ,206,206,36651,24,48,4250,0,0,0,1,5,397,206,206,36651,24,48,4250,0,0,0,0,0,0
201904,999,29100, ,La Crosse-Onalaska  WI-MN ,22,22,6705,2,4,550,0,0,0,2,29,3373,15,15,5250,2,4,550,0,0,0,1,24,3000
201904,999,29420, ,Lake Havasu City-Kingman  AZ ,93,93,20935,0,0,0,0,0,0,0,0,0,93,93,20935,0,0,0,0,0,0,0,0,0
201904,999,29540, ,Lancaster  PA ,11,11,2065,0,0,0,0,0,0,0,0,0,3,3,645,0,0,0,0,0,0,0,0,0
201904,999,29620, ,Lansing-East Lansing  MI ,21,21,4312,0,0,0,0,0,0,0,0,0,18,18,3729,0,0,0,0,0,0,0,0,0
201904,999,29700, ,Laredo  TX ,99,99,17776,1,2,140,0,0,0,1,19,1808,0,0,0,0,0,0,0,0,0,0,0,0
201904,999,30020, ,Lawton  OK ,5,5,1129,0,0,0,0,0,0,0,0,0,5,5,1129,0,0,0,0,0,0,0,0,0
201904,999,30300, ,Lewiston  ID-WA ,0,0,0,0,0,0,0,0,0,0,0,0,0,0,0,0,0,0,0,0,0,0,0,0
201904,999,30860, ,Logan  UT-ID ,14,14,3794,0,0,0,0,0,0,0,0,0,14,14,3794,0,0,0,0,0,0,0,0,0
201904,999,30980, ,Longview  TX ,12,12,2088,1,2,284,0,0,0,0,0,0,0,0,0,0,0,0,0,0,0,0,0,0
201904,999,31340, ,Lynchburg  VA ,28,28,6685,0,0,0,0,0,0,1,24,1749,12,12,2536,0,0,0,0,0,0,1,24,1749
201904,999,31740, ,Manhattan  KS ,29,29,8099,0,0,0,0,0,0,0,0,0,28,28,7967,0,0,0,0,0,0,0,0,0
201904,999,33540,C,Missoula  MT ,45,45,10042,0,0,0,1,3,133,0,0,0,45,45,10042,0,0,0,1,3,133,0,0,0
201904,999,36100, ,Ocala  FL ,92,92,17956,0,0,0,0,0,0,0,0,0,92,92,17956,0,0,0,0,0,0,0,0,0
201904,999,36980, ,Owensboro  KY ,24,24,1907,0,0,0,0,0,0,0,0,0,24,24,1907,0,0,0,0,0,0,0,0,0
201904,999,37340, ,Palm Bay-Melbourne-Titusville  FL ,148,148,50762,0,0,0,0,0,0,37,1002,92294,148,148,50762,0,0,0,0,0,0,37,1002,92294
201904,999,37460, ,Panama City  FL ,50,50,13231,0,0,0,0,0,0,1,31,2549,0,0,0,0,0,0,0,0,0,0,0,0
201904,999,37900, ,Peoria  IL ,12,12,4402,0,0,0,0,0,0,0,0,0,12,12,4402,0,0,0,0,0,0,0,0,0
201904,999,38340, ,Pittsfield  MA ,1,1,329,0,0,0,0,0,0,0,0,0,0,0,0,0,0,0,0,0,0,0,0,0
201904,999,38540, ,Pocatello  ID ,25,25,3003,1,2,116,2,8,440,1,6,450,21,21,2165,1,2,116,2,8,440,1,6,450
201904,999,39150, ,Prescott Valley-Prescott  AZ ,118,118,36786,0,0,0,0,0,0,0,0,0,118,118,36786,0,0,0,0,0,0,0,0,0
201904,999,40060, ,Richmond  VA ,395,395,76486,16,32,1719,3,12,1409,7,36,3013,377,377,73894,16,32,1719,3,12,1409,7,36,3013
201904,999,41100, ,St. George  UT ,148,148,28690,1,2,157,2,8,714,1,48,4859,58,58,14398,0,0,0,0,0,0,0,0,0
201904,999,41500, ,Salinas  CA ,4,4,3495,0,0,0,0,0,0,4,24,4208,3,3,3269,0,0,0,0,0,0,3,18,3473
201904,999,41660,C,San Angelo  TX ,24,24,5691,0,0,0,0,0,0,0,0,0,24,24,5691,0,0,0,0,0,0,0,0,0
201904,999,41740,C,San Diego-Chula Vista-Carlsbad  CA ,289,289,107798,1,2,261,26,91,21992,22,530,73777,256,256,96428,0,0,0,26,91,21992,18,494,70522
201904,999,42020, ,San Luis Obispo-Paso Robles  CA ,25,25,12135,0,0,0,0,0,0,0,0,0,25,25,12135,0,0,0,0,0,0,0,0,0
201904,999,42200, ,Santa Maria-Santa Barbara  CA ,28,28,7512,0,0,0,0,0,0,0,0,0,28,28,7512,0,0,0,0,0,0,0,0,0
201904,999,42540, ,Scranton--Wilkes-Barre  PA ,4,4,877,0,0,0,0,0,0,0,0,0,3,3,630,0,0,0,0,0,0,0,0,0
201904,999,43100, ,Sheboygan  WI ,1,1,226,0,0,0,0,0,0,0,0,0,0,0,0,0,0,0,0,0,0,0,0,0
201904,999,43420, ,Sierra Vista-Douglas  AZ ,18,18,3696,0,0,0,0,0,0,0,0,0,17,17,3617,0,0,0,0,0,0,0,0,0
201904,999,43580, ,Sioux City  IA-NE-SD ,13,13,3526,0,0,0,0,0,0,0,0,0,3,3,680,0,0,0,0,0,0,0,0,0
201904,999,43620, ,Sioux Falls  SD ,121,121,26470,1,2,317,0,0,0,4,96,8445,121,121,26470,1,2,317,0,0,0,4,96,8445
201904,999,44140, ,Springfield  MA ,4,4,919,1,2,200,0,0,0,0,0,0,0,0,0,1,2,200,0,0,0,0,0,0
201904,999,44180, ,Springfield  MO ,58,58,11630,0,0,0,0,0,0,2,40,5750,58,58,11630,0,0,0,0,0,0,2,40,5750
201904,999,44940, ,Sumter  SC ,20,20,2712,0,0,0,0,0,0,0,0,0,0,0,0,0,0,0,0,0,0,0,0,0
201904,999,45220, ,Tallahassee  FL ,82,82,16070,1,2,222,0,0,0,4,116,15325,26,26,4862,0,0,0,0,0,0,0,0,0
201904,999,45300,C,Tampa-St. Petersburg-Clearwater  FL ,1164,1164,129951,3,6,688,0,0,0,22,947,107541,1161,1161,129097,3,6,688,0,0,0,20,937,104830
201904,999,45460, ,Terre Haute  IN ,2,2,373,2,4,422,0,0,0,1,15,1038,0,0,0,1,2,284,0,0,0,0,0,0
201904,999,45500, ,Texarkana  TX-AR ,3,3,685,0,0,0,0,0,0,0,0,0,0,0,0,0,0,0,0,0,0,0,0,0
201904,999,45820, ,Topeka  KS ,45,45,9896,2,4,460,0,0,0,0,0,0,45,45,9896,2,4,460,0,0,0,0,0,0
201904,999,46220, ,Tuscaloosa  AL ,47,47,12517,2,4,950,2,8,1119,4,53,5134,17,17,4114,0,0,0,0,0,0,0,0,0
201904,999,46300, ,Twin Falls  ID ,77,77,11825,0,0,0,0,0,0,0,0,0,77,77,11825,0,0,0,0,0,0,0,0,0
201904,999,46520,C,Urban Honolulu  HI ,60,60,26481,0,0,0,0,0,0,0,0,0,60,60,26481,0,0,0,0,0,0,0,0,0
201904,999,46540, ,Utica-Rome  NY ,0,0,0,0,0,0,0,0,0,0,0,0,0,0,0,0,0,0,0,0,0,0,0,0
201904,999,46660, ,Valdosta  GA ,87,87,15384,0,0,0,0,0,0,0,0,0,40,40,7448,0,0,0,0,0,0,0,0,0
201904,999,47300, ,Visalia  CA ,120,120,31707,4,8,860,0,0,0,0,0,0,120,120,31707,4,8,860,0,0,0,0,0,0
201904,999,47380, ,Waco  TX ,66,66,15583,0,0,0,0,0,0,2,24,1301,66,66,15583,0,0,0,0,0,0,2,24,1301
201904,999,47940, ,Waterloo-Cedar Falls  IA ,12,12,3784,0,0,0,1,4,410,0,0,0,12,12,3784,0,0,0,1,4,410,0,0,0
201904,999,48060, ,Watertown-Fort Drum  NY ,10,10,1034,0,0,0,0,0,0,0,0,0,0,0,0,0,0,0,0,0,0,0,0,0
201904,999,48300, ,Wenatchee  WA ,54,54,10411,1,2,346,0,0,0,0,0,0,28,28,6134,1,2,346,0,0,0,0,0,0
201904,999,48540, ,Wheeling  WV-OH ,0,0,0,0,0,0,0,0,0,0,0,0,0,0,0,0,0,0,0,0,0,0,0,0
201904,999,48660, ,Wichita Falls  TX ,0,0,0,0,0,0,0,0,0,0,0,0,0,0,0,0,0,0,0,0,0,0,0,0
201904,999,48900, ,Wilmington  NC ,110,110,37789,0,0,0,0,0,0,0,0,0,109,109,37467,0,0,0,0,0,0,0,0,0
201904,999,49420, ,Yakima  WA ,33,33,8878,4,8,788,2,6,426,1,6,524,33,33,8878,4,8,788,2,6,426,1,6,524
201904,999,49740, ,Yuma  AZ ,94,94,13635,0,0,0,0,0,0,0,0,0,94,94,13635,0,0,0,0,0,0,0,0,0
