Survey,CSA,CBSA,MONCOV,CBSA,,1-unit,,,2-units,,,3-4 units,,,5+ units,,,1-unit rep,,,2-units rep,,,3-4 units rep,,,5+ units rep
Date,Code,Code,,Name,Bldgs,Units,Value,Bldgs,Units,Value,Bldgs,Units,Value,Bldgs,Units,Value,Bldgs,Units,Value,Bldgs,Units,Value,      Bldgs,Units,Value,Bldgs,Units,Value
 
201908,104,10580,C,Albany-Schenectady-Troy  NY ,106,106,30917,1,2,200,3,12,1540,4,32,2423,86,86,25047,1,2,200,3,12,1540,2,16,800
201908,104,24020, ,Glens Falls  NY ,22,22,5340,0,0,0,0,0,0,0,0,0,14,14,3461,0,0,0,0,0,0,0,0,0
201908,106,10740,C,Albuquerque  NM ,180,180,40742,0,0,0,0,0,0,1,5,208,24,24,8323,0,0,0,0,0,0,0,0,0
201908,106,42140,C,Santa Fe  NM ,53,53,7552,0,0,0,0,0,0,0,0,0,53,53,7552,0,0,0,0,0,0,0,0,0
201908,107,11020, ,Altoona  PA ,0,0,0,0,0,0,0,0,0,0,0,0,0,0,0,0,0,0,0,0,0,0,0,0
201908,108,11100, ,Amarillo  TX ,26,26,6174,1,2,224,0,0,0,0,0,0,26,26,6174,1,2,224,0,0,0,0,0,0
201908,118,11540, ,Appleton  WI ,36,36,11438,4,8,1051,0,0,0,0,0,0,36,36,11438,4,8,1051,0,0,0,0,0,0
201908,118,36780, ,Oshkosh-Neenah  WI ,18,18,6359,0,0,0,0,0,0,0,0,0,16,16,6048,0,0,0,0,0,0,0,0,0
201908,120,11700, ,Asheville  NC ,190,190,54268,0,0,0,0,0,0,2,27,3082,55,55,14277,0,0,0,0,0,0,0,0,0
201908,122,12020, ,Athens-Clarke County  GA ,61,61,14296,6,12,1450,1,4,368,3,15,1379,61,61,14296,6,12,1450,1,4,368,3,15,1379
201908,122,12060, ,Atlanta-Sandy Springs-Alpharetta  GA ,2283,2283,530454,4,8,415,3,11,2584,10,386,48600,1996,1996,472671,4,8,415,3,11,2584,7,304,37175
201908,122,23580, ,Gainesville  GA ,70,70,16449,0,0,0,0,0,0,1,76,10700,15,15,3603,0,0,0,0,0,0,1,76,10700
201908,122,40660,C,Rome  GA ,20,20,3336,0,0,0,0,0,0,0,0,0,20,20,3336,0,0,0,0,0,0,0,0,0
201908,140,13460,C,Bend  OR ,136,136,37511,7,14,1971,1,4,274,2,18,1782,136,136,37511,7,14,1971,1,4,274,2,18,1782
201908,142,13820,C,Birmingham-Hoover  AL ,288,288,75001,1,2,247,1,3,280,3,23,2414,164,164,39104,0,0,0,1,3,280,0,0,0
201908,144,14020,C,Bloomington  IN ,21,21,5464,3,6,807,0,0,0,1,12,1381,3,3,812,0,0,0,0,0,0,0,0,0
201908,145,14010, ,Bloomington  IL ,3,3,238,0,0,0,0,0,0,0,0,0,3,3,238,0,0,0,0,0,0,0,0,0
201908,146,14100,C,Bloomsburg-Berwick  PA ,9,9,2356,0,0,0,0,0,0,1,7,922,5,5,1302,0,0,0,0,0,0,0,0,0
201908,147,14260,C,Boise City  ID ,645,645,141397,7,14,1303,7,28,2126,23,537,54531,573,573,120149,6,12,1162,7,28,2126,23,537,54531
201908,148,12700, ,Barnstable Town  MA ,1,1,600,0,0,0,0,0,0,0,0,0,1,1,600,0,0,0,0,0,0,0,0,0
201908,148,14460,C,Boston-Cambridge-Newton  MA-NH ,415,415,135824,17,34,6828,7,22,3538,29,940,152378,216,216,69650,9,18,3668,5,16,1606,9,586,102538
201908,148,31700, ,Manchester-Nashua  NH ,45,45,7934,2,4,563,0,0,0,2,139,18057,30,30,5532,1,2,300,0,0,0,1,133,17300
201908,148,39300,C,Providence-Warwick  RI-MA ,134,134,30107,5,10,1003,1,4,203,1,5,828,71,71,17027,1,2,260,1,4,203,0,0,0
201908,148,49340, ,Worcester  MA-CT ,18,18,4178,0,0,0,0,0,0,0,0,0,12,12,2685,0,0,0,0,0,0,0,0,0
201908,150,14540, ,Bowling Green  KY ,65,65,15435,1,2,68,1,4,710,8,40,4600,65,65,15435,1,2,68,1,4,710,8,40,4600
201908,154,15180, ,Brownsville-Harlingen  TX ,80,80,8053,1,2,154,0,0,0,0,0,0,17,17,1659,1,2,154,0,0,0,0,0,0
201908,160,15380,C,Buffalo-Cheektowaga  NY ,78,78,26115,0,0,0,2,8,2540,6,77,9819,59,59,21648,0,0,0,2,8,2540,4,44,3120
201908,162,15540, ,Burlington-South Burlington  VT ,24,24,5989,0,0,0,1,3,263,1,5,115,19,19,4727,0,0,0,0,0,0,0,0,0
201908,163,15980,C,Cape Coral-Fort Myers  FL ,469,469,100560,7,14,1797,3,12,3048,3,166,13806,469,469,100560,7,14,1797,3,12,3048,3,166,13806
201908,163,34940, ,Naples-Marco Island  FL ,263,263,57172,0,0,0,1,4,1010,14,358,38444,263,263,57172,0,0,0,1,4,1010,14,358,38444
201908,164,16020, ,Cape Girardeau  MO-IL ,0,0,0,0,0,0,0,0,0,0,0,0,0,0,0,0,0,0,0,0,0,0,0,0
201908,168,16300, ,Cedar Rapids  IA ,34,34,5813,1,2,168,0,0,0,0,0,0,34,34,5813,1,2,168,0,0,0,0,0,0
201908,168,26980, ,Iowa City  IA ,24,24,6080,1,2,407,0,0,0,1,32,3800,16,16,4245,0,0,0,0,0,0,1,32,3800
201908,170,16620, ,Charleston  WV ,10,10,985,0,0,0,0,0,0,0,0,0,3,3,560,0,0,0,0,0,0,0,0,0
201908,170,26580, ,Huntington-Ashland  WV-KY-OH ,18,18,3648,0,0,0,0,0,0,0,0,0,11,11,2612,0,0,0,0,0,0,0,0,0
201908,172,16740, ,Charlotte-Concord-Gastonia  NC-SC ,1476,1476,375392,2,4,389,2,6,778,25,670,77974,1269,1269,303730,2,4,389,2,6,778,24,654,76158
201908,174,16860, ,Chattanooga  TN-GA ,149,149,33475,3,6,459,0,0,0,1,17,1925,108,108,23704,0,0,0,0,0,0,0,0,0
201908,174,17420, ,Cleveland  TN ,32,32,5417,1,2,173,1,4,360,0,0,0,0,0,0,0,0,0,0,0,0,0,0,0
201908,176,16980, ,Chicago-Naperville-Elgin  IL-IN-WI ,659,659,196241,10,20,4002,18,63,14989,19,589,51856,535,535,161163,8,16,3481,17,60,14479,12,510,43728
201908,176,28100, ,Kankakee  IL ,1,1,273,0,0,0,0,0,0,0,0,0,1,1,273,0,0,0,0,0,0,0,0,0
201908,176,33140, ,Michigan City-La Porte  IN ,9,9,2224,0,0,0,0,0,0,0,0,0,1,1,331,0,0,0,0,0,0,0,0,0
201908,178,17140, ,Cincinnati  OH-KY-IN ,405,405,100885,2,4,1043,0,0,0,4,50,4350,351,351,87430,1,2,385,0,0,0,4,50,4350
201908,184,10420, ,Akron  OH ,44,44,27510,0,0,0,0,0,0,0,0,0,44,44,27510,0,0,0,0,0,0,0,0,0
201908,184,15940, ,Canton-Massillon  OH ,38,38,9070,1,2,296,1,3,154,1,7,538,34,34,8603,1,2,296,0,0,0,0,0,0
201908,184,17460, ,Cleveland-Elyria  OH ,244,244,73905,1,2,11,0,0,0,1,24,7000,171,171,57919,0,0,0,0,0,0,1,24,7000
201908,190,17860, ,Columbia  MO ,44,44,12409,0,0,0,0,0,0,0,0,0,44,44,12409,0,0,0,0,0,0,0,0,0
201908,192,17900,C,Columbia  SC ,355,355,83703,0,0,0,0,0,0,2,10,1332,177,177,38954,0,0,0,0,0,0,0,0,0
201908,194,12220,C,Auburn-Opelika  AL ,105,105,26796,2,4,799,0,0,0,0,0,0,105,105,26796,2,4,799,0,0,0,0,0,0
201908,194,17980, ,Columbus  GA-AL ,60,60,11689,0,0,0,1,4,246,2,15,2818,30,30,5854,0,0,0,0,0,0,0,0,0
201908,198,18140, ,Columbus  OH ,305,305,86285,0,0,0,3,12,2090,43,1058,66344,246,246,70941,0,0,0,3,12,2090,42,1053,66119
201908,204,18580, ,Corpus Christi  TX ,101,101,17578,0,0,0,0,0,0,0,0,0,0,0,0,0,0,0,0,0,0,0,0,0
201908,206,19100, ,Dallas-Fort Worth-Arlington  TX ,3328,3328,901412,34,68,6783,3,11,1208,51,2964,313374,2484,2484,632184,34,68,6783,2,8,1073,41,2481,254135
201908,209,19340, ,Davenport-Moline-Rock Island  IA-IL ,25,25,6219,0,0,0,0,0,0,1,5,259,8,8,1563,0,0,0,0,0,0,0,0,0
201908,212,19430, ,Dayton-Kettering  OH ,91,91,30746,0,0,0,0,0,0,0,0,0,53,53,22199,0,0,0,0,0,0,0,0,0
201908,212,44220, ,Springfield  OH ,5,5,1348,0,0,0,0,0,0,0,0,0,5,5,1348,0,0,0,0,0,0,0,0,0
201908,216,14500, ,Boulder  CO ,64,64,29382,0,0,0,1,3,570,2,39,4923,21,21,12281,0,0,0,0,0,0,0,0,0
201908,216,19740,C,Denver-Aurora-Lakewood  CO ,1256,1256,408305,6,12,1155,4,15,2561,13,276,39992,1150,1150,376425,5,10,733,4,15,2561,10,237,34698
201908,216,24540, ,Greeley  CO ,221,221,59175,0,0,0,0,0,0,2,29,2222,160,160,42483,0,0,0,0,0,0,0,0,0
201908,218,11180, ,Ames  IA ,7,7,2248,0,0,0,0,0,0,2,120,8400,7,7,2248,0,0,0,0,0,0,2,120,8400
201908,218,19780, ,Des Moines-West Des Moines  IA ,536,536,147685,1,2,430,0,0,0,5,221,29557,529,529,145844,1,2,430,0,0,0,4,216,29096
201908,220,11460, ,Ann Arbor  MI ,27,27,6567,0,0,0,0,0,0,4,54,6338,14,14,3148,0,0,0,0,0,0,4,54,6338
201908,220,19820, ,Detroit-Warren-Dearborn  MI ,541,541,152443,4,8,328,3,10,1414,5,44,6240,391,391,115419,3,6,188,1,4,855,2,22,2644
201908,220,22420, ,Flint  MI ,14,14,3418,0,0,0,2,7,1180,0,0,0,8,8,1765,0,0,0,1,4,607,0,0,0
201908,220,33780, ,Monroe  MI ,1,1,150,0,0,0,0,0,0,0,0,0,1,1,150,0,0,0,0,0,0,0,0,0
201908,222,20020, ,Dothan  AL ,23,23,6002,0,0,0,0,0,0,0,0,0,20,20,5381,0,0,0,0,0,0,0,0,0
201908,232,20740, ,Eau Claire  WI ,39,39,9448,8,16,1922,0,0,0,0,0,0,39,39,9448,8,16,1922,0,0,0,0,0,0
201908,236,21300, ,Elmira  NY ,2,2,400,0,0,0,0,0,0,0,0,0,2,2,400,0,0,0,0,0,0,0,0,0
201908,238,21340,C,El Paso  TX ,204,204,46057,8,16,1890,1,4,525,5,54,9431,43,43,10211,0,0,0,0,0,0,0,0,0
201908,238,29740,C,Las Cruces  NM ,65,65,15483,0,0,0,0,0,0,0,0,0,50,50,11342,0,0,0,0,0,0,0,0,0
201908,240,21500, ,Erie  PA ,3,3,549,0,0,0,0,0,0,0,0,0,3,3,549,0,0,0,0,0,0,0,0,0
201908,244,22020, ,Fargo  ND-MN ,130,130,29895,0,0,0,2,8,1440,2,153,18042,125,125,28581,0,0,0,2,8,1440,2,153,18042
201908,246,22180, ,Fayetteville  NC ,139,139,24211,2,4,567,0,0,0,0,0,0,88,88,17971,1,2,224,0,0,0,0,0,0
201908,258,23060,C,Fort Wayne  IN ,113,113,30593,8,16,405,0,0,0,12,259,29965,113,113,30593,8,16,405,0,0,0,11,254,29503
201908,260,23420,C,Fresno  CA ,209,209,62250,0,0,0,0,0,0,1,5,666,198,198,60332,0,0,0,0,0,0,0,0,0
201908,260,31460, ,Madera  CA ,78,78,19844,0,0,0,0,0,0,0,0,0,78,78,19844,0,0,0,0,0,0,0,0,0
201908,264,23540, ,Gainesville  FL ,69,69,20232,0,0,0,0,0,0,1,87,2962,57,57,18612,0,0,0,0,0,0,0,0,0
201908,266,24340, ,Grand Rapids-Kentwood  MI ,151,151,38641,1,2,395,1,3,500,0,0,0,125,125,32636,0,0,0,1,3,500,0,0,0
201908,266,34740, ,Muskegon  MI ,1,1,279,0,0,0,0,0,0,0,0,0,1,1,279,0,0,0,0,0,0,0,0,0
201908,267,24580, ,Green Bay  WI ,57,57,18813,0,0,0,0,0,0,6,91,5971,53,53,17578,0,0,0,0,0,0,6,91,5971
201908,268,15500, ,Burlington  NC ,49,49,8742,0,0,0,0,0,0,2,66,2069,49,49,8742,0,0,0,0,0,0,2,66,2069
201908,268,24660,C,Greensboro-High Point  NC ,176,176,44048,0,0,0,0,0,0,0,0,0,100,100,19462,0,0,0,0,0,0,0,0,0
201908,268,49180, ,Winston-Salem  NC ,173,173,31641,0,0,0,0,0,0,2,32,1262,159,159,28693,0,0,0,0,0,0,0,0,0
201908,272,24780, ,Greenville  NC ,29,29,5129,5,10,1240,0,0,0,1,35,4071,0,0,0,0,0,0,0,0,0,0,0,0
201908,273,24860, ,Greenville-Anderson  SC ,533,533,141249,6,12,712,0,0,0,3,91,18546,508,508,137268,6,12,712,0,0,0,2,86,18369
201908,273,43900, ,Spartanburg  SC ,335,335,51294,0,0,0,0,0,0,0,0,0,335,335,51294,0,0,0,0,0,0,0,0,0
201908,276,23900,C,Gettysburg  PA ,16,16,5878,0,0,0,0,0,0,0,0,0,16,16,5878,0,0,0,0,0,0,0,0,0
201908,276,25420,C,Harrisburg-Carlisle  PA ,133,133,27281,1,2,422,1,3,428,3,52,6619,97,97,18989,1,2,422,1,3,428,2,16,1868
201908,276,30140, ,Lebanon  PA ,21,21,3906,0,0,0,0,0,0,0,0,0,0,0,0,0,0,0,0,0,0,0,0,0
201908,276,49620, ,York-Hanover  PA ,7,7,2294,0,0,0,0,0,0,0,0,0,6,6,2034,0,0,0,0,0,0,0,0,0
201908,277,25500,C,Harrisonburg  VA ,25,25,7030,0,0,0,0,0,0,0,0,0,25,25,7030,0,0,0,0,0,0,0,0,0
201908,277,44420, ,Staunton  VA ,13,13,3460,0,0,0,0,0,0,1,48,5900,13,13,3460,0,0,0,0,0,0,1,48,5900
201908,278,25540,C,Hartford-East Hartford-Middletown  CT ,91,91,15251,5,10,1458,0,0,0,7,48,4528,69,69,10098,4,8,1285,0,0,0,1,6,1034
201908,278,35980, ,Norwich-New London  CT ,9,9,1619,0,0,0,0,0,0,0,0,0,3,3,750,0,0,0,0,0,0,0,0,0
201908,279,25620, ,Hattiesburg  MS ,2,2,320,0,0,0,0,0,0,0,0,0,2,2,320,0,0,0,0,0,0,0,0,0
201908,284,26300, ,Hot Springs  AR ,3,3,860,0,0,0,0,0,0,0,0,0,3,3,860,0,0,0,0,0,0,0,0,0
201908,288,26420, ,Houston-The Woodlands-Sugar Land  TX ,3674,3674,669220,13,26,2322,0,0,0,29,1097,112765,2845,2845,608307,13,26,2322,0,0,0,25,1068,110714
201908,290,19460, ,Decatur  AL ,4,4,561,0,0,0,0,0,0,0,0,0,2,2,336,0,0,0,0,0,0,0,0,0
201908,290,26620,C,Huntsville  AL ,278,278,39241,0,0,0,0,0,0,0,0,0,278,278,39241,0,0,0,0,0,0,0,0,0
201908,292,26820, ,Idaho Falls  ID ,87,87,15122,0,0,0,1,4,253,0,0,0,73,73,12535,0,0,0,0,0,0,0,0,0
201908,294,18020, ,Columbus  IN ,30,30,6351,0,0,0,0,0,0,0,0,0,30,30,6351,0,0,0,0,0,0,0,0,0
201908,294,26900, ,Indianapolis-Carmel-Anderson  IN ,642,642,187558,16,32,7708,3,12,2510,4,162,39400,596,596,177607,16,32,7708,3,12,2510,4,162,39400
201908,294,34620, ,Muncie  IN ,3,3,619,0,0,0,0,0,0,0,0,0,3,3,619,0,0,0,0,0,0,0,0,0
201908,296,27060, ,Ithaca  NY ,3,3,637,0,0,0,0,0,0,1,7,840,2,2,381,0,0,0,0,0,0,0,0,0
201908,297,27180, ,Jackson  TN ,13,13,3155,0,0,0,0,0,0,0,0,0,13,13,3155,0,0,0,0,0,0,0,0,0
201908,298,27140, ,Jackson  MS ,108,108,26852,0,0,0,0,0,0,0,0,0,68,68,17691,0,0,0,0,0,0,0,0,0
201908,300,27260,C,Jacksonville  FL ,1269,1269,302561,1,2,224,1,4,732,0,0,0,1248,1248,297787,1,2,224,1,4,732,0,0,0
201908,304,27740, ,Johnson City  TN ,9,9,2262,1,2,98,0,0,0,1,18,1950,0,0,0,0,0,0,0,0,0,0,0,0
201908,304,28700, ,Kingsport-Bristol  TN-VA ,3,3,727,0,0,0,0,0,0,0,0,0,1,1,275,0,0,0,0,0,0,0,0,0
201908,306,27780, ,Johnstown  PA ,0,0,0,0,0,0,0,0,0,0,0,0,0,0,0,0,0,0,0,0,0,0,0,0
201908,308,27860, ,Jonesboro  AR ,45,45,7174,3,6,409,3,10,530,2,11,595,7,7,1148,0,0,0,0,0,0,0,0,0
201908,309,27900, ,Joplin  MO ,32,32,6042,0,0,0,0,0,0,0,0,0,32,32,6042,0,0,0,0,0,0,0,0,0
201908,310,12980, ,Battle Creek  MI ,0,0,0,0,0,0,0,0,0,0,0,0,0,0,0,0,0,0,0,0,0,0,0,0
201908,310,28020, ,Kalamazoo-Portage  MI ,14,14,4483,0,0,0,0,0,0,0,0,0,14,14,4483,0,0,0,0,0,0,0,0,0
201908,312,28140, ,Kansas City  MO-KS ,465,465,127767,28,56,7766,2,7,810,7,526,64065,377,377,102416,27,54,7429,2,7,810,4,296,31767
201908,312,29940, ,Lawrence  KS ,27,27,5999,0,0,0,0,0,0,1,120,14342,27,27,5999,0,0,0,0,0,0,1,120,14342
201908,312,41140, ,St. Joseph  MO-KS ,0,0,0,0,0,0,0,0,0,0,0,0,0,0,0,0,0,0,0,0,0,0,0,0
201908,313,28420,C,Kennewick-Richland  WA ,163,163,45073,1,2,242,0,0,0,0,0,0,121,121,33975,1,2,242,0,0,0,0,0,0
201908,313,47460, ,Walla Walla  WA ,16,16,4625,0,0,0,0,0,0,0,0,0,5,5,1941,0,0,0,0,0,0,0,0,0
201908,315,28940, ,Knoxville  TN ,286,286,60512,0,0,0,0,0,0,1,23,1513,86,86,19676,0,0,0,0,0,0,0,0,0
201908,316,29020, ,Kokomo  IN ,7,7,1496,0,0,0,0,0,0,0,0,0,7,7,1496,0,0,0,0,0,0,0,0,0
201908,318,29180, ,Lafayette  LA ,129,129,29644,0,0,0,0,0,0,0,0,0,48,48,9907,0,0,0,0,0,0,0,0,0
201908,320,29200, ,Lafayette-West Lafayette  IN ,36,36,8939,0,0,0,0,0,0,1,9,1046,30,30,8151,0,0,0,0,0,0,0,0,0
201908,324,29340, ,Lake Charles  LA ,59,59,12991,4,8,564,0,0,0,0,0,0,21,21,5842,4,8,564,0,0,0,0,0,0
201908,332,29820,C,Las Vegas-Henderson-Paradise  NV ,679,679,157446,2,4,711,10,30,4118,11,252,30912,679,679,157446,2,4,711,10,30,4118,11,252,30912
201908,336,30460,C,Lexington-Fayette  KY ,144,144,31485,1,2,193,1,3,291,6,126,5970,50,50,14066,0,0,0,0,0,0,0,0,0
201908,338,30620, ,Lima  OH ,1,1,265,0,0,0,0,0,0,0,0,0,0,0,0,0,0,0,0,0,0,0,0,0
201908,339,30700, ,Lincoln  NE ,83,83,19917,1,2,262,0,0,0,1,74,8926,1,1,320,0,0,0,0,0,0,0,0,0
201908,340,30780, ,Little Rock-North Little Rock-Conway  AR ,151,151,35332,1,2,152,4,16,525,3,53,2141,115,115,29164,0,0,0,4,16,525,2,48,2000
201908,340,38220, ,Pine Bluff  AR ,2,2,347,0,0,0,0,0,0,0,0,0,1,1,225,0,0,0,0,0,0,0,0,0
201908,348,31080,C,Los Angeles-Long Beach-Anaheim  CA ,720,720,234846,81,162,32042,10,32,5652,33,640,111069,612,612,178598,76,152,29352,7,23,4642,27,578,100773
201908,348,37100, ,Oxnard-Thousand Oaks-Ventura  CA ,17,17,6225,1,2,315,1,3,494,0,0,0,17,17,6225,1,2,315,1,3,494,0,0,0
201908,348,40140, ,Riverside-San Bernardino-Ontario  CA ,927,927,248736,18,36,7001,7,23,2377,15,236,23826,857,857,230545,18,36,7001,7,23,2377,12,217,22282
201908,350,21060, ,Elizabethtown-Fort Knox  KY ,38,38,7926,2,4,700,0,0,0,2,12,720,38,38,7926,2,4,700,0,0,0,2,12,720
201908,350,31140, ,Louisville-Jefferson County  KY-IN ,279,279,77956,1,2,280,1,3,461,9,230,30769,126,126,30256,1,2,280,1,3,461,0,0,0
201908,352,31180, ,Lubbock  TX ,132,132,31310,0,0,0,0,0,0,0,0,0,8,8,3325,0,0,0,0,0,0,0,0,0
201908,356,31420, ,Macon-Bibb County  GA ,26,26,2438,0,0,0,0,0,0,0,0,0,0,0,0,0,0,0,0,0,0,0,0,0
201908,356,47580, ,Warner Robins  GA ,88,88,17064,0,0,0,0,0,0,0,0,0,88,88,17064,0,0,0,0,0,0,0,0,0
201908,357,27500, ,Janesville-Beloit  WI ,16,16,3607,0,0,0,0,0,0,1,33,4950,14,14,3264,0,0,0,0,0,0,1,33,4950
201908,357,31540, ,Madison  WI ,130,130,41095,1,2,283,1,3,447,5,269,49677,107,107,34772,0,0,0,0,0,0,3,215,44900
201908,359,31860, ,Mankato  MN ,13,13,2716,0,0,0,0,0,0,1,22,2599,0,0,0,0,0,0,0,0,0,0,0,0
201908,365,32580,C,McAllen-Edinburg-Mission  TX ,352,352,69255,27,54,2704,11,44,2987,8,172,12620,328,328,67105,26,52,2554,11,44,2987,8,172,12620
201908,366,32780, ,Medford  OR ,30,30,7934,0,0,0,0,0,0,0,0,0,30,30,7934,0,0,0,0,0,0,0,0,0
201908,368,32820, ,Memphis  TN-MS-AR ,324,324,68949,0,0,0,0,0,0,0,0,0,292,292,63806,0,0,0,0,0,0,0,0,0
201908,370,33100, ,Miami-Fort Lauderdale-Pompano Beach  FL ,564,564,210976,20,40,5277,1,4,572,22,1648,293642,419,419,165801,20,40,5277,1,4,572,15,1391,260386
201908,370,38940, ,Port St. Lucie  FL ,288,288,62270,11,22,2562,0,0,0,0,0,0,288,288,62270,11,22,2562,0,0,0,0,0,0
201908,370,42680, ,Sebastian-Vero Beach  FL ,104,104,38819,0,0,0,2,6,368,0,0,0,104,104,38819,0,0,0,2,6,368,0,0,0
201908,372,33260, ,Midland  TX ,85,85,12768,0,0,0,0,0,0,0,0,0,85,85,12768,0,0,0,0,0,0,0,0,0
201908,372,36220,C,Odessa  TX ,45,45,10686,0,0,0,0,0,0,4,23,2582,45,45,10686,0,0,0,0,0,0,4,23,2582
201908,376,33340,C,Milwaukee-Waukesha  WI ,132,132,47430,11,22,4981,0,0,0,0,0,0,83,83,30016,9,18,4130,0,0,0,0,0,0
201908,376,39540, ,Racine  WI ,12,12,4415,0,0,0,0,0,0,0,0,0,12,12,4415,0,0,0,0,0,0,0,0,0
201908,378,33460, ,Minneapolis-St. Paul-Bloomington  MN-WI ,796,796,242130,2,4,822,2,8,1588,12,1106,166024,701,701,215425,2,4,822,2,8,1588,9,1076,162289
201908,378,41060, ,St. Cloud  MN ,1,1,253,0,0,0,0,0,0,0,0,0,0,0,0,0,0,0,0,0,0,0,0,0
201908,380,19300, ,Daphne-Fairhope-Foley  AL ,160,160,32624,2,4,550,0,0,0,3,51,4051,95,95,21649,2,4,550,0,0,0,0,0,0
201908,380,33660, ,Mobile  AL ,58,58,14074,0,0,0,0,0,0,0,0,0,57,57,14001,0,0,0,0,0,0,0,0,0
201908,384,33740, ,Monroe  LA ,27,27,6203,1,2,81,1,3,472,1,5,579,20,20,4749,0,0,0,0,0,0,0,0,0
201908,388,33860, ,Montgomery  AL ,73,73,15376,0,0,0,0,0,0,0,0,0,51,51,12119,0,0,0,0,0,0,0,0,0
201908,390,34060, ,Morgantown  WV ,0,0,0,0,0,0,0,0,0,0,0,0,0,0,0,0,0,0,0,0,0,0,0,0
201908,396,34820, ,Myrtle Beach-Conway-North Myrtle Beach  SC-NC ,422,422,91736,3,6,799,0,0,0,1,5,250,319,319,68296,3,6,799,0,0,0,0,0,0
201908,400,34980, ,Nashville-Davidson--Murfreesboro--Franklin  TN ,1430,1430,372037,6,12,1899,1,4,354,11,823,96255,1291,1291,324462,6,12,1899,1,4,354,11,823,96255
201908,406,25220, ,Hammond  LA ,78,78,14622,0,0,0,0,0,0,0,0,0,71,71,13540,0,0,0,0,0,0,0,0,0
201908,406,35380, ,New Orleans-Metairie  LA ,313,313,64388,13,26,2554,0,0,0,1,67,13818,250,250,49924,5,10,900,0,0,0,0,0,0
201908,408,14860,C,Bridgeport-Stamford-Norwalk  CT ,65,65,36523,1,2,582,1,3,311,2,45,6900,40,40,17951,1,2,582,1,3,311,1,40,3844
201908,408,20700, ,East Stroudsburg  PA ,7,7,2602,0,0,0,0,0,0,0,0,0,5,5,2013,0,0,0,0,0,0,0,0,0
201908,408,28740, ,Kingston  NY ,2,2,563,0,0,0,0,0,0,1,7,1707,1,1,250,0,0,0,0,0,0,0,0,0
201908,408,35300, ,New Haven-Milford  CT ,22,22,3139,0,0,0,0,0,0,2,15,923,17,17,2170,0,0,0,0,0,0,0,0,0
201908,408,35620,C,New York-Newark-Jersey City  NY-NJ-PA ,1353,1353,251927,72,144,19929,34,111,11592,131,3429,406293,1098,1098,186284,56,112,16559,29,96,9048,78,2627,321132
201908,408,39100, ,Poughkeepsie-Newburgh-Middletown  NY ,12,12,3136,1,2,464,0,0,0,7,289,46113,10,10,2741,0,0,0,0,0,0,6,252,42000
201908,408,45940,C,Trenton-Princeton  NJ ,10,10,2024,1,2,87,10,35,2313,0,0,0,7,7,1103,0,0,0,9,32,2199,0,0,0
201908,412,35840,C,North Port-Sarasota-Bradenton  FL ,677,677,177168,2,4,836,5,20,3359,17,729,52209,532,532,133327,2,4,836,5,20,3359,15,690,46935
201908,412,39460, ,Punta Gorda  FL ,174,174,72262,8,16,2491,0,0,0,0,0,0,174,174,72262,8,16,2491,0,0,0,0,0,0
201908,416,36420,C,Oklahoma City  OK ,507,507,116319,7,14,1377,5,19,1818,2,11,953,151,151,40340,0,0,0,4,16,1480,1,6,600
201908,420,36540, ,Omaha-Council Bluffs  NE-IA ,240,240,46686,1,2,390,0,0,0,7,286,19308,178,178,31700,0,0,0,0,0,0,7,286,19308
201908,422,19660, ,Deltona-Daytona Beach-Ormond Beach  FL ,237,237,68872,8,16,1945,0,0,0,6,242,19911,193,193,56553,8,16,1945,0,0,0,5,221,17014
201908,422,29460, ,Lakeland-Winter Haven  FL ,570,570,141053,4,8,600,0,0,0,10,234,30824,496,496,124289,4,8,600,0,0,0,10,234,30824
201908,422,36740, ,Orlando-Kissimmee-Sanford  FL ,1227,1227,350049,17,34,6526,1,3,332,19,893,105238,1042,1042,299810,17,34,6526,1,3,332,17,855,101547
201908,422,45540,C,The Villages  FL ,248,248,70212,0,0,0,0,0,0,0,0,0,248,248,70212,0,0,0,0,0,0,0,0,0
201908,425,37620, ,Parkersburg-Vienna  WV ,2,2,691,0,0,0,0,0,0,0,0,0,2,2,691,0,0,0,0,0,0,0,0,0
201908,426,37860,C,Pensacola-Ferry Pass-Brent  FL ,271,271,64351,0,0,0,0,0,0,0,0,0,271,271,64351,0,0,0,0,0,0,0,0,0
201908,428,12100,C,Atlantic City-Hammonton  NJ ,39,39,9107,0,0,0,0,0,0,4,63,4622,35,35,8367,0,0,0,0,0,0,3,30,238
201908,428,20100,C,Dover  DE ,96,96,13322,5,10,955,0,0,0,1,5,485,83,83,11725,5,10,955,0,0,0,0,0,0
201908,428,36140,C,Ocean City  NJ ,54,54,23982,3,6,1393,2,7,764,0,0,0,53,53,23921,3,6,1393,2,7,764,0,0,0
201908,428,37980,C,Philadelphia-Camden-Wilmington  PA-NJ-DE-MD ,681,681,140853,19,38,4967,12,42,5145,50,1752,109814,457,457,108997,19,38,4967,11,39,4942,40,1678,101643
201908,428,39740, ,Reading  PA ,3,3,692,0,0,0,0,0,0,0,0,0,1,1,160,0,0,0,0,0,0,0,0,0
201908,428,47220,C,Vineland-Bridgeton  NJ ,6,6,640,0,0,0,0,0,0,0,0,0,3,3,397,0,0,0,0,0,0,0,0,0
201908,429,38060,C,Phoenix-Mesa-Chandler  AZ ,2232,2232,607402,42,84,8761,16,55,7739,30,749,94167,1961,1961,531413,41,82,8482,16,55,7739,27,603,69062
201908,430,38300, ,Pittsburgh  PA ,78,78,23926,0,0,0,1,3,374,1,65,7181,47,47,17194,0,0,0,1,3,374,0,0,0
201908,430,48260, ,Weirton-Steubenville  WV-OH ,0,0,0,0,0,0,0,0,0,0,0,0,0,0,0,0,0,0,0,0,0,0,0,0
201908,438,30340, ,Lewiston-Auburn  ME ,6,6,1324,1,2,200,0,0,0,0,0,0,4,4,910,0,0,0,0,0,0,0,0,0
201908,438,38860, ,Portland-South Portland  ME ,127,127,37176,5,10,1196,0,0,0,5,51,4807,54,54,16724,4,8,935,0,0,0,0,0,0
201908,440,10540, ,Albany-Lebanon  OR ,47,47,9575,0,0,0,0,0,0,0,0,0,43,43,8783,0,0,0,0,0,0,0,0,0
201908,440,18700, ,Corvallis  OR ,6,6,1577,0,0,0,0,0,0,0,0,0,6,6,1577,0,0,0,0,0,0,0,0,0
201908,440,31020, ,Longview  WA ,20,20,4853,0,0,0,0,0,0,0,0,0,20,20,4853,0,0,0,0,0,0,0,0,0
201908,440,38900, ,Portland-Vancouver-Hillsboro  OR-WA ,744,744,217190,8,16,2747,1,3,259,36,1064,149562,559,559,160303,8,16,2747,0,0,0,34,1051,147967
201908,440,41420, ,Salem  OR ,62,62,17996,0,0,0,0,0,0,3,48,4624,62,62,17996,0,0,0,0,0,0,3,48,4624
201908,444,39380,C,Pueblo  CO ,42,42,6170,0,0,0,0,0,0,0,0,0,42,42,6170,0,0,0,0,0,0,0,0,0
201908,450,20500,C,Durham-Chapel Hill  NC ,351,351,75859,1,2,170,0,0,0,4,146,11847,159,159,39047,0,0,0,0,0,0,0,0,0
201908,450,39580,C,Raleigh-Cary  NC ,1025,1025,213471,2,4,706,0,0,0,3,120,14262,987,987,206540,2,4,706,0,0,0,3,120,14262
201908,452,39660, ,Rapid City  SD ,30,30,6902,2,4,400,0,0,0,0,0,0,30,30,6902,2,4,400,0,0,0,0,0,0
201908,454,39820, ,Redding  CA ,12,12,4416,0,0,0,0,0,0,0,0,0,12,12,4416,0,0,0,0,0,0,0,0,0
201908,456,16180,C,Carson City  NV ,16,16,4171,0,0,0,0,0,0,1,12,1198,0,0,0,0,0,0,0,0,0,0,0,0
201908,456,39900,C,Reno  NV ,202,202,56581,1,2,231,1,4,433,9,142,15672,39,39,11383,0,0,0,0,0,0,0,0,0
201908,462,40340, ,Rochester  MN ,28,28,7586,0,0,0,0,0,0,1,76,10555,28,28,7586,0,0,0,0,0,0,1,76,10555
201908,464,40380, ,Rochester  NY ,101,101,25234,4,8,589,4,15,1482,7,99,7807,81,81,21411,4,8,589,3,12,1282,4,36,3468
201908,466,40420, ,Rockford  IL ,8,8,1506,4,8,1030,0,0,0,0,0,0,8,8,1506,4,8,1030,0,0,0,0,0,0
201908,472,40900,C,Sacramento-Roseville-Folsom  CA ,532,532,160277,7,14,1616,1,3,424,1,150,8861,530,530,159825,7,14,1616,1,3,424,1,150,8861
201908,474,13020, ,Bay City  MI ,1,1,306,0,0,0,0,0,0,0,0,0,1,1,306,0,0,0,0,0,0,0,0,0
201908,474,33220, ,Midland  MI ,2,2,266,0,0,0,0,0,0,0,0,0,2,2,266,0,0,0,0,0,0,0,0,0
201908,474,40980, ,Saginaw  MI ,2,2,437,0,0,0,0,0,0,0,0,0,2,2,437,0,0,0,0,0,0,0,0,0
201908,476,41180, ,St. Louis  MO-IL ,495,495,137091,8,16,1897,1,3,328,6,235,25056,385,385,102714,7,14,1819,0,0,0,4,174,20836
201908,480,41540, ,Salisbury  MD-DE ,271,271,40512,6,12,1403,3,11,1188,4,24,5397,268,268,39878,6,12,1403,3,11,1188,4,24,5397
201908,482,36260, ,Ogden-Clearfield  UT ,244,244,69548,0,0,0,5,19,2069,13,101,10944,220,220,62305,0,0,0,4,16,1600,10,85,8820
201908,482,39340, ,Provo-Orem  UT ,491,491,142299,2,4,769,0,0,0,4,38,5717,471,471,135357,2,4,769,0,0,0,3,19,2857
201908,482,41620, ,Salt Lake City  UT ,390,390,102564,14,28,4926,4,15,2213,20,639,107126,307,307,80784,12,24,4363,1,4,950,17,607,102352
201908,484,41700,C,San Antonio-New Braunfels  TX ,891,891,204832,2,4,1450,4,16,2148,24,1046,109169,806,806,189485,2,4,1450,4,16,2148,24,1046,109169
201908,488,32900, ,Merced  CA ,10,10,2955,0,0,0,0,0,0,0,0,0,10,10,2955,0,0,0,0,0,0,0,0,0
201908,488,33700, ,Modesto  CA ,0,0,0,0,0,0,0,0,0,0,0,0,0,0,0,0,0,0,0,0,0,0,0,0
201908,488,41860,C,San Francisco-Oakland-Berkeley  CA ,288,288,118048,5,10,2891,0,0,0,15,900,202337,182,182,77629,4,8,1359,0,0,0,9,846,190129
201908,488,41940,C,San Jose-Sunnyvale-Santa Clara  CA ,237,237,88935,0,0,0,1,3,757,5,444,64934,176,176,65249,0,0,0,0,0,0,1,299,34108
201908,488,42100, ,Santa Cruz-Watsonville  CA ,10,10,2153,0,0,0,1,4,459,2,10,1017,0,0,0,0,0,0,0,0,0,0,0,0
201908,488,42220, ,Santa Rosa-Petaluma  CA ,190,190,62772,0,0,0,0,0,0,5,78,20200,188,188,61099,0,0,0,0,0,0,5,78,20200
201908,488,44700, ,Stockton  CA ,160,160,50560,0,0,0,0,0,0,0,0,0,65,65,22028,0,0,0,0,0,0,0,0,0
201908,488,46700, ,Vallejo  CA ,122,122,37621,0,0,0,0,0,0,0,0,0,122,122,37621,0,0,0,0,0,0,0,0,0
201908,496,25980, ,Hinesville  GA ,27,27,6219,0,0,0,0,0,0,0,0,0,21,21,4976,0,0,0,0,0,0,0,0,0
201908,496,42340, ,Savannah  GA ,164,164,37527,0,0,0,0,0,0,3,75,17236,78,78,17532,0,0,0,0,0,0,0,0,0
201908,500,14740,C,Bremerton-Silverdale-Port Orchard  WA ,84,84,25486,1,2,401,0,0,0,1,56,3360,84,84,25486,1,2,401,0,0,0,1,56,3360
201908,500,34580, ,Mount Vernon-Anacortes  WA ,30,30,9005,0,0,0,0,0,0,0,0,0,30,30,9005,0,0,0,0,0,0,0,0,0
201908,500,36500, ,Olympia-Lacey-Tumwater  WA ,89,89,22042,0,0,0,0,0,0,0,0,0,89,89,22042,0,0,0,0,0,0,0,0,0
201908,500,42660,C,Seattle-Tacoma-Bellevue  WA ,777,777,270416,16,32,7261,17,59,11761,50,1097,115779,685,685,232435,16,32,7261,17,59,11761,44,847,94029
201908,508,43340,C,Shreveport-Bossier City  LA ,99,99,19195,0,0,0,0,0,0,0,0,0,62,62,10913,0,0,0,0,0,0,0,0,0
201908,515,21140, ,Elkhart-Goshen  IN ,19,19,5171,0,0,0,0,0,0,0,0,0,19,19,5171,0,0,0,0,0,0,0,0,0
201908,515,35660, ,Niles  MI ,2,2,225,0,0,0,0,0,0,0,0,0,1,1,65,0,0,0,0,0,0,0,0,0
201908,515,43780, ,South Bend-Mishawaka  IN-MI ,34,34,11045,0,0,0,0,0,0,0,0,0,34,34,11045,0,0,0,0,0,0,0,0,0
201908,518,17660, ,Coeur dAlene  ID ,113,113,26184,6,12,1968,0,0,0,3,55,5380,78,78,18793,5,10,1556,0,0,0,2,28,2202
201908,518,44060, ,Spokane-Spokane Valley  WA ,175,175,47263,2,4,705,1,4,496,7,84,12208,139,139,37961,1,2,366,0,0,0,4,45,7678
201908,522,44100, ,Springfield  IL ,3,3,2500,0,0,0,0,0,0,0,0,0,3,3,2500,0,0,0,0,0,0,0,0,0
201908,524,44300, ,State College  PA ,15,15,4898,0,0,0,0,0,0,0,0,0,0,0,0,0,0,0,0,0,0,0,0,0
201908,532,45060, ,Syracuse  NY ,25,25,5156,0,0,0,0,0,0,0,0,0,24,24,4985,0,0,0,0,0,0,0,0,0
201908,534,45780, ,Toledo  OH ,54,54,13987,0,0,0,1,4,350,2,18,640,53,53,13874,0,0,0,1,4,350,2,18,640
201908,536,46060,C,Tucson  AZ ,270,270,77427,1,2,299,0,0,0,3,65,9983,179,179,54071,0,0,0,0,0,0,0,0,0
201908,538,46140,C,Tulsa  OK ,290,290,62149,0,0,0,0,0,0,2,218,44401,284,284,60814,0,0,0,0,0,0,1,202,43170
201908,540,46340, ,Tyler  TX ,19,19,4512,2,4,447,1,4,537,0,0,0,19,19,4512,2,4,447,1,4,537,0,0,0
201908,545,47260, ,Virginia Beach-Norfolk-Newport News  VA-NC ,473,473,98761,0,0,0,2,7,1139,1,30,2648,404,404,88645,0,0,0,2,7,1139,0,0,0
201908,548,12580,C,Baltimore-Columbia-Towson  MD ,399,399,93222,0,0,0,0,0,0,2,175,27598,385,385,90959,0,0,0,0,0,0,1,14,3200
201908,548,15680,C,California-Lexington Park  MD ,53,53,11904,4,8,1300,0,0,0,0,0,0,53,53,11904,4,8,1300,0,0,0,0,0,0
201908,548,16540,C,Chambersburg-Waynesboro  PA ,31,31,7148,0,0,0,0,0,0,1,5,651,24,24,5286,0,0,0,0,0,0,0,0,0
201908,548,25180, ,Hagerstown-Martinsburg  MD-WV ,133,133,29169,0,0,0,6,24,1920,0,0,0,133,133,29169,0,0,0,6,24,1920,0,0,0
201908,548,47900, ,Washington-Arlington-Alexandria  DC-VA-MD-WV ,1052,1052,257384,3,6,617,0,0,0,16,640,70404,973,973,237473,1,2,224,0,0,0,12,511,55301
201908,548,49020, ,Winchester  VA-WV ,92,92,17199,0,0,0,0,0,0,0,0,0,92,92,17199,0,0,0,0,0,0,0,0,0
201908,554,48140, ,Wausau-Weston  WI ,15,15,2919,0,0,0,0,0,0,0,0,0,5,5,1065,0,0,0,0,0,0,0,0,0
201908,556,48620, ,Wichita  KS ,75,75,15639,18,36,2856,1,4,700,1,16,1120,12,12,2320,4,8,740,1,4,700,0,0,0
201908,558,48700, ,Williamsport  PA ,2,2,517,1,2,300,0,0,0,0,0,0,0,0,0,1,2,300,0,0,0,0,0,0
201908,566,49660, ,Youngstown-Warren-Boardman  OH-PA ,18,18,4215,0,0,0,0,0,0,0,0,0,18,18,4215,0,0,0,0,0,0,0,0,0
201908,999,10180, ,Abilene  TX ,34,34,6577,0,0,0,0,0,0,0,0,0,34,34,6577,0,0,0,0,0,0,0,0,0
201908,999,10500, ,Albany  GA ,9,9,1094,0,0,0,0,0,0,0,0,0,0,0,0,0,0,0,0,0,0,0,0,0
201908,999,10780, ,Alexandria  LA ,19,19,4573,0,0,0,0,0,0,0,0,0,0,0,0,0,0,0,0,0,0,0,0,0
201908,999,10900, ,Allentown-Bethlehem-Easton  PA-NJ ,22,22,5102,0,0,0,0,0,0,1,5,181,19,19,4525,0,0,0,0,0,0,0,0,0
201908,999,11260,C,Anchorage  AK ,84,84,26001,3,6,1026,2,7,1054,2,13,2055,5,5,1358,0,0,0,0,0,0,0,0,0
201908,999,11500, ,Anniston-Oxford  AL ,1,1,129,0,0,0,0,0,0,0,0,0,1,1,129,0,0,0,0,0,0,0,0,0
201908,999,12260, ,Augusta-Richmond County  GA-SC ,234,234,49333,0,0,0,3,11,1321,0,0,0,130,130,28016,0,0,0,3,11,1321,0,0,0
201908,999,12420, ,Austin-Round Rock-Georgetown  TX ,1820,1820,389716,21,42,5106,0,0,0,38,1670,143267,1544,1544,337079,17,34,4507,0,0,0,36,1649,140970
201908,999,12540, ,Bakersfield  CA ,122,122,31618,2,4,402,0,0,0,1,12,1789,20,20,3992,0,0,0,0,0,0,0,0,0
201908,999,12620, ,Bangor  ME ,14,14,3157,0,0,0,0,0,0,0,0,0,4,4,964,0,0,0,0,0,0,0,0,0
201908,999,12940, ,Baton Rouge  LA ,303,303,58615,0,0,0,0,0,0,0,0,0,124,124,27415,0,0,0,0,0,0,0,0,0
201908,999,13140, ,Beaumont-Port Arthur  TX ,44,44,9344,0,0,0,0,0,0,0,0,0,44,44,9344,0,0,0,0,0,0,0,0,0
201908,999,13220,C,Beckley  WV ,11,11,823,0,0,0,0,0,0,0,0,0,11,11,823,0,0,0,0,0,0,0,0,0
201908,999,13380, ,Bellingham  WA ,69,69,19462,1,2,364,2,6,1204,2,153,15170,55,55,15758,0,0,0,1,3,438,2,153,15170
201908,999,13740, ,Billings  MT ,31,31,7454,3,6,1137,0,0,0,0,0,0,31,31,7454,3,6,1137,0,0,0,0,0,0
201908,999,13780, ,Binghamton  NY ,0,0,0,0,0,0,0,0,0,0,0,0,0,0,0,0,0,0,0,0,0,0,0,0
201908,999,13900, ,Bismarck  ND ,45,45,11616,1,2,430,0,0,0,0,0,0,39,39,9984,1,2,430,0,0,0,0,0,0
201908,999,13980, ,Blacksburg-Christiansburg  VA ,4,4,1070,0,0,0,0,0,0,0,0,0,4,4,1070,0,0,0,0,0,0,0,0,0
201908,999,15260, ,Brunswick  GA ,57,57,16447,0,0,0,0,0,0,0,0,0,0,0,0,0,0,0,0,0,0,0,0,0
201908,999,16220, ,Casper  WY ,14,14,2783,1,2,176,1,3,353,0,0,0,8,8,1117,0,0,0,0,0,0,0,0,0
201908,999,16580, ,Champaign-Urbana  IL ,16,16,3587,0,0,0,0,0,0,3,110,14739,4,4,1022,0,0,0,0,0,0,0,0,0
201908,999,16700,C,Charleston-North Charleston  SC ,404,404,104930,0,0,0,1,3,238,7,206,13932,183,183,56572,0,0,0,0,0,0,0,0,0
201908,999,16820, ,Charlottesville  VA ,66,66,19082,0,0,0,0,0,0,3,63,7107,0,0,0,0,0,0,0,0,0,0,0,0
201908,999,16940, ,Cheyenne  WY ,44,44,8702,0,0,0,1,3,266,1,9,763,26,26,5226,0,0,0,0,0,0,0,0,0
201908,999,17020, ,Chico  CA ,13,13,2249,0,0,0,0,0,0,0,0,0,13,13,2249,0,0,0,0,0,0,0,0,0
201908,999,17300,C,Clarksville  TN-KY ,138,138,22432,2,4,311,4,15,926,2,17,1050,73,73,14699,1,2,187,1,4,300,0,0,0
201908,999,17780, ,College Station-Bryan  TX ,83,83,17590,0,0,0,0,0,0,4,72,7494,75,75,16038,0,0,0,0,0,0,4,72,7494
201908,999,17820,C,Colorado Springs  CO ,334,334,120293,5,10,1301,0,0,0,1,11,1000,334,334,120293,5,10,1301,0,0,0,1,11,1000
201908,999,18880,C,Crestview-Fort Walton Beach-Destin  FL ,212,212,74111,2,4,700,1,4,576,2,10,936,192,192,68500,2,4,700,1,4,576,1,5,659
201908,999,19060, ,Cumberland  MD-WV ,3,3,749,0,0,0,0,0,0,0,0,0,3,3,749,0,0,0,0,0,0,0,0,0
201908,999,19180, ,Danville  IL ,0,0,0,0,0,0,0,0,0,0,0,0,0,0,0,0,0,0,0,0,0,0,0,0
201908,999,19500, ,Decatur  IL ,1,1,300,0,0,0,0,0,0,0,0,0,1,1,300,0,0,0,0,0,0,0,0,0
201908,999,20220, ,Dubuque  IA ,11,11,2961,0,0,0,0,0,0,0,0,0,8,8,2187,0,0,0,0,0,0,0,0,0
201908,999,20260, ,Duluth  MN-WI ,8,8,1639,1,2,391,0,0,0,0,0,0,7,7,1421,1,2,391,0,0,0,0,0,0
201908,999,20940, ,El Centro  CA ,23,23,5682,0,0,0,0,0,0,2,24,1801,23,23,5682,0,0,0,0,0,0,2,24,1801
201908,999,21420, ,Enid  OK ,1,1,270,0,0,0,0,0,0,0,0,0,1,1,270,0,0,0,0,0,0,0,0,0
201908,999,21660, ,Eugene-Springfield  OR ,61,61,14837,3,6,948,0,0,0,3,38,4735,0,0,0,0,0,0,0,0,0,0,0,0
201908,999,21780, ,Evansville  IN-KY ,58,58,17859,2,4,792,0,0,0,3,91,8225,58,58,17859,2,4,792,0,0,0,3,91,8225
201908,999,21820,C,Fairbanks  AK ,1,1,327,0,0,0,2,8,1114,0,0,0,1,1,327,0,0,0,2,8,1114,0,0,0
201908,999,22140,C,Farmington  NM ,8,8,1433,0,0,0,1,3,180,0,0,0,8,8,1433,0,0,0,1,3,180,0,0,0
201908,999,22220, ,Fayetteville-Springdale-Rogers  AR-MO ,309,309,78618,1,2,485,0,0,0,28,1306,89539,234,234,62967,1,2,485,0,0,0,26,1273,86900
201908,999,22380, ,Flagstaff  AZ ,51,51,9606,0,0,0,0,0,0,2,70,4152,51,51,9606,0,0,0,0,0,0,2,70,4152
201908,999,22500, ,Florence  SC ,39,39,5585,1,2,193,0,0,0,1,5,329,0,0,0,0,0,0,0,0,0,0,0,0
201908,999,22520, ,Florence-Muscle Shoals  AL ,23,23,2963,0,0,0,0,0,0,2,20,800,10,10,1426,0,0,0,0,0,0,2,20,800
201908,999,22540, ,Fond du Lac  WI ,3,3,719,0,0,0,0,0,0,1,14,508,0,0,0,0,0,0,0,0,0,0,0,0
201908,999,22660,C,Fort Collins  CO ,102,102,28479,0,0,0,0,0,0,0,0,0,102,102,28479,0,0,0,0,0,0,0,0,0
201908,999,22900, ,Fort Smith  AR-OK ,64,64,8663,17,34,4733,0,0,0,1,8,640,58,58,7847,16,32,4481,0,0,0,1,8,640
201908,999,23460, ,Gadsden  AL ,4,4,696,0,0,0,0,0,0,0,0,0,0,0,0,0,0,0,0,0,0,0,0,0
201908,999,24220, ,Grand Forks  ND-MN ,12,12,3083,0,0,0,0,0,0,1,10,740,0,0,0,0,0,0,0,0,0,0,0,0
201908,999,24260, ,Grand Island  NE ,6,6,1086,1,2,186,1,3,271,0,0,0,0,0,0,0,0,0,0,0,0,0,0,0
201908,999,24300,C,Grand Junction  CO ,75,75,11265,4,8,994,0,0,0,0,0,0,75,75,11265,4,8,994,0,0,0,0,0,0
201908,999,24500,C,Great Falls  MT ,8,8,1986,0,0,0,0,0,0,0,0,0,4,4,1131,0,0,0,0,0,0,0,0,0
201908,999,25060, ,Gulfport-Biloxi  MS ,206,206,34890,1,2,245,1,3,301,2,12,1016,164,164,28971,0,0,0,0,0,0,0,0,0
201908,999,25860, ,Hickory-Lenoir-Morganton  NC ,1,1,150,0,0,0,0,0,0,2,10,557,0,0,0,0,0,0,0,0,0,0,0,0
201908,999,25940, ,Hilton Head Island-Bluffton  SC ,67,67,24391,0,0,0,0,0,0,0,0,0,3,3,2618,0,0,0,0,0,0,0,0,0
201908,999,26140, ,Homosassa Springs  FL ,81,81,16414,0,0,0,0,0,0,0,0,0,0,0,0,0,0,0,0,0,0,0,0,0
201908,999,26380, ,Houma-Thibodaux  LA ,48,48,12245,1,2,156,1,3,262,0,0,0,36,36,9167,0,0,0,0,0,0,0,0,0
201908,999,27100, ,Jackson  MI ,1,1,165,0,0,0,0,0,0,0,0,0,0,0,0,0,0,0,0,0,0,0,0,0
201908,999,27340,C,Jacksonville  NC ,121,121,16890,1,2,100,0,0,0,0,0,0,107,107,14738,1,2,100,0,0,0,0,0,0
201908,999,27980,C,Kahului-Wailuku-Lahaina  HI ,56,56,16302,0,0,0,0,0,0,1,42,7500,56,56,16302,0,0,0,0,0,0,1,42,7500
201908,999,28660,C,Killeen-Temple  TX ,293,293,47046,20,40,3297,0,0,0,0,0,0,241,241,36067,15,30,2395,0,0,0,0,0,0
201908,999,29100, ,La Crosse-Onalaska  WI-MN ,16,16,5065,0,0,0,0,0,0,0,0,0,16,16,5065,0,0,0,0,0,0,0,0,0
201908,999,29420, ,Lake Havasu City-Kingman  AZ ,100,100,21361,2,4,570,0,0,0,0,0,0,100,100,21361,2,4,570,0,0,0,0,0,0
201908,999,29540, ,Lancaster  PA ,6,6,1316,1,2,400,0,0,0,0,0,0,6,6,1316,1,2,400,0,0,0,0,0,0
201908,999,29620, ,Lansing-East Lansing  MI ,11,11,2923,0,0,0,0,0,0,1,5,568,8,8,2526,0,0,0,0,0,0,0,0,0
201908,999,29700, ,Laredo  TX ,102,102,14211,4,8,291,1,4,156,3,18,1263,0,0,0,0,0,0,0,0,0,0,0,0
201908,999,30020, ,Lawton  OK ,11,11,2335,0,0,0,0,0,0,0,0,0,11,11,2335,0,0,0,0,0,0,0,0,0
201908,999,30300, ,Lewiston  ID-WA ,0,0,0,0,0,0,0,0,0,0,0,0,0,0,0,0,0,0,0,0,0,0,0,0
201908,999,30860, ,Logan  UT-ID ,15,15,4425,1,2,415,1,4,618,2,48,3198,15,15,4425,1,2,415,1,4,618,2,48,3198
201908,999,30980, ,Longview  TX ,12,12,2150,0,0,0,0,0,0,1,8,538,0,0,0,0,0,0,0,0,0,0,0,0
201908,999,31340, ,Lynchburg  VA ,12,12,2521,0,0,0,0,0,0,4,35,4072,10,10,2114,0,0,0,0,0,0,3,30,3750
201908,999,31740, ,Manhattan  KS ,18,18,5124,0,0,0,0,0,0,0,0,0,17,17,4870,0,0,0,0,0,0,0,0,0
201908,999,33540,C,Missoula  MT ,48,48,10102,0,0,0,1,4,100,1,6,260,48,48,10102,0,0,0,1,4,100,1,6,260
201908,999,36100, ,Ocala  FL ,267,267,54734,1,2,93,0,0,0,0,0,0,267,267,54734,1,2,93,0,0,0,0,0,0
201908,999,36980, ,Owensboro  KY ,31,31,2836,0,0,0,0,0,0,0,0,0,31,31,2836,0,0,0,0,0,0,0,0,0
201908,999,37340, ,Palm Bay-Melbourne-Titusville  FL ,201,201,69516,0,0,0,0,0,0,3,54,7584,201,201,69516,0,0,0,0,0,0,3,54,7584
201908,999,37460, ,Panama City  FL ,52,52,13386,0,0,0,0,0,0,36,216,5707,41,41,9777,0,0,0,0,0,0,36,216,5707
201908,999,37900, ,Peoria  IL ,5,5,1158,0,0,0,0,0,0,0,0,0,5,5,1158,0,0,0,0,0,0,0,0,0
201908,999,38340, ,Pittsfield  MA ,0,0,0,0,0,0,0,0,0,0,0,0,0,0,0,0,0,0,0,0,0,0,0,0
201908,999,38540, ,Pocatello  ID ,20,20,2559,1,2,131,0,0,0,0,0,0,16,16,1593,1,2,131,0,0,0,0,0,0
201908,999,39150, ,Prescott Valley-Prescott  AZ ,122,122,37745,5,10,1531,0,0,0,0,0,0,122,122,37745,5,10,1531,0,0,0,0,0,0
201908,999,40060, ,Richmond  VA ,424,424,81546,0,0,0,3,12,1372,28,889,61222,405,405,78782,0,0,0,3,12,1372,27,881,60533
201908,999,41100, ,St. George  UT ,195,195,38918,3,6,557,7,25,4930,5,208,25529,195,195,38918,3,6,557,7,25,4930,5,208,25529
201908,999,41500, ,Salinas  CA ,32,32,7645,0,0,0,2,7,2041,0,0,0,32,32,7645,0,0,0,2,7,2041,0,0,0
201908,999,41660,C,San Angelo  TX ,31,31,6352,0,0,0,0,0,0,0,0,0,31,31,6352,0,0,0,0,0,0,0,0,0
201908,999,41740,C,San Diego-Chula Vista-Carlsbad  CA ,244,244,75790,3,6,1795,24,85,19258,14,607,62004,236,236,71795,2,4,628,23,82,18859,12,591,59918
201908,999,42020, ,San Luis Obispo-Paso Robles  CA ,24,24,11628,0,0,0,0,0,0,0,0,0,24,24,11628,0,0,0,0,0,0,0,0,0
201908,999,42200, ,Santa Maria-Santa Barbara  CA ,18,18,12820,0,0,0,0,0,0,0,0,0,18,18,12820,0,0,0,0,0,0,0,0,0
201908,999,42540, ,Scranton--Wilkes-Barre  PA ,2,2,376,0,0,0,0,0,0,0,0,0,0,0,0,0,0,0,0,0,0,0,0,0
201908,999,43100, ,Sheboygan  WI ,0,0,0,0,0,0,0,0,0,0,0,0,0,0,0,0,0,0,0,0,0,0,0,0
201908,999,43420, ,Sierra Vista-Douglas  AZ ,29,29,5344,0,0,0,0,0,0,0,0,0,29,29,5344,0,0,0,0,0,0,0,0,0
201908,999,43580, ,Sioux City  IA-NE-SD ,13,13,3505,0,0,0,0,0,0,0,0,0,3,3,659,0,0,0,0,0,0,0,0,0
201908,999,43620, ,Sioux Falls  SD ,102,102,21842,0,0,0,0,0,0,1,80,4174,102,102,21842,0,0,0,0,0,0,1,80,4174
201908,999,44140, ,Springfield  MA ,3,3,1126,0,0,0,0,0,0,0,0,0,2,2,865,0,0,0,0,0,0,0,0,0
201908,999,44180, ,Springfield  MO ,78,78,19379,7,14,1491,4,16,2000,1,35,4553,68,68,17058,6,12,1200,4,16,2000,0,0,0
201908,999,44940, ,Sumter  SC ,19,19,4454,0,0,0,0,0,0,2,48,2500,19,19,4454,0,0,0,0,0,0,2,48,2500
201908,999,45220, ,Tallahassee  FL ,93,93,20446,1,2,222,0,0,0,4,124,15580,29,29,7861,0,0,0,0,0,0,0,0,0
201908,999,45300,C,Tampa-St. Petersburg-Clearwater  FL ,1288,1288,357124,5,10,1135,5,19,2404,25,931,99838,1260,1260,349060,4,8,855,5,19,2404,23,921,98435
201908,999,45460, ,Terre Haute  IN ,2,2,304,0,0,0,0,0,0,0,0,0,2,2,304,0,0,0,0,0,0,0,0,0
201908,999,45500, ,Texarkana  TX-AR ,3,3,646,0,0,0,0,0,0,0,0,0,0,0,0,0,0,0,0,0,0,0,0,0
201908,999,45820, ,Topeka  KS ,12,12,2928,0,0,0,0,0,0,0,0,0,11,11,2897,0,0,0,0,0,0,0,0,0
201908,999,46220, ,Tuscaloosa  AL ,54,54,12926,0,0,0,0,0,0,1,87,21000,54,54,12926,0,0,0,0,0,0,1,87,21000
201908,999,46300, ,Twin Falls  ID ,39,39,8159,0,0,0,1,4,365,0,0,0,36,36,7766,0,0,0,1,4,365,0,0,0
201908,999,46520,C,Urban Honolulu  HI ,90,90,32999,0,0,0,0,0,0,0,0,0,90,90,32999,0,0,0,0,0,0,0,0,0
201908,999,46540, ,Utica-Rome  NY ,2,2,28,0,0,0,0,0,0,0,0,0,2,2,28,0,0,0,0,0,0,0,0,0
201908,999,46660, ,Valdosta  GA ,94,94,17534,0,0,0,0,0,0,0,0,0,44,44,9106,0,0,0,0,0,0,0,0,0
201908,999,47300, ,Visalia  CA ,200,200,41162,1,2,120,0,0,0,5,40,3084,200,200,41162,1,2,120,0,0,0,5,40,3084
201908,999,47380, ,Waco  TX ,49,49,9058,0,0,0,0,0,0,0,0,0,49,49,9058,0,0,0,0,0,0,0,0,0
201908,999,47940, ,Waterloo-Cedar Falls  IA ,9,9,2368,0,0,0,0,0,0,0,0,0,0,0,0,0,0,0,0,0,0,0,0,0
201908,999,48060, ,Watertown-Fort Drum  NY ,13,13,2445,0,0,0,0,0,0,0,0,0,13,13,2445,0,0,0,0,0,0,0,0,0
201908,999,48300, ,Wenatchee  WA ,52,52,10782,0,0,0,0,0,0,0,0,0,27,27,6157,0,0,0,0,0,0,0,0,0
201908,999,48540, ,Wheeling  WV-OH ,0,0,0,0,0,0,0,0,0,0,0,0,0,0,0,0,0,0,0,0,0,0,0,0
201908,999,48660, ,Wichita Falls  TX ,1,1,200,0,0,0,0,0,0,0,0,0,1,1,200,0,0,0,0,0,0,0,0,0
201908,999,48900, ,Wilmington  NC ,119,119,39543,0,0,0,1,3,293,1,55,8083,0,0,0,0,0,0,0,0,0,0,0,0
201908,999,49420, ,Yakima  WA ,40,40,10258,2,4,702,1,4,640,0,0,0,22,22,6269,1,2,347,0,0,0,0,0,0
201908,999,49740, ,Yuma  AZ ,106,106,16129,0,0,0,0,0,0,0,0,0,91,91,14283,0,0,0,0,0,0,0,0,0
