Survey,CSA,CBSA,MONCOV,CBSA,,1-unit,,,2-units,,,3-4 units,,,5+ units,,,1-unit rep,,,2-units rep,,,3-4 units rep,,,5+ units rep
Date,Code,Code,,Name,Bldgs,Units,Value,Bldgs,Units,Value,Bldgs,Units,Value,Bldgs,Units,Value,Bldgs,Units,Value,Bldgs,Units,Value,      Bldgs,Units,Value,Bldgs,Units,Value
 
201901,104,10580,C,Albany-Schenectady-Troy  NY ,64,64,18027,0,0,0,0,0,0,4,32,3405,49,49,13201,0,0,0,0,0,0,1,12,900
201901,104,24020, ,Glens Falls  NY ,12,12,2961,0,0,0,0,0,0,0,0,0,6,6,1354,0,0,0,0,0,0,0,0,0
201901,106,10740,C,Albuquerque  NM ,140,140,31147,1,2,283,0,0,0,2,19,1590,18,18,6308,0,0,0,0,0,0,0,0,0
201901,106,42140,C,Santa Fe  NM ,28,28,7895,0,0,0,0,0,0,0,0,0,28,28,7895,0,0,0,0,0,0,0,0,0
201901,107,11020, ,Altoona  PA ,0,0,0,0,0,0,0,0,0,0,0,0,0,0,0,0,0,0,0,0,0,0,0,0
201901,108,11100, ,Amarillo  TX ,30,30,7047,0,0,0,0,0,0,0,0,0,30,30,7047,0,0,0,0,0,0,0,0,0
201901,118,11540, ,Appleton  WI ,15,15,4136,0,0,0,0,0,0,0,0,0,12,12,3599,0,0,0,0,0,0,0,0,0
201901,118,36780, ,Oshkosh-Neenah  WI ,17,17,3901,0,0,0,0,0,0,0,0,0,15,15,3622,0,0,0,0,0,0,0,0,0
201901,120,11700, ,Asheville  NC ,130,130,37721,0,0,0,0,0,0,3,49,3438,24,24,7276,0,0,0,0,0,0,0,0,0
201901,122,12020, ,Athens-Clarke County  GA ,18,18,4569,0,0,0,0,0,0,20,265,33090,18,18,4569,0,0,0,0,0,0,20,265,33090
201901,122,12060, ,Atlanta-Sandy Springs-Alpharetta  GA ,2014,2014,459234,0,0,0,0,0,0,4,179,19277,1705,1705,399290,0,0,0,0,0,0,1,157,17282
201901,122,23580, ,Gainesville  GA ,52,52,13962,0,0,0,0,0,0,0,0,0,52,52,13962,0,0,0,0,0,0,0,0,0
201901,122,40660,C,Rome  GA ,13,13,2255,0,0,0,0,0,0,0,0,0,0,0,0,0,0,0,0,0,0,0,0,0
201901,140,13460,C,Bend  OR ,121,121,34167,2,4,541,0,0,0,1,15,2270,55,55,17839,0,0,0,0,0,0,0,0,0
201901,142,13820,C,Birmingham-Hoover  AL ,217,217,55834,0,0,0,0,0,0,0,0,0,105,105,27416,0,0,0,0,0,0,0,0,0
201901,144,14020,C,Bloomington  IN ,14,14,3544,1,2,239,0,0,0,1,16,1857,0,0,0,0,0,0,0,0,0,0,0,0
201901,145,14010, ,Bloomington  IL ,4,4,1150,0,0,0,0,0,0,4,27,1366,4,4,1150,0,0,0,0,0,0,4,27,1366
201901,146,14100,C,Bloomsburg-Berwick  PA ,8,8,1821,0,0,0,0,0,0,0,0,0,3,3,683,0,0,0,0,0,0,0,0,0
201901,147,14260,C,Boise City  ID ,472,472,110696,1,2,324,5,19,1431,9,104,8078,249,249,62931,1,2,324,0,0,0,4,48,3031
201901,148,12700, ,Barnstable Town  MA ,5,5,2238,0,0,0,0,0,0,0,0,0,2,2,684,0,0,0,0,0,0,0,0,0
201901,148,14460,C,Boston-Cambridge-Newton  MA-NH ,317,317,98076,18,36,7772,15,54,8995,27,466,106713,209,209,64078,10,20,5265,13,48,8144,11,341,87002
201901,148,31700, ,Manchester-Nashua  NH ,19,19,3371,3,6,840,1,3,450,0,0,0,18,18,3135,3,6,840,1,3,450,0,0,0
201901,148,39300,C,Providence-Warwick  RI-MA ,97,97,19863,8,16,2090,1,3,300,1,5,375,49,49,10277,7,14,1811,0,0,0,0,0,0
201901,148,49340, ,Worcester  MA-CT ,12,12,2728,0,0,0,0,0,0,1,6,108,4,4,1003,0,0,0,0,0,0,0,0,0
201901,150,14540, ,Bowling Green  KY ,48,48,11348,0,0,0,3,12,1005,6,46,2550,48,48,11348,0,0,0,3,12,1005,6,46,2550
201901,154,15180, ,Brownsville-Harlingen  TX ,69,69,7626,1,2,118,1,3,113,0,0,0,0,0,0,0,0,0,0,0,0,0,0,0
201901,160,15380,C,Buffalo-Cheektowaga  NY ,45,45,14289,0,0,0,0,0,0,1,20,4477,26,26,9491,0,0,0,0,0,0,0,0,0
201901,162,15540, ,Burlington-South Burlington  VT ,16,16,3506,1,2,425,0,0,0,1,5,521,11,11,2358,0,0,0,0,0,0,0,0,0
201901,163,15980,C,Cape Coral-Fort Myers  FL ,395,395,78428,18,36,4374,3,12,3223,8,318,48711,395,395,78428,18,36,4374,3,12,3223,8,318,48711
201901,163,34940, ,Naples-Marco Island  FL ,313,313,71131,1,2,165,3,12,3412,4,26,6476,313,313,71131,1,2,165,3,12,3412,4,26,6476
201901,164,16020, ,Cape Girardeau  MO-IL ,0,0,0,0,0,0,0,0,0,0,0,0,0,0,0,0,0,0,0,0,0,0,0,0
201901,168,16300, ,Cedar Rapids  IA ,24,24,2423,0,0,0,0,0,0,0,0,0,24,24,2423,0,0,0,0,0,0,0,0,0
201901,168,26980, ,Iowa City  IA ,13,13,3210,0,0,0,0,0,0,1,19,2607,2,2,706,0,0,0,0,0,0,0,0,0
201901,170,16620, ,Charleston  WV ,4,4,625,1,2,236,1,3,203,1,5,316,0,0,0,0,0,0,0,0,0,0,0,0
201901,170,26580, ,Huntington-Ashland  WV-KY-OH ,9,9,1521,0,0,0,0,0,0,0,0,0,3,3,709,0,0,0,0,0,0,0,0,0
201901,172,16740, ,Charlotte-Concord-Gastonia  NC-SC ,897,897,238502,3,6,867,0,0,0,5,335,36837,664,664,166184,3,6,867,0,0,0,1,278,30410
201901,174,16860, ,Chattanooga  TN-GA ,115,115,24414,3,6,709,1,3,222,1,56,6796,62,62,14272,2,4,486,0,0,0,0,0,0
201901,174,17420, ,Cleveland  TN ,27,27,4538,0,0,0,2,7,460,0,0,0,12,12,1836,0,0,0,2,7,460,0,0,0
201901,176,16980, ,Chicago-Naperville-Elgin  IL-IN-WI ,339,339,96053,6,12,2224,12,38,7820,14,610,96509,245,245,70789,4,8,1909,12,38,7820,8,551,91860
201901,176,28100, ,Kankakee  IL ,1,1,259,0,0,0,0,0,0,0,0,0,1,1,259,0,0,0,0,0,0,0,0,0
201901,176,33140, ,Michigan City-La Porte  IN ,1,1,220,0,0,0,0,0,0,0,0,0,1,1,220,0,0,0,0,0,0,0,0,0
201901,178,17140, ,Cincinnati  OH-KY-IN ,240,240,60442,0,0,0,0,0,0,4,23,2142,194,194,49449,0,0,0,0,0,0,1,7,866
201901,184,10420, ,Akron  OH ,35,35,14375,0,0,0,0,0,0,0,0,0,29,29,12965,0,0,0,0,0,0,0,0,0
201901,184,15940, ,Canton-Massillon  OH ,19,19,5100,2,4,800,0,0,0,1,5,384,16,16,4750,2,4,800,0,0,0,0,0,0
201901,184,17460, ,Cleveland-Elyria  OH ,167,167,40998,2,4,312,1,4,710,0,0,0,138,138,36054,1,2,301,1,4,710,0,0,0
201901,190,17860, ,Columbia  MO ,39,39,8407,1,2,200,0,0,0,2,54,7243,19,19,3582,0,0,0,0,0,0,0,0,0
201901,192,17900,C,Columbia  SC ,338,338,62231,0,0,0,0,0,0,1,32,1806,81,81,14372,0,0,0,0,0,0,0,0,0
201901,194,12220,C,Auburn-Opelika  AL ,84,84,23368,1,2,211,0,0,0,1,31,8105,20,20,5598,0,0,0,0,0,0,0,0,0
201901,194,17980, ,Columbus  GA-AL ,56,56,11262,0,0,0,1,4,246,2,11,1927,22,22,5215,0,0,0,0,0,0,0,0,0
201901,198,18140, ,Columbus  OH ,261,261,70696,0,0,0,1,3,167,6,120,27615,236,236,64126,0,0,0,0,0,0,4,102,25600
201901,204,18580, ,Corpus Christi  TX ,60,60,10362,0,0,0,0,0,0,0,0,0,0,0,0,0,0,0,0,0,0,0,0,0
201901,206,19100, ,Dallas-Fort Worth-Arlington  TX ,2600,2600,726348,17,34,4760,3,11,1315,39,1605,183714,2067,2067,571806,17,34,4760,3,11,1315,35,1423,166258
201901,209,19340, ,Davenport-Moline-Rock Island  IA-IL ,14,14,2975,0,0,0,0,0,0,0,0,0,11,11,2319,0,0,0,0,0,0,0,0,0
201901,212,19430, ,Dayton-Kettering  OH ,45,45,16312,0,0,0,0,0,0,0,0,0,29,29,12607,0,0,0,0,0,0,0,0,0
201901,212,44220, ,Springfield  OH ,12,12,1552,0,0,0,0,0,0,0,0,0,12,12,1552,0,0,0,0,0,0,0,0,0
201901,216,14500, ,Boulder  CO ,58,58,19501,0,0,0,0,0,0,3,133,17931,53,53,16850,0,0,0,0,0,0,2,125,16235
201901,216,19740,C,Denver-Aurora-Lakewood  CO ,803,803,225986,8,16,2898,5,15,2528,17,822,121534,791,791,221196,8,16,2898,4,12,2183,17,822,121534
201901,216,24540, ,Greeley  CO ,149,149,40263,0,0,0,4,15,1641,2,24,3912,64,64,17682,0,0,0,0,0,0,0,0,0
201901,218,11180, ,Ames  IA ,4,4,1435,0,0,0,0,0,0,0,0,0,4,4,1435,0,0,0,0,0,0,0,0,0
201901,218,19780, ,Des Moines-West Des Moines  IA ,132,132,34185,1,2,314,0,0,0,3,117,17058,112,112,29494,0,0,0,0,0,0,3,117,17058
201901,220,11460, ,Ann Arbor  MI ,20,20,5590,0,0,0,0,0,0,0,0,0,14,14,3918,0,0,0,0,0,0,0,0,0
201901,220,19820, ,Detroit-Warren-Dearborn  MI ,216,216,64988,1,2,183,1,3,238,9,274,38702,141,141,42184,0,0,0,0,0,0,7,262,37214
201901,220,22420, ,Flint  MI ,9,9,2942,0,0,0,0,0,0,0,0,0,9,9,2942,0,0,0,0,0,0,0,0,0
201901,220,33780, ,Monroe  MI ,0,0,0,0,0,0,0,0,0,0,0,0,0,0,0,0,0,0,0,0,0,0,0,0
201901,222,20020, ,Dothan  AL ,29,29,6979,0,0,0,0,0,0,0,0,0,27,27,6515,0,0,0,0,0,0,0,0,0
201901,232,20740, ,Eau Claire  WI ,11,11,3160,0,0,0,0,0,0,0,0,0,4,4,1343,0,0,0,0,0,0,0,0,0
201901,236,21300, ,Elmira  NY ,0,0,0,0,0,0,0,0,0,0,0,0,0,0,0,0,0,0,0,0,0,0,0,0
201901,238,21340,C,El Paso  TX ,226,226,44933,4,8,647,16,64,7021,3,60,6941,61,61,8641,2,4,260,12,48,5254,0,0,0
201901,238,29740,C,Las Cruces  NM ,55,55,11606,0,0,0,0,0,0,2,22,1627,22,22,5472,0,0,0,0,0,0,0,0,0
201901,240,21500, ,Erie  PA ,2,2,397,0,0,0,0,0,0,0,0,0,1,1,240,0,0,0,0,0,0,0,0,0
201901,244,22020, ,Fargo  ND-MN ,3,3,1008,0,0,0,0,0,0,0,0,0,2,2,634,0,0,0,0,0,0,0,0,0
201901,246,22180, ,Fayetteville  NC ,105,105,15931,0,0,0,0,0,0,0,0,0,57,57,10105,0,0,0,0,0,0,0,0,0
201901,258,23060,C,Fort Wayne  IN ,69,69,17718,0,0,0,8,24,960,1,119,12500,69,69,17718,0,0,0,8,24,960,1,119,12500
201901,260,23420,C,Fresno  CA ,128,128,37559,4,8,1699,20,60,3494,7,56,5533,70,70,21559,0,0,0,20,60,3494,0,0,0
201901,260,31460, ,Madera  CA ,33,33,8396,0,0,0,0,0,0,0,0,0,33,33,8396,0,0,0,0,0,0,0,0,0
201901,264,23540, ,Gainesville  FL ,52,52,12670,0,0,0,0,0,0,1,104,3541,42,42,11347,0,0,0,0,0,0,0,0,0
201901,266,24340, ,Grand Rapids-Kentwood  MI ,98,98,33036,2,4,503,1,4,400,2,23,1882,65,65,25569,2,4,503,1,4,400,0,0,0
201901,266,34740, ,Muskegon  MI ,1,1,230,0,0,0,0,0,0,0,0,0,0,0,0,0,0,0,0,0,0,0,0,0
201901,267,24580, ,Green Bay  WI ,24,24,7528,0,0,0,0,0,0,4,66,5730,8,8,3430,0,0,0,0,0,0,3,61,5245
201901,268,15500, ,Burlington  NC ,50,50,8490,0,0,0,0,0,0,0,0,0,7,7,1338,0,0,0,0,0,0,0,0,0
201901,268,24660,C,Greensboro-High Point  NC ,133,133,32574,1,2,85,0,0,0,0,0,0,105,105,29090,0,0,0,0,0,0,0,0,0
201901,268,49180, ,Winston-Salem  NC ,146,146,29257,0,0,0,0,0,0,1,7,316,134,134,26383,0,0,0,0,0,0,0,0,0
201901,272,24780, ,Greenville  NC ,26,26,5268,4,8,1083,0,0,0,1,36,4590,1,1,253,0,0,0,0,0,0,0,0,0
201901,273,24860, ,Greenville-Anderson  SC ,457,457,113887,1,2,201,0,0,0,11,312,23308,364,364,95150,0,0,0,0,0,0,7,252,18292
201901,273,43900, ,Spartanburg  SC ,183,183,31244,0,0,0,0,0,0,0,0,0,0,0,0,0,0,0,0,0,0,0,0,0
201901,276,23900,C,Gettysburg  PA ,11,11,2663,0,0,0,0,0,0,0,0,0,11,11,2663,0,0,0,0,0,0,0,0,0
201901,276,25420,C,Harrisburg-Carlisle  PA ,81,81,17512,0,0,0,4,12,2488,1,10,886,53,53,11261,0,0,0,4,12,2488,1,10,886
201901,276,30140, ,Lebanon  PA ,10,10,1743,0,0,0,0,0,0,0,0,0,0,0,0,0,0,0,0,0,0,0,0,0
201901,276,49620, ,York-Hanover  PA ,7,7,1576,1,2,222,0,0,0,1,5,511,2,2,343,0,0,0,0,0,0,0,0,0
201901,277,25500,C,Harrisonburg  VA ,22,22,5469,0,0,0,0,0,0,0,0,0,22,22,5469,0,0,0,0,0,0,0,0,0
201901,277,44420, ,Staunton  VA ,17,17,3107,0,0,0,0,0,0,0,0,0,0,0,0,0,0,0,0,0,0,0,0,0
201901,278,25540,C,Hartford-East Hartford-Middletown  CT ,35,35,7788,0,0,0,0,0,0,6,42,4672,19,19,4336,0,0,0,0,0,0,0,0,0
201901,278,35980, ,Norwich-New London  CT ,7,7,1456,3,6,600,0,0,0,0,0,0,4,4,960,3,6,600,0,0,0,0,0,0
201901,279,25620, ,Hattiesburg  MS ,5,5,1190,0,0,0,0,0,0,0,0,0,0,0,0,0,0,0,0,0,0,0,0,0
201901,284,26300, ,Hot Springs  AR ,3,3,520,0,0,0,0,0,0,0,0,0,3,3,520,0,0,0,0,0,0,0,0,0
201901,288,26420, ,Houston-The Woodlands-Sugar Land  TX ,3036,3036,545511,10,20,2346,1,3,366,47,2998,277715,2309,2309,486750,8,16,2010,0,0,0,43,2964,275366
201901,290,19460, ,Decatur  AL ,24,24,4122,0,0,0,0,0,0,0,0,0,21,21,3725,0,0,0,0,0,0,0,0,0
201901,290,26620,C,Huntsville  AL ,255,255,37483,0,0,0,0,0,0,0,0,0,255,255,37483,0,0,0,0,0,0,0,0,0
201901,292,26820, ,Idaho Falls  ID ,44,44,8499,0,0,0,0,0,0,0,0,0,44,44,8499,0,0,0,0,0,0,0,0,0
201901,294,18020, ,Columbus  IN ,8,8,1941,0,0,0,0,0,0,0,0,0,8,8,1941,0,0,0,0,0,0,0,0,0
201901,294,26900, ,Indianapolis-Carmel-Anderson  IN ,397,397,110699,2,4,488,4,16,3400,10,321,29114,364,364,104094,2,4,488,4,16,3400,10,321,29114
201901,294,34620, ,Muncie  IN ,0,0,0,0,0,0,0,0,0,0,0,0,0,0,0,0,0,0,0,0,0,0,0,0
201901,296,27060, ,Ithaca  NY ,0,0,0,0,0,0,0,0,0,1,5,600,0,0,0,0,0,0,0,0,0,0,0,0
201901,297,27180, ,Jackson  TN ,13,13,2752,0,0,0,1,4,468,1,7,465,0,0,0,0,0,0,0,0,0,0,0,0
201901,298,27140, ,Jackson  MS ,135,135,32341,1,2,543,0,0,0,0,0,0,51,51,15843,0,0,0,0,0,0,0,0,0
201901,300,27260,C,Jacksonville  FL ,852,852,211196,1,2,243,0,0,0,0,0,0,819,819,201010,1,2,243,0,0,0,0,0,0
201901,304,27740, ,Johnson City  TN ,5,5,1476,0,0,0,0,0,0,0,0,0,5,5,1476,0,0,0,0,0,0,0,0,0
201901,304,28700, ,Kingsport-Bristol  TN-VA ,1,1,200,0,0,0,0,0,0,0,0,0,1,1,200,0,0,0,0,0,0,0,0,0
201901,306,27780, ,Johnstown  PA ,0,0,0,0,0,0,0,0,0,0,0,0,0,0,0,0,0,0,0,0,0,0,0,0
201901,308,27860, ,Jonesboro  AR ,29,29,4781,3,6,415,4,15,787,1,6,395,2,2,406,0,0,0,0,0,0,0,0,0
201901,309,27900, ,Joplin  MO ,7,7,1042,1,2,277,0,0,0,1,6,377,0,0,0,0,0,0,0,0,0,0,0,0
201901,310,12980, ,Battle Creek  MI ,1,1,259,0,0,0,0,0,0,0,0,0,1,1,259,0,0,0,0,0,0,0,0,0
201901,310,28020, ,Kalamazoo-Portage  MI ,4,4,1216,0,0,0,0,0,0,0,0,0,0,0,0,0,0,0,0,0,0,0,0,0
201901,312,28140, ,Kansas City  MO-KS ,257,257,76150,1,2,116,1,3,118,13,260,18969,221,221,67251,1,2,116,0,0,0,11,247,17995
201901,312,29940, ,Lawrence  KS ,9,9,2742,0,0,0,0,0,0,0,0,0,0,0,0,0,0,0,0,0,0,0,0,0
201901,312,41140, ,St. Joseph  MO-KS ,0,0,0,0,0,0,0,0,0,0,0,0,0,0,0,0,0,0,0,0,0,0,0,0
201901,313,28420,C,Kennewick-Richland  WA ,124,124,34742,4,8,1279,0,0,0,12,276,32411,73,73,20759,1,2,758,0,0,0,12,276,32411
201901,313,47460, ,Walla Walla  WA ,7,7,1567,0,0,0,0,0,0,0,0,0,3,3,748,0,0,0,0,0,0,0,0,0
201901,315,28940, ,Knoxville  TN ,268,268,53847,2,4,900,0,0,0,1,15,987,253,253,51338,2,4,900,0,0,0,0,0,0
201901,316,29020, ,Kokomo  IN ,1,1,195,0,0,0,0,0,0,3,58,4000,1,1,195,0,0,0,0,0,0,3,58,4000
201901,318,29180, ,Lafayette  LA ,126,126,26943,0,0,0,0,0,0,0,0,0,81,81,20547,0,0,0,0,0,0,0,0,0
201901,320,29200, ,Lafayette-West Lafayette  IN ,21,21,5182,0,0,0,0,0,0,1,6,586,18,18,4795,0,0,0,0,0,0,0,0,0
201901,324,29340, ,Lake Charles  LA ,70,70,13364,1,2,135,0,0,0,0,0,0,32,32,5292,1,2,135,0,0,0,0,0,0
201901,332,29820,C,Las Vegas-Henderson-Paradise  NV ,561,561,126792,4,8,629,9,28,3377,9,136,20498,561,561,126792,4,8,629,9,28,3377,9,136,20498
201901,336,30460,C,Lexington-Fayette  KY ,104,104,20102,1,2,157,0,0,0,2,55,4007,27,27,7453,0,0,0,0,0,0,0,0,0
201901,338,30620, ,Lima  OH ,1,1,450,0,0,0,0,0,0,0,0,0,1,1,450,0,0,0,0,0,0,0,0,0
201901,339,30700, ,Lincoln  NE ,52,52,10774,1,2,341,0,0,0,2,76,7982,0,0,0,0,0,0,0,0,0,0,0,0
201901,340,30780, ,Little Rock-North Little Rock-Conway  AR ,135,135,25357,1,2,151,0,0,0,1,8,211,88,88,17284,0,0,0,0,0,0,0,0,0
201901,340,38220, ,Pine Bluff  AR ,0,0,0,0,0,0,0,0,0,0,0,0,0,0,0,0,0,0,0,0,0,0,0,0
201901,348,31080,C,Los Angeles-Long Beach-Anaheim  CA ,677,677,229794,100,200,40326,9,31,5853,51,2267,548357,526,526,161459,95,190,37640,5,18,3229,41,2158,532030
201901,348,37100, ,Oxnard-Thousand Oaks-Ventura  CA ,24,24,3964,1,2,538,0,0,0,3,38,4658,0,0,0,1,2,538,0,0,0,0,0,0
201901,348,40140, ,Riverside-San Bernardino-Ontario  CA ,638,638,168351,5,10,1955,3,10,1371,41,505,69456,560,560,147643,5,10,1955,3,10,1371,39,490,68514
201901,350,21060, ,Elizabethtown-Fort Knox  KY ,26,26,5160,7,14,1458,0,0,0,0,0,0,8,8,2159,7,14,1458,0,0,0,0,0,0
201901,350,31140, ,Louisville-Jefferson County  KY-IN ,228,228,57146,1,2,250,1,4,445,7,174,12758,96,96,21340,0,0,0,0,0,0,0,0,0
201901,352,31180, ,Lubbock  TX ,133,133,25395,0,0,0,0,0,0,0,0,0,132,132,25222,0,0,0,0,0,0,0,0,0
201901,356,31420, ,Macon-Bibb County  GA ,25,25,6062,0,0,0,0,0,0,0,0,0,16,16,4630,0,0,0,0,0,0,0,0,0
201901,356,47580, ,Warner Robins  GA ,88,88,17117,0,0,0,0,0,0,1,16,783,44,44,7948,0,0,0,0,0,0,0,0,0
201901,357,27500, ,Janesville-Beloit  WI ,6,6,2781,2,4,720,0,0,0,0,0,0,6,6,2781,2,4,720,0,0,0,0,0,0
201901,357,31540, ,Madison  WI ,83,83,27608,6,12,2387,1,3,447,6,100,12797,64,64,21620,5,10,2127,0,0,0,2,45,6700
201901,359,31860, ,Mankato  MN ,9,9,1799,0,0,0,0,0,0,1,10,748,0,0,0,0,0,0,0,0,0,0,0,0
201901,365,32580,C,McAllen-Edinburg-Mission  TX ,237,237,36902,2,4,150,14,55,1670,1,5,154,210,210,33416,2,4,150,14,55,1670,0,0,0
201901,366,32780, ,Medford  OR ,42,42,12115,0,0,0,0,0,0,1,12,1623,42,42,12115,0,0,0,0,0,0,1,12,1623
201901,368,32820, ,Memphis  TN-MS-AR ,156,156,29343,0,0,0,0,0,0,0,0,0,47,47,9744,0,0,0,0,0,0,0,0,0
201901,370,33100, ,Miami-Fort Lauderdale-Pompano Beach  FL ,634,634,219696,8,16,2393,3,11,1621,41,986,99232,555,555,193267,8,16,2393,2,8,1107,35,872,95958
201901,370,38940, ,Port St. Lucie  FL ,235,235,57041,4,8,689,1,4,630,1,6,914,235,235,57041,4,8,689,1,4,630,1,6,914
201901,370,42680, ,Sebastian-Vero Beach  FL ,128,128,49236,0,0,0,3,9,691,0,0,0,128,128,49236,0,0,0,3,9,691,0,0,0
201901,372,33260, ,Midland  TX ,70,70,10446,0,0,0,0,0,0,0,0,0,70,70,10446,0,0,0,0,0,0,0,0,0
201901,372,36220,C,Odessa  TX ,39,39,7351,0,0,0,0,0,0,0,0,0,0,0,0,0,0,0,0,0,0,0,0,0
201901,376,33340,C,Milwaukee-Waukesha  WI ,103,103,28848,7,14,3224,1,3,860,1,5,704,84,84,21973,6,12,2604,1,3,860,0,0,0
201901,376,39540, ,Racine  WI ,9,9,3189,0,0,0,0,0,0,0,0,0,6,6,2393,0,0,0,0,0,0,0,0,0
201901,378,33460, ,Minneapolis-St. Paul-Bloomington  MN-WI ,435,435,140943,1,2,238,0,0,0,9,754,144791,376,376,124004,0,0,0,0,0,0,6,717,139577
201901,378,41060, ,St. Cloud  MN ,0,0,0,0,0,0,0,0,0,0,0,0,0,0,0,0,0,0,0,0,0,0,0,0
201901,380,19300, ,Daphne-Fairhope-Foley  AL ,147,147,29732,1,2,189,0,0,0,0,0,0,45,45,12151,0,0,0,0,0,0,0,0,0
201901,380,33660, ,Mobile  AL ,108,108,21508,0,0,0,0,0,0,0,0,0,103,103,20418,0,0,0,0,0,0,0,0,0
201901,384,33740, ,Monroe  LA ,33,33,7235,0,0,0,1,3,472,1,5,579,0,0,0,0,0,0,0,0,0,0,0,0
201901,388,33860, ,Montgomery  AL ,51,51,11179,0,0,0,0,0,0,0,0,0,51,51,11179,0,0,0,0,0,0,0,0,0
201901,390,34060, ,Morgantown  WV ,0,0,0,0,0,0,0,0,0,0,0,0,0,0,0,0,0,0,0,0,0,0,0,0
201901,396,34820, ,Myrtle Beach-Conway-North Myrtle Beach  SC-NC ,424,424,83241,4,8,619,0,0,0,2,24,1098,257,257,41744,4,8,619,0,0,0,0,0,0
201901,400,34980, ,Nashville-Davidson--Murfreesboro--Franklin  TN ,782,782,229235,3,6,1159,1,3,304,11,520,58068,595,595,187019,2,4,705,0,0,0,9,505,56608
201901,406,25220, ,Hammond  LA ,60,60,9024,1,2,250,0,0,0,0,0,0,0,0,0,0,0,0,0,0,0,0,0,0
201901,406,35380, ,New Orleans-Metairie  LA ,253,253,57434,6,12,1437,1,3,182,1,8,1969,161,161,36819,0,0,0,0,0,0,0,0,0
201901,408,14860,C,Bridgeport-Stamford-Norwalk  CT ,54,54,36531,1,2,125,1,3,373,1,10,6111,39,39,22412,1,2,125,1,3,373,0,0,0
201901,408,20700, ,East Stroudsburg  PA ,10,10,2211,0,0,0,0,0,0,0,0,0,2,2,499,0,0,0,0,0,0,0,0,0
201901,408,28740, ,Kingston  NY ,7,7,1862,0,0,0,0,0,0,1,6,1463,7,7,1862,0,0,0,0,0,0,0,0,0
201901,408,35300, ,New Haven-Milford  CT ,23,23,3199,0,0,0,0,0,0,1,13,800,11,11,1134,0,0,0,0,0,0,0,0,0
201901,408,35620,C,New York-Newark-Jersey City  NY-NJ-PA ,729,729,209694,54,108,13672,26,86,10416,94,3466,437160,470,470,153557,41,82,10744,17,54,8095,52,3029,393279
201901,408,39100, ,Poughkeepsie-Newburgh-Middletown  NY ,19,19,4708,0,0,0,0,0,0,2,21,2719,10,10,2800,0,0,0,0,0,0,0,0,0
201901,408,45940,C,Trenton-Princeton  NJ ,17,17,2564,0,0,0,1,4,340,3,29,1710,17,17,2564,0,0,0,1,4,340,2,24,1707
201901,412,35840,C,North Port-Sarasota-Bradenton  FL ,502,502,121554,0,0,0,8,32,7005,3,47,4467,485,485,116696,0,0,0,7,28,6246,3,47,4467
201901,412,39460, ,Punta Gorda  FL ,173,173,45400,10,20,3012,0,0,0,0,0,0,173,173,45400,10,20,3012,0,0,0,0,0,0
201901,416,36420,C,Oklahoma City  OK ,410,410,97466,6,12,1350,3,11,1609,0,0,0,374,374,90442,6,12,1350,3,11,1609,0,0,0
201901,420,36540, ,Omaha-Council Bluffs  NE-IA ,160,160,32508,0,0,0,0,0,0,3,286,17515,140,140,27054,0,0,0,0,0,0,3,286,17515
201901,422,19660, ,Deltona-Daytona Beach-Ormond Beach  FL ,185,185,52957,5,10,1515,0,0,0,0,0,0,174,174,50029,5,10,1515,0,0,0,0,0,0
201901,422,29460, ,Lakeland-Winter Haven  FL ,356,356,68455,0,0,0,0,0,0,0,0,0,356,356,68455,0,0,0,0,0,0,0,0,0
201901,422,36740, ,Orlando-Kissimmee-Sanford  FL ,1157,1157,309127,10,20,3575,0,0,0,7,244,18757,973,973,245618,10,20,3575,0,0,0,5,213,15881
201901,422,45540,C,The Villages  FL ,198,198,44442,0,0,0,0,0,0,0,0,0,198,198,44442,0,0,0,0,0,0,0,0,0
201901,425,37620, ,Parkersburg-Vienna  WV ,4,4,1143,0,0,0,0,0,0,0,0,0,4,4,1143,0,0,0,0,0,0,0,0,0
201901,426,37860,C,Pensacola-Ferry Pass-Brent  FL ,224,224,46257,8,16,4000,2,8,500,1,20,2188,224,224,46257,8,16,4000,2,8,500,1,20,2188
201901,428,12100,C,Atlantic City-Hammonton  NJ ,30,30,7577,0,0,0,0,0,0,3,67,5545,29,29,7343,0,0,0,0,0,0,2,36,1464
201901,428,20100,C,Dover  DE ,88,88,12574,0,0,0,0,0,0,1,5,424,87,87,12357,0,0,0,0,0,0,1,5,424
201901,428,36140,C,Ocean City  NJ ,31,31,10460,7,14,1954,0,0,0,0,0,0,31,31,10460,7,14,1954,0,0,0,0,0,0
201901,428,37980,C,Philadelphia-Camden-Wilmington  PA-NJ-DE-MD ,471,471,84511,10,20,3327,11,38,5035,31,541,38277,210,210,43594,0,0,0,2,7,1128,13,246,6402
201901,428,39740, ,Reading  PA ,0,0,0,0,0,0,0,0,0,0,0,0,0,0,0,0,0,0,0,0,0,0,0,0
201901,428,47220,C,Vineland-Bridgeton  NJ ,3,3,295,0,0,0,0,0,0,0,0,0,0,0,0,0,0,0,0,0,0,0,0,0
201901,429,38060,C,Phoenix-Mesa-Chandler  AZ ,1673,1673,430571,34,68,7320,1,4,2981,11,240,35304,1280,1280,345080,28,56,6198,1,4,2981,10,193,27722
201901,430,38300, ,Pittsburgh  PA ,57,57,18224,0,0,0,0,0,0,1,34,2788,41,41,14366,0,0,0,0,0,0,0,0,0
201901,430,48260, ,Weirton-Steubenville  WV-OH ,0,0,0,0,0,0,0,0,0,0,0,0,0,0,0,0,0,0,0,0,0,0,0,0
201901,438,30340, ,Lewiston-Auburn  ME ,2,2,319,0,0,0,0,0,0,0,0,0,0,0,0,0,0,0,0,0,0,0,0,0
201901,438,38860, ,Portland-South Portland  ME ,98,98,26249,2,4,809,0,0,0,5,129,20246,59,59,16837,1,2,540,0,0,0,5,129,20246
201901,440,10540, ,Albany-Lebanon  OR ,24,24,5524,0,0,0,0,0,0,1,5,496,8,8,1813,0,0,0,0,0,0,0,0,0
201901,440,18700, ,Corvallis  OR ,5,5,1471,0,0,0,0,0,0,0,0,0,5,5,1471,0,0,0,0,0,0,0,0,0
201901,440,31020, ,Longview  WA ,14,14,3058,0,0,0,0,0,0,0,0,0,0,0,0,0,0,0,0,0,0,0,0,0
201901,440,38900, ,Portland-Vancouver-Hillsboro  OR-WA ,561,561,152741,7,14,2309,2,8,1533,12,404,58897,477,477,129145,7,14,2309,2,8,1533,9,379,55614
201901,440,41420, ,Salem  OR ,51,51,15462,1,2,275,0,0,0,2,20,2605,51,51,15462,1,2,275,0,0,0,2,20,2605
201901,444,39380,C,Pueblo  CO ,39,39,6473,0,0,0,0,0,0,0,0,0,39,39,6473,0,0,0,0,0,0,0,0,0
201901,450,20500,C,Durham-Chapel Hill  NC ,269,269,66003,1,2,170,0,0,0,3,101,8046,76,76,24745,0,0,0,0,0,0,0,0,0
201901,450,39580,C,Raleigh-Cary  NC ,812,812,185378,0,0,0,0,0,0,3,91,13050,764,764,178696,0,0,0,0,0,0,3,91,13050
201901,452,39660, ,Rapid City  SD ,19,19,4804,1,2,400,0,0,0,0,0,0,19,19,4804,1,2,400,0,0,0,0,0,0
201901,454,39820, ,Redding  CA ,17,17,4870,0,0,0,0,0,0,0,0,0,17,17,4870,0,0,0,0,0,0,0,0,0
201901,456,16180,C,Carson City  NV ,10,10,2792,0,0,0,0,0,0,0,0,0,10,10,2792,0,0,0,0,0,0,0,0,0
201901,456,39900,C,Reno  NV ,149,149,40067,0,0,0,0,0,0,5,248,34676,107,107,30934,0,0,0,0,0,0,1,158,26704
201901,462,40340, ,Rochester  MN ,13,13,3144,0,0,0,0,0,0,0,0,0,13,13,3144,0,0,0,0,0,0,0,0,0
201901,464,40380, ,Rochester  NY ,59,59,17197,0,0,0,0,0,0,6,77,11470,50,50,15703,0,0,0,0,0,0,4,67,10907
201901,466,40420, ,Rockford  IL ,24,24,2685,0,0,0,0,0,0,0,0,0,24,24,2685,0,0,0,0,0,0,0,0,0
201901,472,40900,C,Sacramento-Roseville-Folsom  CA ,444,444,137030,11,22,2937,1,3,350,2,136,13762,441,441,136304,11,22,2937,1,3,350,2,136,13762
201901,474,13020, ,Bay City  MI ,0,0,0,0,0,0,0,0,0,0,0,0,0,0,0,0,0,0,0,0,0,0,0,0
201901,474,33220, ,Midland  MI ,4,4,527,0,0,0,0,0,0,0,0,0,4,4,527,0,0,0,0,0,0,0,0,0
201901,474,40980, ,Saginaw  MI ,2,2,283,0,0,0,1,3,150,0,0,0,0,0,0,0,0,0,0,0,0,0,0,0
201901,476,41180, ,St. Louis  MO-IL ,304,304,93456,4,8,1550,2,6,734,14,201,19580,255,255,79484,4,8,1550,0,0,0,12,191,18557
201901,480,41540, ,Salisbury  MD-DE ,342,342,49393,10,20,2674,4,14,1931,3,18,2033,334,334,47972,10,20,2674,4,14,1931,3,18,2033
201901,482,36260, ,Ogden-Clearfield  UT ,142,142,28386,0,0,0,2,6,600,6,71,11562,120,120,21943,0,0,0,2,6,600,6,71,11562
201901,482,39340, ,Provo-Orem  UT ,358,358,103576,0,0,0,0,0,0,0,0,0,353,353,101233,0,0,0,0,0,0,0,0,0
201901,482,41620, ,Salt Lake City  UT ,325,325,77227,5,10,1625,4,13,2127,14,294,38022,124,124,30075,4,8,1300,0,0,0,7,194,24623
201901,484,41700,C,San Antonio-New Braunfels  TX ,355,355,79164,10,20,1936,7,27,3286,3,68,8539,151,151,36032,0,0,0,6,24,2635,0,0,0
201901,488,32900, ,Merced  CA ,10,10,2186,0,0,0,0,0,0,0,0,0,10,10,2186,0,0,0,0,0,0,0,0,0
201901,488,33700, ,Modesto  CA ,1,1,133,0,0,0,0,0,0,0,0,0,0,0,0,0,0,0,0,0,0,0,0,0
201901,488,41860,C,San Francisco-Oakland-Berkeley  CA ,284,284,91897,2,4,1065,1,4,974,26,1230,273182,252,252,78079,2,4,1065,1,4,974,21,1162,260415
201901,488,41940,C,San Jose-Sunnyvale-Santa Clara  CA ,221,221,76173,0,0,0,2,7,1322,11,475,67172,139,139,56520,0,0,0,1,4,395,7,272,37393
201901,488,42100, ,Santa Cruz-Watsonville  CA ,8,8,1723,0,0,0,1,3,344,1,7,712,0,0,0,0,0,0,0,0,0,0,0,0
201901,488,42220, ,Santa Rosa-Petaluma  CA ,160,160,61689,0,0,0,0,0,0,5,120,9715,160,160,61689,0,0,0,0,0,0,5,120,9715
201901,488,44700, ,Stockton  CA ,99,99,33098,0,0,0,0,0,0,0,0,0,99,99,33098,0,0,0,0,0,0,0,0,0
201901,488,46700, ,Vallejo  CA ,33,33,9194,0,0,0,0,0,0,0,0,0,33,33,9194,0,0,0,0,0,0,0,0,0
201901,496,25980, ,Hinesville  GA ,35,35,7157,0,0,0,0,0,0,1,6,250,25,25,5267,0,0,0,0,0,0,0,0,0
201901,496,42340, ,Savannah  GA ,160,160,31222,0,0,0,1,4,340,27,211,10755,99,99,17317,0,0,0,1,4,340,26,205,10425
201901,500,14740,C,Bremerton-Silverdale-Port Orchard  WA ,52,52,15157,0,0,0,0,0,0,0,0,0,44,44,13168,0,0,0,0,0,0,0,0,0
201901,500,34580, ,Mount Vernon-Anacortes  WA ,31,31,6500,0,0,0,0,0,0,0,0,0,20,20,4693,0,0,0,0,0,0,0,0,0
201901,500,36500, ,Olympia-Lacey-Tumwater  WA ,67,67,19269,0,0,0,4,12,1919,0,0,0,32,32,9515,0,0,0,4,12,1919,0,0,0
201901,500,42660,C,Seattle-Tacoma-Bellevue  WA ,578,578,198477,26,52,11153,34,129,24903,29,772,114518,466,466,153104,25,50,11003,34,129,24903,26,694,104934
201901,508,43340,C,Shreveport-Bossier City  LA ,92,92,18169,0,0,0,0,0,0,0,0,0,88,88,17385,0,0,0,0,0,0,0,0,0
201901,515,21140, ,Elkhart-Goshen  IN ,9,9,2800,0,0,0,0,0,0,0,0,0,9,9,2800,0,0,0,0,0,0,0,0,0
201901,515,35660, ,Niles  MI ,1,1,150,0,0,0,0,0,0,0,0,0,0,0,0,0,0,0,0,0,0,0,0,0
201901,515,43780, ,South Bend-Mishawaka  IN-MI ,9,9,2725,0,0,0,0,0,0,0,0,0,9,9,2725,0,0,0,0,0,0,0,0,0
201901,518,17660, ,Coeur dAlene  ID ,101,101,24759,1,2,262,0,0,0,1,5,357,81,81,20736,0,0,0,0,0,0,0,0,0
201901,518,44060, ,Spokane-Spokane Valley  WA ,93,93,24984,4,8,1394,1,3,387,2,36,4397,66,66,18087,4,8,1394,0,0,0,0,0,0
201901,522,44100, ,Springfield  IL ,5,5,1169,1,2,376,0,0,0,1,5,250,1,1,50,0,0,0,0,0,0,0,0,0
201901,524,44300, ,State College  PA ,6,6,2139,0,0,0,0,0,0,0,0,0,4,4,1806,0,0,0,0,0,0,0,0,0
201901,532,45060, ,Syracuse  NY ,13,13,2966,0,0,0,0,0,0,0,0,0,12,12,2764,0,0,0,0,0,0,0,0,0
201901,534,45780, ,Toledo  OH ,41,41,12011,0,0,0,2,8,240,4,28,840,40,40,11898,0,0,0,2,8,240,4,28,840
201901,536,46060,C,Tucson  AZ ,176,176,50168,2,4,478,0,0,0,9,115,16314,72,72,22621,0,0,0,0,0,0,0,0,0
201901,538,46140,C,Tulsa  OK ,209,209,47025,1,2,265,0,0,0,0,0,0,201,201,45817,1,2,265,0,0,0,0,0,0
201901,540,46340, ,Tyler  TX ,34,34,11119,1,2,254,0,0,0,0,0,0,34,34,11119,1,2,254,0,0,0,0,0,0
201901,545,47260, ,Virginia Beach-Norfolk-Newport News  VA-NC ,263,263,54632,0,0,0,2,8,1080,2,157,8883,234,234,50842,0,0,0,2,8,1080,2,157,8883
201901,548,12580,C,Baltimore-Columbia-Towson  MD ,428,428,89455,0,0,0,0,0,0,8,258,31872,425,425,88631,0,0,0,0,0,0,8,258,31872
201901,548,15680,C,California-Lexington Park  MD ,2,2,844,0,0,0,0,0,0,0,0,0,2,2,844,0,0,0,0,0,0,0,0,0
201901,548,16540,C,Chambersburg-Waynesboro  PA ,13,13,2540,0,0,0,0,0,0,1,5,488,8,8,1867,0,0,0,0,0,0,0,0,0
201901,548,25180, ,Hagerstown-Martinsburg  MD-WV ,138,138,24865,0,0,0,0,0,0,1,24,1700,138,138,24865,0,0,0,0,0,0,1,24,1700
201901,548,47900, ,Washington-Arlington-Alexandria  DC-VA-MD-WV ,1025,1025,245571,4,8,972,7,28,875,19,1340,137144,1001,1001,237480,4,8,972,7,28,875,16,1096,120389
201901,548,49020, ,Winchester  VA-WV ,42,42,8872,0,0,0,3,11,1300,0,0,0,42,42,8872,0,0,0,3,11,1300,0,0,0
201901,554,48140, ,Wausau-Weston  WI ,8,8,1588,2,4,430,0,0,0,0,0,0,1,1,250,2,4,430,0,0,0,0,0,0
201901,556,48620, ,Wichita  KS ,56,56,11504,10,20,1978,1,4,600,1,13,910,10,10,3389,4,8,986,1,4,600,0,0,0
201901,558,48700, ,Williamsport  PA ,1,1,120,1,2,300,0,0,0,0,0,0,1,1,120,1,2,300,0,0,0,0,0,0
201901,566,49660, ,Youngstown-Warren-Boardman  OH-PA ,10,10,2226,0,0,0,0,0,0,0,0,0,4,4,829,0,0,0,0,0,0,0,0,0
201901,999,10180, ,Abilene  TX ,22,22,4791,1,2,149,0,0,0,0,0,0,0,0,0,0,0,0,0,0,0,0,0,0
201901,999,10500, ,Albany  GA ,29,29,2499,0,0,0,0,0,0,0,0,0,1,1,152,0,0,0,0,0,0,0,0,0
201901,999,10780, ,Alexandria  LA ,17,17,4291,0,0,0,0,0,0,0,0,0,11,11,2673,0,0,0,0,0,0,0,0,0
201901,999,10900, ,Allentown-Bethlehem-Easton  PA-NJ ,17,17,4061,0,0,0,0,0,0,1,8,289,6,6,1195,0,0,0,0,0,0,0,0,0
201901,999,11260,C,Anchorage  AK ,56,56,17542,0,0,0,1,4,695,1,13,2055,0,0,0,0,0,0,0,0,0,0,0,0
201901,999,11500, ,Anniston-Oxford  AL ,0,0,0,0,0,0,0,0,0,0,0,0,0,0,0,0,0,0,0,0,0,0,0,0
201901,999,12260, ,Augusta-Richmond County  GA-SC ,225,225,44137,0,0,0,3,11,605,3,34,2000,91,91,19858,0,0,0,3,11,605,1,8,392
201901,999,12420, ,Austin-Round Rock-Georgetown  TX ,1219,1219,301965,2,4,460,0,0,0,2,91,11528,947,947,244614,0,0,0,0,0,0,1,37,4212
201901,999,12540, ,Bakersfield  CA ,124,124,32777,4,8,946,0,0,0,0,0,0,10,10,2463,0,0,0,0,0,0,0,0,0
201901,999,12620, ,Bangor  ME ,4,4,1134,0,0,0,0,0,0,0,0,0,4,4,1134,0,0,0,0,0,0,0,0,0
201901,999,12940, ,Baton Rouge  LA ,235,235,54783,0,0,0,0,0,0,0,0,0,149,149,35584,0,0,0,0,0,0,0,0,0
201901,999,13140, ,Beaumont-Port Arthur  TX ,45,45,6567,0,0,0,0,0,0,0,0,0,45,45,6567,0,0,0,0,0,0,0,0,0
201901,999,13220,C,Beckley  WV ,7,7,1619,0,0,0,0,0,0,0,0,0,3,3,808,0,0,0,0,0,0,0,0,0
201901,999,13380, ,Bellingham  WA ,62,62,17369,1,2,271,2,6,932,1,37,4398,53,53,15086,1,2,271,1,3,384,1,37,4398
201901,999,13740, ,Billings  MT ,17,17,4318,0,0,0,2,8,1100,0,0,0,17,17,4318,0,0,0,2,8,1100,0,0,0
201901,999,13780, ,Binghamton  NY ,0,0,0,0,0,0,0,0,0,0,0,0,0,0,0,0,0,0,0,0,0,0,0,0
201901,999,13900, ,Bismarck  ND ,18,18,3773,1,2,351,0,0,0,0,0,0,10,10,1813,0,0,0,0,0,0,0,0,0
201901,999,13980, ,Blacksburg-Christiansburg  VA ,8,8,1975,0,0,0,0,0,0,0,0,0,8,8,1975,0,0,0,0,0,0,0,0,0
201901,999,15260, ,Brunswick  GA ,44,44,12828,0,0,0,0,0,0,0,0,0,1,1,264,0,0,0,0,0,0,0,0,0
201901,999,16220, ,Casper  WY ,9,9,2269,0,0,0,0,0,0,1,7,855,1,1,178,0,0,0,0,0,0,0,0,0
201901,999,16580, ,Champaign-Urbana  IL ,2,2,580,0,0,0,0,0,0,2,47,5850,2,2,580,0,0,0,0,0,0,2,47,5850
201901,999,16700,C,Charleston-North Charleston  SC ,444,444,121751,2,4,1671,0,0,0,12,318,21687,361,361,108087,2,4,1671,0,0,0,11,297,20634
201901,999,16820, ,Charlottesville  VA ,53,53,16038,0,0,0,0,0,0,1,16,1799,5,5,1150,0,0,0,0,0,0,0,0,0
201901,999,16940, ,Cheyenne  WY ,21,21,3956,1,2,318,2,8,689,1,8,965,6,6,1147,0,0,0,0,0,0,0,0,0
201901,999,17020, ,Chico  CA ,85,85,8596,0,0,0,5,20,2302,0,0,0,85,85,8596,0,0,0,5,20,2302,0,0,0
201901,999,17300,C,Clarksville  TN-KY ,153,153,25156,2,4,191,2,8,400,8,71,7675,86,86,17068,0,0,0,2,8,400,7,58,6962
201901,999,17780, ,College Station-Bryan  TX ,79,79,15828,6,12,1706,0,0,0,4,84,9584,79,79,15828,6,12,1706,0,0,0,4,84,9584
201901,999,17820,C,Colorado Springs  CO ,191,191,77271,1,2,350,0,0,0,8,214,33339,191,191,77271,1,2,350,0,0,0,8,214,33339
201901,999,18880,C,Crestview-Fort Walton Beach-Destin  FL ,188,188,78538,0,0,0,13,50,3634,9,283,31775,183,183,77422,0,0,0,13,50,3634,9,283,31775
201901,999,19060, ,Cumberland  MD-WV ,1,1,365,0,0,0,0,0,0,0,0,0,1,1,365,0,0,0,0,0,0,0,0,0
201901,999,19180, ,Danville  IL ,0,0,0,0,0,0,0,0,0,0,0,0,0,0,0,0,0,0,0,0,0,0,0,0
201901,999,19500, ,Decatur  IL ,1,1,350,0,0,0,0,0,0,0,0,0,1,1,350,0,0,0,0,0,0,0,0,0
201901,999,20220, ,Dubuque  IA ,4,4,1110,0,0,0,0,0,0,0,0,0,4,4,1110,0,0,0,0,0,0,0,0,0
201901,999,20260, ,Duluth  MN-WI ,2,2,525,0,0,0,0,0,0,0,0,0,1,1,325,0,0,0,0,0,0,0,0,0
201901,999,20940, ,El Centro  CA ,4,4,599,0,0,0,0,0,0,0,0,0,3,3,447,0,0,0,0,0,0,0,0,0
201901,999,21420, ,Enid  OK ,2,2,500,0,0,0,0,0,0,0,0,0,2,2,500,0,0,0,0,0,0,0,0,0
201901,999,21660, ,Eugene-Springfield  OR ,45,45,10883,0,0,0,1,3,322,1,6,770,29,29,6863,0,0,0,0,0,0,1,6,770
201901,999,21780, ,Evansville  IN-KY ,35,35,9315,8,16,1455,0,0,0,0,0,0,21,21,6901,8,16,1455,0,0,0,0,0,0
201901,999,21820,C,Fairbanks  AK ,0,0,0,0,0,0,0,0,0,0,0,0,0,0,0,0,0,0,0,0,0,0,0,0
201901,999,22140,C,Farmington  NM ,7,7,1618,0,0,0,0,0,0,0,0,0,0,0,0,0,0,0,0,0,0,0,0,0
201901,999,22220, ,Fayetteville-Springdale-Rogers  AR-MO ,321,321,80217,1,2,153,1,3,181,2,28,2254,231,231,61026,0,0,0,0,0,0,0,0,0
201901,999,22380, ,Flagstaff  AZ ,38,38,8251,0,0,0,0,0,0,0,0,0,38,38,8251,0,0,0,0,0,0,0,0,0
201901,999,22500, ,Florence  SC ,32,32,3897,0,0,0,0,0,0,3,44,3811,0,0,0,0,0,0,0,0,0,0,0,0
201901,999,22520, ,Florence-Muscle Shoals  AL ,22,22,2749,0,0,0,0,0,0,0,0,0,12,12,1567,0,0,0,0,0,0,0,0,0
201901,999,22540, ,Fond du Lac  WI ,2,2,507,0,0,0,0,0,0,0,0,0,1,1,258,0,0,0,0,0,0,0,0,0
201901,999,22660,C,Fort Collins  CO ,99,99,31016,0,0,0,0,0,0,4,22,4311,99,99,31016,0,0,0,0,0,0,4,22,4311
201901,999,22900, ,Fort Smith  AR-OK ,12,12,2583,2,4,438,1,3,255,0,0,0,9,9,2277,2,4,438,0,0,0,0,0,0
201901,999,23460, ,Gadsden  AL ,5,5,853,0,0,0,0,0,0,0,0,0,0,0,0,0,0,0,0,0,0,0,0,0
201901,999,24220, ,Grand Forks  ND-MN ,0,0,0,0,0,0,0,0,0,0,0,0,0,0,0,0,0,0,0,0,0,0,0,0
201901,999,24260, ,Grand Island  NE ,4,4,583,0,0,0,0,0,0,0,0,0,4,4,583,0,0,0,0,0,0,0,0,0
201901,999,24300,C,Grand Junction  CO ,41,41,11692,0,0,0,0,0,0,0,0,0,41,41,11692,0,0,0,0,0,0,0,0,0
201901,999,24500,C,Great Falls  MT ,10,10,2659,0,0,0,0,0,0,1,12,1002,10,10,2659,0,0,0,0,0,0,1,12,1002
201901,999,25060, ,Gulfport-Biloxi  MS ,164,164,27762,2,4,720,1,3,301,1,5,423,75,75,13310,2,4,720,0,0,0,0,0,0
201901,999,25860, ,Hickory-Lenoir-Morganton  NC ,1,1,151,0,0,0,0,0,0,1,5,279,0,0,0,0,0,0,0,0,0,0,0,0
201901,999,25940, ,Hilton Head Island-Bluffton  SC ,102,102,33795,0,0,0,0,0,0,2,24,4680,102,102,33795,0,0,0,0,0,0,2,24,4680
201901,999,26140, ,Homosassa Springs  FL ,33,33,7131,1,2,55,0,0,0,1,7,605,0,0,0,0,0,0,0,0,0,0,0,0
201901,999,26380, ,Houma-Thibodaux  LA ,43,43,10881,0,0,0,0,0,0,0,0,0,32,32,8076,0,0,0,0,0,0,0,0,0
201901,999,27100, ,Jackson  MI ,0,0,0,0,0,0,0,0,0,0,0,0,0,0,0,0,0,0,0,0,0,0,0,0
201901,999,27340,C,Jacksonville  NC ,92,92,13516,2,4,252,1,3,300,1,5,300,78,78,11032,1,2,128,0,0,0,0,0,0
201901,999,27980,C,Kahului-Wailuku-Lahaina  HI ,23,23,11491,0,0,0,0,0,0,1,22,8930,23,23,11491,0,0,0,0,0,0,1,22,8930
201901,999,28660,C,Killeen-Temple  TX ,149,149,25275,13,26,2337,0,0,0,0,0,0,139,139,23202,11,22,1950,0,0,0,0,0,0
201901,999,29100, ,La Crosse-Onalaska  WI-MN ,2,2,596,0,0,0,1,4,800,1,5,373,2,2,596,0,0,0,1,4,800,0,0,0
201901,999,29420, ,Lake Havasu City-Kingman  AZ ,64,64,15213,0,0,0,0,0,0,0,0,0,64,64,15213,0,0,0,0,0,0,0,0,0
201901,999,29540, ,Lancaster  PA ,10,10,1485,0,0,0,0,0,0,0,0,0,2,2,59,0,0,0,0,0,0,0,0,0
201901,999,29620, ,Lansing-East Lansing  MI ,6,6,1379,0,0,0,0,0,0,0,0,0,1,1,285,0,0,0,0,0,0,0,0,0
201901,999,29700, ,Laredo  TX ,86,86,15442,1,2,140,0,0,0,1,17,1618,0,0,0,0,0,0,0,0,0,0,0,0
201901,999,30020, ,Lawton  OK ,4,4,887,0,0,0,0,0,0,0,0,0,1,1,220,0,0,0,0,0,0,0,0,0
201901,999,30300, ,Lewiston  ID-WA ,0,0,0,0,0,0,0,0,0,0,0,0,0,0,0,0,0,0,0,0,0,0,0,0
201901,999,30860, ,Logan  UT-ID ,5,5,1143,0,0,0,0,0,0,0,0,0,5,5,1143,0,0,0,0,0,0,0,0,0
201901,999,30980, ,Longview  TX ,10,10,1740,0,0,0,0,0,0,0,0,0,0,0,0,0,0,0,0,0,0,0,0,0
201901,999,31340, ,Lynchburg  VA ,23,23,5751,0,0,0,1,3,630,1,24,1749,3,3,1001,0,0,0,0,0,0,1,24,1749
201901,999,31740, ,Manhattan  KS ,12,12,3215,0,0,0,0,0,0,1,5,641,7,7,2060,0,0,0,0,0,0,0,0,0
201901,999,33540,C,Missoula  MT ,23,23,5861,0,0,0,0,0,0,0,0,0,23,23,5861,0,0,0,0,0,0,0,0,0
201901,999,36100, ,Ocala  FL ,187,187,36348,0,0,0,0,0,0,0,0,0,187,187,36348,0,0,0,0,0,0,0,0,0
201901,999,36980, ,Owensboro  KY ,17,17,1714,1,2,157,0,0,0,0,0,0,17,17,1714,1,2,157,0,0,0,0,0,0
201901,999,37340, ,Palm Bay-Melbourne-Titusville  FL ,186,186,59024,0,0,0,0,0,0,0,0,0,186,186,59024,0,0,0,0,0,0,0,0,0
201901,999,37460, ,Panama City  FL ,14,14,3790,0,0,0,0,0,0,0,0,0,6,6,1275,0,0,0,0,0,0,0,0,0
201901,999,37900, ,Peoria  IL ,0,0,0,0,0,0,0,0,0,0,0,0,0,0,0,0,0,0,0,0,0,0,0,0
201901,999,38340, ,Pittsfield  MA ,1,1,247,0,0,0,0,0,0,0,0,0,1,1,247,0,0,0,0,0,0,0,0,0
201901,999,38540, ,Pocatello  ID ,12,12,1755,0,0,0,0,0,0,0,0,0,8,8,917,0,0,0,0,0,0,0,0,0
201901,999,39150, ,Prescott Valley-Prescott  AZ ,83,83,23721,6,12,1826,0,0,0,0,0,0,61,61,16516,5,10,1454,0,0,0,0,0,0
201901,999,40060, ,Richmond  VA ,344,344,65153,0,0,0,5,20,2171,16,578,31811,312,312,58373,0,0,0,5,20,2171,16,578,31811
201901,999,41100, ,St. George  UT ,130,130,23938,2,4,550,4,13,1609,0,0,0,87,87,13709,2,4,550,4,13,1609,0,0,0
201901,999,41500, ,Salinas  CA ,21,21,5543,0,0,0,0,0,0,2,11,2216,20,20,5317,0,0,0,0,0,0,1,6,1604
201901,999,41660,C,San Angelo  TX ,22,22,4294,0,0,0,0,0,0,0,0,0,22,22,4294,0,0,0,0,0,0,0,0,0
201901,999,41740,C,San Diego-Chula Vista-Carlsbad  CA ,248,248,83482,2,4,485,2,7,1164,6,85,10702,243,243,80592,2,4,485,2,7,1164,6,85,10702
201901,999,42020, ,San Luis Obispo-Paso Robles  CA ,23,23,756,0,0,0,0,0,0,0,0,0,23,23,756,0,0,0,0,0,0,0,0,0
201901,999,42200, ,Santa Maria-Santa Barbara  CA ,28,28,24463,0,0,0,0,0,0,0,0,0,28,28,24463,0,0,0,0,0,0,0,0,0
201901,999,42540, ,Scranton--Wilkes-Barre  PA ,2,2,419,0,0,0,0,0,0,0,0,0,2,2,419,0,0,0,0,0,0,0,0,0
201901,999,43100, ,Sheboygan  WI ,0,0,0,0,0,0,0,0,0,0,0,0,0,0,0,0,0,0,0,0,0,0,0,0
201901,999,43420, ,Sierra Vista-Douglas  AZ ,22,22,3752,0,0,0,0,0,0,0,0,0,22,22,3752,0,0,0,0,0,0,0,0,0
201901,999,43580, ,Sioux City  IA-NE-SD ,5,5,1423,0,0,0,0,0,0,0,0,0,0,0,0,0,0,0,0,0,0,0,0,0
201901,999,43620, ,Sioux Falls  SD ,47,47,8795,0,0,0,0,0,0,4,45,4808,45,45,8523,0,0,0,0,0,0,4,45,4808
201901,999,44140, ,Springfield  MA ,2,2,1119,0,0,0,0,0,0,0,0,0,1,1,895,0,0,0,0,0,0,0,0,0
201901,999,44180, ,Springfield  MO ,37,37,7876,0,0,0,0,0,0,1,23,2557,29,29,6445,0,0,0,0,0,0,0,0,0
201901,999,44940, ,Sumter  SC ,18,18,2441,0,0,0,0,0,0,0,0,0,0,0,0,0,0,0,0,0,0,0,0,0
201901,999,45220, ,Tallahassee  FL ,67,67,13103,0,0,0,0,0,0,4,100,13211,18,18,3320,0,0,0,0,0,0,0,0,0
201901,999,45300,C,Tampa-St. Petersburg-Clearwater  FL ,1262,1262,335076,2,4,530,2,8,509,19,970,113582,1248,1248,332899,1,2,250,2,8,509,18,965,111302
201901,999,45460, ,Terre Haute  IN ,1,1,186,1,2,138,0,0,0,1,10,692,0,0,0,0,0,0,0,0,0,0,0,0
201901,999,45500, ,Texarkana  TX-AR ,2,2,457,0,0,0,0,0,0,0,0,0,0,0,0,0,0,0,0,0,0,0,0,0
201901,999,45820, ,Topeka  KS ,15,15,1808,0,0,0,3,9,842,0,0,0,13,13,1531,0,0,0,3,9,842,0,0,0
201901,999,46220, ,Tuscaloosa  AL ,38,38,10178,1,2,475,2,7,979,4,46,4456,0,0,0,0,0,0,0,0,0,0,0,0
201901,999,46300, ,Twin Falls  ID ,24,24,5205,1,2,245,0,0,0,0,0,0,22,22,4854,1,2,245,0,0,0,0,0,0
201901,999,46520,C,Urban Honolulu  HI ,55,55,31525,0,0,0,0,0,0,17,246,67424,55,55,31525,0,0,0,0,0,0,17,246,67424
201901,999,46540, ,Utica-Rome  NY ,1,1,71,0,0,0,1,3,225,2,12,900,0,0,0,0,0,0,1,3,225,2,12,900
201901,999,46660, ,Valdosta  GA ,84,84,15859,1,2,133,0,0,0,0,0,0,44,44,9106,0,0,0,0,0,0,0,0,0
201901,999,47300, ,Visalia  CA ,80,80,19883,2,4,63,0,0,0,1,5,899,75,75,19349,2,4,63,0,0,0,0,0,0
201901,999,47380, ,Waco  TX ,42,42,9432,1,2,240,1,3,161,1,5,343,0,0,0,0,0,0,0,0,0,0,0,0
201901,999,47940, ,Waterloo-Cedar Falls  IA ,6,6,1498,0,0,0,0,0,0,0,0,0,0,0,0,0,0,0,0,0,0,0,0,0
201901,999,48060, ,Watertown-Fort Drum  NY ,4,4,435,0,0,0,0,0,0,0,0,0,4,4,435,0,0,0,0,0,0,0,0,0
201901,999,48300, ,Wenatchee  WA ,21,21,4672,0,0,0,0,0,0,0,0,0,21,21,4672,0,0,0,0,0,0,0,0,0
201901,999,48540, ,Wheeling  WV-OH ,0,0,0,0,0,0,0,0,0,0,0,0,0,0,0,0,0,0,0,0,0,0,0,0
201901,999,48660, ,Wichita Falls  TX ,0,0,0,0,0,0,0,0,0,0,0,0,0,0,0,0,0,0,0,0,0,0,0,0
201901,999,48900, ,Wilmington  NC ,127,127,40877,2,4,214,0,0,0,2,43,6118,0,0,0,0,0,0,0,0,0,0,0,0
201901,999,49420, ,Yakima  WA ,31,31,7760,4,8,1528,0,0,0,0,0,0,31,31,7760,4,8,1528,0,0,0,0,0,0
201901,999,49740, ,Yuma  AZ ,86,86,13153,0,0,0,0,0,0,0,0,0,86,86,13153,0,0,0,0,0,0,0,0,0
