Survey,CSA,CBSA,MONCOV,CBSA,,1-unit,,,2-units,,,3-4 units,,,5+ units,,,1-unit rep,,,2-units rep,,,3-4 units rep,,,5+ units rep
Date,Code,Code,,Name,Bldgs,Units,Value,Bldgs,Units,Value,Bldgs,Units,Value,Bldgs,Units,Value,Bldgs,Units,Value,Bldgs,Units,Value,      Bldgs,Units,Value,Bldgs,Units,Value
 
201906,104,10580,C,Albany-Schenectady-Troy  NY ,85,85,23514,3,6,1017,1,3,465,4,42,5154,53,53,13618,1,2,330,0,0,0,0,0,0
201906,104,24020, ,Glens Falls  NY ,16,16,3486,0,0,0,0,0,0,0,0,0,9,9,1842,0,0,0,0,0,0,0,0,0
201906,106,10740,C,Albuquerque  NM ,189,189,42555,0,0,0,0,0,0,1,6,250,128,128,29074,0,0,0,0,0,0,0,0,0
201906,106,42140,C,Santa Fe  NM ,21,21,5521,0,0,0,0,0,0,1,5,344,0,0,0,0,0,0,0,0,0,0,0,0
201906,107,11020, ,Altoona  PA ,0,0,0,0,0,0,0,0,0,0,0,0,0,0,0,0,0,0,0,0,0,0,0,0
201906,108,11100, ,Amarillo  TX ,42,42,9973,1,2,224,0,0,0,0,0,0,42,42,9973,1,2,224,0,0,0,0,0,0
201906,118,11540, ,Appleton  WI ,38,38,11901,1,2,490,0,0,0,0,0,0,38,38,11901,1,2,490,0,0,0,0,0,0
201906,118,36780, ,Oshkosh-Neenah  WI ,16,16,4271,0,0,0,0,0,0,1,8,640,14,14,3960,0,0,0,0,0,0,1,8,640
201906,120,11700, ,Asheville  NC ,169,169,52388,0,0,0,0,0,0,2,16,1886,51,51,17275,0,0,0,0,0,0,0,0,0
201906,122,12020, ,Athens-Clarke County  GA ,73,73,13562,0,0,0,7,23,1900,2,10,995,73,73,13562,0,0,0,7,23,1900,2,10,995
201906,122,12060, ,Atlanta-Sandy Springs-Alpharetta  GA ,2236,2236,511422,3,6,1371,2,7,1267,8,325,52677,1949,1949,451307,2,4,1196,2,7,1267,5,298,48652
201906,122,23580, ,Gainesville  GA ,105,105,20449,0,0,0,0,0,0,0,0,0,105,105,20449,0,0,0,0,0,0,0,0,0
201906,122,40660,C,Rome  GA ,12,12,1692,0,0,0,0,0,0,0,0,0,12,12,1692,0,0,0,0,0,0,0,0,0
201906,140,13460,C,Bend  OR ,120,120,33002,3,6,965,0,0,0,1,8,800,120,120,33002,3,6,965,0,0,0,1,8,800
201906,142,13820,C,Birmingham-Hoover  AL ,233,233,63347,2,4,495,0,0,0,1,9,908,119,119,30473,0,0,0,0,0,0,0,0,0
201906,144,14020,C,Bloomington  IN ,23,23,5945,2,4,538,0,0,0,1,9,1036,0,0,0,0,0,0,0,0,0,0,0,0
201906,145,14010, ,Bloomington  IL ,16,16,1793,5,10,645,0,0,0,0,0,0,16,16,1793,5,10,645,0,0,0,0,0,0
201906,146,14100,C,Bloomsburg-Berwick  PA ,6,6,1376,7,14,2000,0,0,0,1,6,791,4,4,938,7,14,2000,0,0,0,0,0,0
201906,147,14260,C,Boise City  ID ,583,583,136417,4,8,1218,9,36,2944,2,40,4154,509,509,114669,3,6,1078,9,36,2944,2,40,4154
201906,148,12700, ,Barnstable Town  MA ,2,2,1740,0,0,0,0,0,0,0,0,0,2,2,1740,0,0,0,0,0,0,0,0,0
201906,148,14460,C,Boston-Cambridge-Newton  MA-NH ,364,364,112510,27,54,8977,9,27,5207,31,830,175637,181,181,56765,12,24,3565,6,18,3134,10,582,140750
201906,148,31700, ,Manchester-Nashua  NH ,31,31,6946,1,2,263,0,0,0,1,5,631,12,12,3678,0,0,0,0,0,0,0,0,0
201906,148,39300,C,Providence-Warwick  RI-MA ,141,141,38976,10,20,2593,0,0,0,3,16,1469,76,76,25274,4,8,1091,0,0,0,1,6,962
201906,148,49340, ,Worcester  MA-CT ,17,17,3891,0,0,0,0,0,0,0,0,0,10,10,2248,0,0,0,0,0,0,0,0,0
201906,150,14540, ,Bowling Green  KY ,64,64,15197,0,0,0,0,0,0,0,0,0,64,64,15197,0,0,0,0,0,0,0,0,0
201906,154,15180, ,Brownsville-Harlingen  TX ,83,83,8459,0,0,0,0,0,0,0,0,0,26,26,2674,0,0,0,0,0,0,0,0,0
201906,160,15380,C,Buffalo-Cheektowaga  NY ,82,82,25276,1,2,575,0,0,0,5,94,10760,62,62,17220,0,0,0,0,0,0,4,72,5824
201906,162,15540, ,Burlington-South Burlington  VT ,20,20,4530,6,12,1890,1,4,350,0,0,0,15,15,3268,5,10,1675,0,0,0,0,0,0
201906,163,15980,C,Cape Coral-Fort Myers  FL ,361,361,73715,27,54,8248,5,20,2831,15,501,70821,361,361,73715,27,54,8248,5,20,2831,15,501,70821
201906,163,34940, ,Naples-Marco Island  FL ,247,247,52864,0,0,0,1,4,807,2,14,4726,247,247,52864,0,0,0,1,4,807,2,14,4726
201906,164,16020, ,Cape Girardeau  MO-IL ,0,0,0,0,0,0,0,0,0,0,0,0,0,0,0,0,0,0,0,0,0,0,0,0
201906,168,16300, ,Cedar Rapids  IA ,47,47,8152,4,8,1310,0,0,0,1,50,5678,47,47,8152,4,8,1310,0,0,0,1,50,5678
201906,168,26980, ,Iowa City  IA ,16,16,4689,1,2,407,3,12,2130,4,92,26400,7,7,2595,0,0,0,3,12,2130,4,92,26400
201906,170,16620, ,Charleston  WV ,11,11,652,0,0,0,0,0,0,0,0,0,6,6,277,0,0,0,0,0,0,0,0,0
201906,170,26580, ,Huntington-Ashland  WV-KY-OH ,15,15,2561,1,2,278,0,0,0,0,0,0,8,8,1525,0,0,0,0,0,0,0,0,0
201906,172,16740, ,Charlotte-Concord-Gastonia  NC-SC ,1275,1275,338112,0,0,0,0,0,0,34,882,103529,1087,1087,273114,0,0,0,0,0,0,33,871,102281
201906,174,16860, ,Chattanooga  TN-GA ,117,117,25467,4,8,595,0,0,0,1,10,1132,80,80,16649,1,2,136,0,0,0,0,0,0
201906,174,17420, ,Cleveland  TN ,29,29,4902,1,2,173,1,4,360,0,0,0,0,0,0,0,0,0,0,0,0,0,0,0
201906,176,16980, ,Chicago-Naperville-Elgin  IL-IN-WI ,703,703,201354,14,28,4692,15,48,8852,31,545,74577,562,562,161237,11,22,3656,14,45,8450,23,493,69548
201906,176,28100, ,Kankakee  IL ,4,4,1083,0,0,0,0,0,0,0,0,0,4,4,1083,0,0,0,0,0,0,0,0,0
201906,176,33140, ,Michigan City-La Porte  IN ,8,8,1653,0,0,0,0,0,0,0,0,0,8,8,1653,0,0,0,0,0,0,0,0,0
201906,178,17140, ,Cincinnati  OH-KY-IN ,407,407,98712,2,4,464,2,8,1190,2,13,1292,323,323,77463,2,4,464,2,8,1190,1,8,891
201906,184,10420, ,Akron  OH ,54,54,28038,0,0,0,0,0,0,0,0,0,54,54,28038,0,0,0,0,0,0,0,0,0
201906,184,15940, ,Canton-Massillon  OH ,40,40,8693,0,0,0,1,3,154,1,5,384,35,35,8110,0,0,0,0,0,0,0,0,0
201906,184,17460, ,Cleveland-Elyria  OH ,262,262,65421,3,6,539,1,4,360,3,61,6395,187,187,49405,0,0,0,1,4,360,3,61,6395
201906,190,17860, ,Columbia  MO ,53,53,15321,0,0,0,0,0,0,0,0,0,53,53,15321,0,0,0,0,0,0,0,0,0
201906,192,17900,C,Columbia  SC ,379,379,71074,0,0,0,0,0,0,2,32,2367,89,89,16411,0,0,0,0,0,0,0,0,0
201906,194,12220,C,Auburn-Opelika  AL ,105,105,29242,1,2,372,1,4,554,1,5,574,55,55,15162,0,0,0,0,0,0,0,0,0
201906,194,17980, ,Columbus  GA-AL ,74,74,14788,0,0,0,2,6,369,2,10,1878,46,46,9342,0,0,0,0,0,0,0,0,0
201906,198,18140, ,Columbus  OH ,346,346,93382,6,12,1848,9,35,4578,11,351,33018,283,283,76852,6,12,1848,8,32,4503,10,346,32793
201906,204,18580, ,Corpus Christi  TX ,76,76,12095,0,0,0,1,4,554,0,0,0,71,71,11335,0,0,0,1,4,554,0,0,0
201906,206,19100, ,Dallas-Fort Worth-Arlington  TX ,2822,2822,780885,5,10,1070,5,19,3177,33,2515,283278,2158,2158,582457,5,10,1070,5,19,3177,23,2190,245605
201906,209,19340, ,Davenport-Moline-Rock Island  IA-IL ,27,27,6711,0,0,0,0,0,0,8,201,20671,10,10,2055,0,0,0,0,0,0,7,196,20412
201906,212,19430, ,Dayton-Kettering  OH ,83,83,26781,0,0,0,0,0,0,0,0,0,53,53,20288,0,0,0,0,0,0,0,0,0
201906,212,44220, ,Springfield  OH ,8,8,2694,0,0,0,0,0,0,0,0,0,8,8,2694,0,0,0,0,0,0,0,0,0
201906,216,14500, ,Boulder  CO ,66,66,26648,0,0,0,0,0,0,7,78,11487,22,22,9149,0,0,0,0,0,0,4,33,5806
201906,216,19740,C,Denver-Aurora-Lakewood  CO ,977,977,289715,10,20,3097,5,18,2422,32,800,93939,930,930,271125,10,20,3097,5,18,2422,32,800,93939
201906,216,24540, ,Greeley  CO ,256,256,65316,0,0,0,3,9,1759,4,49,5134,99,99,24078,0,0,0,0,0,0,0,0,0
201906,218,11180, ,Ames  IA ,9,9,2926,0,0,0,0,0,0,0,0,0,9,9,2926,0,0,0,0,0,0,0,0,0
201906,218,19780, ,Des Moines-West Des Moines  IA ,329,329,86109,0,0,0,1,4,891,6,228,19973,318,318,83093,0,0,0,1,4,891,6,228,19973
201906,220,11460, ,Ann Arbor  MI ,38,38,9992,0,0,0,0,0,0,3,18,2644,27,27,6928,0,0,0,0,0,0,3,18,2644
201906,220,19820, ,Detroit-Warren-Dearborn  MI ,493,493,144570,12,24,3591,11,37,7106,4,98,6932,350,350,109711,10,20,3130,9,31,6547,3,93,6807
201906,220,22420, ,Flint  MI ,15,15,4362,0,0,0,1,3,573,0,0,0,8,8,2434,0,0,0,0,0,0,0,0,0
201906,220,33780, ,Monroe  MI ,1,1,222,0,0,0,1,4,340,0,0,0,1,1,222,0,0,0,1,4,340,0,0,0
201906,222,20020, ,Dothan  AL ,16,16,3970,0,0,0,0,0,0,0,0,0,14,14,3556,0,0,0,0,0,0,0,0,0
201906,232,20740, ,Eau Claire  WI ,43,43,10852,0,0,0,0,0,0,0,0,0,43,43,10852,0,0,0,0,0,0,0,0,0
201906,236,21300, ,Elmira  NY ,0,0,0,0,0,0,0,0,0,0,0,0,0,0,0,0,0,0,0,0,0,0,0,0
201906,238,21340,C,El Paso  TX ,147,147,33873,7,14,1820,40,160,21471,3,32,5589,8,8,1862,0,0,0,39,156,20946,0,0,0
201906,238,29740,C,Las Cruces  NM ,79,79,19229,0,0,0,0,0,0,0,0,0,79,79,19229,0,0,0,0,0,0,0,0,0
201906,240,21500, ,Erie  PA ,11,11,2679,0,0,0,0,0,0,0,0,0,10,10,2574,0,0,0,0,0,0,0,0,0
201906,244,22020, ,Fargo  ND-MN ,120,120,27853,0,0,0,0,0,0,0,0,0,119,119,27533,0,0,0,0,0,0,0,0,0
201906,246,22180, ,Fayetteville  NC ,106,106,17761,4,8,1373,0,0,0,0,0,0,60,60,12133,4,8,1373,0,0,0,0,0,0
201906,258,23060,C,Fort Wayne  IN ,129,129,34924,0,0,0,0,0,0,1,5,463,129,129,34924,0,0,0,0,0,0,0,0,0
201906,260,23420,C,Fresno  CA ,189,189,57203,0,0,0,0,0,0,1,5,666,185,185,56564,0,0,0,0,0,0,0,0,0
201906,260,31460, ,Madera  CA ,58,58,15297,0,0,0,0,0,0,0,0,0,58,58,15297,0,0,0,0,0,0,0,0,0
201906,264,23540, ,Gainesville  FL ,41,41,10873,0,0,0,0,0,0,1,55,1873,30,30,9388,0,0,0,0,0,0,0,0,0
201906,266,24340, ,Grand Rapids-Kentwood  MI ,236,236,41527,2,4,795,2,8,800,0,0,0,201,201,33734,2,4,795,2,8,800,0,0,0
201906,266,34740, ,Muskegon  MI ,14,14,3500,0,0,0,0,0,0,0,0,0,14,14,3500,0,0,0,0,0,0,0,0,0
201906,267,24580, ,Green Bay  WI ,59,59,18008,1,2,420,0,0,0,1,5,463,40,40,11727,1,2,420,0,0,0,0,0,0
201906,268,15500, ,Burlington  NC ,50,50,8941,0,0,0,0,0,0,0,0,0,50,50,8941,0,0,0,0,0,0,0,0,0
201906,268,24660,C,Greensboro-High Point  NC ,152,152,37989,0,0,0,0,0,0,0,0,0,137,137,34458,0,0,0,0,0,0,0,0,0
201906,268,49180, ,Winston-Salem  NC ,175,175,27902,0,0,0,0,0,0,1,19,749,161,161,24954,0,0,0,0,0,0,0,0,0
201906,272,24780, ,Greenville  NC ,26,26,4598,6,12,1488,0,0,0,1,20,2326,0,0,0,0,0,0,0,0,0,0,0,0
201906,273,24860, ,Greenville-Anderson  SC ,410,410,89625,3,6,1635,0,0,0,1,5,176,387,387,85946,3,6,1635,0,0,0,0,0,0
201906,273,43900, ,Spartanburg  SC ,216,216,35458,0,0,0,0,0,0,0,0,0,216,216,35458,0,0,0,0,0,0,0,0,0
201906,276,23900,C,Gettysburg  PA ,28,28,14927,0,0,0,0,0,0,0,0,0,28,28,14927,0,0,0,0,0,0,0,0,0
201906,276,25420,C,Harrisburg-Carlisle  PA ,101,101,21774,0,0,0,3,11,1525,12,263,29752,76,76,16746,0,0,0,3,11,1525,10,234,25925
201906,276,30140, ,Lebanon  PA ,20,20,3720,0,0,0,0,0,0,0,0,0,0,0,0,0,0,0,0,0,0,0,0,0
201906,276,49620, ,York-Hanover  PA ,9,9,2162,0,0,0,1,4,450,1,28,863,7,7,1630,0,0,0,1,4,450,1,28,863
201906,277,25500,C,Harrisonburg  VA ,36,36,8959,0,0,0,0,0,0,0,0,0,36,36,8959,0,0,0,0,0,0,0,0,0
201906,277,44420, ,Staunton  VA ,36,36,7908,0,0,0,0,0,0,4,156,16126,36,36,7908,0,0,0,0,0,0,4,156,16126
201906,278,25540,C,Hartford-East Hartford-Middletown  CT ,88,88,19531,3,6,437,0,0,0,5,29,2312,58,58,14030,2,4,242,0,0,0,0,0,0
201906,278,35980, ,Norwich-New London  CT ,9,9,1917,0,0,0,0,0,0,0,0,0,4,4,1050,0,0,0,0,0,0,0,0,0
201906,279,25620, ,Hattiesburg  MS ,1,1,11,2,4,288,0,0,0,0,0,0,1,1,11,2,4,288,0,0,0,0,0,0
201906,284,26300, ,Hot Springs  AR ,3,3,610,0,0,0,0,0,0,0,0,0,3,3,610,0,0,0,0,0,0,0,0,0
201906,288,26420, ,Houston-The Woodlands-Sugar Land  TX ,3030,3030,560756,10,20,2388,1,3,105,43,1075,106637,2043,2043,452562,9,18,2203,0,0,0,40,1060,105587
201906,290,19460, ,Decatur  AL ,11,11,2374,0,0,0,0,0,0,0,0,0,9,9,2148,0,0,0,0,0,0,0,0,0
201906,290,26620,C,Huntsville  AL ,299,299,52776,0,0,0,0,0,0,0,0,0,295,295,51835,0,0,0,0,0,0,0,0,0
201906,292,26820, ,Idaho Falls  ID ,81,81,16612,0,0,0,0,0,0,0,0,0,81,81,16612,0,0,0,0,0,0,0,0,0
201906,294,18020, ,Columbus  IN ,11,11,2060,0,0,0,0,0,0,0,0,0,11,11,2060,0,0,0,0,0,0,0,0,0
201906,294,26900, ,Indianapolis-Carmel-Anderson  IN ,613,613,181413,3,6,718,0,0,0,18,476,44880,568,568,171776,2,4,581,0,0,0,18,476,44880
201906,294,34620, ,Muncie  IN ,0,0,0,0,0,0,0,0,0,0,0,0,0,0,0,0,0,0,0,0,0,0,0,0
201906,296,27060, ,Ithaca  NY ,4,4,1156,1,2,237,0,0,0,1,7,840,3,3,900,0,0,0,0,0,0,0,0,0
201906,297,27180, ,Jackson  TN ,14,14,2885,0,0,0,0,0,0,0,0,0,14,14,2885,0,0,0,0,0,0,0,0,0
201906,298,27140, ,Jackson  MS ,93,93,22215,0,0,0,0,0,0,0,0,0,60,60,15701,0,0,0,0,0,0,0,0,0
201906,300,27260,C,Jacksonville  FL ,861,861,213592,2,4,447,1,4,808,5,41,7352,831,831,204250,2,4,447,1,4,808,4,29,5974
201906,304,27740, ,Johnson City  TN ,8,8,1766,0,0,0,0,0,0,0,0,0,8,8,1766,0,0,0,0,0,0,0,0,0
201906,304,28700, ,Kingsport-Bristol  TN-VA ,3,3,727,0,0,0,0,0,0,0,0,0,1,1,275,0,0,0,0,0,0,0,0,0
201906,306,27780, ,Johnstown  PA ,1,1,325,0,0,0,0,0,0,0,0,0,1,1,325,0,0,0,0,0,0,0,0,0
201906,308,27860, ,Jonesboro  AR ,36,36,5688,3,6,409,3,10,530,1,5,270,1,1,138,0,0,0,0,0,0,0,0,0
201906,309,27900, ,Joplin  MO ,12,12,2111,0,0,0,0,0,0,0,0,0,12,12,2111,0,0,0,0,0,0,0,0,0
201906,310,12980, ,Battle Creek  MI ,0,0,0,0,0,0,0,0,0,0,0,0,0,0,0,0,0,0,0,0,0,0,0,0
201906,310,28020, ,Kalamazoo-Portage  MI ,4,4,1117,0,0,0,0,0,0,0,0,0,2,2,600,0,0,0,0,0,0,0,0,0
201906,312,28140, ,Kansas City  MO-KS ,448,448,125872,4,8,1448,5,18,3212,1,67,10500,378,378,105880,3,6,1255,5,18,3212,1,67,10500
201906,312,29940, ,Lawrence  KS ,30,30,6832,0,0,0,0,0,0,2,24,1591,0,0,0,0,0,0,0,0,0,0,0,0
201906,312,41140, ,St. Joseph  MO-KS ,0,0,0,0,0,0,0,0,0,0,0,0,0,0,0,0,0,0,0,0,0,0,0,0
201906,313,28420,C,Kennewick-Richland  WA ,146,146,39695,0,0,0,0,0,0,0,0,0,68,68,17129,0,0,0,0,0,0,0,0,0
201906,313,47460, ,Walla Walla  WA ,14,14,3620,0,0,0,0,0,0,0,0,0,2,2,678,0,0,0,0,0,0,0,0,0
201906,315,28940, ,Knoxville  TN ,262,262,57792,0,0,0,0,0,0,2,30,2978,118,118,27555,0,0,0,0,0,0,0,0,0
201906,316,29020, ,Kokomo  IN ,8,8,1485,0,0,0,0,0,0,0,0,0,8,8,1485,0,0,0,0,0,0,0,0,0
201906,318,29180, ,Lafayette  LA ,136,136,30577,0,0,0,0,0,0,0,0,0,36,36,8732,0,0,0,0,0,0,0,0,0
201906,320,29200, ,Lafayette-West Lafayette  IN ,40,40,9950,0,0,0,0,0,0,0,0,0,35,35,9293,0,0,0,0,0,0,0,0,0
201906,324,29340, ,Lake Charles  LA ,74,74,14276,3,6,419,0,0,0,1,18,1751,2,2,375,0,0,0,0,0,0,0,0,0
201906,332,29820,C,Las Vegas-Henderson-Paradise  NV ,775,775,196857,0,0,0,0,0,0,7,540,61607,775,775,196857,0,0,0,0,0,0,7,540,61607
201906,336,30460,C,Lexington-Fayette  KY ,117,117,23591,3,6,876,0,0,0,3,77,3716,19,19,5429,0,0,0,0,0,0,0,0,0
201906,338,30620, ,Lima  OH ,0,0,0,0,0,0,0,0,0,0,0,0,0,0,0,0,0,0,0,0,0,0,0,0
201906,339,30700, ,Lincoln  NE ,91,91,21556,2,4,524,0,0,0,1,37,4463,7,7,1500,0,0,0,0,0,0,0,0,0
201906,340,30780, ,Little Rock-North Little Rock-Conway  AR ,169,169,36627,1,2,152,0,0,0,3,140,11225,123,123,28102,0,0,0,0,0,0,2,132,11000
201906,340,38220, ,Pine Bluff  AR ,3,3,237,0,0,0,0,0,0,0,0,0,2,2,115,0,0,0,0,0,0,0,0,0
201906,348,31080,C,Los Angeles-Long Beach-Anaheim  CA ,785,785,229515,72,144,28085,9,28,6337,41,919,116276,674,674,182337,68,136,25766,8,25,5850,35,813,97425
201906,348,37100, ,Oxnard-Thousand Oaks-Ventura  CA ,7,7,1392,0,0,0,6,18,5410,1,5,970,1,1,102,0,0,0,6,18,5410,0,0,0
201906,348,40140, ,Riverside-San Bernardino-Ontario  CA ,915,915,253413,4,8,1222,1,3,534,9,74,7579,837,837,231611,4,8,1222,0,0,0,5,37,3689
201906,350,21060, ,Elizabethtown-Fort Knox  KY ,35,35,8171,0,0,0,0,0,0,0,0,0,35,35,8171,0,0,0,0,0,0,0,0,0
201906,350,31140, ,Louisville-Jefferson County  KY-IN ,272,272,77145,0,0,0,2,8,1230,5,137,18327,128,128,32411,0,0,0,2,8,1230,0,0,0
201906,352,31180, ,Lubbock  TX ,101,101,24079,0,0,0,0,0,0,9,176,15222,100,100,23906,0,0,0,0,0,0,9,176,15222
201906,356,31420, ,Macon-Bibb County  GA ,24,24,2250,0,0,0,0,0,0,0,0,0,0,0,0,0,0,0,0,0,0,0,0,0
201906,356,47580, ,Warner Robins  GA ,62,62,12155,0,0,0,0,0,0,0,0,0,62,62,12155,0,0,0,0,0,0,0,0,0
201906,357,27500, ,Janesville-Beloit  WI ,9,9,1721,0,0,0,0,0,0,0,0,0,9,9,1721,0,0,0,0,0,0,0,0,0
201906,357,31540, ,Madison  WI ,144,144,47359,2,4,900,2,7,1047,5,133,16054,108,108,35809,0,0,0,1,4,600,2,95,12065
201906,359,31860, ,Mankato  MN ,5,5,1240,0,0,0,0,0,0,0,0,0,5,5,1240,0,0,0,0,0,0,0,0,0
201906,365,32580,C,McAllen-Edinburg-Mission  TX ,414,414,78917,8,16,1138,13,52,6338,2,25,2433,378,378,75585,1,2,224,13,52,6338,2,25,2433
201906,366,32780, ,Medford  OR ,60,60,13767,0,0,0,0,0,0,0,0,0,60,60,13767,0,0,0,0,0,0,0,0,0
201906,368,32820, ,Memphis  TN-MS-AR ,332,332,72089,0,0,0,0,0,0,1,85,8600,244,244,53532,0,0,0,0,0,0,0,0,0
201906,370,33100, ,Miami-Fort Lauderdale-Pompano Beach  FL ,552,552,197319,29,58,7500,4,12,1293,36,1224,153095,465,465,164455,29,58,7500,1,3,300,33,1195,142417
201906,370,38940, ,Port St. Lucie  FL ,257,257,55276,14,28,2924,0,0,0,3,17,2211,256,256,55166,14,28,2924,0,0,0,3,17,2211
201906,370,42680, ,Sebastian-Vero Beach  FL ,97,97,37806,0,0,0,3,9,928,0,0,0,97,97,37806,0,0,0,3,9,928,0,0,0
201906,372,33260, ,Midland  TX ,102,102,14950,0,0,0,0,0,0,0,0,0,102,102,14950,0,0,0,0,0,0,0,0,0
201906,372,36220,C,Odessa  TX ,62,62,12402,1,2,149,0,0,0,0,0,0,0,0,0,0,0,0,0,0,0,0,0,0
201906,376,33340,C,Milwaukee-Waukesha  WI ,129,129,47338,7,14,3304,0,0,0,2,23,2373,80,80,28725,6,12,2940,0,0,0,1,16,1600
201906,376,39540, ,Racine  WI ,14,14,4745,0,0,0,0,0,0,0,0,0,14,14,4745,0,0,0,0,0,0,0,0,0
201906,378,33460, ,Minneapolis-St. Paul-Bloomington  MN-WI ,914,914,282329,1,2,405,1,4,675,13,523,69098,809,809,252812,1,2,405,1,4,675,8,480,61909
201906,378,41060, ,St. Cloud  MN ,0,0,0,0,0,0,0,0,0,0,0,0,0,0,0,0,0,0,0,0,0,0,0,0
201906,380,19300, ,Daphne-Fairhope-Foley  AL ,186,186,36570,0,0,0,0,0,0,2,27,2094,76,76,16494,0,0,0,0,0,0,0,0,0
201906,380,33660, ,Mobile  AL ,64,64,14557,0,0,0,0,0,0,0,0,0,57,57,13151,0,0,0,0,0,0,0,0,0
201906,384,33740, ,Monroe  LA ,15,15,3383,0,0,0,1,3,472,1,5,579,9,9,2137,0,0,0,0,0,0,0,0,0
201906,388,33860, ,Montgomery  AL ,77,77,15608,0,0,0,0,0,0,0,0,0,77,77,15608,0,0,0,0,0,0,0,0,0
201906,390,34060, ,Morgantown  WV ,1,1,500,0,0,0,0,0,0,1,16,1763,1,1,500,0,0,0,0,0,0,0,0,0
201906,396,34820, ,Myrtle Beach-Conway-North Myrtle Beach  SC-NC ,577,577,97511,0,0,0,0,0,0,0,0,0,456,456,69312,0,0,0,0,0,0,0,0,0
201906,400,34980, ,Nashville-Davidson--Murfreesboro--Franklin  TN ,1126,1126,273890,2,4,356,0,0,0,11,305,30624,913,913,223486,1,2,115,0,0,0,8,223,21535
201906,406,25220, ,Hammond  LA ,69,69,9710,0,0,0,0,0,0,0,0,0,62,62,8629,0,0,0,0,0,0,0,0,0
201906,406,35380, ,New Orleans-Metairie  LA ,250,250,53553,9,18,1861,1,3,722,1,37,7631,191,191,39745,0,0,0,0,0,0,0,0,0
201906,408,14860,C,Bridgeport-Stamford-Norwalk  CT ,48,48,32490,2,4,928,0,0,0,3,40,5573,23,23,10125,1,2,790,0,0,0,1,30,1892
201906,408,20700, ,East Stroudsburg  PA ,8,8,2172,0,0,0,0,0,0,0,0,0,6,6,1718,0,0,0,0,0,0,0,0,0
201906,408,28740, ,Kingston  NY ,8,8,1778,0,0,0,0,0,0,1,6,1463,7,7,1592,0,0,0,0,0,0,0,0,0
201906,408,35300, ,New Haven-Milford  CT ,13,13,2082,25,50,4906,7,22,2279,3,16,1171,3,3,525,25,50,4906,7,22,2279,1,5,494
201906,408,35620,C,New York-Newark-Jersey City  NY-NJ-PA ,1081,1081,216091,82,164,22884,56,186,18549,100,3307,387462,869,869,161105,59,118,18486,47,155,11401,52,2695,330394
201906,408,39100, ,Poughkeepsie-Newburgh-Middletown  NY ,26,26,7004,1,2,464,1,3,852,1,29,3224,24,24,6610,0,0,0,0,0,0,0,0,0
201906,408,45940,C,Trenton-Princeton  NJ ,4,4,676,0,0,0,0,0,0,2,22,426,3,3,421,0,0,0,0,0,0,1,17,425
201906,412,35840,C,North Port-Sarasota-Bradenton  FL ,458,458,110438,1,2,357,3,12,1437,10,288,22902,458,458,110438,1,2,357,3,12,1437,10,288,22902
201906,412,39460, ,Punta Gorda  FL ,141,141,37087,6,12,2001,0,0,0,0,0,0,141,141,37087,6,12,2001,0,0,0,0,0,0
201906,416,36420,C,Oklahoma City  OK ,444,444,99866,24,48,3758,0,0,0,0,0,0,402,402,91735,24,48,3758,0,0,0,0,0,0
201906,420,36540, ,Omaha-Council Bluffs  NE-IA ,260,260,58148,1,2,390,0,0,0,8,324,23032,195,195,41177,0,0,0,0,0,0,8,324,23032
201906,422,19660, ,Deltona-Daytona Beach-Ormond Beach  FL ,215,215,61622,8,16,2639,0,0,0,0,0,0,203,203,58427,8,16,2639,0,0,0,0,0,0
201906,422,29460, ,Lakeland-Winter Haven  FL ,541,541,110536,0,0,0,0,0,0,2,34,3399,475,475,95474,0,0,0,0,0,0,2,34,3399
201906,422,36740, ,Orlando-Kissimmee-Sanford  FL ,1276,1276,363434,3,6,846,0,0,0,2,65,8990,1232,1232,352063,3,6,846,0,0,0,2,65,8990
201906,422,45540,C,The Villages  FL ,191,191,3824,0,0,0,0,0,0,0,0,0,191,191,3824,0,0,0,0,0,0,0,0,0
201906,425,37620, ,Parkersburg-Vienna  WV ,4,4,890,0,0,0,0,0,0,0,0,0,4,4,890,0,0,0,0,0,0,0,0,0
201906,426,37860,C,Pensacola-Ferry Pass-Brent  FL ,193,193,45829,0,0,0,0,0,0,0,0,0,193,193,45829,0,0,0,0,0,0,0,0,0
201906,428,12100,C,Atlantic City-Hammonton  NJ ,26,26,6672,4,8,1053,0,0,0,24,182,14288,21,21,4556,3,6,763,0,0,0,22,144,10517
201906,428,20100,C,Dover  DE ,132,132,19258,3,6,636,0,0,0,1,5,485,130,130,18916,3,6,636,0,0,0,0,0,0
201906,428,36140,C,Ocean City  NJ ,54,54,19226,3,6,867,1,3,540,1,5,350,50,50,16534,3,6,867,1,3,540,1,5,350
201906,428,37980,C,Philadelphia-Camden-Wilmington  PA-NJ-DE-MD ,576,576,111108,20,40,7323,17,61,6821,28,415,42507,351,351,74702,19,38,6867,16,58,6424,21,352,36322
201906,428,39740, ,Reading  PA ,2,2,416,0,0,0,0,0,0,0,0,0,1,1,150,0,0,0,0,0,0,0,0,0
201906,428,47220,C,Vineland-Bridgeton  NJ ,16,16,1388,0,0,0,0,0,0,0,0,0,14,14,1202,0,0,0,0,0,0,0,0,0
201906,429,38060,C,Phoenix-Mesa-Chandler  AZ ,2088,2088,555823,42,84,6036,2,6,1334,35,1376,143196,2030,2030,540802,42,84,6036,2,6,1334,34,1243,119663
201906,430,38300, ,Pittsburgh  PA ,110,110,32458,2,4,1028,3,12,1597,1,51,5635,77,77,24633,1,2,640,3,12,1597,0,0,0
201906,430,48260, ,Weirton-Steubenville  WV-OH ,0,0,0,0,0,0,0,0,0,0,0,0,0,0,0,0,0,0,0,0,0,0,0,0
201906,438,30340, ,Lewiston-Auburn  ME ,10,10,2179,0,0,0,0,0,0,0,0,0,8,8,1765,0,0,0,0,0,0,0,0,0
201906,438,38860, ,Portland-South Portland  ME ,109,109,29892,7,14,2170,1,3,250,4,41,4808,20,20,6347,2,4,575,0,0,0,0,0,0
201906,440,10540, ,Albany-Lebanon  OR ,29,29,6091,0,0,0,0,0,0,1,5,419,25,25,5305,0,0,0,0,0,0,0,0,0
201906,440,18700, ,Corvallis  OR ,45,45,9975,0,0,0,0,0,0,0,0,0,45,45,9975,0,0,0,0,0,0,0,0,0
201906,440,31020, ,Longview  WA ,20,20,4407,0,0,0,0,0,0,0,0,0,0,0,0,0,0,0,0,0,0,0,0,0
201906,440,38900, ,Portland-Vancouver-Hillsboro  OR-WA ,684,684,199505,14,28,5026,4,14,2031,20,455,50313,494,494,142678,14,28,5026,4,14,2031,19,450,49777
201906,440,41420, ,Salem  OR ,81,81,22865,0,0,0,0,0,0,4,40,5209,81,81,22865,0,0,0,0,0,0,4,40,5209
201906,444,39380,C,Pueblo  CO ,47,47,7856,0,0,0,0,0,0,0,0,0,47,47,7856,0,0,0,0,0,0,0,0,0
201906,450,20500,C,Durham-Chapel Hill  NC ,305,305,72310,2,4,320,0,0,0,2,87,7060,100,100,28596,1,2,150,0,0,0,0,0,0
201906,450,39580,C,Raleigh-Cary  NC ,1197,1197,236780,1,2,491,0,0,0,7,566,79333,1163,1163,230574,1,2,491,0,0,0,7,566,79333
201906,452,39660, ,Rapid City  SD ,35,35,8367,2,4,609,2,8,800,0,0,0,35,35,8367,2,4,609,2,8,800,0,0,0
201906,454,39820, ,Redding  CA ,30,30,8061,0,0,0,0,0,0,0,0,0,30,30,8061,0,0,0,0,0,0,0,0,0
201906,456,16180,C,Carson City  NV ,16,16,4171,0,0,0,0,0,0,1,11,1098,0,0,0,0,0,0,0,0,0,0,0,0
201906,456,39900,C,Reno  NV ,196,196,57915,1,2,347,3,12,2049,22,588,98247,147,147,43322,1,2,347,3,12,2049,22,588,98247
201906,462,40340, ,Rochester  MN ,35,35,10516,0,0,0,0,0,0,0,0,0,35,35,10516,0,0,0,0,0,0,0,0,0
201906,464,40380, ,Rochester  NY ,99,99,25208,0,0,0,1,3,483,2,26,716,73,73,20091,0,0,0,0,0,0,1,21,403
201906,466,40420, ,Rockford  IL ,26,26,4702,8,16,2948,0,0,0,0,0,0,26,26,4702,8,16,2948,0,0,0,0,0,0
201906,472,40900,C,Sacramento-Roseville-Folsom  CA ,709,709,215693,7,14,3519,0,0,0,7,94,12045,707,707,215242,7,14,3519,0,0,0,7,94,12045
201906,474,13020, ,Bay City  MI ,0,0,0,0,0,0,0,0,0,0,0,0,0,0,0,0,0,0,0,0,0,0,0,0
201906,474,33220, ,Midland  MI ,3,3,1099,0,0,0,0,0,0,0,0,0,3,3,1099,0,0,0,0,0,0,0,0,0
201906,474,40980, ,Saginaw  MI ,5,5,969,0,0,0,1,3,150,0,0,0,0,0,0,0,0,0,0,0,0,0,0,0
201906,476,41180, ,St. Louis  MO-IL ,449,449,123560,2,4,385,4,15,1797,14,134,19629,315,315,81771,2,4,385,3,12,1438,11,89,15344
201906,480,41540, ,Salisbury  MD-DE ,287,287,41824,3,6,658,3,11,393,5,29,3721,285,285,41401,3,6,658,3,11,393,5,29,3721
201906,482,36260, ,Ogden-Clearfield  UT ,286,286,76105,0,0,0,5,17,2314,3,16,1402,262,262,68640,0,0,0,4,14,1845,1,5,500
201906,482,39340, ,Provo-Orem  UT ,431,431,125697,1,2,134,0,0,0,6,79,11839,422,422,121669,1,2,134,0,0,0,6,79,11839
201906,482,41620, ,Salt Lake City  UT ,442,442,108060,1,2,295,4,14,2703,14,949,147675,327,327,76330,0,0,0,2,6,1440,9,907,141511
201906,484,41700,C,San Antonio-New Braunfels  TX ,660,660,153191,2,4,447,7,26,2114,15,426,35388,578,578,138049,2,4,447,7,26,2114,15,426,35388
201906,488,32900, ,Merced  CA ,9,9,1551,0,0,0,0,0,0,0,0,0,9,9,1551,0,0,0,0,0,0,0,0,0
201906,488,33700, ,Modesto  CA ,3,3,397,0,0,0,0,0,0,0,0,0,3,3,397,0,0,0,0,0,0,0,0,0
201906,488,41860,C,San Francisco-Oakland-Berkeley  CA ,281,281,123091,5,10,2804,3,10,2984,25,932,209835,188,188,80663,3,6,1771,2,6,1842,20,895,202473
201906,488,41940,C,San Jose-Sunnyvale-Santa Clara  CA ,258,258,90802,0,0,0,1,3,596,8,373,59012,219,219,76248,0,0,0,1,3,596,5,243,30469
201906,488,42100, ,Santa Cruz-Watsonville  CA ,12,12,2751,0,0,0,1,4,459,2,10,1017,0,0,0,0,0,0,0,0,0,0,0,0
201906,488,42220, ,Santa Rosa-Petaluma  CA ,211,211,69555,0,0,0,0,0,0,0,0,0,209,209,67882,0,0,0,0,0,0,0,0,0
201906,488,44700, ,Stockton  CA ,222,222,64473,0,0,0,0,0,0,0,0,0,189,189,55132,0,0,0,0,0,0,0,0,0
201906,488,46700, ,Vallejo  CA ,91,91,24646,0,0,0,0,0,0,0,0,0,91,91,24646,0,0,0,0,0,0,0,0,0
201906,496,25980, ,Hinesville  GA ,10,10,1914,0,0,0,0,0,0,0,0,0,10,10,1914,0,0,0,0,0,0,0,0,0
201906,496,42340, ,Savannah  GA ,202,202,42938,0,0,0,0,0,0,0,0,0,142,142,30088,0,0,0,0,0,0,0,0,0
201906,500,14740,C,Bremerton-Silverdale-Port Orchard  WA ,76,76,22602,3,6,1528,0,0,0,0,0,0,76,76,22602,3,6,1528,0,0,0,0,0,0
201906,500,34580, ,Mount Vernon-Anacortes  WA ,24,24,7112,0,0,0,0,0,0,0,0,0,24,24,7112,0,0,0,0,0,0,0,0,0
201906,500,36500, ,Olympia-Lacey-Tumwater  WA ,54,54,14957,2,4,858,0,0,0,1,6,85,49,49,13939,2,4,858,0,0,0,0,0,0
201906,500,42660,C,Seattle-Tacoma-Bellevue  WA ,844,844,290863,25,50,10036,7,23,4912,27,889,107686,724,724,238892,24,48,9286,6,20,4556,21,631,86153
201906,508,43340,C,Shreveport-Bossier City  LA ,57,57,11040,0,0,0,0,0,0,0,0,0,57,57,11040,0,0,0,0,0,0,0,0,0
201906,515,21140, ,Elkhart-Goshen  IN ,29,29,7862,0,0,0,0,0,0,0,0,0,29,29,7862,0,0,0,0,0,0,0,0,0
201906,515,35660, ,Niles  MI ,2,2,483,0,0,0,0,0,0,0,0,0,2,2,483,0,0,0,0,0,0,0,0,0
201906,515,43780, ,South Bend-Mishawaka  IN-MI ,37,37,10012,0,0,0,0,0,0,0,0,0,37,37,10012,0,0,0,0,0,0,0,0,0
201906,518,17660, ,Coeur dAlene  ID ,145,145,33738,0,0,0,0,0,0,2,36,3157,86,86,21136,0,0,0,0,0,0,1,24,2285
201906,518,44060, ,Spokane-Spokane Valley  WA ,169,169,45108,6,12,2355,1,3,372,4,52,5710,132,132,35548,5,10,2016,0,0,0,0,0,0
201906,522,44100, ,Springfield  IL ,8,8,3760,2,4,700,0,0,0,0,0,0,7,7,3510,2,4,700,0,0,0,0,0,0
201906,524,44300, ,State College  PA ,14,14,4613,0,0,0,0,0,0,0,0,0,0,0,0,0,0,0,0,0,0,0,0,0
201906,532,45060, ,Syracuse  NY ,22,22,5014,0,0,0,0,0,0,0,0,0,20,20,4588,0,0,0,0,0,0,0,0,0
201906,534,45780, ,Toledo  OH ,53,53,14502,0,0,0,4,16,1400,2,16,640,51,51,14276,0,0,0,4,16,1400,2,16,640
201906,536,46060,C,Tucson  AZ ,292,292,88121,1,2,299,0,0,0,4,92,13500,125,125,41813,0,0,0,0,0,0,0,0,0
201906,538,46140,C,Tulsa  OK ,265,265,48804,1,2,202,0,0,0,2,19,1346,249,249,45698,0,0,0,0,0,0,1,8,500
201906,540,46340, ,Tyler  TX ,21,21,4987,0,0,0,0,0,0,0,0,0,21,21,4987,0,0,0,0,0,0,0,0,0
201906,545,47260, ,Virginia Beach-Norfolk-Newport News  VA-NC ,363,363,87891,0,0,0,1,4,1010,10,280,17019,302,302,78948,0,0,0,1,4,1010,9,262,15431
201906,548,12580,C,Baltimore-Columbia-Towson  MD ,467,467,92360,1,2,300,0,0,0,2,116,16630,463,463,91673,1,2,300,0,0,0,2,116,16630
201906,548,15680,C,California-Lexington Park  MD ,46,46,9213,0,0,0,0,0,0,0,0,0,42,42,7917,0,0,0,0,0,0,0,0,0
201906,548,16540,C,Chambersburg-Waynesboro  PA ,31,31,7809,0,0,0,0,0,0,1,5,651,24,24,5947,0,0,0,0,0,0,0,0,0
201906,548,25180, ,Hagerstown-Martinsburg  MD-WV ,126,126,27233,0,0,0,11,44,3520,0,0,0,126,126,27233,0,0,0,11,44,3520,0,0,0
201906,548,47900, ,Washington-Arlington-Alexandria  DC-VA-MD-WV ,1216,1216,286808,8,16,1836,1,4,2954,11,709,124882,1029,1029,238286,5,10,971,0,0,0,7,610,112177
201906,548,49020, ,Winchester  VA-WV ,51,51,12122,0,0,0,3,9,1263,0,0,0,51,51,12122,0,0,0,3,9,1263,0,0,0
201906,554,48140, ,Wausau-Weston  WI ,12,12,2299,0,0,0,0,0,0,0,0,0,2,2,445,0,0,0,0,0,0,0,0,0
201906,556,48620, ,Wichita  KS ,81,81,17584,16,32,2417,1,4,600,1,8,560,16,16,3862,0,0,0,1,4,600,0,0,0
201906,558,48700, ,Williamsport  PA ,2,2,517,0,0,0,0,0,0,0,0,0,0,0,0,0,0,0,0,0,0,0,0,0
201906,566,49660, ,Youngstown-Warren-Boardman  OH-PA ,25,25,5805,1,2,190,0,0,0,0,0,0,25,25,5805,1,2,190,0,0,0,0,0,0
201906,999,10180, ,Abilene  TX ,19,19,4525,1,2,350,0,0,0,0,0,0,19,19,4525,1,2,350,0,0,0,0,0,0
201906,999,10500, ,Albany  GA ,9,9,1434,0,0,0,0,0,0,0,0,0,9,9,1434,0,0,0,0,0,0,0,0,0
201906,999,10780, ,Alexandria  LA ,16,16,4188,0,0,0,0,0,0,0,0,0,9,9,2352,0,0,0,0,0,0,0,0,0
201906,999,10900, ,Allentown-Bethlehem-Easton  PA-NJ ,44,44,11299,0,0,0,0,0,0,0,0,0,37,37,10137,0,0,0,0,0,0,0,0,0
201906,999,11260,C,Anchorage  AK ,79,79,24748,1,2,346,1,4,695,2,13,2055,1,1,341,1,2,346,0,0,0,0,0,0
201906,999,11500, ,Anniston-Oxford  AL ,4,4,568,0,0,0,0,0,0,0,0,0,4,4,568,0,0,0,0,0,0,0,0,0
201906,999,12260, ,Augusta-Richmond County  GA-SC ,220,220,44117,0,0,0,2,7,641,1,10,612,102,102,21053,0,0,0,2,7,641,0,0,0
201906,999,12420, ,Austin-Round Rock-Georgetown  TX ,1598,1598,370398,17,34,3296,1,4,856,6,298,38068,1353,1353,321969,16,32,3123,1,4,856,6,298,38068
201906,999,12540, ,Bakersfield  CA ,125,125,31540,1,2,201,0,0,0,1,5,1752,29,29,4517,0,0,0,0,0,0,0,0,0
201906,999,12620, ,Bangor  ME ,39,39,4218,5,10,1269,0,0,0,0,0,0,35,35,3113,5,10,1269,0,0,0,0,0,0
201906,999,12940, ,Baton Rouge  LA ,293,293,57720,3,6,812,0,0,0,0,0,0,202,202,39237,3,6,812,0,0,0,0,0,0
201906,999,13140, ,Beaumont-Port Arthur  TX ,44,44,10052,2,4,512,0,0,0,0,0,0,36,36,8491,2,4,512,0,0,0,0,0,0
201906,999,13220,C,Beckley  WV ,4,4,567,0,0,0,0,0,0,0,0,0,3,3,425,0,0,0,0,0,0,0,0,0
201906,999,13380, ,Bellingham  WA ,70,70,18778,1,2,419,1,3,517,3,99,9087,35,35,9233,1,2,419,0,0,0,3,99,9087
201906,999,13740, ,Billings  MT ,41,41,10546,13,26,4790,0,0,0,0,0,0,41,41,10546,13,26,4790,0,0,0,0,0,0
201906,999,13780, ,Binghamton  NY ,0,0,0,0,0,0,0,0,0,0,0,0,0,0,0,0,0,0,0,0,0,0,0,0
201906,999,13900, ,Bismarck  ND ,32,32,7465,0,0,0,0,0,0,0,0,0,27,27,6197,0,0,0,0,0,0,0,0,0
201906,999,13980, ,Blacksburg-Christiansburg  VA ,5,5,1280,0,0,0,0,0,0,0,0,0,0,0,0,0,0,0,0,0,0,0,0,0
201906,999,15260, ,Brunswick  GA ,53,53,15268,0,0,0,0,0,0,0,0,0,0,0,0,0,0,0,0,0,0,0,0,0
201906,999,16220, ,Casper  WY ,13,13,2641,1,2,176,0,0,0,0,0,0,7,7,845,0,0,0,0,0,0,0,0,0
201906,999,16580, ,Champaign-Urbana  IL ,6,6,1677,0,0,0,0,0,0,0,0,0,6,6,1677,0,0,0,0,0,0,0,0,0
201906,999,16700,C,Charleston-North Charleston  SC ,411,411,114386,0,0,0,1,3,238,5,106,5855,270,270,91334,0,0,0,0,0,0,0,0,0
201906,999,16820, ,Charlottesville  VA ,60,60,17323,0,0,0,0,0,0,2,35,3740,0,0,0,0,0,0,0,0,0,0,0,0
201906,999,16940, ,Cheyenne  WY ,39,39,7586,0,0,0,1,3,266,1,9,763,20,20,3917,0,0,0,0,0,0,0,0,0
201906,999,17020, ,Chico  CA ,22,22,4403,0,0,0,0,0,0,0,0,0,22,22,4403,0,0,0,0,0,0,0,0,0
201906,999,17300,C,Clarksville  TN-KY ,153,153,21954,0,0,0,0,0,0,2,11,1225,150,150,21649,0,0,0,0,0,0,2,11,1225
201906,999,17780, ,College Station-Bryan  TX ,91,91,18046,0,0,0,0,0,0,0,0,0,89,89,17806,0,0,0,0,0,0,0,0,0
201906,999,17820,C,Colorado Springs  CO ,378,378,140429,25,50,3376,0,0,0,0,0,0,378,378,140429,25,50,3376,0,0,0,0,0,0
201906,999,18880,C,Crestview-Fort Walton Beach-Destin  FL ,189,189,78416,0,0,0,2,8,1110,5,34,5060,170,170,73095,0,0,0,2,8,1110,5,34,5060
201906,999,19060, ,Cumberland  MD-WV ,3,3,848,0,0,0,0,0,0,0,0,0,3,3,848,0,0,0,0,0,0,0,0,0
201906,999,19180, ,Danville  IL ,0,0,0,0,0,0,0,0,0,0,0,0,0,0,0,0,0,0,0,0,0,0,0,0
201906,999,19500, ,Decatur  IL ,1,1,200,0,0,0,0,0,0,0,0,0,1,1,200,0,0,0,0,0,0,0,0,0
201906,999,20220, ,Dubuque  IA ,9,9,5304,0,0,0,0,0,0,0,0,0,9,9,5304,0,0,0,0,0,0,0,0,0
201906,999,20260, ,Duluth  MN-WI ,11,11,2225,1,2,450,0,0,0,0,0,0,11,11,2225,1,2,450,0,0,0,0,0,0
201906,999,20940, ,El Centro  CA ,33,33,6513,0,0,0,0,0,0,2,24,1886,33,33,6513,0,0,0,0,0,0,2,24,1886
201906,999,21420, ,Enid  OK ,2,2,700,0,0,0,0,0,0,0,0,0,2,2,700,0,0,0,0,0,0,0,0,0
201906,999,21660, ,Eugene-Springfield  OR ,67,67,17956,1,2,326,1,3,449,1,7,611,44,44,12110,0,0,0,0,0,0,0,0,0
201906,999,21780, ,Evansville  IN-KY ,47,47,9861,5,10,594,0,0,0,1,24,2800,47,47,9861,5,10,594,0,0,0,1,24,2800
201906,999,21820,C,Fairbanks  AK ,0,0,0,0,0,0,0,0,0,0,0,0,0,0,0,0,0,0,0,0,0,0,0,0
201906,999,22140,C,Farmington  NM ,7,7,2399,0,0,0,0,0,0,0,0,0,7,7,2399,0,0,0,0,0,0,0,0,0
201906,999,22220, ,Fayetteville-Springdale-Rogers  AR-MO ,312,312,78573,1,2,380,5,20,3319,2,21,1629,200,200,54783,1,2,380,5,20,3319,0,0,0
201906,999,22380, ,Flagstaff  AZ ,37,37,6156,0,0,0,0,0,0,0,0,0,16,16,2175,0,0,0,0,0,0,0,0,0
201906,999,22500, ,Florence  SC ,36,36,5154,1,2,193,0,0,0,0,0,0,0,0,0,0,0,0,0,0,0,0,0,0
201906,999,22520, ,Florence-Muscle Shoals  AL ,14,14,1784,0,0,0,0,0,0,0,0,0,2,2,366,0,0,0,0,0,0,0,0,0
201906,999,22540, ,Fond du Lac  WI ,4,4,929,0,0,0,0,0,0,1,7,254,0,0,0,0,0,0,0,0,0,0,0,0
201906,999,22660,C,Fort Collins  CO ,135,135,36241,0,0,0,0,0,0,3,68,15006,135,135,36241,0,0,0,0,0,0,3,68,15006
201906,999,22900, ,Fort Smith  AR-OK ,26,26,4749,14,28,6221,0,0,0,0,0,0,22,22,4341,13,26,6051,0,0,0,0,0,0
201906,999,23460, ,Gadsden  AL ,5,5,1351,0,0,0,0,0,0,0,0,0,5,5,1351,0,0,0,0,0,0,0,0,0
201906,999,24220, ,Grand Forks  ND-MN ,13,13,3340,0,0,0,0,0,0,1,5,370,0,0,0,0,0,0,0,0,0,0,0,0
201906,999,24260, ,Grand Island  NE ,6,6,1387,0,0,0,0,0,0,0,0,0,6,6,1387,0,0,0,0,0,0,0,0,0
201906,999,24300,C,Grand Junction  CO ,21,21,4019,0,0,0,0,0,0,0,0,0,21,21,4019,0,0,0,0,0,0,0,0,0
201906,999,24500,C,Great Falls  MT ,9,9,2665,0,0,0,0,0,0,0,0,0,9,9,2665,0,0,0,0,0,0,0,0,0
201906,999,25060, ,Gulfport-Biloxi  MS ,152,152,30509,0,0,0,1,3,301,1,7,593,113,113,25007,0,0,0,0,0,0,0,0,0
201906,999,25860, ,Hickory-Lenoir-Morganton  NC ,1,1,150,0,0,0,0,0,0,1,5,279,0,0,0,0,0,0,0,0,0,0,0,0
201906,999,25940, ,Hilton Head Island-Bluffton  SC ,71,71,21614,0,0,0,0,0,0,0,0,0,71,71,21614,0,0,0,0,0,0,0,0,0
201906,999,26140, ,Homosassa Springs  FL ,73,73,14793,0,0,0,0,0,0,0,0,0,0,0,0,0,0,0,0,0,0,0,0,0
201906,999,26380, ,Houma-Thibodaux  LA ,48,48,9394,1,2,156,0,0,0,0,0,0,37,37,6573,0,0,0,0,0,0,0,0,0
201906,999,27100, ,Jackson  MI ,1,1,165,0,0,0,0,0,0,0,0,0,0,0,0,0,0,0,0,0,0,0,0,0
201906,999,27340,C,Jacksonville  NC ,67,67,10288,0,0,0,0,0,0,0,0,0,67,67,10288,0,0,0,0,0,0,0,0,0
201906,999,27980,C,Kahului-Wailuku-Lahaina  HI ,37,37,10587,0,0,0,0,0,0,0,0,0,37,37,10587,0,0,0,0,0,0,0,0,0
201906,999,28660,C,Killeen-Temple  TX ,161,161,33051,4,8,590,0,0,0,0,0,0,78,78,18132,0,0,0,0,0,0,0,0,0
201906,999,29100, ,La Crosse-Onalaska  WI-MN ,27,27,6742,3,6,825,0,0,0,0,0,0,27,27,6742,3,6,825,0,0,0,0,0,0
201906,999,29420, ,Lake Havasu City-Kingman  AZ ,79,79,18078,0,0,0,0,0,0,0,0,0,79,79,18078,0,0,0,0,0,0,0,0,0
201906,999,29540, ,Lancaster  PA ,9,9,2272,2,4,350,0,0,0,0,0,0,3,3,715,2,4,350,0,0,0,0,0,0
201906,999,29620, ,Lansing-East Lansing  MI ,7,7,1590,0,0,0,0,0,0,1,5,568,5,5,1326,0,0,0,0,0,0,0,0,0
201906,999,29700, ,Laredo  TX ,92,92,12818,5,10,364,1,4,156,2,12,842,0,0,0,0,0,0,0,0,0,0,0,0
201906,999,30020, ,Lawton  OK ,4,4,955,0,0,0,0,0,0,0,0,0,4,4,955,0,0,0,0,0,0,0,0,0
201906,999,30300, ,Lewiston  ID-WA ,0,0,0,0,0,0,0,0,0,1,7,344,0,0,0,0,0,0,0,0,0,1,7,344
201906,999,30860, ,Logan  UT-ID ,41,41,6926,1,2,286,1,4,508,5,155,10444,41,41,6926,1,2,286,1,4,508,5,155,10444
201906,999,30980, ,Longview  TX ,11,11,1971,0,0,0,0,0,0,1,5,336,0,0,0,0,0,0,0,0,0,0,0,0
201906,999,31340, ,Lynchburg  VA ,8,8,1259,0,0,0,0,0,0,1,5,322,6,6,852,0,0,0,0,0,0,0,0,0
201906,999,31740, ,Manhattan  KS ,22,22,7020,0,0,0,0,0,0,0,0,0,16,16,5039,0,0,0,0,0,0,0,0,0
201906,999,33540,C,Missoula  MT ,45,45,9765,4,8,794,2,8,251,1,6,206,45,45,9765,4,8,794,2,8,251,1,6,206
201906,999,36100, ,Ocala  FL ,179,179,36677,1,2,80,0,0,0,0,0,0,179,179,36677,1,2,80,0,0,0,0,0,0
201906,999,36980, ,Owensboro  KY ,21,21,1949,0,0,0,0,0,0,0,0,0,21,21,1949,0,0,0,0,0,0,0,0,0
201906,999,37340, ,Palm Bay-Melbourne-Titusville  FL ,176,176,57334,0,0,0,0,0,0,0,0,0,176,176,57334,0,0,0,0,0,0,0,0,0
201906,999,37460, ,Panama City  FL ,52,52,13540,0,0,0,0,0,0,0,0,0,42,42,10259,0,0,0,0,0,0,0,0,0
201906,999,37900, ,Peoria  IL ,3,3,1100,0,0,0,0,0,0,0,0,0,3,3,1100,0,0,0,0,0,0,0,0,0
201906,999,38340, ,Pittsfield  MA ,0,0,0,0,0,0,0,0,0,0,0,0,0,0,0,0,0,0,0,0,0,0,0,0
201906,999,38540, ,Pocatello  ID ,17,17,2668,0,0,0,3,12,720,0,0,0,13,13,1702,0,0,0,3,12,720,0,0,0
201906,999,39150, ,Prescott Valley-Prescott  AZ ,105,105,30601,2,4,424,0,0,0,0,0,0,105,105,30601,2,4,424,0,0,0,0,0,0
201906,999,40060, ,Richmond  VA ,401,401,75943,18,36,1238,4,16,1609,7,384,38940,346,346,65711,18,36,1238,4,16,1609,6,379,38509
201906,999,41100, ,St. George  UT ,146,146,31174,9,18,1287,4,15,1913,0,0,0,146,146,31174,9,18,1287,4,15,1913,0,0,0
201906,999,41500, ,Salinas  CA ,17,17,4522,0,0,0,1,4,1147,0,0,0,17,17,4522,0,0,0,1,4,1147,0,0,0
201906,999,41660,C,San Angelo  TX ,33,33,6762,0,0,0,0,0,0,0,0,0,33,33,6762,0,0,0,0,0,0,0,0,0
201906,999,41740,C,San Diego-Chula Vista-Carlsbad  CA ,252,252,80636,3,6,1008,8,28,6569,12,406,50088,228,228,73204,3,6,1008,8,28,6569,10,373,45164
201906,999,42020, ,San Luis Obispo-Paso Robles  CA ,41,41,409,0,0,0,0,0,0,0,0,0,41,41,409,0,0,0,0,0,0,0,0,0
201906,999,42200, ,Santa Maria-Santa Barbara  CA ,29,29,11889,0,0,0,0,0,0,2,11,1930,29,29,11889,0,0,0,0,0,0,2,11,1930
201906,999,42540, ,Scranton--Wilkes-Barre  PA ,5,5,1411,0,0,0,0,0,0,0,0,0,5,5,1411,0,0,0,0,0,0,0,0,0
201906,999,43100, ,Sheboygan  WI ,1,1,376,0,0,0,0,0,0,0,0,0,1,1,376,0,0,0,0,0,0,0,0,0
201906,999,43420, ,Sierra Vista-Douglas  AZ ,23,23,4842,0,0,0,0,0,0,0,0,0,23,23,4842,0,0,0,0,0,0,0,0,0
201906,999,43580, ,Sioux City  IA-NE-SD ,15,15,3856,0,0,0,0,0,0,0,0,0,5,5,1010,0,0,0,0,0,0,0,0,0
201906,999,43620, ,Sioux Falls  SD ,122,122,25746,1,2,349,2,8,1258,3,50,5055,24,24,5553,1,2,349,2,8,1258,0,0,0
201906,999,44140, ,Springfield  MA ,4,4,1131,1,2,408,1,3,264,0,0,0,1,1,365,0,0,0,0,0,0,0,0,0
201906,999,44180, ,Springfield  MO ,70,70,17049,1,2,291,0,0,0,1,18,2341,60,60,14728,0,0,0,0,0,0,0,0,0
201906,999,44940, ,Sumter  SC ,21,21,2582,0,0,0,0,0,0,0,0,0,21,21,2582,0,0,0,0,0,0,0,0,0
201906,999,45220, ,Tallahassee  FL ,81,81,15413,1,2,222,0,0,0,2,74,9298,23,23,4032,0,0,0,0,0,0,0,0,0
201906,999,45300,C,Tampa-St. Petersburg-Clearwater  FL ,1496,1496,317588,6,12,1197,2,7,386,4,193,30956,1488,1488,315356,5,10,965,2,7,386,3,188,28676
201906,999,45460, ,Terre Haute  IN ,4,4,494,1,2,180,0,0,0,0,0,0,0,0,0,0,0,0,0,0,0,0,0,0
201906,999,45500, ,Texarkana  TX-AR ,3,3,593,0,0,0,0,0,0,0,0,0,0,0,0,0,0,0,0,0,0,0,0,0
201906,999,45820, ,Topeka  KS ,29,29,5602,0,0,0,0,0,0,0,0,0,29,29,5602,0,0,0,0,0,0,0,0,0
201906,999,46220, ,Tuscaloosa  AL ,48,48,13132,0,0,0,0,0,0,1,87,21000,48,48,13132,0,0,0,0,0,0,1,87,21000
201906,999,46300, ,Twin Falls  ID ,48,48,9870,1,2,105,2,8,515,0,0,0,48,48,9870,1,2,105,2,8,515,0,0,0
201906,999,46520,C,Urban Honolulu  HI ,99,99,37633,0,0,0,8,24,15591,12,76,15264,99,99,37633,0,0,0,8,24,15591,12,76,15264
201906,999,46540, ,Utica-Rome  NY ,1,1,126,0,0,0,0,0,0,0,0,0,0,0,0,0,0,0,0,0,0,0,0,0
201906,999,46660, ,Valdosta  GA ,87,87,15614,0,0,0,0,0,0,0,0,0,42,42,8028,0,0,0,0,0,0,0,0,0
201906,999,47300, ,Visalia  CA ,123,123,30031,0,0,0,0,0,0,0,0,0,123,123,30031,0,0,0,0,0,0,0,0,0
201906,999,47380, ,Waco  TX ,46,46,10384,2,4,412,0,0,0,0,0,0,0,0,0,0,0,0,0,0,0,0,0,0
201906,999,47940, ,Waterloo-Cedar Falls  IA ,7,7,1853,0,0,0,0,0,0,0,0,0,7,7,1853,0,0,0,0,0,0,0,0,0
201906,999,48060, ,Watertown-Fort Drum  NY ,11,11,1150,0,0,0,0,0,0,0,0,0,0,0,0,0,0,0,0,0,0,0,0,0
201906,999,48300, ,Wenatchee  WA ,38,38,8045,0,0,0,0,0,0,4,48,5347,12,12,3235,0,0,0,0,0,0,4,48,5347
201906,999,48540, ,Wheeling  WV-OH ,0,0,0,0,0,0,0,0,0,0,0,0,0,0,0,0,0,0,0,0,0,0,0,0
201906,999,48660, ,Wichita Falls  TX ,0,0,0,0,0,0,0,0,0,0,0,0,0,0,0,0,0,0,0,0,0,0,0,0
201906,999,48900, ,Wilmington  NC ,108,108,35887,0,0,0,1,3,293,1,34,4997,0,0,0,0,0,0,0,0,0,0,0,0
201906,999,49420, ,Yakima  WA ,45,45,9625,0,0,0,0,0,0,0,0,0,44,44,9448,0,0,0,0,0,0,0,0,0
201906,999,49740, ,Yuma  AZ ,92,92,14311,0,0,0,0,0,0,0,0,0,48,48,6596,0,0,0,0,0,0,0,0,0
