Survey,CSA,CBSA,MONCOV,CBSA,,1-unit,,,2-units,,,3-4 units,,,5+ units,,,1-unit rep,,,2-units rep,,,3-4 units rep,,,5+ units rep
Date,Code,Code,,Name,Bldgs,Units,Value,Bldgs,Units,Value,Bldgs,Units,Value,Bldgs,Units,Value,Bldgs,Units,Value,Bldgs,Units,Value,      Bldgs,Units,Value,Bldgs,Units,Value
 
201902,104,10580,C,Albany-Schenectady-Troy  NY ,64,64,17365,1,2,270,3,10,1260,4,38,4565,32,32,8948,0,0,0,0,0,0,0,0,0
201902,104,24020, ,Glens Falls  NY ,11,11,2647,0,0,0,0,0,0,0,0,0,6,6,1308,0,0,0,0,0,0,0,0,0
201902,106,10740,C,Albuquerque  NM ,133,133,31370,0,0,0,0,0,0,2,140,1708,88,88,21409,0,0,0,0,0,0,1,135,1500
201902,106,42140,C,Santa Fe  NM ,22,22,5597,0,0,0,0,0,0,0,0,0,22,22,5597,0,0,0,0,0,0,0,0,0
201902,107,11020, ,Altoona  PA ,0,0,0,0,0,0,0,0,0,0,0,0,0,0,0,0,0,0,0,0,0,0,0,0
201902,108,11100, ,Amarillo  TX ,39,39,9560,0,0,0,0,0,0,0,0,0,39,39,9560,0,0,0,0,0,0,0,0,0
201902,118,11540, ,Appleton  WI ,24,24,6521,1,2,278,0,0,0,0,0,0,24,24,6521,1,2,278,0,0,0,0,0,0
201902,118,36780, ,Oshkosh-Neenah  WI ,13,13,3219,0,0,0,0,0,0,0,0,0,13,13,3219,0,0,0,0,0,0,0,0,0
201902,120,11700, ,Asheville  NC ,167,167,45383,0,0,0,0,0,0,4,54,4823,67,67,16517,0,0,0,0,0,0,0,0,0
201902,122,12020, ,Athens-Clarke County  GA ,44,44,11142,0,0,0,0,0,0,0,0,0,44,44,11142,0,0,0,0,0,0,0,0,0
201902,122,12060, ,Atlanta-Sandy Springs-Alpharetta  GA ,2069,2069,458433,0,0,0,0,0,0,21,1029,112930,1846,1846,415884,0,0,0,0,0,0,18,934,103726
201902,122,23580, ,Gainesville  GA ,71,71,14713,0,0,0,0,0,0,2,14,1575,27,27,5192,0,0,0,0,0,0,1,7,700
201902,122,40660,C,Rome  GA ,13,13,2080,0,0,0,0,0,0,0,0,0,13,13,2080,0,0,0,0,0,0,0,0,0
201902,140,13460,C,Bend  OR ,84,84,21275,2,4,283,0,0,0,0,0,0,63,63,16023,2,4,283,0,0,0,0,0,0
201902,142,13820,C,Birmingham-Hoover  AL ,197,197,47173,0,0,0,0,0,0,0,0,0,99,99,22269,0,0,0,0,0,0,0,0,0
201902,144,14020,C,Bloomington  IN ,20,20,5170,3,6,835,0,0,0,0,0,0,20,20,5170,3,6,835,0,0,0,0,0,0
201902,145,14010, ,Bloomington  IL ,0,0,0,0,0,0,0,0,0,0,0,0,0,0,0,0,0,0,0,0,0,0,0,0
201902,146,14100,C,Bloomsburg-Berwick  PA ,5,5,1833,0,0,0,0,0,0,0,0,0,1,1,223,0,0,0,0,0,0,0,0,0
201902,147,14260,C,Boise City  ID ,434,434,97327,2,4,455,4,13,954,6,58,4722,245,245,54635,1,2,315,0,0,0,1,24,1591
201902,148,12700, ,Barnstable Town  MA ,6,6,1876,0,0,0,0,0,0,0,0,0,1,1,329,0,0,0,0,0,0,0,0,0
201902,148,14460,C,Boston-Cambridge-Newton  MA-NH ,273,273,87516,14,28,4619,9,30,6985,28,384,72951,148,148,52396,5,10,1501,8,27,6525,12,259,51913
201902,148,31700, ,Manchester-Nashua  NH ,17,17,3277,0,0,0,0,0,0,0,0,0,15,15,2531,0,0,0,0,0,0,0,0,0
201902,148,39300,C,Providence-Warwick  RI-MA ,101,101,19690,0,0,0,1,3,200,1,5,333,53,53,9176,0,0,0,0,0,0,0,0,0
201902,148,49340, ,Worcester  MA-CT ,7,7,2001,0,0,0,0,0,0,1,5,90,4,4,1419,0,0,0,0,0,0,0,0,0
201902,150,14540, ,Bowling Green  KY ,35,35,8274,17,34,2578,0,0,0,0,0,0,35,35,8274,17,34,2578,0,0,0,0,0,0
201902,154,15180, ,Brownsville-Harlingen  TX ,70,70,7112,1,2,118,0,0,0,0,0,0,49,49,4861,0,0,0,0,0,0,0,0,0
201902,160,15380,C,Buffalo-Cheektowaga  NY ,77,77,23499,0,0,0,0,0,0,1,13,2910,53,53,15405,0,0,0,0,0,0,0,0,0
201902,162,15540, ,Burlington-South Burlington  VT ,17,17,4510,1,2,268,0,0,0,1,6,920,10,10,2663,0,0,0,0,0,0,0,0,0
201902,163,15980,C,Cape Coral-Fort Myers  FL ,422,422,91359,10,20,2287,2,8,1144,0,0,0,422,422,91359,10,20,2287,2,8,1144,0,0,0
201902,163,34940, ,Naples-Marco Island  FL ,216,216,50741,0,0,0,3,12,4113,3,20,3500,216,216,50741,0,0,0,3,12,4113,3,20,3500
201902,164,16020, ,Cape Girardeau  MO-IL ,0,0,0,0,0,0,0,0,0,0,0,0,0,0,0,0,0,0,0,0,0,0,0,0
201902,168,16300, ,Cedar Rapids  IA ,3,3,536,0,0,0,0,0,0,0,0,0,2,2,211,0,0,0,0,0,0,0,0,0
201902,168,26980, ,Iowa City  IA ,4,4,1385,0,0,0,0,0,0,0,0,0,3,3,1247,0,0,0,0,0,0,0,0,0
201902,170,16620, ,Charleston  WV ,1,1,104,0,0,0,0,0,0,0,0,0,0,0,0,0,0,0,0,0,0,0,0,0
201902,170,26580, ,Huntington-Ashland  WV-KY-OH ,13,13,2625,0,0,0,0,0,0,0,0,0,8,8,1891,0,0,0,0,0,0,0,0,0
201902,172,16740, ,Charlotte-Concord-Gastonia  NC-SC ,1131,1131,293516,2,4,789,1,3,604,27,845,56705,982,982,244817,2,4,789,1,3,604,25,816,53659
201902,174,16860, ,Chattanooga  TN-GA ,118,118,24524,1,2,223,1,4,520,2,68,8169,77,77,16267,0,0,0,1,4,520,1,7,766
201902,174,17420, ,Cleveland  TN ,23,23,3917,0,0,0,0,0,0,0,0,0,9,9,1396,0,0,0,0,0,0,0,0,0
201902,176,16980, ,Chicago-Naperville-Elgin  IL-IN-WI ,460,460,126065,7,14,2314,12,40,9234,25,657,68230,355,355,99336,6,12,1904,11,37,8818,19,573,59250
201902,176,28100, ,Kankakee  IL ,0,0,0,0,0,0,0,0,0,0,0,0,0,0,0,0,0,0,0,0,0,0,0,0
201902,176,33140, ,Michigan City-La Porte  IN ,5,5,1090,0,0,0,0,0,0,0,0,0,4,4,918,0,0,0,0,0,0,0,0,0
201902,178,17140, ,Cincinnati  OH-KY-IN ,276,276,66753,2,4,600,0,0,0,2,138,14525,201,201,49055,2,4,600,0,0,0,1,127,13900
201902,184,10420, ,Akron  OH ,27,27,16934,0,0,0,0,0,0,0,0,0,27,27,16934,0,0,0,0,0,0,0,0,0
201902,184,15940, ,Canton-Massillon  OH ,17,17,4081,0,0,0,0,0,0,1,5,384,0,0,0,0,0,0,0,0,0,0,0,0
201902,184,17460, ,Cleveland-Elyria  OH ,143,143,36893,4,8,759,0,0,0,0,0,0,105,105,28470,3,6,748,0,0,0,0,0,0
201902,190,17860, ,Columbia  MO ,13,13,3726,0,0,0,0,0,0,0,0,0,12,12,3512,0,0,0,0,0,0,0,0,0
201902,192,17900,C,Columbia  SC ,333,333,60514,0,0,0,0,0,0,2,34,1919,62,62,9130,0,0,0,0,0,0,0,0,0
201902,194,12220,C,Auburn-Opelika  AL ,78,78,21979,1,2,211,0,0,0,1,34,8890,15,15,4497,0,0,0,0,0,0,0,0,0
201902,194,17980, ,Columbus  GA-AL ,58,58,11587,1,2,144,1,4,246,2,12,2102,33,33,6705,1,2,144,0,0,0,0,0,0
201902,198,18140, ,Columbus  OH ,266,266,74917,7,14,2895,0,0,0,25,375,47102,241,241,67690,7,14,2895,0,0,0,22,357,45291
201902,204,18580, ,Corpus Christi  TX ,79,79,13479,0,0,0,0,0,0,0,0,0,75,75,12901,0,0,0,0,0,0,0,0,0
201902,206,19100, ,Dallas-Fort Worth-Arlington  TX ,2608,2608,730873,9,18,2414,10,38,6990,42,1831,192466,2114,2114,588375,9,18,2414,10,38,6990,37,1633,173420
201902,209,19340, ,Davenport-Moline-Rock Island  IA-IL ,29,29,5836,0,0,0,0,0,0,0,0,0,25,25,4897,0,0,0,0,0,0,0,0,0
201902,212,19430, ,Dayton-Kettering  OH ,58,58,22402,0,0,0,0,0,0,0,0,0,41,41,18466,0,0,0,0,0,0,0,0,0
201902,212,44220, ,Springfield  OH ,6,6,1610,0,0,0,0,0,0,0,0,0,6,6,1610,0,0,0,0,0,0,0,0,0
201902,216,14500, ,Boulder  CO ,49,49,18475,0,0,0,1,3,625,14,101,15482,44,44,15824,0,0,0,0,0,0,13,96,14423
201902,216,19740,C,Denver-Aurora-Lakewood  CO ,726,726,210882,1,2,186,6,20,3438,5,335,51673,697,697,201242,0,0,0,5,17,3092,5,335,51673
201902,216,24540, ,Greeley  CO ,143,143,38297,0,0,0,3,11,1413,2,62,8409,52,52,14143,0,0,0,0,0,0,1,57,7803
201902,218,11180, ,Ames  IA ,6,6,1931,0,0,0,0,0,0,0,0,0,6,6,1931,0,0,0,0,0,0,0,0,0
201902,218,19780, ,Des Moines-West Des Moines  IA ,94,94,21341,0,0,0,0,0,0,0,0,0,83,83,19017,0,0,0,0,0,0,0,0,0
201902,220,11460, ,Ann Arbor  MI ,42,42,10603,0,0,0,0,0,0,0,0,0,34,34,8520,0,0,0,0,0,0,0,0,0
201902,220,19820, ,Detroit-Warren-Dearborn  MI ,329,329,102032,0,0,0,1,3,238,2,45,6862,262,262,83639,0,0,0,0,0,0,2,45,6862
201902,220,22420, ,Flint  MI ,18,18,10336,0,0,0,0,0,0,0,0,0,15,15,9555,0,0,0,0,0,0,0,0,0
201902,220,33780, ,Monroe  MI ,2,2,220,0,0,0,0,0,0,0,0,0,2,2,220,0,0,0,0,0,0,0,0,0
201902,222,20020, ,Dothan  AL ,11,11,2520,0,0,0,0,0,0,0,0,0,10,10,2288,0,0,0,0,0,0,0,0,0
201902,232,20740, ,Eau Claire  WI ,11,11,2717,1,2,247,0,0,0,0,0,0,3,3,640,0,0,0,0,0,0,0,0,0
201902,236,21300, ,Elmira  NY ,0,0,0,0,0,0,0,0,0,0,0,0,0,0,0,0,0,0,0,0,0,0,0,0
201902,238,21340,C,El Paso  TX ,201,201,41070,2,4,387,4,16,1767,3,59,6825,21,21,2976,0,0,0,0,0,0,0,0,0
201902,238,29740,C,Las Cruces  NM ,54,54,13011,0,0,0,0,0,0,0,0,0,54,54,13011,0,0,0,0,0,0,0,0,0
201902,240,21500, ,Erie  PA ,2,2,457,1,2,250,0,0,0,0,0,0,2,2,457,1,2,250,0,0,0,0,0,0
201902,244,22020, ,Fargo  ND-MN ,8,8,2741,0,0,0,0,0,0,0,0,0,7,7,2423,0,0,0,0,0,0,0,0,0
201902,246,22180, ,Fayetteville  NC ,116,116,18356,0,0,0,0,0,0,0,0,0,68,68,12531,0,0,0,0,0,0,0,0,0
201902,258,23060,C,Fort Wayne  IN ,56,56,16358,0,0,0,0,0,0,1,125,15100,56,56,16358,0,0,0,0,0,0,1,125,15100
201902,260,23420,C,Fresno  CA ,130,130,37120,4,8,1611,0,0,0,13,89,10726,77,77,22388,1,2,337,0,0,0,7,56,7459
201902,260,31460, ,Madera  CA ,27,27,6698,0,0,0,0,0,0,0,0,0,27,27,6698,0,0,0,0,0,0,0,0,0
201902,264,23540, ,Gainesville  FL ,32,32,8629,0,0,0,0,0,0,1,112,3814,23,23,7439,0,0,0,0,0,0,0,0,0
201902,266,24340, ,Grand Rapids-Kentwood  MI ,86,86,23218,1,2,270,4,16,1000,15,200,8194,57,57,17310,1,2,270,4,16,1000,14,192,7362
201902,266,34740, ,Muskegon  MI ,1,1,230,0,0,0,0,0,0,0,0,0,0,0,0,0,0,0,0,0,0,0,0,0
201902,267,24580, ,Green Bay  WI ,41,41,10141,1,2,200,0,0,0,1,5,485,34,34,8223,1,2,200,0,0,0,0,0,0
201902,268,15500, ,Burlington  NC ,61,61,10461,0,0,0,0,0,0,0,0,0,19,19,3475,0,0,0,0,0,0,0,0,0
201902,268,24660,C,Greensboro-High Point  NC ,172,172,42499,0,0,0,0,0,0,2,36,3493,172,172,42499,0,0,0,0,0,0,2,36,3493
201902,268,49180, ,Winston-Salem  NC ,200,200,35059,1,2,165,0,0,0,1,7,316,188,188,32184,0,0,0,0,0,0,0,0,0
201902,272,24780, ,Greenville  NC ,5,5,1171,3,6,707,0,0,0,0,0,0,5,5,1171,3,6,707,0,0,0,0,0,0
201902,273,24860, ,Greenville-Anderson  SC ,409,409,96609,0,0,0,0,0,0,3,22,2253,380,380,86225,0,0,0,0,0,0,0,0,0
201902,273,43900, ,Spartanburg  SC ,210,210,33880,0,0,0,0,0,0,0,0,0,210,210,33880,0,0,0,0,0,0,0,0,0
201902,276,23900,C,Gettysburg  PA ,15,15,3068,0,0,0,0,0,0,0,0,0,0,0,0,0,0,0,0,0,0,0,0,0
201902,276,25420,C,Harrisburg-Carlisle  PA ,77,77,16487,0,0,0,3,11,2468,2,12,1160,38,38,7811,0,0,0,3,11,2468,2,12,1160
201902,276,30140, ,Lebanon  PA ,19,19,2806,0,0,0,0,0,0,0,0,0,19,19,2806,0,0,0,0,0,0,0,0,0
201902,276,49620, ,York-Hanover  PA ,2,2,522,0,0,0,0,0,0,1,9,887,0,0,0,0,0,0,0,0,0,1,9,887
201902,277,25500,C,Harrisonburg  VA ,17,17,6219,0,0,0,0,0,0,0,0,0,17,17,6219,0,0,0,0,0,0,0,0,0
201902,277,44420, ,Staunton  VA ,17,17,3107,1,2,143,0,0,0,0,0,0,0,0,0,0,0,0,0,0,0,0,0,0
201902,278,25540,C,Hartford-East Hartford-Middletown  CT ,103,103,21507,0,0,0,1,4,371,8,68,6088,89,89,17334,0,0,0,1,4,371,3,43,3560
201902,278,35980, ,Norwich-New London  CT ,3,3,528,1,2,292,0,0,0,0,0,0,0,0,0,0,0,0,0,0,0,0,0,0
201902,279,25620, ,Hattiesburg  MS ,5,5,1190,0,0,0,0,0,0,0,0,0,0,0,0,0,0,0,0,0,0,0,0,0
201902,284,26300, ,Hot Springs  AR ,4,4,1473,0,0,0,0,0,0,0,0,0,4,4,1473,0,0,0,0,0,0,0,0,0
201902,288,26420, ,Houston-The Woodlands-Sugar Land  TX ,2702,2702,515854,6,12,2192,1,3,366,72,1914,177532,1995,1995,461759,5,10,1963,0,0,0,70,1904,177030
201902,290,19460, ,Decatur  AL ,14,14,2187,0,0,0,0,0,0,0,0,0,11,11,1790,0,0,0,0,0,0,0,0,0
201902,290,26620,C,Huntsville  AL ,271,271,38354,0,0,0,0,0,0,0,0,0,271,271,38354,0,0,0,0,0,0,0,0,0
201902,292,26820, ,Idaho Falls  ID ,80,80,13722,0,0,0,0,0,0,0,0,0,67,67,11355,0,0,0,0,0,0,0,0,0
201902,294,18020, ,Columbus  IN ,9,9,2834,0,0,0,0,0,0,0,0,0,9,9,2834,0,0,0,0,0,0,0,0,0
201902,294,26900, ,Indianapolis-Carmel-Anderson  IN ,398,398,108635,2,4,630,0,0,0,3,148,36665,369,369,103241,2,4,630,0,0,0,3,148,36665
201902,294,34620, ,Muncie  IN ,0,0,0,0,0,0,0,0,0,0,0,0,0,0,0,0,0,0,0,0,0,0,0,0
201902,296,27060, ,Ithaca  NY ,1,1,256,1,2,237,0,0,0,1,5,600,0,0,0,0,0,0,0,0,0,0,0,0
201902,297,27180, ,Jackson  TN ,7,7,1275,0,0,0,0,0,0,0,0,0,7,7,1275,0,0,0,0,0,0,0,0,0
201902,298,27140, ,Jackson  MS ,88,88,21450,0,0,0,1,4,715,0,0,0,45,45,14179,0,0,0,0,0,0,0,0,0
201902,300,27260,C,Jacksonville  FL ,949,949,230321,3,6,729,1,4,905,7,331,36207,851,851,201139,3,6,729,1,4,905,7,331,36207
201902,304,27740, ,Johnson City  TN ,8,8,1354,0,0,0,0,0,0,0,0,0,8,8,1354,0,0,0,0,0,0,0,0,0
201902,304,28700, ,Kingsport-Bristol  TN-VA ,0,0,0,0,0,0,0,0,0,0,0,0,0,0,0,0,0,0,0,0,0,0,0,0
201902,306,27780, ,Johnstown  PA ,0,0,0,0,0,0,0,0,0,0,0,0,0,0,0,0,0,0,0,0,0,0,0,0
201902,308,27860, ,Jonesboro  AR ,32,32,4936,3,6,415,3,12,629,1,7,460,4,4,400,0,0,0,0,0,0,0,0,0
201902,309,27900, ,Joplin  MO ,11,11,1673,1,2,262,0,0,0,0,0,0,10,10,1547,1,2,262,0,0,0,0,0,0
201902,310,12980, ,Battle Creek  MI ,0,0,0,0,0,0,0,0,0,0,0,0,0,0,0,0,0,0,0,0,0,0,0,0
201902,310,28020, ,Kalamazoo-Portage  MI ,5,5,1498,0,0,0,0,0,0,0,0,0,0,0,0,0,0,0,0,0,0,0,0,0
201902,312,28140, ,Kansas City  MO-KS ,271,271,76249,3,6,884,2,8,1317,4,284,37347,187,187,50591,2,4,539,1,4,706,1,240,32322
201902,312,29940, ,Lawrence  KS ,8,8,3603,0,0,0,0,0,0,0,0,0,8,8,3603,0,0,0,0,0,0,0,0,0
201902,312,41140, ,St. Joseph  MO-KS ,0,0,0,0,0,0,0,0,0,0,0,0,0,0,0,0,0,0,0,0,0,0,0,0
201902,313,28420,C,Kennewick-Richland  WA ,92,92,26491,2,4,579,0,0,0,1,5,493,16,16,4776,0,0,0,0,0,0,0,0,0
201902,313,47460, ,Walla Walla  WA ,8,8,2832,0,0,0,0,0,0,0,0,0,5,5,2114,0,0,0,0,0,0,0,0,0
201902,315,28940, ,Knoxville  TN ,233,233,47570,0,0,0,0,0,0,5,71,5478,106,106,21303,0,0,0,0,0,0,0,0,0
201902,316,29020, ,Kokomo  IN ,2,2,430,0,0,0,0,0,0,0,0,0,2,2,430,0,0,0,0,0,0,0,0,0
201902,318,29180, ,Lafayette  LA ,127,127,25867,0,0,0,0,0,0,1,24,3100,81,81,19316,0,0,0,0,0,0,1,24,3100
201902,320,29200, ,Lafayette-West Lafayette  IN ,22,22,5298,0,0,0,0,0,0,1,8,782,0,0,0,0,0,0,0,0,0,0,0,0
201902,324,29340, ,Lake Charles  LA ,99,99,17083,1,2,10,0,0,0,0,0,0,61,61,9011,1,2,10,0,0,0,0,0,0
201902,332,29820,C,Las Vegas-Henderson-Paradise  NV ,832,832,193018,7,14,2617,0,0,0,10,262,19417,832,832,193018,7,14,2617,0,0,0,10,262,19417
201902,336,30460,C,Lexington-Fayette  KY ,95,95,16731,0,0,0,1,3,375,3,63,4593,10,10,2564,0,0,0,0,0,0,0,0,0
201902,338,30620, ,Lima  OH ,0,0,0,0,0,0,0,0,0,0,0,0,0,0,0,0,0,0,0,0,0,0,0,0
201902,339,30700, ,Lincoln  NE ,57,57,11914,0,0,0,0,0,0,1,74,7772,3,3,350,0,0,0,0,0,0,0,0,0
201902,340,30780, ,Little Rock-North Little Rock-Conway  AR ,132,132,22863,0,0,0,0,0,0,1,9,238,97,97,17517,0,0,0,0,0,0,0,0,0
201902,340,38220, ,Pine Bluff  AR ,1,1,124,0,0,0,0,0,0,0,0,0,0,0,0,0,0,0,0,0,0,0,0,0
201902,348,31080,C,Los Angeles-Long Beach-Anaheim  CA ,530,530,176424,75,150,27997,7,26,5265,35,506,101174,428,428,129060,71,142,25682,5,19,3613,27,442,92362
201902,348,37100, ,Oxnard-Thousand Oaks-Ventura  CA ,1,1,85,0,0,0,0,0,0,10,231,29502,1,1,85,0,0,0,0,0,0,10,231,29502
201902,348,40140, ,Riverside-San Bernardino-Ontario  CA ,663,663,176729,0,0,0,15,59,8615,12,87,7329,528,528,147276,0,0,0,15,59,8615,10,77,6705
201902,350,21060, ,Elizabethtown-Fort Knox  KY ,27,27,5153,1,2,200,0,0,0,0,0,0,22,22,4388,0,0,0,0,0,0,0,0,0
201902,350,31140, ,Louisville-Jefferson County  KY-IN ,212,212,55692,1,2,280,0,0,0,5,104,7264,160,160,41499,1,2,280,0,0,0,4,82,6063
201902,352,31180, ,Lubbock  TX ,116,116,25036,1,2,244,0,0,0,22,185,8388,116,116,25036,1,2,244,0,0,0,22,185,8388
201902,356,31420, ,Macon-Bibb County  GA ,18,18,3527,0,0,0,0,0,0,0,0,0,0,0,0,0,0,0,0,0,0,0,0,0
201902,356,47580, ,Warner Robins  GA ,61,61,9672,0,0,0,0,0,0,0,0,0,61,61,9672,0,0,0,0,0,0,0,0,0
201902,357,27500, ,Janesville-Beloit  WI ,5,5,1350,0,0,0,0,0,0,0,0,0,5,5,1350,0,0,0,0,0,0,0,0,0
201902,357,31540, ,Madison  WI ,83,83,27367,2,4,1034,1,3,447,3,157,20670,67,67,22988,2,4,1034,0,0,0,1,112,16125
201902,359,31860, ,Mankato  MN ,3,3,755,0,0,0,0,0,0,0,0,0,2,2,550,0,0,0,0,0,0,0,0,0
201902,365,32580,C,McAllen-Edinburg-Mission  TX ,231,231,28537,5,10,644,10,39,4292,4,32,2079,184,184,23385,3,6,394,9,36,4140,1,5,210
201902,366,32780, ,Medford  OR ,37,37,7725,1,2,306,0,0,0,0,0,0,37,37,7725,1,2,306,0,0,0,0,0,0
201902,368,32820, ,Memphis  TN-MS-AR ,208,208,42852,0,0,0,4,16,4200,1,18,1450,183,183,39264,0,0,0,4,16,4200,1,18,1450
201902,370,33100, ,Miami-Fort Lauderdale-Pompano Beach  FL ,665,665,231194,16,32,9114,2,7,952,25,1191,268042,584,584,202780,15,30,8651,1,4,438,17,962,240577
201902,370,38940, ,Port St. Lucie  FL ,212,212,47831,6,12,1443,0,0,0,2,12,1863,212,212,47831,6,12,1443,0,0,0,2,12,1863
201902,370,42680, ,Sebastian-Vero Beach  FL ,107,107,36130,0,0,0,3,9,916,0,0,0,107,107,36130,0,0,0,3,9,916,0,0,0
201902,372,33260, ,Midland  TX ,88,88,15173,0,0,0,0,0,0,0,0,0,88,88,15173,0,0,0,0,0,0,0,0,0
201902,372,36220,C,Odessa  TX ,74,74,14972,1,2,200,0,0,0,0,0,0,74,74,14972,1,2,200,0,0,0,0,0,0
201902,376,33340,C,Milwaukee-Waukesha  WI ,118,118,43602,1,2,278,0,0,0,2,25,3762,94,94,35028,1,2,278,0,0,0,0,0,0
201902,376,39540, ,Racine  WI ,7,7,1973,1,2,575,0,0,0,0,0,0,4,4,1177,1,2,575,0,0,0,0,0,0
201902,378,33460, ,Minneapolis-St. Paul-Bloomington  MN-WI ,472,472,143794,3,6,935,2,6,2022,10,898,152924,409,409,125000,3,6,935,2,6,2022,9,884,151134
201902,378,41060, ,St. Cloud  MN ,0,0,0,0,0,0,0,0,0,0,0,0,0,0,0,0,0,0,0,0,0,0,0,0
201902,380,19300, ,Daphne-Fairhope-Foley  AL ,144,144,29996,1,2,189,0,0,0,1,5,540,38,38,11770,0,0,0,0,0,0,0,0,0
201902,380,33660, ,Mobile  AL ,56,56,13179,0,0,0,0,0,0,0,0,0,52,52,12307,0,0,0,0,0,0,0,0,0
201902,384,33740, ,Monroe  LA ,32,32,7005,0,0,0,1,3,472,1,5,579,0,0,0,0,0,0,0,0,0,0,0,0
201902,388,33860, ,Montgomery  AL ,47,47,11255,0,0,0,0,0,0,0,0,0,26,26,8116,0,0,0,0,0,0,0,0,0
201902,390,34060, ,Morgantown  WV ,1,1,140,0,0,0,0,0,0,1,6,485,0,0,0,0,0,0,0,0,0,0,0,0
201902,396,34820, ,Myrtle Beach-Conway-North Myrtle Beach  SC-NC ,431,431,86166,0,0,0,0,0,0,2,26,1188,271,271,45967,0,0,0,0,0,0,0,0,0
201902,400,34980, ,Nashville-Davidson--Murfreesboro--Franklin  TN ,896,896,220211,1,2,290,6,18,1940,9,373,40150,740,740,175965,1,2,290,5,15,1715,8,361,39331
201902,406,25220, ,Hammond  LA ,60,60,9024,1,2,250,0,0,0,0,0,0,0,0,0,0,0,0,0,0,0,0,0,0
201902,406,35380, ,New Orleans-Metairie  LA ,274,274,54420,4,8,846,0,0,0,1,8,1969,228,228,43824,0,0,0,0,0,0,0,0,0
201902,408,14860,C,Bridgeport-Stamford-Norwalk  CT ,43,43,29403,2,4,1145,2,7,1942,2,47,5889,25,25,12558,2,4,1145,2,7,1942,1,39,1000
201902,408,20700, ,East Stroudsburg  PA ,6,6,1663,0,0,0,0,0,0,0,0,0,5,5,1386,0,0,0,0,0,0,0,0,0
201902,408,28740, ,Kingston  NY ,2,2,566,0,0,0,0,0,0,1,5,1220,1,1,266,0,0,0,0,0,0,0,0,0
201902,408,35300, ,New Haven-Milford  CT ,10,10,1217,0,0,0,0,0,0,1,10,615,7,7,706,0,0,0,0,0,0,0,0,0
201902,408,35620,C,New York-Newark-Jersey City  NY-NJ-PA ,673,673,175589,65,130,17501,23,73,9324,84,2365,276426,453,453,126075,57,114,15706,17,53,7621,49,2037,238069
201902,408,39100, ,Poughkeepsie-Newburgh-Middletown  NY ,17,17,3902,1,2,680,0,0,0,4,117,6819,12,12,2929,0,0,0,0,0,0,3,102,5100
201902,408,45940,C,Trenton-Princeton  NJ ,11,11,1733,1,2,87,3,10,288,0,0,0,10,10,979,0,0,0,0,0,0,0,0,0
201902,412,35840,C,North Port-Sarasota-Bradenton  FL ,453,453,109501,0,0,0,1,4,759,2,35,3423,423,423,102444,0,0,0,0,0,0,1,9,735
201902,412,39460, ,Punta Gorda  FL ,149,149,42360,8,16,2376,0,0,0,0,0,0,149,149,42360,8,16,2376,0,0,0,0,0,0
201902,416,36420,C,Oklahoma City  OK ,436,436,113089,10,20,3134,1,3,408,3,244,34000,355,355,89405,7,14,2234,1,3,408,3,244,34000
201902,420,36540, ,Omaha-Council Bluffs  NE-IA ,144,144,32156,0,0,0,0,0,0,1,83,6426,116,116,25065,0,0,0,0,0,0,1,83,6426
201902,422,19660, ,Deltona-Daytona Beach-Ormond Beach  FL ,146,146,43141,8,16,2580,0,0,0,0,0,0,136,136,40480,8,16,2580,0,0,0,0,0,0
201902,422,29460, ,Lakeland-Winter Haven  FL ,368,368,69512,0,0,0,0,0,0,0,0,0,296,296,55261,0,0,0,0,0,0,0,0,0
201902,422,36740, ,Orlando-Kissimmee-Sanford  FL ,1163,1163,286373,1,2,477,3,12,1064,22,629,61294,1034,1034,237168,1,2,477,3,12,1064,21,624,60620
201902,422,45540,C,The Villages  FL ,206,206,56671,0,0,0,0,0,0,0,0,0,206,206,56671,0,0,0,0,0,0,0,0,0
201902,425,37620, ,Parkersburg-Vienna  WV ,1,1,100,0,0,0,0,0,0,0,0,0,1,1,100,0,0,0,0,0,0,0,0,0
201902,426,37860,C,Pensacola-Ferry Pass-Brent  FL ,179,179,42267,6,12,3000,1,3,230,3,156,17064,179,179,42267,6,12,3000,1,3,230,3,156,17064
201902,428,12100,C,Atlantic City-Hammonton  NJ ,30,30,7622,0,0,0,0,0,0,0,0,0,29,29,7137,0,0,0,0,0,0,0,0,0
201902,428,20100,C,Dover  DE ,92,92,13327,5,10,1171,0,0,0,4,20,1803,83,83,11997,5,10,1171,0,0,0,3,15,1187
201902,428,36140,C,Ocean City  NJ ,28,28,8622,4,8,630,0,0,0,0,0,0,28,28,8622,4,8,630,0,0,0,0,0,0
201902,428,37980,C,Philadelphia-Camden-Wilmington  PA-NJ-DE-MD ,486,486,94794,12,24,3261,16,53,7098,30,615,76491,292,292,70505,12,24,3261,16,53,7098,17,514,69787
201902,428,39740, ,Reading  PA ,1,1,244,0,0,0,0,0,0,0,0,0,0,0,0,0,0,0,0,0,0,0,0,0
201902,428,47220,C,Vineland-Bridgeton  NJ ,8,8,603,0,0,0,0,0,0,0,0,0,2,2,60,0,0,0,0,0,0,0,0,0
201902,429,38060,C,Phoenix-Mesa-Chandler  AZ ,1830,1830,461420,7,14,1870,0,0,0,10,223,26899,1740,1740,438559,6,12,1629,0,0,0,9,193,22060
201902,430,38300, ,Pittsburgh  PA ,69,69,20387,1,2,246,0,0,0,2,32,3120,45,45,14475,0,0,0,0,0,0,0,0,0
201902,430,48260, ,Weirton-Steubenville  WV-OH ,0,0,0,0,0,0,0,0,0,0,0,0,0,0,0,0,0,0,0,0,0,0,0,0
201902,438,30340, ,Lewiston-Auburn  ME ,8,8,1469,0,0,0,0,0,0,1,53,9350,7,7,1347,0,0,0,0,0,0,1,53,9350
201902,438,38860, ,Portland-South Portland  ME ,92,92,21900,1,2,269,1,3,750,2,17,1170,39,39,9766,0,0,0,1,3,750,0,0,0
201902,440,10540, ,Albany-Lebanon  OR ,16,16,4006,0,0,0,0,0,0,4,48,3784,8,8,1896,0,0,0,0,0,0,4,48,3784
201902,440,18700, ,Corvallis  OR ,4,4,1172,0,0,0,0,0,0,0,0,0,4,4,1172,0,0,0,0,0,0,0,0,0
201902,440,31020, ,Longview  WA ,14,14,3058,0,0,0,0,0,0,0,0,0,0,0,0,0,0,0,0,0,0,0,0,0
201902,440,38900, ,Portland-Vancouver-Hillsboro  OR-WA ,458,458,134265,10,20,3829,0,0,0,20,1047,145549,415,415,121040,9,18,3475,0,0,0,18,1037,144277
201902,440,41420, ,Salem  OR ,36,36,11846,19,38,7424,0,0,0,2,16,1892,36,36,11846,19,38,7424,0,0,0,2,16,1892
201902,444,39380,C,Pueblo  CO ,28,28,4496,0,0,0,0,0,0,0,0,0,28,28,4496,0,0,0,0,0,0,0,0,0
201902,450,20500,C,Durham-Chapel Hill  NC ,272,272,62718,0,0,0,0,0,0,4,110,8763,83,83,22008,0,0,0,0,0,0,0,0,0
201902,450,39580,C,Raleigh-Cary  NC ,760,760,144207,2,4,398,0,0,0,2,210,26932,755,755,143338,2,4,398,0,0,0,2,210,26932
201902,452,39660, ,Rapid City  SD ,14,14,3163,2,4,491,0,0,0,0,0,0,14,14,3163,2,4,491,0,0,0,0,0,0
201902,454,39820, ,Redding  CA ,19,19,5183,0,0,0,0,0,0,0,0,0,19,19,5183,0,0,0,0,0,0,0,0,0
201902,456,16180,C,Carson City  NV ,10,10,2469,0,0,0,0,0,0,0,0,0,10,10,2469,0,0,0,0,0,0,0,0,0
201902,456,39900,C,Reno  NV ,149,149,42918,1,2,49,1,4,215,1,13,1964,148,148,42716,1,2,49,1,4,215,1,13,1964
201902,462,40340, ,Rochester  MN ,6,6,2161,0,0,0,0,0,0,1,8,897,6,6,2161,0,0,0,0,0,0,1,8,897
201902,464,40380, ,Rochester  NY ,48,48,13321,0,0,0,0,0,0,3,22,2121,29,29,9684,0,0,0,0,0,0,0,0,0
201902,466,40420, ,Rockford  IL ,16,16,1870,0,0,0,0,0,0,0,0,0,16,16,1870,0,0,0,0,0,0,0,0,0
201902,472,40900,C,Sacramento-Roseville-Folsom  CA ,396,396,114463,1,2,323,0,0,0,2,113,15116,395,395,114224,1,2,323,0,0,0,2,113,15116
201902,474,13020, ,Bay City  MI ,0,0,0,0,0,0,0,0,0,0,0,0,0,0,0,0,0,0,0,0,0,0,0,0
201902,474,33220, ,Midland  MI ,2,2,140,0,0,0,0,0,0,0,0,0,2,2,140,0,0,0,0,0,0,0,0,0
201902,474,40980, ,Saginaw  MI ,0,0,0,1,2,400,0,0,0,0,0,0,0,0,0,1,2,400,0,0,0,0,0,0
201902,476,41180, ,St. Louis  MO-IL ,323,323,87972,1,2,300,2,8,1093,4,20,2102,261,261,71119,1,2,300,2,8,1093,0,0,0
201902,480,41540, ,Salisbury  MD-DE ,261,261,36884,5,10,1434,2,7,922,3,15,1695,261,261,36884,5,10,1434,2,7,922,3,15,1695
201902,482,36260, ,Ogden-Clearfield  UT ,162,162,40345,0,0,0,4,14,2179,10,96,9000,153,153,37944,0,0,0,3,11,1625,9,86,8252
201902,482,39340, ,Provo-Orem  UT ,429,429,114551,2,4,862,0,0,0,6,56,9512,350,350,92767,2,4,862,0,0,0,4,26,5454
201902,482,41620, ,Salt Lake City  UT ,276,276,68651,4,8,851,3,9,1601,9,168,21280,159,159,37647,3,6,576,1,3,578,5,120,14840
201902,484,41700,C,San Antonio-New Braunfels  TX ,793,793,184592,12,24,2410,3,11,787,53,375,42677,614,614,147367,3,6,668,2,8,787,48,298,32597
201902,488,32900, ,Merced  CA ,13,13,3097,0,0,0,0,0,0,0,0,0,13,13,3097,0,0,0,0,0,0,0,0,0
201902,488,33700, ,Modesto  CA ,1,1,133,0,0,0,0,0,0,0,0,0,0,0,0,0,0,0,0,0,0,0,0,0
201902,488,41860,C,San Francisco-Oakland-Berkeley  CA ,276,276,122072,2,4,768,4,16,2970,18,685,132574,223,223,98618,1,2,430,4,16,2970,11,617,119657
201902,488,41940,C,San Jose-Sunnyvale-Santa Clara  CA ,153,153,51522,1,2,250,1,3,928,12,298,34519,122,122,42628,1,2,250,0,0,0,9,172,15816
201902,488,42100, ,Santa Cruz-Watsonville  CA ,8,8,1723,0,0,0,0,0,0,1,5,509,0,0,0,0,0,0,0,0,0,0,0,0
201902,488,42220, ,Santa Rosa-Petaluma  CA ,113,113,43160,0,0,0,0,0,0,0,0,0,113,113,43160,0,0,0,0,0,0,0,0,0
201902,488,44700, ,Stockton  CA ,119,119,39174,0,0,0,0,0,0,0,0,0,119,119,39174,0,0,0,0,0,0,0,0,0
201902,488,46700, ,Vallejo  CA ,34,34,10561,0,0,0,0,0,0,0,0,0,34,34,10561,0,0,0,0,0,0,0,0,0
201902,496,25980, ,Hinesville  GA ,29,29,6402,2,4,377,0,0,0,0,0,0,29,29,6402,2,4,377,0,0,0,0,0,0
201902,496,42340, ,Savannah  GA ,145,145,33224,0,0,0,0,0,0,1,14,1508,86,86,19182,0,0,0,0,0,0,0,0,0
201902,500,14740,C,Bremerton-Silverdale-Port Orchard  WA ,69,69,23083,0,0,0,0,0,0,0,0,0,61,61,21094,0,0,0,0,0,0,0,0,0
201902,500,34580, ,Mount Vernon-Anacortes  WA ,32,32,7606,0,0,0,0,0,0,0,0,0,15,15,3803,0,0,0,0,0,0,0,0,0
201902,500,36500, ,Olympia-Lacey-Tumwater  WA ,59,59,15856,0,0,0,0,0,0,2,29,2755,16,16,4398,0,0,0,0,0,0,1,24,2264
201902,500,42660,C,Seattle-Tacoma-Bellevue  WA ,532,532,174052,16,32,7198,22,76,15735,15,119,13034,416,416,129050,16,32,7198,21,72,15154,12,104,11313
201902,508,43340,C,Shreveport-Bossier City  LA ,84,84,16196,0,0,0,0,0,0,0,0,0,80,80,15062,0,0,0,0,0,0,0,0,0
201902,515,21140, ,Elkhart-Goshen  IN ,20,20,4617,0,0,0,0,0,0,0,0,0,20,20,4617,0,0,0,0,0,0,0,0,0
201902,515,35660, ,Niles  MI ,0,0,0,0,0,0,0,0,0,0,0,0,0,0,0,0,0,0,0,0,0,0,0,0
201902,515,43780, ,South Bend-Mishawaka  IN-MI ,25,25,7395,0,0,0,0,0,0,0,0,0,25,25,7395,0,0,0,0,0,0,0,0,0
201902,518,17660, ,Coeur dAlene  ID ,75,75,17404,0,0,0,0,0,0,1,13,1185,30,30,8045,0,0,0,0,0,0,0,0,0
201902,518,44060, ,Spokane-Spokane Valley  WA ,109,109,28825,0,0,0,1,3,387,9,250,34422,86,86,22786,0,0,0,0,0,0,8,228,31735
201902,522,44100, ,Springfield  IL ,4,4,1049,1,2,376,0,0,0,1,5,250,1,1,180,0,0,0,0,0,0,0,0,0
201902,524,44300, ,State College  PA ,10,10,3549,0,0,0,0,0,0,0,0,0,8,8,3121,0,0,0,0,0,0,0,0,0
201902,532,45060, ,Syracuse  NY ,5,5,1209,0,0,0,0,0,0,0,0,0,4,4,990,0,0,0,0,0,0,0,0,0
201902,534,45780, ,Toledo  OH ,43,43,12119,1,2,70,0,0,0,1,36,175,42,42,12006,1,2,70,0,0,0,1,36,175
201902,536,46060,C,Tucson  AZ ,195,195,53910,1,2,239,0,0,0,7,62,8791,146,146,41409,0,0,0,0,0,0,0,0,0
201902,538,46140,C,Tulsa  OK ,256,256,58813,0,0,0,0,0,0,3,54,6647,219,219,51055,0,0,0,0,0,0,3,54,6647
201902,540,46340, ,Tyler  TX ,25,25,8288,1,2,378,1,3,616,0,0,0,0,0,0,0,0,0,0,0,0,0,0,0
201902,545,47260, ,Virginia Beach-Norfolk-Newport News  VA-NC ,256,256,52952,1,2,400,0,0,0,3,80,12840,188,188,39868,1,2,400,0,0,0,3,80,12840
201902,548,12580,C,Baltimore-Columbia-Towson  MD ,190,190,34659,0,0,0,0,0,0,0,0,0,188,188,33972,0,0,0,0,0,0,0,0,0
201902,548,15680,C,California-Lexington Park  MD ,2,2,636,0,0,0,0,0,0,0,0,0,2,2,636,0,0,0,0,0,0,0,0,0
201902,548,16540,C,Chambersburg-Waynesboro  PA ,23,23,4095,0,0,0,1,3,240,1,5,488,19,19,3545,0,0,0,0,0,0,0,0,0
201902,548,25180, ,Hagerstown-Martinsburg  MD-WV ,121,121,19615,0,0,0,10,40,3200,0,0,0,121,121,19615,0,0,0,10,40,3200,0,0,0
201902,548,47900, ,Washington-Arlington-Alexandria  DC-VA-MD-WV ,959,959,236857,24,48,2433,4,16,1046,25,1520,156295,903,903,218616,22,44,2167,4,16,1046,23,1263,139847
201902,548,49020, ,Winchester  VA-WV ,38,38,7680,0,0,0,4,13,1419,2,96,1600,38,38,7680,0,0,0,4,13,1419,2,96,1600
201902,554,48140, ,Wausau-Weston  WI ,7,7,1338,0,0,0,0,0,0,0,0,0,0,0,0,0,0,0,0,0,0,0,0,0
201902,556,48620, ,Wichita  KS ,58,58,10992,6,12,1061,0,0,0,1,14,980,10,10,2531,2,4,400,0,0,0,0,0,0
201902,558,48700, ,Williamsport  PA ,0,0,0,0,0,0,0,0,0,0,0,0,0,0,0,0,0,0,0,0,0,0,0,0
201902,566,49660, ,Youngstown-Warren-Boardman  OH-PA ,5,5,929,0,0,0,0,0,0,0,0,0,5,5,929,0,0,0,0,0,0,0,0,0
201902,999,10180, ,Abilene  TX ,34,34,7353,0,0,0,0,0,0,0,0,0,34,34,7353,0,0,0,0,0,0,0,0,0
201902,999,10500, ,Albany  GA ,31,31,2755,0,0,0,0,0,0,0,0,0,0,0,0,0,0,0,0,0,0,0,0,0
201902,999,10780, ,Alexandria  LA ,18,18,3965,0,0,0,0,0,0,0,0,0,0,0,0,0,0,0,0,0,0,0,0,0
201902,999,10900, ,Allentown-Bethlehem-Easton  PA-NJ ,16,16,3801,0,0,0,0,0,0,1,6,217,5,5,1061,0,0,0,0,0,0,0,0,0
201902,999,11260,C,Anchorage  AK ,56,56,17481,0,0,0,1,3,521,1,8,1265,0,0,0,0,0,0,0,0,0,0,0,0
201902,999,11500, ,Anniston-Oxford  AL ,1,1,135,0,0,0,0,0,0,0,0,0,1,1,135,0,0,0,0,0,0,0,0,0
201902,999,12260, ,Augusta-Richmond County  GA-SC ,247,247,46507,1,2,110,6,23,1370,4,44,2523,103,103,20678,1,2,110,6,23,1370,2,16,800
201902,999,12420, ,Austin-Round Rock-Georgetown  TX ,1297,1297,306103,0,0,0,0,0,0,20,747,53191,1048,1048,249726,0,0,0,0,0,0,20,747,53191
201902,999,12540, ,Bakersfield  CA ,134,134,33777,3,6,710,0,0,0,0,0,0,21,21,3734,0,0,0,0,0,0,0,0,0
201902,999,12620, ,Bangor  ME ,10,10,3023,0,0,0,0,0,0,0,0,0,7,7,2165,0,0,0,0,0,0,0,0,0
201902,999,12940, ,Baton Rouge  LA ,269,269,56504,1,2,243,0,0,0,0,0,0,41,41,7988,0,0,0,0,0,0,0,0,0
201902,999,13140, ,Beaumont-Port Arthur  TX ,43,43,9941,0,0,0,0,0,0,0,0,0,43,43,9941,0,0,0,0,0,0,0,0,0
201902,999,13220,C,Beckley  WV ,1,1,211,0,0,0,0,0,0,0,0,0,1,1,211,0,0,0,0,0,0,0,0,0
201902,999,13380, ,Bellingham  WA ,49,49,13342,0,0,0,0,0,0,2,20,2381,38,38,10538,0,0,0,0,0,0,2,20,2381
201902,999,13740, ,Billings  MT ,30,30,6157,1,2,326,0,0,0,0,0,0,0,0,0,0,0,0,0,0,0,0,0,0
201902,999,13780, ,Binghamton  NY ,0,0,0,0,0,0,0,0,0,0,0,0,0,0,0,0,0,0,0,0,0,0,0,0
201902,999,13900, ,Bismarck  ND ,2,2,577,0,0,0,0,0,0,0,0,0,0,0,0,0,0,0,0,0,0,0,0,0
201902,999,13980, ,Blacksburg-Christiansburg  VA ,8,8,1655,0,0,0,0,0,0,0,0,0,0,0,0,0,0,0,0,0,0,0,0,0
201902,999,15260, ,Brunswick  GA ,47,47,13386,0,0,0,0,0,0,0,0,0,0,0,0,0,0,0,0,0,0,0,0,0
201902,999,16220, ,Casper  WY ,7,7,1667,1,2,161,0,0,0,1,5,611,2,2,336,0,0,0,0,0,0,0,0,0
201902,999,16580, ,Champaign-Urbana  IL ,4,4,1045,0,0,0,0,0,0,0,0,0,4,4,1045,0,0,0,0,0,0,0,0,0
201902,999,16700,C,Charleston-North Charleston  SC ,392,392,113490,1,2,770,0,0,0,8,225,24097,187,187,64258,1,2,770,0,0,0,0,0,0
201902,999,16820, ,Charlottesville  VA ,54,54,15801,2,4,775,0,0,0,1,18,2024,6,6,913,2,4,775,0,0,0,0,0,0
201902,999,16940, ,Cheyenne  WY ,39,39,6945,0,0,0,1,4,344,1,5,603,23,23,3949,0,0,0,0,0,0,0,0,0
201902,999,17020, ,Chico  CA ,50,50,12715,2,4,571,0,0,0,2,12,533,50,50,12715,2,4,571,0,0,0,2,12,533
201902,999,17300,C,Clarksville  TN-KY ,97,97,16322,0,0,0,2,8,500,4,23,1455,95,95,16180,0,0,0,2,8,500,4,23,1455
201902,999,17780, ,College Station-Bryan  TX ,82,82,14276,10,20,2208,2,6,750,1,12,1140,76,76,12893,10,20,2208,2,6,750,1,12,1140
201902,999,17820,C,Colorado Springs  CO ,299,299,109591,1,2,148,1,3,2000,0,0,0,299,299,109591,1,2,148,1,3,2000,0,0,0
201902,999,18880,C,Crestview-Fort Walton Beach-Destin  FL ,186,186,69872,0,0,0,0,0,0,2,16,2299,186,186,69872,0,0,0,0,0,0,2,16,2299
201902,999,19060, ,Cumberland  MD-WV ,1,1,500,0,0,0,0,0,0,0,0,0,1,1,500,0,0,0,0,0,0,0,0,0
201902,999,19180, ,Danville  IL ,0,0,0,0,0,0,0,0,0,0,0,0,0,0,0,0,0,0,0,0,0,0,0,0
201902,999,19500, ,Decatur  IL ,0,0,0,0,0,0,0,0,0,0,0,0,0,0,0,0,0,0,0,0,0,0,0,0
201902,999,20220, ,Dubuque  IA ,2,2,310,0,0,0,0,0,0,0,0,0,2,2,310,0,0,0,0,0,0,0,0,0
201902,999,20260, ,Duluth  MN-WI ,2,2,258,0,0,0,0,0,0,0,0,0,1,1,95,0,0,0,0,0,0,0,0,0
201902,999,20940, ,El Centro  CA ,9,9,1894,0,0,0,0,0,0,0,0,0,0,0,0,0,0,0,0,0,0,0,0,0
201902,999,21420, ,Enid  OK ,2,2,375,0,0,0,0,0,0,0,0,0,2,2,375,0,0,0,0,0,0,0,0,0
201902,999,21660, ,Eugene-Springfield  OR ,36,36,9375,0,0,0,3,11,711,6,48,6300,19,19,5133,0,0,0,2,8,388,6,48,6300
201902,999,21780, ,Evansville  IN-KY ,29,29,6714,1,2,240,0,0,0,0,0,0,29,29,6714,1,2,240,0,0,0,0,0,0
201902,999,21820,C,Fairbanks  AK ,0,0,0,0,0,0,0,0,0,0,0,0,0,0,0,0,0,0,0,0,0,0,0,0
201902,999,22140,C,Farmington  NM ,4,4,751,0,0,0,0,0,0,0,0,0,0,0,0,0,0,0,0,0,0,0,0,0
201902,999,22220, ,Fayetteville-Springdale-Rogers  AR-MO ,251,251,63370,1,2,153,8,31,4416,19,387,52212,183,183,50551,0,0,0,7,28,4235,16,357,49787
201902,999,22380, ,Flagstaff  AZ ,27,27,4581,0,0,0,0,0,0,0,0,0,27,27,4581,0,0,0,0,0,0,0,0,0
201902,999,22500, ,Florence  SC ,32,32,3897,0,0,0,0,0,0,3,47,4071,0,0,0,0,0,0,0,0,0,0,0,0
201902,999,22520, ,Florence-Muscle Shoals  AL ,11,11,1343,0,0,0,0,0,0,0,0,0,1,1,161,0,0,0,0,0,0,0,0,0
201902,999,22540, ,Fond du Lac  WI ,5,5,1133,0,0,0,0,0,0,0,0,0,2,2,490,0,0,0,0,0,0,0,0,0
201902,999,22660,C,Fort Collins  CO ,120,120,34480,0,0,0,2,7,840,7,305,40467,120,120,34480,0,0,0,2,7,840,7,305,40467
201902,999,22900, ,Fort Smith  AR-OK ,18,18,3790,3,6,608,1,4,180,0,0,0,13,13,2856,2,4,438,1,4,180,0,0,0
201902,999,23460, ,Gadsden  AL ,4,4,682,0,0,0,0,0,0,0,0,0,0,0,0,0,0,0,0,0,0,0,0,0
201902,999,24220, ,Grand Forks  ND-MN ,1,1,352,0,0,0,0,0,0,0,0,0,0,0,0,0,0,0,0,0,0,0,0,0
201902,999,24260, ,Grand Island  NE ,0,0,0,0,0,0,0,0,0,0,0,0,0,0,0,0,0,0,0,0,0,0,0,0
201902,999,24300,C,Grand Junction  CO ,48,48,7623,0,0,0,0,0,0,0,0,0,48,48,7623,0,0,0,0,0,0,0,0,0
201902,999,24500,C,Great Falls  MT ,3,3,829,0,0,0,0,0,0,0,0,0,3,3,829,0,0,0,0,0,0,0,0,0
201902,999,25060, ,Gulfport-Biloxi  MS ,133,133,24148,0,0,0,0,0,0,1,11,931,74,74,15153,0,0,0,0,0,0,0,0,0
201902,999,25860, ,Hickory-Lenoir-Morganton  NC ,1,1,151,0,0,0,0,0,0,1,5,279,0,0,0,0,0,0,0,0,0,0,0,0
201902,999,25940, ,Hilton Head Island-Bluffton  SC ,64,64,18141,0,0,0,0,0,0,0,0,0,64,64,18141,0,0,0,0,0,0,0,0,0
201902,999,26140, ,Homosassa Springs  FL ,32,32,6915,0,0,0,0,0,0,1,9,778,0,0,0,0,0,0,0,0,0,0,0,0
201902,999,26380, ,Houma-Thibodaux  LA ,29,29,5950,0,0,0,0,0,0,0,0,0,18,18,3146,0,0,0,0,0,0,0,0,0
201902,999,27100, ,Jackson  MI ,0,0,0,0,0,0,0,0,0,0,0,0,0,0,0,0,0,0,0,0,0,0,0,0
201902,999,27340,C,Jacksonville  NC ,97,97,13150,1,2,124,0,0,0,1,5,244,84,84,11160,0,0,0,0,0,0,0,0,0
201902,999,27980,C,Kahului-Wailuku-Lahaina  HI ,17,17,5847,1,2,400,0,0,0,0,0,0,17,17,5847,1,2,400,0,0,0,0,0,0
201902,999,28660,C,Killeen-Temple  TX ,153,153,29686,10,20,1685,0,0,0,0,0,0,80,80,15090,6,12,940,0,0,0,0,0,0
201902,999,29100, ,La Crosse-Onalaska  WI-MN ,3,3,681,0,0,0,0,0,0,0,0,0,2,2,472,0,0,0,0,0,0,0,0,0
201902,999,29420, ,Lake Havasu City-Kingman  AZ ,73,73,14144,3,6,657,0,0,0,0,0,0,73,73,14144,3,6,657,0,0,0,0,0,0
201902,999,29540, ,Lancaster  PA ,8,8,1390,0,0,0,0,0,0,0,0,0,1,1,141,0,0,0,0,0,0,0,0,0
201902,999,29620, ,Lansing-East Lansing  MI ,4,4,822,1,2,251,0,0,0,1,5,400,0,0,0,0,0,0,0,0,0,0,0,0
201902,999,29700, ,Laredo  TX ,103,103,13804,3,6,190,0,0,0,0,0,0,103,103,13804,3,6,190,0,0,0,0,0,0
201902,999,30020, ,Lawton  OK ,4,4,887,0,0,0,0,0,0,0,0,0,1,1,220,0,0,0,0,0,0,0,0,0
201902,999,30300, ,Lewiston  ID-WA ,0,0,0,0,0,0,0,0,0,0,0,0,0,0,0,0,0,0,0,0,0,0,0,0
201902,999,30860, ,Logan  UT-ID ,5,5,1131,0,0,0,0,0,0,0,0,0,5,5,1131,0,0,0,0,0,0,0,0,0
201902,999,30980, ,Longview  TX ,21,21,2873,0,0,0,0,0,0,0,0,0,21,21,2873,0,0,0,0,0,0,0,0,0
201902,999,31340, ,Lynchburg  VA ,17,17,4256,0,0,0,1,3,630,4,172,12600,4,4,885,0,0,0,0,0,0,4,172,12600
201902,999,31740, ,Manhattan  KS ,8,8,3078,0,0,0,0,0,0,0,0,0,8,8,3078,0,0,0,0,0,0,0,0,0
201902,999,33540,C,Missoula  MT ,9,9,2513,0,0,0,0,0,0,0,0,0,9,9,2513,0,0,0,0,0,0,0,0,0
201902,999,36100, ,Ocala  FL ,179,179,34937,0,0,0,0,0,0,0,0,0,179,179,34937,0,0,0,0,0,0,0,0,0
201902,999,36980, ,Owensboro  KY ,17,17,1782,0,0,0,1,4,96,1,6,197,17,17,1782,0,0,0,1,4,96,1,6,197
201902,999,37340, ,Palm Bay-Melbourne-Titusville  FL ,146,146,48575,0,0,0,0,0,0,0,0,0,146,146,48575,0,0,0,0,0,0,0,0,0
201902,999,37460, ,Panama City  FL ,43,43,11394,0,0,0,0,0,0,2,28,2302,0,0,0,0,0,0,0,0,0,0,0,0
201902,999,37900, ,Peoria  IL ,2,2,580,0,0,0,0,0,0,0,0,0,2,2,580,0,0,0,0,0,0,0,0,0
201902,999,38340, ,Pittsfield  MA ,0,0,0,0,0,0,0,0,0,0,0,0,0,0,0,0,0,0,0,0,0,0,0,0
201902,999,38540, ,Pocatello  ID ,8,8,976,0,0,0,0,0,0,0,0,0,8,8,976,0,0,0,0,0,0,0,0,0
201902,999,39150, ,Prescott Valley-Prescott  AZ ,84,84,22911,1,2,230,0,0,0,17,214,27610,84,84,22911,1,2,230,0,0,0,17,214,27610
201902,999,40060, ,Richmond  VA ,331,331,63124,6,12,413,4,15,1862,5,36,3861,304,304,59368,6,12,413,4,15,1862,4,27,3064
201902,999,41100, ,St. George  UT ,140,140,25286,0,0,0,3,11,1331,0,0,0,140,140,25286,0,0,0,3,11,1331,0,0,0
201902,999,41500, ,Salinas  CA ,22,22,5597,0,0,0,0,0,0,2,11,2250,21,21,5371,0,0,0,0,0,0,1,6,1638
201902,999,41660,C,San Angelo  TX ,20,20,3924,0,0,0,0,0,0,0,0,0,20,20,3924,0,0,0,0,0,0,0,0,0
201902,999,41740,C,San Diego-Chula Vista-Carlsbad  CA ,192,192,55936,3,6,1052,1,3,456,5,82,10568,174,174,50965,2,4,791,0,0,0,3,66,9034
201902,999,42020, ,San Luis Obispo-Paso Robles  CA ,23,23,8984,0,0,0,0,0,0,0,0,0,23,23,8984,0,0,0,0,0,0,0,0,0
201902,999,42200, ,Santa Maria-Santa Barbara  CA ,14,14,7415,0,0,0,1,3,497,1,8,1099,0,0,0,0,0,0,0,0,0,0,0,0
201902,999,42540, ,Scranton--Wilkes-Barre  PA ,2,2,410,0,0,0,0,0,0,0,0,0,2,2,410,0,0,0,0,0,0,0,0,0
201902,999,43100, ,Sheboygan  WI ,1,1,226,0,0,0,0,0,0,0,0,0,0,0,0,0,0,0,0,0,0,0,0,0
201902,999,43420, ,Sierra Vista-Douglas  AZ ,12,12,2882,0,0,0,0,0,0,0,0,0,12,12,2882,0,0,0,0,0,0,0,0,0
201902,999,43580, ,Sioux City  IA-NE-SD ,7,7,1808,0,0,0,0,0,0,0,0,0,2,2,385,0,0,0,0,0,0,0,0,0
201902,999,43620, ,Sioux Falls  SD ,29,29,5881,0,0,0,0,0,0,1,39,4109,27,27,5608,0,0,0,0,0,0,1,39,4109
201902,999,44140, ,Springfield  MA ,2,2,374,0,0,0,0,0,0,0,0,0,0,0,0,0,0,0,0,0,0,0,0,0
201902,999,44180, ,Springfield  MO ,31,31,7713,1,2,193,0,0,0,1,24,2668,23,23,6282,0,0,0,0,0,0,0,0,0
201902,999,44940, ,Sumter  SC ,25,25,2828,0,0,0,0,0,0,0,0,0,25,25,2828,0,0,0,0,0,0,0,0,0
201902,999,45220, ,Tallahassee  FL ,70,70,13629,0,0,0,0,0,0,5,107,14136,21,21,3846,0,0,0,0,0,0,0,0,0
201902,999,45300,C,Tampa-St. Petersburg-Clearwater  FL ,1112,1112,321242,16,32,3806,0,0,0,26,785,76809,1106,1106,319581,15,30,3526,0,0,0,25,780,76378
201902,999,45460, ,Terre Haute  IN ,1,1,186,0,0,0,0,0,0,1,10,692,0,0,0,0,0,0,0,0,0,0,0,0
201902,999,45500, ,Texarkana  TX-AR ,2,2,457,0,0,0,0,0,0,0,0,0,0,0,0,0,0,0,0,0,0,0,0,0
201902,999,45820, ,Topeka  KS ,13,13,3272,0,0,0,0,0,0,0,0,0,13,13,3272,0,0,0,0,0,0,0,0,0
201902,999,46220, ,Tuscaloosa  AL ,29,29,8083,1,2,475,2,6,839,3,44,4262,3,3,801,0,0,0,0,0,0,0,0,0
201902,999,46300, ,Twin Falls  ID ,21,21,4183,1,2,396,0,0,0,0,0,0,21,21,4183,1,2,396,0,0,0,0,0,0
201902,999,46520,C,Urban Honolulu  HI ,71,71,25190,0,0,0,0,0,0,1,75,8500,71,71,25190,0,0,0,0,0,0,1,75,8500
201902,999,46540, ,Utica-Rome  NY ,0,0,0,0,0,0,0,0,0,0,0,0,0,0,0,0,0,0,0,0,0,0,0,0
201902,999,46660, ,Valdosta  GA ,95,95,17275,1,2,133,0,0,0,0,0,0,55,55,10522,0,0,0,0,0,0,0,0,0
201902,999,47300, ,Visalia  CA ,73,73,18310,2,4,190,2,8,1188,0,0,0,73,73,18310,2,4,190,2,8,1188,0,0,0
201902,999,47380, ,Waco  TX ,41,41,9207,1,2,240,0,0,0,1,7,480,0,0,0,0,0,0,0,0,0,0,0,0
201902,999,47940, ,Waterloo-Cedar Falls  IA ,6,6,1498,0,0,0,0,0,0,1,5,400,0,0,0,0,0,0,0,0,0,0,0,0
201902,999,48060, ,Watertown-Fort Drum  NY ,3,3,422,0,0,0,0,0,0,0,0,0,3,3,422,0,0,0,0,0,0,0,0,0
201902,999,48300, ,Wenatchee  WA ,27,27,5229,3,6,886,4,14,2264,0,0,0,8,8,2104,3,6,886,4,14,2264,0,0,0
201902,999,48540, ,Wheeling  WV-OH ,0,0,0,0,0,0,0,0,0,0,0,0,0,0,0,0,0,0,0,0,0,0,0,0
201902,999,48660, ,Wichita Falls  TX ,1,1,200,0,0,0,0,0,0,0,0,0,1,1,200,0,0,0,0,0,0,0,0,0
201902,999,48900, ,Wilmington  NC ,126,126,40555,1,2,107,0,0,0,2,47,6687,0,0,0,0,0,0,0,0,0,0,0,0
201902,999,49420, ,Yakima  WA ,11,11,2280,0,0,0,0,0,0,0,0,0,11,11,2280,0,0,0,0,0,0,0,0,0
201902,999,49740, ,Yuma  AZ ,99,99,14637,0,0,0,0,0,0,0,0,0,99,99,14637,0,0,0,0,0,0,0,0,0
