Survey,CSA,CBSA,MONCOV,CBSA,,1-unit,,,2-units,,,3-4 units,,,5+ units,,,1-unit rep,,,2-units rep,,,3-4 units rep,,,5+ units rep
Date,Code,Code,,Name,Bldgs,Units,Value,Bldgs,Units,Value,Bldgs,Units,Value,Bldgs,Units,Value,Bldgs,Units,Value,Bldgs,Units,Value,      Bldgs,Units,Value,Bldgs,Units,Value
 
201909,104,10580,C,Albany-Schenectady-Troy  NY ,87,87,23685,2,4,320,2,8,1000,7,68,7920,64,64,16369,2,4,320,2,8,1000,3,33,4258
201909,104,24020, ,Glens Falls  NY ,19,19,4790,0,0,0,0,0,0,0,0,0,13,13,3381,0,0,0,0,0,0,0,0,0
201909,106,10740,C,Albuquerque  NM ,157,157,37345,0,0,0,1,3,348,1,7,292,106,106,26021,0,0,0,0,0,0,0,0,0
201909,106,42140,C,Santa Fe  NM ,18,18,4733,0,0,0,0,0,0,1,5,344,0,0,0,0,0,0,0,0,0,0,0,0
201909,107,11020, ,Altoona  PA ,0,0,0,0,0,0,0,0,0,0,0,0,0,0,0,0,0,0,0,0,0,0,0,0
201909,108,11100, ,Amarillo  TX ,36,36,8548,1,2,224,0,0,0,0,0,0,36,36,8548,1,2,224,0,0,0,0,0,0
201909,118,11540, ,Appleton  WI ,34,34,9705,2,4,547,0,0,0,0,0,0,29,29,8718,2,4,547,0,0,0,0,0,0
201909,118,36780, ,Oshkosh-Neenah  WI ,19,19,5580,0,0,0,0,0,0,1,8,640,19,19,5580,0,0,0,0,0,0,1,8,640
201909,120,11700, ,Asheville  NC ,178,178,51339,0,0,0,0,0,0,2,23,2668,63,63,17085,0,0,0,0,0,0,0,0,0
201909,122,12020, ,Athens-Clarke County  GA ,84,84,20981,0,0,0,0,0,0,0,0,0,84,84,20981,0,0,0,0,0,0,0,0,0
201909,122,12060, ,Atlanta-Sandy Springs-Alpharetta  GA ,1968,1968,457382,2,4,242,6,20,3739,17,724,84010,1696,1696,395584,2,4,242,6,20,3739,11,579,67120
201909,122,23580, ,Gainesville  GA ,44,44,10719,5,10,740,0,0,0,0,0,0,44,44,10719,5,10,740,0,0,0,0,0,0
201909,122,40660,C,Rome  GA ,16,16,2646,0,0,0,1,3,288,0,0,0,0,0,0,0,0,0,0,0,0,0,0,0
201909,140,13460,C,Bend  OR ,136,136,34560,2,4,534,0,0,0,2,48,7325,136,136,34560,2,4,534,0,0,0,2,48,7325
201909,142,13820,C,Birmingham-Hoover  AL ,199,199,53736,1,2,247,1,4,175,1,16,1613,100,100,25086,0,0,0,1,4,175,0,0,0
201909,144,14020,C,Bloomington  IN ,15,15,4000,1,2,291,0,0,0,2,45,5227,10,10,2707,1,2,291,0,0,0,2,45,5227
201909,145,14010, ,Bloomington  IL ,7,7,752,0,0,0,0,0,0,0,0,0,7,7,752,0,0,0,0,0,0,0,0,0
201909,146,14100,C,Bloomsburg-Berwick  PA ,12,12,3249,0,0,0,0,0,0,1,6,791,5,5,1371,0,0,0,0,0,0,0,0,0
201909,147,14260,C,Boise City  ID ,511,511,119000,4,8,790,6,24,2200,5,84,8679,450,450,100860,4,8,790,6,24,2200,5,84,8679
201909,148,12700, ,Barnstable Town  MA ,2,2,779,0,0,0,0,0,0,0,0,0,2,2,779,0,0,0,0,0,0,0,0,0
201909,148,14460,C,Boston-Cambridge-Newton  MA-NH ,378,378,121454,26,52,8912,5,16,3184,34,398,59214,233,233,74187,20,40,6091,4,13,2559,14,152,23575
201909,148,31700, ,Manchester-Nashua  NH ,26,26,6183,1,2,400,0,0,0,1,5,631,14,14,4211,1,2,400,0,0,0,0,0,0
201909,148,39300,C,Providence-Warwick  RI-MA ,148,148,35347,6,12,1455,8,32,3250,0,0,0,106,106,26145,4,8,1145,8,32,3250,0,0,0
201909,148,49340, ,Worcester  MA-CT ,13,13,3649,1,2,201,0,0,0,0,0,0,6,6,2077,0,0,0,0,0,0,0,0,0
201909,150,14540, ,Bowling Green  KY ,39,39,9261,2,4,500,0,0,0,0,0,0,39,39,9261,2,4,500,0,0,0,0,0,0
201909,154,15180, ,Brownsville-Harlingen  TX ,75,75,7377,0,0,0,0,0,0,0,0,0,19,19,1694,0,0,0,0,0,0,0,0,0
201909,160,15380,C,Buffalo-Cheektowaga  NY ,64,64,18383,0,0,0,0,0,0,22,181,20130,57,57,16838,0,0,0,0,0,0,20,160,15419
201909,162,15540, ,Burlington-South Burlington  VT ,25,25,8960,1,2,215,1,3,263,2,18,1631,17,17,6910,0,0,0,0,0,0,0,0,0
201909,163,15980,C,Cape Coral-Fort Myers  FL ,489,489,104636,10,20,2782,3,12,3507,10,441,53280,489,489,104636,10,20,2782,3,12,3507,10,441,53280
201909,163,34940, ,Naples-Marco Island  FL ,284,284,71554,0,0,0,5,20,4164,0,0,0,284,284,71554,0,0,0,5,20,4164,0,0,0
201909,164,16020, ,Cape Girardeau  MO-IL ,0,0,0,0,0,0,0,0,0,0,0,0,0,0,0,0,0,0,0,0,0,0,0,0
201909,168,16300, ,Cedar Rapids  IA ,25,25,3778,1,2,231,0,0,0,0,0,0,25,25,3778,1,2,231,0,0,0,0,0,0
201909,168,26980, ,Iowa City  IA ,16,16,4589,0,0,0,0,0,0,2,17,1691,14,14,4313,0,0,0,0,0,0,2,17,1691
201909,170,16620, ,Charleston  WV ,12,12,512,0,0,0,0,0,0,0,0,0,8,8,212,0,0,0,0,0,0,0,0,0
201909,170,26580, ,Huntington-Ashland  WV-KY-OH ,10,10,1661,1,2,278,1,3,199,0,0,0,3,3,625,0,0,0,0,0,0,0,0,0
201909,172,16740, ,Charlotte-Concord-Gastonia  NC-SC ,1241,1241,320821,0,0,0,4,14,2718,19,797,93650,1076,1076,262157,0,0,0,4,14,2718,18,777,91379
201909,174,16860, ,Chattanooga  TN-GA ,128,128,28471,10,20,2095,0,0,0,1,16,1812,91,91,19654,8,16,1789,0,0,0,0,0,0
201909,174,17420, ,Cleveland  TN ,30,30,5077,1,2,180,0,0,0,0,0,0,14,14,2195,1,2,180,0,0,0,0,0,0
201909,176,16980, ,Chicago-Naperville-Elgin  IL-IN-WI ,713,713,204914,31,62,10745,24,85,21145,22,239,27280,602,602,171820,28,56,9709,23,82,20743,14,177,20671
201909,176,28100, ,Kankakee  IL ,1,1,180,0,0,0,0,0,0,0,0,0,1,1,180,0,0,0,0,0,0,0,0,0
201909,176,33140, ,Michigan City-La Porte  IN ,20,20,4655,0,0,0,0,0,0,0,0,0,20,20,4655,0,0,0,0,0,0,0,0,0
201909,178,17140, ,Cincinnati  OH-KY-IN ,392,392,94029,1,2,220,0,0,0,4,304,36276,286,286,67563,1,2,220,0,0,0,1,264,32000
201909,184,10420, ,Akron  OH ,65,65,30584,2,4,550,0,0,0,0,0,0,22,22,5771,1,2,300,0,0,0,0,0,0
201909,184,15940, ,Canton-Massillon  OH ,31,31,7507,1,2,300,0,0,0,1,5,384,26,26,6923,1,2,300,0,0,0,0,0,0
201909,184,17460, ,Cleveland-Elyria  OH ,210,210,57772,6,12,1050,7,24,1877,0,0,0,125,125,40731,5,10,1040,6,21,1669,0,0,0
201909,190,17860, ,Columbia  MO ,58,58,16042,0,0,0,0,0,0,0,0,0,58,58,16042,0,0,0,0,0,0,0,0,0
201909,192,17900,C,Columbia  SC ,341,341,63742,1,2,392,0,0,0,2,46,2803,56,56,10028,1,2,392,0,0,0,0,0,0
201909,194,12220,C,Auburn-Opelika  AL ,61,61,17217,0,0,0,0,0,0,4,226,23229,61,61,17217,0,0,0,0,0,0,4,226,23229
201909,194,17980, ,Columbus  GA-AL ,65,65,12259,0,0,0,1,4,246,1,14,2630,38,38,7008,0,0,0,0,0,0,0,0,0
201909,198,18140, ,Columbus  OH ,359,359,100264,0,0,0,7,27,2059,18,392,39558,310,310,87882,0,0,0,7,27,2059,17,387,39333
201909,204,18580, ,Corpus Christi  TX ,88,88,15324,0,0,0,0,0,0,0,0,0,0,0,0,0,0,0,0,0,0,0,0,0
201909,206,19100, ,Dallas-Fort Worth-Arlington  TX ,3058,3058,805598,14,28,5617,7,27,2293,32,2130,200705,2474,2474,630685,13,26,5337,7,27,2293,27,1797,157700
201909,209,19340, ,Davenport-Moline-Rock Island  IA-IL ,35,35,7006,0,0,0,0,0,0,0,0,0,30,30,6108,0,0,0,0,0,0,0,0,0
201909,212,19430, ,Dayton-Kettering  OH ,102,102,33376,0,0,0,0,0,0,1,58,14935,63,63,24572,0,0,0,0,0,0,1,58,14935
201909,212,44220, ,Springfield  OH ,3,3,605,0,0,0,0,0,0,0,0,0,3,3,605,0,0,0,0,0,0,0,0,0
201909,216,14500, ,Boulder  CO ,60,60,22931,0,0,0,1,3,570,8,203,25525,4,4,1453,0,0,0,0,0,0,0,0,0
201909,216,19740,C,Denver-Aurora-Lakewood  CO ,830,830,234407,5,10,1925,2,7,1182,3,213,25702,805,805,224656,4,8,1503,1,4,684,3,213,25702
201909,216,24540, ,Greeley  CO ,202,202,56646,0,0,0,1,3,784,2,38,2860,144,144,41098,0,0,0,1,3,784,0,0,0
201909,218,11180, ,Ames  IA ,4,4,1285,0,0,0,0,0,0,2,16,1720,4,4,1285,0,0,0,0,0,0,2,16,1720
201909,218,19780, ,Des Moines-West Des Moines  IA ,568,568,158408,1,2,442,0,0,0,2,15,1952,563,563,157314,1,2,442,0,0,0,1,10,1491
201909,220,11460, ,Ann Arbor  MI ,33,33,8245,0,0,0,0,0,0,0,0,0,23,23,5387,0,0,0,0,0,0,0,0,0
201909,220,19820, ,Detroit-Warren-Dearborn  MI ,501,501,136953,2,4,461,8,30,4815,10,97,15228,365,365,106551,0,0,0,6,24,4256,8,85,12897
201909,220,22420, ,Flint  MI ,25,25,9450,0,0,0,1,3,573,1,23,2577,19,19,7797,0,0,0,0,0,0,1,23,2577
201909,220,33780, ,Monroe  MI ,0,0,0,0,0,0,0,0,0,0,0,0,0,0,0,0,0,0,0,0,0,0,0,0
201909,222,20020, ,Dothan  AL ,37,37,6467,0,0,0,0,0,0,0,0,0,35,35,6053,0,0,0,0,0,0,0,0,0
201909,232,20740, ,Eau Claire  WI ,56,56,13643,7,14,1859,0,0,0,3,32,2800,56,56,13643,7,14,1859,0,0,0,3,32,2800
201909,236,21300, ,Elmira  NY ,0,0,0,0,0,0,0,0,0,0,0,0,0,0,0,0,0,0,0,0,0,0,0,0
201909,238,21340,C,El Paso  TX ,199,199,46512,1,2,176,1,3,577,1,8,387,199,199,46512,1,2,176,1,3,577,1,8,387
201909,238,29740,C,Las Cruces  NM ,56,56,13068,0,0,0,0,0,0,1,12,738,17,17,4434,0,0,0,0,0,0,0,0,0
201909,240,21500, ,Erie  PA ,2,2,290,0,0,0,0,0,0,0,0,0,2,2,290,0,0,0,0,0,0,0,0,0
201909,244,22020, ,Fargo  ND-MN ,145,145,32484,0,0,0,0,0,0,1,197,21714,139,139,30922,0,0,0,0,0,0,1,197,21714
201909,246,22180, ,Fayetteville  NC ,133,133,22188,0,0,0,0,0,0,0,0,0,88,88,16682,0,0,0,0,0,0,0,0,0
201909,258,23060,C,Fort Wayne  IN ,122,122,32957,0,0,0,0,0,0,1,5,463,121,121,32759,0,0,0,0,0,0,0,0,0
201909,260,23420,C,Fresno  CA ,174,174,49527,2,4,849,0,0,0,5,43,4683,108,108,29456,0,0,0,0,0,0,0,0,0
201909,260,31460, ,Madera  CA ,51,51,13763,0,0,0,0,0,0,0,0,0,51,51,13763,0,0,0,0,0,0,0,0,0
201909,264,23540, ,Gainesville  FL ,59,59,15836,0,0,0,0,0,0,2,227,25268,48,48,14351,0,0,0,0,0,0,1,150,22646
201909,266,24340, ,Grand Rapids-Kentwood  MI ,143,143,42244,2,4,1200,1,3,741,12,240,25248,108,108,33973,2,4,1200,1,3,741,12,240,25248
201909,266,34740, ,Muskegon  MI ,2,2,444,0,0,0,0,0,0,0,0,0,0,0,0,0,0,0,0,0,0,0,0,0
201909,267,24580, ,Green Bay  WI ,61,61,16457,0,0,0,0,0,0,12,135,9563,47,47,12476,0,0,0,0,0,0,11,130,9100
201909,268,15500, ,Burlington  NC ,65,65,10596,0,0,0,0,0,0,0,0,0,65,65,10596,0,0,0,0,0,0,0,0,0
201909,268,24660,C,Greensboro-High Point  NC ,174,174,40509,0,0,0,0,0,0,4,52,3788,92,92,15287,0,0,0,0,0,0,4,52,3788
201909,268,49180, ,Winston-Salem  NC ,149,149,28653,0,0,0,0,0,0,0,0,0,149,149,28653,0,0,0,0,0,0,0,0,0
201909,272,24780, ,Greenville  NC ,27,27,4767,4,8,992,0,0,0,1,31,3605,1,1,168,0,0,0,0,0,0,0,0,0
201909,273,24860, ,Greenville-Anderson  SC ,387,387,102230,6,12,1177,0,0,0,6,49,4204,366,366,98968,6,12,1177,0,0,0,5,44,4028
201909,273,43900, ,Spartanburg  SC ,202,202,32146,0,0,0,0,0,0,0,0,0,202,202,32146,0,0,0,0,0,0,0,0,0
201909,276,23900,C,Gettysburg  PA ,7,7,2256,0,0,0,0,0,0,0,0,0,7,7,2256,0,0,0,0,0,0,0,0,0
201909,276,25420,C,Harrisburg-Carlisle  PA ,103,103,21850,1,2,341,1,4,577,5,99,10619,82,82,17437,1,2,341,1,4,577,3,72,7055
201909,276,30140, ,Lebanon  PA ,10,10,2521,0,0,0,0,0,0,0,0,0,10,10,2521,0,0,0,0,0,0,0,0,0
201909,276,49620, ,York-Hanover  PA ,11,11,2680,0,0,0,0,0,0,0,0,0,11,11,2680,0,0,0,0,0,0,0,0,0
201909,277,25500,C,Harrisonburg  VA ,37,37,11548,0,0,0,0,0,0,0,0,0,37,37,11548,0,0,0,0,0,0,0,0,0
201909,277,44420, ,Staunton  VA ,9,9,2599,0,0,0,0,0,0,0,0,0,9,9,2599,0,0,0,0,0,0,0,0,0
201909,278,25540,C,Hartford-East Hartford-Middletown  CT ,60,60,12562,9,18,1773,0,0,0,6,34,3124,42,42,8390,8,16,1600,0,0,0,1,5,547
201909,278,35980, ,Norwich-New London  CT ,11,11,2896,0,0,0,0,0,0,0,0,0,8,8,2399,0,0,0,0,0,0,0,0,0
201909,279,25620, ,Hattiesburg  MS ,5,5,1914,0,0,0,0,0,0,0,0,0,5,5,1914,0,0,0,0,0,0,0,0,0
201909,284,26300, ,Hot Springs  AR ,2,2,595,0,0,0,0,0,0,0,0,0,2,2,595,0,0,0,0,0,0,0,0,0
201909,288,26420, ,Houston-The Woodlands-Sugar Land  TX ,3371,3371,574900,12,24,2353,1,3,455,36,2028,332761,2592,2592,512595,11,22,2203,1,3,455,33,2004,330964
201909,290,19460, ,Decatur  AL ,19,19,3487,0,0,0,0,0,0,0,0,0,17,17,3261,0,0,0,0,0,0,0,0,0
201909,290,26620,C,Huntsville  AL ,272,272,40561,0,0,0,0,0,0,0,0,0,272,272,40561,0,0,0,0,0,0,0,0,0
201909,292,26820, ,Idaho Falls  ID ,89,89,14108,0,0,0,0,0,0,0,0,0,89,89,14108,0,0,0,0,0,0,0,0,0
201909,294,18020, ,Columbus  IN ,18,18,5948,0,0,0,0,0,0,0,0,0,18,18,5948,0,0,0,0,0,0,0,0,0
201909,294,26900, ,Indianapolis-Carmel-Anderson  IN ,528,528,162622,4,8,850,2,8,1600,5,147,14258,509,509,158257,3,6,600,2,8,1600,5,147,14258
201909,294,34620, ,Muncie  IN ,0,0,0,0,0,0,0,0,0,0,0,0,0,0,0,0,0,0,0,0,0,0,0,0
201909,296,27060, ,Ithaca  NY ,0,0,0,0,0,0,0,0,0,2,10,1200,0,0,0,0,0,0,0,0,0,0,0,0
201909,297,27180, ,Jackson  TN ,10,10,1893,0,0,0,0,0,0,0,0,0,10,10,1893,0,0,0,0,0,0,0,0,0
201909,298,27140, ,Jackson  MS ,88,88,23833,0,0,0,0,0,0,0,0,0,64,64,18408,0,0,0,0,0,0,0,0,0
201909,300,27260,C,Jacksonville  FL ,754,754,182775,2,4,824,3,12,1806,7,402,45174,722,722,173286,2,4,824,3,12,1806,6,382,42878
201909,304,27740, ,Johnson City  TN ,9,9,2262,0,0,0,0,0,0,1,16,1733,0,0,0,0,0,0,0,0,0,0,0,0
201909,304,28700, ,Kingsport-Bristol  TN-VA ,4,4,648,0,0,0,0,0,0,0,0,0,4,4,648,0,0,0,0,0,0,0,0,0
201909,306,27780, ,Johnstown  PA ,1,1,300,0,0,0,0,0,0,0,0,0,1,1,300,0,0,0,0,0,0,0,0,0
201909,308,27860, ,Jonesboro  AR ,45,45,7334,2,4,273,2,8,424,1,8,433,11,11,1942,0,0,0,0,0,0,0,0,0
201909,309,27900, ,Joplin  MO ,10,10,1562,1,2,139,0,0,0,0,0,0,10,10,1562,1,2,139,0,0,0,0,0,0
201909,310,12980, ,Battle Creek  MI ,1,1,100,0,0,0,0,0,0,0,0,0,1,1,100,0,0,0,0,0,0,0,0,0
201909,310,28020, ,Kalamazoo-Portage  MI ,8,8,2139,0,0,0,0,0,0,0,0,0,8,8,2139,0,0,0,0,0,0,0,0,0
201909,312,28140, ,Kansas City  MO-KS ,433,433,120531,10,20,3488,5,20,2663,9,480,41549,382,382,105812,9,18,3295,5,20,2663,9,480,41549
201909,312,29940, ,Lawrence  KS ,10,10,2237,0,0,0,0,0,0,0,0,0,10,10,2237,0,0,0,0,0,0,0,0,0
201909,312,41140, ,St. Joseph  MO-KS ,0,0,0,0,0,0,0,0,0,0,0,0,0,0,0,0,0,0,0,0,0,0,0,0
201909,313,28420,C,Kennewick-Richland  WA ,114,114,32419,0,0,0,0,0,0,0,0,0,73,73,21142,0,0,0,0,0,0,0,0,0
201909,313,47460, ,Walla Walla  WA ,9,9,2404,0,0,0,0,0,0,0,0,0,8,8,2304,0,0,0,0,0,0,0,0,0
201909,315,28940, ,Knoxville  TN ,260,260,57695,0,0,0,0,0,0,3,197,18572,84,84,19072,0,0,0,0,0,0,1,152,14161
201909,316,29020, ,Kokomo  IN ,10,10,1825,0,0,0,0,0,0,0,0,0,10,10,1825,0,0,0,0,0,0,0,0,0
201909,318,29180, ,Lafayette  LA ,106,106,24051,0,0,0,0,0,0,0,0,0,43,43,8705,0,0,0,0,0,0,0,0,0
201909,320,29200, ,Lafayette-West Lafayette  IN ,46,46,11756,0,0,0,0,0,0,0,0,0,41,41,11100,0,0,0,0,0,0,0,0,0
201909,324,29340, ,Lake Charles  LA ,81,81,12343,6,12,540,1,4,264,7,220,22828,48,48,6135,6,12,540,1,4,264,7,220,22828
201909,332,29820,C,Las Vegas-Henderson-Paradise  NV ,612,612,148151,2,4,975,0,0,0,1,5,751,612,612,148151,2,4,975,0,0,0,1,5,751
201909,336,30460,C,Lexington-Fayette  KY ,123,123,28836,4,8,1326,0,0,0,4,122,6000,23,23,10058,1,2,450,0,0,0,0,0,0
201909,338,30620, ,Lima  OH ,0,0,0,1,2,40,0,0,0,0,0,0,0,0,0,0,0,0,0,0,0,0,0,0
201909,339,30700, ,Lincoln  NE ,87,87,20869,1,2,262,0,0,0,1,44,5308,4,4,1043,0,0,0,0,0,0,0,0,0
201909,340,30780, ,Little Rock-North Little Rock-Conway  AR ,198,198,41438,1,2,190,0,0,0,3,96,5281,152,152,33045,0,0,0,0,0,0,2,86,5000
201909,340,38220, ,Pine Bluff  AR ,2,2,195,0,0,0,0,0,0,0,0,0,2,2,195,0,0,0,0,0,0,0,0,0
201909,348,31080,C,Los Angeles-Long Beach-Anaheim  CA ,583,583,188166,63,126,25739,10,34,5595,51,3262,408311,462,462,138783,61,122,24772,8,28,5245,41,3116,382460
201909,348,37100, ,Oxnard-Thousand Oaks-Ventura  CA ,48,48,14087,3,6,1859,0,0,0,1,5,970,42,42,12796,3,6,1859,0,0,0,0,0,0
201909,348,40140, ,Riverside-San Bernardino-Ontario  CA ,783,783,200843,5,10,3460,1,4,760,47,678,63913,647,647,169666,5,10,3460,1,4,760,43,643,59972
201909,350,21060, ,Elizabethtown-Fort Knox  KY ,33,33,5879,1,2,300,0,0,0,2,12,720,33,33,5879,1,2,300,0,0,0,2,12,720
201909,350,31140, ,Louisville-Jefferson County  KY-IN ,255,255,71475,0,0,0,2,8,1137,13,282,34346,121,121,29426,0,0,0,2,8,1137,6,77,6921
201909,352,31180, ,Lubbock  TX ,113,113,25654,1,2,289,0,0,0,0,0,0,3,3,835,0,0,0,0,0,0,0,0,0
201909,356,31420, ,Macon-Bibb County  GA ,23,23,2234,0,0,0,0,0,0,0,0,0,0,0,0,0,0,0,0,0,0,0,0,0
201909,356,47580, ,Warner Robins  GA ,85,85,17626,0,0,0,0,0,0,0,0,0,85,85,17626,0,0,0,0,0,0,0,0,0
201909,357,27500, ,Janesville-Beloit  WI ,31,31,7391,0,0,0,0,0,0,0,0,0,31,31,7391,0,0,0,0,0,0,0,0,0
201909,357,31540, ,Madison  WI ,142,142,46950,5,10,1580,1,3,451,5,106,15802,81,81,26994,4,8,1182,0,0,0,0,0,0
201909,359,31860, ,Mankato  MN ,10,10,1690,0,0,0,0,0,0,0,0,0,10,10,1690,0,0,0,0,0,0,0,0,0
201909,365,32580,C,McAllen-Edinburg-Mission  TX ,257,257,43507,19,38,1788,14,56,3407,1,56,3500,237,237,41664,19,38,1788,14,56,3407,1,56,3500
201909,366,32780, ,Medford  OR ,43,43,10718,0,0,0,0,0,0,2,44,5425,43,43,10718,0,0,0,0,0,0,2,44,5425
201909,368,32820, ,Memphis  TN-MS-AR ,321,321,75143,0,0,0,0,0,0,0,0,0,296,296,70752,0,0,0,0,0,0,0,0,0
201909,370,33100, ,Miami-Fort Lauderdale-Pompano Beach  FL ,483,483,181003,18,36,3643,6,23,6326,21,938,102233,405,405,152293,18,36,3643,6,23,6326,18,886,96157
201909,370,38940, ,Port St. Lucie  FL ,230,230,59155,7,14,2033,0,0,0,0,0,0,230,230,59155,7,14,2033,0,0,0,0,0,0
201909,370,42680, ,Sebastian-Vero Beach  FL ,56,56,20743,2,4,1046,0,0,0,0,0,0,56,56,20743,2,4,1046,0,0,0,0,0,0
201909,372,33260, ,Midland  TX ,99,99,14835,0,0,0,0,0,0,0,0,0,99,99,14835,0,0,0,0,0,0,0,0,0
201909,372,36220,C,Odessa  TX ,84,84,19946,0,0,0,0,0,0,0,0,0,84,84,19946,0,0,0,0,0,0,0,0,0
201909,376,33340,C,Milwaukee-Waukesha  WI ,126,126,47093,11,22,4371,4,16,3378,2,24,2800,102,102,37691,9,18,3564,4,16,3378,2,24,2800
201909,376,39540, ,Racine  WI ,10,10,2880,0,0,0,0,0,0,0,0,0,10,10,2880,0,0,0,0,0,0,0,0,0
201909,378,33460, ,Minneapolis-St. Paul-Bloomington  MN-WI ,760,760,226039,4,8,2110,2,7,1220,11,388,55919,688,688,205434,4,8,2110,2,7,1220,8,357,51629
201909,378,41060, ,St. Cloud  MN ,0,0,0,0,0,0,0,0,0,0,0,0,0,0,0,0,0,0,0,0,0,0,0,0
201909,380,19300, ,Daphne-Fairhope-Foley  AL ,165,165,37238,0,0,0,0,0,0,2,41,3180,138,138,32308,0,0,0,0,0,0,0,0,0
201909,380,33660, ,Mobile  AL ,59,59,13929,0,0,0,0,0,0,0,0,0,58,58,13855,0,0,0,0,0,0,0,0,0
201909,384,33740, ,Monroe  LA ,25,25,5686,0,0,0,1,3,472,1,5,579,0,0,0,0,0,0,0,0,0,0,0,0
201909,388,33860, ,Montgomery  AL ,63,63,14197,0,0,0,0,0,0,0,0,0,61,61,13993,0,0,0,0,0,0,0,0,0
201909,390,34060, ,Morgantown  WV ,5,5,340,0,0,0,0,0,0,0,0,0,5,5,340,0,0,0,0,0,0,0,0,0
201909,396,34820, ,Myrtle Beach-Conway-North Myrtle Beach  SC-NC ,485,485,94091,0,0,0,0,0,0,0,0,0,288,288,45638,0,0,0,0,0,0,0,0,0
201909,400,34980, ,Nashville-Davidson--Murfreesboro--Franklin  TN ,1139,1139,291205,0,0,0,0,0,0,6,471,10355,1075,1075,272093,0,0,0,0,0,0,6,471,10355
201909,406,25220, ,Hammond  LA ,62,62,8943,0,0,0,0,0,0,0,0,0,56,56,8016,0,0,0,0,0,0,0,0,0
201909,406,35380, ,New Orleans-Metairie  LA ,273,273,59376,6,12,1241,0,0,0,1,59,12168,221,221,47471,0,0,0,0,0,0,0,0,0
201909,408,14860,C,Bridgeport-Stamford-Norwalk  CT ,58,58,28409,1,2,150,0,0,0,5,128,22735,40,40,15485,1,2,150,0,0,0,4,123,19679
201909,408,20700, ,East Stroudsburg  PA ,6,6,1556,0,0,0,0,0,0,0,0,0,5,5,1329,0,0,0,0,0,0,0,0,0
201909,408,28740, ,Kingston  NY ,6,6,1288,0,0,0,0,0,0,1,5,1220,5,5,975,0,0,0,0,0,0,0,0,0
201909,408,35300, ,New Haven-Milford  CT ,12,12,2487,0,0,0,1,4,275,3,22,1172,7,7,1717,0,0,0,1,4,275,1,5,300
201909,408,35620,C,New York-Newark-Jersey City  NY-NJ-PA ,870,870,374995,69,138,18335,28,90,9849,132,3675,372425,700,700,329948,54,108,14554,24,78,8448,92,3142,322355
201909,408,39100, ,Poughkeepsie-Newburgh-Middletown  NY ,6,6,1225,0,0,0,1,3,852,3,37,3526,2,2,450,0,0,0,0,0,0,0,0,0
201909,408,45940,C,Trenton-Princeton  NJ ,14,14,4931,1,2,4,1,3,75,1,9,31,13,13,4674,0,0,0,1,3,75,0,0,0
201909,412,35840,C,North Port-Sarasota-Bradenton  FL ,496,496,124840,2,4,357,6,24,4321,9,509,52084,475,475,118518,2,4,357,6,24,4321,8,474,47350
201909,412,39460, ,Punta Gorda  FL ,162,162,41779,3,6,1004,0,0,0,1,30,2074,162,162,41779,3,6,1004,0,0,0,1,30,2074
201909,416,36420,C,Oklahoma City  OK ,482,482,107923,34,68,6435,1,3,305,1,5,353,206,206,51563,30,60,5672,0,0,0,0,0,0
201909,420,36540, ,Omaha-Council Bluffs  NE-IA ,273,273,58991,1,2,170,1,4,389,4,115,6785,112,112,30743,1,2,170,0,0,0,0,0,0
201909,422,19660, ,Deltona-Daytona Beach-Ormond Beach  FL ,245,245,70382,7,14,2066,0,0,0,0,0,0,233,233,67187,7,14,2066,0,0,0,0,0,0
201909,422,29460, ,Lakeland-Winter Haven  FL ,472,472,115214,4,8,895,0,0,0,9,240,26939,408,408,100608,4,8,895,0,0,0,9,240,26939
201909,422,36740, ,Orlando-Kissimmee-Sanford  FL ,1162,1162,300569,10,20,3682,0,0,0,39,1988,245705,1034,1034,261371,10,20,3682,0,0,0,39,1988,245705
201909,422,45540,C,The Villages  FL ,234,234,69147,0,0,0,0,0,0,0,0,0,234,234,69147,0,0,0,0,0,0,0,0,0
201909,425,37620, ,Parkersburg-Vienna  WV ,2,2,300,0,0,0,0,0,0,0,0,0,2,2,300,0,0,0,0,0,0,0,0,0
201909,426,37860,C,Pensacola-Ferry Pass-Brent  FL ,261,261,54924,1,2,224,0,0,0,0,0,0,261,261,54924,1,2,224,0,0,0,0,0,0
201909,428,12100,C,Atlantic City-Hammonton  NJ ,16,16,2752,0,0,0,0,0,0,0,0,0,15,15,2611,0,0,0,0,0,0,0,0,0
201909,428,20100,C,Dover  DE ,97,97,14490,1,2,177,0,0,0,2,10,978,95,95,14061,1,2,177,0,0,0,1,5,494
201909,428,36140,C,Ocean City  NJ ,42,42,24129,7,14,3629,0,0,0,9,45,193,41,41,24069,7,14,3629,0,0,0,9,45,193
201909,428,37980,C,Philadelphia-Camden-Wilmington  PA-NJ-DE-MD ,477,477,102603,15,30,4316,10,33,2811,34,344,34763,280,280,72050,14,28,3861,9,30,2608,25,276,28219
201909,428,39740, ,Reading  PA ,6,6,932,0,0,0,0,0,0,0,0,0,4,4,400,0,0,0,0,0,0,0,0,0
201909,428,47220,C,Vineland-Bridgeton  NJ ,3,3,346,0,0,0,0,0,0,0,0,0,0,0,0,0,0,0,0,0,0,0,0,0
201909,429,38060,C,Phoenix-Mesa-Chandler  AZ ,1916,1916,537645,28,56,9085,2,7,1746,10,522,95306,1896,1896,533433,27,54,8806,2,7,1746,9,357,66111
201909,430,38300, ,Pittsburgh  PA ,72,72,22345,0,0,0,2,8,1064,1,51,5635,55,55,18383,0,0,0,2,8,1064,0,0,0
201909,430,48260, ,Weirton-Steubenville  WV-OH ,0,0,0,0,0,0,0,0,0,0,0,0,0,0,0,0,0,0,0,0,0,0,0,0
201909,438,30340, ,Lewiston-Auburn  ME ,6,6,1314,2,4,885,0,0,0,0,0,0,4,4,900,2,4,885,0,0,0,0,0,0
201909,438,38860, ,Portland-South Portland  ME ,101,101,26753,8,16,2287,1,3,250,4,20,1660,37,37,10435,6,12,1734,0,0,0,0,0,0
201909,440,10540, ,Albany-Lebanon  OR ,26,26,7014,0,0,0,0,0,0,2,10,987,11,11,3317,0,0,0,0,0,0,0,0,0
201909,440,18700, ,Corvallis  OR ,2,2,648,0,0,0,1,4,814,0,0,0,2,2,648,0,0,0,1,4,814,0,0,0
201909,440,31020, ,Longview  WA ,19,19,4111,0,0,0,0,0,0,0,0,0,19,19,4111,0,0,0,0,0,0,0,0,0
201909,440,38900, ,Portland-Vancouver-Hillsboro  OR-WA ,708,708,203525,5,10,1922,2,8,1004,26,523,53282,553,553,154667,5,10,1922,2,8,1004,25,511,51537
201909,440,41420, ,Salem  OR ,57,57,16495,2,4,766,2,7,1488,8,102,8318,57,57,16495,2,4,766,2,7,1488,8,102,8318
201909,444,39380,C,Pueblo  CO ,41,41,7166,0,0,0,0,0,0,0,0,0,41,41,7166,0,0,0,0,0,0,0,0,0
201909,450,20500,C,Durham-Chapel Hill  NC ,223,223,55478,0,0,0,0,0,0,7,489,82493,192,192,45218,0,0,0,0,0,0,7,489,82493
201909,450,39580,C,Raleigh-Cary  NC ,1002,1002,223085,0,0,0,0,0,0,4,201,16590,972,972,217588,0,0,0,0,0,0,4,201,16590
201909,452,39660, ,Rapid City  SD ,61,61,14505,2,4,400,0,0,0,1,40,4965,61,61,14505,2,4,400,0,0,0,1,40,4965
201909,454,39820, ,Redding  CA ,22,22,6877,0,0,0,0,0,0,1,20,1757,22,22,6877,0,0,0,0,0,0,1,20,1757
201909,456,16180,C,Carson City  NV ,13,13,3389,0,0,0,0,0,0,1,13,1298,0,0,0,0,0,0,0,0,0,0,0,0
201909,456,39900,C,Reno  NV ,183,183,49876,1,2,231,0,0,0,18,474,42834,43,43,11040,0,0,0,0,0,0,8,288,22305
201909,462,40340, ,Rochester  MN ,15,15,3629,0,0,0,0,0,0,1,50,5676,12,12,3105,0,0,0,0,0,0,1,50,5676
201909,464,40380, ,Rochester  NY ,72,72,17617,3,6,664,0,0,0,11,104,13009,56,56,14901,2,4,372,0,0,0,7,54,9690
201909,466,40420, ,Rockford  IL ,4,4,683,0,0,0,0,0,0,0,0,0,1,1,271,0,0,0,0,0,0,0,0,0
201909,472,40900,C,Sacramento-Roseville-Folsom  CA ,556,556,157751,2,4,1155,0,0,0,1,10,1502,556,556,157751,2,4,1155,0,0,0,1,10,1502
201909,474,13020, ,Bay City  MI ,3,3,1321,0,0,0,0,0,0,0,0,0,2,2,660,0,0,0,0,0,0,0,0,0
201909,474,33220, ,Midland  MI ,4,4,384,0,0,0,0,0,0,0,0,0,4,4,384,0,0,0,0,0,0,0,0,0
201909,474,40980, ,Saginaw  MI ,2,2,400,0,0,0,1,4,200,0,0,0,2,2,400,0,0,0,1,4,200,0,0,0
201909,476,41180, ,St. Louis  MO-IL ,447,447,123330,2,4,450,3,12,2624,13,136,10080,308,308,79607,2,4,450,3,12,2624,11,96,7242
201909,480,41540, ,Salisbury  MD-DE ,277,277,42116,3,6,674,3,12,864,10,55,9277,269,269,40413,3,6,674,3,12,864,10,55,9277
201909,482,36260, ,Ogden-Clearfield  UT ,202,202,56357,0,0,0,6,21,2291,6,103,11276,140,140,40401,0,0,0,5,18,2081,4,90,10176
201909,482,39340, ,Provo-Orem  UT ,448,448,130941,1,2,349,0,0,0,0,0,0,440,440,127481,1,2,349,0,0,0,0,0,0
201909,482,41620, ,Salt Lake City  UT ,340,340,86146,1,2,295,4,13,2067,13,695,98474,251,251,60894,0,0,0,3,9,1491,8,641,90473
201909,484,41700,C,San Antonio-New Braunfels  TX ,737,737,168876,5,10,1065,3,12,1611,24,695,78010,660,660,154711,5,10,1065,3,12,1611,24,695,78010
201909,488,32900, ,Merced  CA ,3,3,986,0,0,0,0,0,0,0,0,0,3,3,986,0,0,0,0,0,0,0,0,0
201909,488,33700, ,Modesto  CA ,4,4,999,0,0,0,0,0,0,0,0,0,4,4,999,0,0,0,0,0,0,0,0,0
201909,488,41860,C,San Francisco-Oakland-Berkeley  CA ,226,226,100680,5,10,3535,2,6,1509,18,424,89407,149,149,67141,2,4,971,0,0,0,7,185,37160
201909,488,41940,C,San Jose-Sunnyvale-Santa Clara  CA ,193,193,65274,0,0,0,1,3,984,6,161,37191,136,136,44038,0,0,0,0,0,0,3,24,5480
201909,488,42100, ,Santa Cruz-Watsonville  CA ,9,9,1938,0,0,0,0,0,0,1,10,1017,0,0,0,0,0,0,0,0,0,0,0,0
201909,488,42220, ,Santa Rosa-Petaluma  CA ,143,143,51701,0,0,0,0,0,0,0,0,0,141,141,50027,0,0,0,0,0,0,0,0,0
201909,488,44700, ,Stockton  CA ,141,141,44548,0,0,0,0,0,0,0,0,0,59,59,19905,0,0,0,0,0,0,0,0,0
201909,488,46700, ,Vallejo  CA ,45,45,13217,0,0,0,0,0,0,0,0,0,45,45,13217,0,0,0,0,0,0,0,0,0
201909,496,25980, ,Hinesville  GA ,18,18,3926,0,0,0,0,0,0,0,0,0,18,18,3926,0,0,0,0,0,0,0,0,0
201909,496,42340, ,Savannah  GA ,182,182,36284,0,0,0,0,0,0,7,231,27544,122,122,23434,0,0,0,0,0,0,7,231,27544
201909,500,14740,C,Bremerton-Silverdale-Port Orchard  WA ,80,80,24498,0,0,0,0,0,0,2,30,5616,80,80,24498,0,0,0,0,0,0,2,30,5616
201909,500,34580, ,Mount Vernon-Anacortes  WA ,30,30,7823,1,2,401,0,0,0,0,0,0,30,30,7823,1,2,401,0,0,0,0,0,0
201909,500,36500, ,Olympia-Lacey-Tumwater  WA ,56,56,15276,7,14,2493,0,0,0,1,8,113,52,52,14462,7,14,2493,0,0,0,0,0,0
201909,500,42660,C,Seattle-Tacoma-Bellevue  WA ,706,706,245117,18,36,8039,16,56,10268,31,1853,252112,635,635,215624,18,36,8039,15,53,9767,27,1573,228661
201909,508,43340,C,Shreveport-Bossier City  LA ,102,102,18517,0,0,0,0,0,0,0,0,0,74,74,12557,0,0,0,0,0,0,0,0,0
201909,515,21140, ,Elkhart-Goshen  IN ,21,21,5074,0,0,0,0,0,0,0,0,0,21,21,5074,0,0,0,0,0,0,0,0,0
201909,515,35660, ,Niles  MI ,0,0,0,0,0,0,0,0,0,0,0,0,0,0,0,0,0,0,0,0,0,0,0,0
201909,515,43780, ,South Bend-Mishawaka  IN-MI ,25,25,7637,0,0,0,0,0,0,0,0,0,25,25,7637,0,0,0,0,0,0,0,0,0
201909,518,17660, ,Coeur dAlene  ID ,124,124,28812,1,2,412,0,0,0,2,52,5401,53,53,13959,0,0,0,0,0,0,0,0,0
201909,518,44060, ,Spokane-Spokane Valley  WA ,174,174,44380,4,8,1429,3,11,2007,7,108,11503,130,130,33564,3,6,1090,2,8,1635,3,49,4707
201909,522,44100, ,Springfield  IL ,4,4,1401,0,0,0,0,0,0,0,0,0,4,4,1401,0,0,0,0,0,0,0,0,0
201909,524,44300, ,State College  PA ,47,47,13685,0,0,0,0,0,0,0,0,0,47,47,13685,0,0,0,0,0,0,0,0,0
201909,532,45060, ,Syracuse  NY ,25,25,5204,0,0,0,0,0,0,0,0,0,25,25,5204,0,0,0,0,0,0,0,0,0
201909,534,45780, ,Toledo  OH ,52,52,13109,0,0,0,0,0,0,2,10,800,50,50,12883,0,0,0,0,0,0,2,10,800
201909,536,46060,C,Tucson  AZ ,261,261,81915,0,0,0,0,0,0,4,85,13055,210,210,69341,0,0,0,0,0,0,0,0,0
201909,538,46140,C,Tulsa  OK ,323,323,71918,6,12,903,0,0,0,1,14,1077,317,317,70605,6,12,903,0,0,0,0,0,0
201909,540,46340, ,Tyler  TX ,30,30,7124,0,0,0,0,0,0,0,0,0,30,30,7124,0,0,0,0,0,0,0,0,0
201909,545,47260, ,Virginia Beach-Norfolk-Newport News  VA-NC ,332,332,73746,3,6,473,0,0,0,0,0,0,299,299,69165,3,6,473,0,0,0,0,0,0
201909,548,12580,C,Baltimore-Columbia-Towson  MD ,356,356,68854,0,0,0,0,0,0,2,470,61000,352,352,68166,0,0,0,0,0,0,2,470,61000
201909,548,15680,C,California-Lexington Park  MD ,29,29,8600,0,0,0,0,0,0,0,0,0,29,29,8600,0,0,0,0,0,0,0,0,0
201909,548,16540,C,Chambersburg-Waynesboro  PA ,39,39,7402,0,0,0,0,0,0,1,5,651,34,34,6072,0,0,0,0,0,0,0,0,0
201909,548,25180, ,Hagerstown-Martinsburg  MD-WV ,67,67,15209,0,0,0,2,8,640,0,0,0,63,63,14862,0,0,0,2,8,640,0,0,0
201909,548,47900, ,Washington-Arlington-Alexandria  DC-VA-MD-WV ,954,954,244050,4,8,895,0,0,0,16,1010,115789,769,769,197854,4,8,895,0,0,0,11,649,75975
201909,548,49020, ,Winchester  VA-WV ,58,58,13770,0,0,0,0,0,0,0,0,0,58,58,13770,0,0,0,0,0,0,0,0,0
201909,554,48140, ,Wausau-Weston  WI ,14,14,2763,0,0,0,0,0,0,0,0,0,4,4,1050,0,0,0,0,0,0,0,0,0
201909,556,48620, ,Wichita  KS ,76,76,16583,15,30,2359,1,3,275,1,5,350,12,12,3063,1,2,243,0,0,0,0,0,0
201909,558,48700, ,Williamsport  PA ,2,2,560,0,0,0,0,0,0,0,0,0,2,2,560,0,0,0,0,0,0,0,0,0
201909,566,49660, ,Youngstown-Warren-Boardman  OH-PA ,15,15,3031,0,0,0,0,0,0,0,0,0,8,8,1806,0,0,0,0,0,0,0,0,0
201909,999,10180, ,Abilene  TX ,23,23,2742,0,0,0,0,0,0,0,0,0,23,23,2742,0,0,0,0,0,0,0,0,0
201909,999,10500, ,Albany  GA ,18,18,868,0,0,0,0,0,0,1,24,6783,18,18,868,0,0,0,0,0,0,1,24,6783
201909,999,10780, ,Alexandria  LA ,16,16,3375,0,0,0,0,0,0,0,0,0,10,10,1801,0,0,0,0,0,0,0,0,0
201909,999,10900, ,Allentown-Bethlehem-Easton  PA-NJ ,23,23,5083,0,0,0,0,0,0,2,10,1051,6,6,1247,0,0,0,0,0,0,1,5,400
201909,999,11260,C,Anchorage  AK ,68,68,21195,2,4,684,1,4,695,2,17,2688,0,0,0,0,0,0,0,0,0,0,0,0
201909,999,11500, ,Anniston-Oxford  AL ,10,10,843,0,0,0,0,0,0,0,0,0,9,9,763,0,0,0,0,0,0,0,0,0
201909,999,12260, ,Augusta-Richmond County  GA-SC ,186,186,39295,0,0,0,3,11,761,1,16,980,149,149,32949,0,0,0,3,11,761,0,0,0
201909,999,12420, ,Austin-Round Rock-Georgetown  TX ,1440,1440,347677,14,28,3853,0,0,0,6,559,183306,1181,1181,292462,14,28,3853,0,0,0,5,540,181227
201909,999,12540, ,Bakersfield  CA ,109,109,27629,0,0,0,0,0,0,0,0,0,108,108,27451,0,0,0,0,0,0,0,0,0
201909,999,12620, ,Bangor  ME ,11,11,2569,0,0,0,0,0,0,0,0,0,6,6,1472,0,0,0,0,0,0,0,0,0
201909,999,12940, ,Baton Rouge  LA ,295,295,61380,0,0,0,0,0,0,0,0,0,190,190,44800,0,0,0,0,0,0,0,0,0
201909,999,13140, ,Beaumont-Port Arthur  TX ,40,40,9053,0,0,0,0,0,0,0,0,0,40,40,9053,0,0,0,0,0,0,0,0,0
201909,999,13220,C,Beckley  WV ,9,9,828,0,0,0,0,0,0,0,0,0,9,9,828,0,0,0,0,0,0,0,0,0
201909,999,13380, ,Bellingham  WA ,49,49,14115,2,4,808,0,0,0,3,16,1875,20,20,6195,2,4,808,0,0,0,2,11,1377
201909,999,13740, ,Billings  MT ,29,29,7570,3,6,992,1,4,618,0,0,0,29,29,7570,3,6,992,1,4,618,0,0,0
201909,999,13780, ,Binghamton  NY ,0,0,0,0,0,0,0,0,0,0,0,0,0,0,0,0,0,0,0,0,0,0,0,0
201909,999,13900, ,Bismarck  ND ,47,47,11805,1,2,457,0,0,0,2,104,11000,43,43,10675,1,2,457,0,0,0,2,104,11000
201909,999,13980, ,Blacksburg-Christiansburg  VA ,8,8,1600,0,0,0,0,0,0,0,0,0,8,8,1600,0,0,0,0,0,0,0,0,0
201909,999,15260, ,Brunswick  GA ,52,52,14974,0,0,0,0,0,0,0,0,0,0,0,0,0,0,0,0,0,0,0,0,0
201909,999,16220, ,Casper  WY ,12,12,2405,1,2,176,1,4,315,0,0,0,7,7,1038,0,0,0,1,4,315,0,0,0
201909,999,16580, ,Champaign-Urbana  IL ,11,11,2559,0,0,0,1,3,816,0,0,0,11,11,2559,0,0,0,1,3,816,0,0,0
201909,999,16700,C,Charleston-North Charleston  SC ,360,360,87330,0,0,0,1,3,238,5,153,8358,245,245,68671,0,0,0,0,0,0,0,0,0
201909,999,16820, ,Charlottesville  VA ,59,59,17092,1,2,238,0,0,0,2,57,6573,0,0,0,0,0,0,0,0,0,0,0,0
201909,999,16940, ,Cheyenne  WY ,30,30,5944,0,0,0,4,16,1836,3,16,1555,30,30,5944,0,0,0,4,16,1836,3,16,1555
201909,999,17020, ,Chico  CA ,14,14,2592,0,0,0,0,0,0,4,20,3292,14,14,2592,0,0,0,0,0,0,4,20,3292
201909,999,17300,C,Clarksville  TN-KY ,124,124,19441,1,2,124,4,13,1359,2,15,927,66,66,12551,0,0,0,1,4,847,0,0,0
201909,999,17780, ,College Station-Bryan  TX ,77,77,13695,0,0,0,0,0,0,0,0,0,71,71,12432,0,0,0,0,0,0,0,0,0
201909,999,17820,C,Colorado Springs  CO ,396,396,144705,0,0,0,0,0,0,1,52,11300,396,396,144705,0,0,0,0,0,0,1,52,11300
201909,999,18880,C,Crestview-Fort Walton Beach-Destin  FL ,206,206,83009,0,0,0,0,0,0,18,286,41162,189,189,78208,0,0,0,0,0,0,17,281,40885
201909,999,19060, ,Cumberland  MD-WV ,6,6,1257,0,0,0,0,0,0,0,0,0,6,6,1257,0,0,0,0,0,0,0,0,0
201909,999,19180, ,Danville  IL ,0,0,0,0,0,0,0,0,0,0,0,0,0,0,0,0,0,0,0,0,0,0,0,0
201909,999,19500, ,Decatur  IL ,4,4,742,0,0,0,0,0,0,0,0,0,4,4,742,0,0,0,0,0,0,0,0,0
201909,999,20220, ,Dubuque  IA ,13,13,4038,0,0,0,0,0,0,1,6,400,12,12,3824,0,0,0,0,0,0,1,6,400
201909,999,20260, ,Duluth  MN-WI ,7,7,1292,0,0,0,0,0,0,0,0,0,7,7,1292,0,0,0,0,0,0,0,0,0
201909,999,20940, ,El Centro  CA ,21,21,3855,0,0,0,0,0,0,0,0,0,21,21,3855,0,0,0,0,0,0,0,0,0
201909,999,21420, ,Enid  OK ,2,2,565,0,0,0,0,0,0,0,0,0,2,2,565,0,0,0,0,0,0,0,0,0
201909,999,21660, ,Eugene-Springfield  OR ,67,67,12792,1,2,326,0,0,0,1,8,698,45,45,7314,0,0,0,0,0,0,0,0,0
201909,999,21780, ,Evansville  IN-KY ,52,52,12412,2,4,480,0,0,0,2,48,5600,52,52,12412,2,4,480,0,0,0,2,48,5600
201909,999,21820,C,Fairbanks  AK ,1,1,268,0,0,0,0,0,0,0,0,0,0,0,0,0,0,0,0,0,0,0,0,0
201909,999,22140,C,Farmington  NM ,6,6,1097,0,0,0,0,0,0,0,0,0,6,6,1097,0,0,0,0,0,0,0,0,0
201909,999,22220, ,Fayetteville-Springdale-Rogers  AR-MO ,333,333,81677,3,6,1604,0,0,0,3,31,2471,257,257,65444,3,6,1604,0,0,0,0,0,0
201909,999,22380, ,Flagstaff  AZ ,51,51,11626,0,0,0,0,0,0,1,60,6000,51,51,11626,0,0,0,0,0,0,1,60,6000
201909,999,22500, ,Florence  SC ,34,34,4861,1,2,47,0,0,0,1,5,329,0,0,0,0,0,0,0,0,0,0,0,0
201909,999,22520, ,Florence-Muscle Shoals  AL ,18,18,2369,0,0,0,0,0,0,0,0,0,7,7,1069,0,0,0,0,0,0,0,0,0
201909,999,22540, ,Fond du Lac  WI ,5,5,1591,0,0,0,0,0,0,1,9,327,2,2,960,0,0,0,0,0,0,0,0,0
201909,999,22660,C,Fort Collins  CO ,116,116,31700,0,0,0,1,4,497,20,199,20324,116,116,31700,0,0,0,1,4,497,20,199,20324
201909,999,22900, ,Fort Smith  AR-OK ,57,57,8006,12,24,3566,0,0,0,0,0,0,52,52,7394,11,22,3315,0,0,0,0,0,0
201909,999,23460, ,Gadsden  AL ,3,3,522,0,0,0,0,0,0,0,0,0,0,0,0,0,0,0,0,0,0,0,0,0
201909,999,24220, ,Grand Forks  ND-MN ,13,13,3340,0,0,0,0,0,0,1,6,444,0,0,0,0,0,0,0,0,0,0,0,0
201909,999,24260, ,Grand Island  NE ,3,3,718,0,0,0,0,0,0,0,0,0,3,3,718,0,0,0,0,0,0,0,0,0
201909,999,24300,C,Grand Junction  CO ,63,63,8444,1,2,228,0,0,0,1,8,413,63,63,8444,1,2,228,0,0,0,1,8,413
201909,999,24500,C,Great Falls  MT ,11,11,2982,0,0,0,0,0,0,0,0,0,11,11,2982,0,0,0,0,0,0,0,0,0
201909,999,25060, ,Gulfport-Biloxi  MS ,167,167,28788,1,2,245,1,4,401,1,12,1016,129,129,23434,0,0,0,0,0,0,0,0,0
201909,999,25860, ,Hickory-Lenoir-Morganton  NC ,1,1,150,0,0,0,0,0,0,1,6,334,0,0,0,0,0,0,0,0,0,0,0,0
201909,999,25940, ,Hilton Head Island-Bluffton  SC ,67,67,21196,0,0,0,0,0,0,0,0,0,67,67,21196,0,0,0,0,0,0,0,0,0
201909,999,26140, ,Homosassa Springs  FL ,71,71,14388,0,0,0,0,0,0,0,0,0,0,0,0,0,0,0,0,0,0,0,0,0
201909,999,26380, ,Houma-Thibodaux  LA ,35,35,8066,1,2,156,0,0,0,0,0,0,25,25,5502,0,0,0,0,0,0,0,0,0
201909,999,27100, ,Jackson  MI ,1,1,165,0,0,0,0,0,0,0,0,0,0,0,0,0,0,0,0,0,0,0,0,0
201909,999,27340,C,Jacksonville  NC ,78,78,12464,0,0,0,1,4,300,0,0,0,65,65,10466,0,0,0,1,4,300,0,0,0
201909,999,27980,C,Kahului-Wailuku-Lahaina  HI ,55,55,15347,0,0,0,0,0,0,0,0,0,55,55,15347,0,0,0,0,0,0,0,0,0
201909,999,28660,C,Killeen-Temple  TX ,183,183,38367,14,28,3036,0,0,0,0,0,0,117,117,26998,12,24,2820,0,0,0,0,0,0
201909,999,29100, ,La Crosse-Onalaska  WI-MN ,21,21,6457,6,12,1438,0,0,0,2,78,7684,21,21,6457,6,12,1438,0,0,0,2,78,7684
201909,999,29420, ,Lake Havasu City-Kingman  AZ ,73,73,15460,1,2,160,0,0,0,0,0,0,73,73,15460,1,2,160,0,0,0,0,0,0
201909,999,29540, ,Lancaster  PA ,5,5,1083,0,0,0,0,0,0,0,0,0,5,5,1083,0,0,0,0,0,0,0,0,0
201909,999,29620, ,Lansing-East Lansing  MI ,14,14,3060,0,0,0,0,0,0,1,5,568,2,2,188,0,0,0,0,0,0,0,0,0
201909,999,29700, ,Laredo  TX ,90,90,12539,3,6,219,1,3,117,2,18,1263,0,0,0,0,0,0,0,0,0,0,0,0
201909,999,30020, ,Lawton  OK ,6,6,1080,0,0,0,0,0,0,0,0,0,6,6,1080,0,0,0,0,0,0,0,0,0
201909,999,30300, ,Lewiston  ID-WA ,0,0,0,0,0,0,0,0,0,0,0,0,0,0,0,0,0,0,0,0,0,0,0,0
201909,999,30860, ,Logan  UT-ID ,17,17,3230,0,0,0,2,8,1017,2,11,1699,17,17,3230,0,0,0,2,8,1017,2,11,1699
201909,999,30980, ,Longview  TX ,18,18,3475,1,2,200,0,0,0,0,0,0,18,18,3475,1,2,200,0,0,0,0,0,0
201909,999,31340, ,Lynchburg  VA ,9,9,2004,0,0,0,0,0,0,1,5,322,1,1,325,0,0,0,0,0,0,0,0,0
201909,999,31740, ,Manhattan  KS ,12,12,3941,0,0,0,0,0,0,0,0,0,5,5,1615,0,0,0,0,0,0,0,0,0
201909,999,33540,C,Missoula  MT ,43,43,8602,1,2,288,2,7,254,4,65,7875,43,43,8602,1,2,288,2,7,254,4,65,7875
201909,999,36100, ,Ocala  FL ,208,208,32236,0,0,0,1,4,741,0,0,0,208,208,32236,0,0,0,1,4,741,0,0,0
201909,999,36980, ,Owensboro  KY ,25,25,2206,0,0,0,0,0,0,2,10,800,25,25,2206,0,0,0,0,0,0,2,10,800
201909,999,37340, ,Palm Bay-Melbourne-Titusville  FL ,221,221,71549,0,0,0,0,0,0,0,0,0,221,221,71549,0,0,0,0,0,0,0,0,0
201909,999,37460, ,Panama City  FL ,96,96,25866,0,0,0,0,0,0,0,0,0,86,86,22585,0,0,0,0,0,0,0,0,0
201909,999,37900, ,Peoria  IL ,1,1,725,0,0,0,0,0,0,1,5,764,1,1,725,0,0,0,0,0,0,0,0,0
201909,999,38340, ,Pittsfield  MA ,0,0,0,0,0,0,0,0,0,0,0,0,0,0,0,0,0,0,0,0,0,0,0,0
201909,999,38540, ,Pocatello  ID ,22,22,2877,0,0,0,0,0,0,0,0,0,19,19,2152,0,0,0,0,0,0,0,0,0
201909,999,39150, ,Prescott Valley-Prescott  AZ ,109,109,29887,2,4,595,0,0,0,0,0,0,75,75,21758,2,4,595,0,0,0,0,0,0
201909,999,40060, ,Richmond  VA ,372,372,64933,0,0,0,4,16,2016,4,21,1799,355,355,62493,0,0,0,4,16,2016,3,15,1282
201909,999,41100, ,St. George  UT ,147,147,29317,0,0,0,0,0,0,1,55,8100,147,147,29317,0,0,0,0,0,0,1,55,8100
201909,999,41500, ,Salinas  CA ,3,3,849,0,0,0,0,0,0,0,0,0,3,3,849,0,0,0,0,0,0,0,0,0
201909,999,41660,C,San Angelo  TX ,23,23,4713,0,0,0,0,0,0,0,0,0,23,23,4713,0,0,0,0,0,0,0,0,0
201909,999,41740,C,San Diego-Chula Vista-Carlsbad  CA ,201,201,59872,8,16,3416,11,37,7046,27,699,105344,181,181,55859,8,16,3416,10,34,6646,22,642,97103
201909,999,42020, ,San Luis Obispo-Paso Robles  CA ,16,16,5111,1,2,696,0,0,0,0,0,0,16,16,5111,1,2,696,0,0,0,0,0,0
201909,999,42200, ,Santa Maria-Santa Barbara  CA ,19,19,15104,0,0,0,0,0,0,0,0,0,19,19,15104,0,0,0,0,0,0,0,0,0
201909,999,42540, ,Scranton--Wilkes-Barre  PA ,5,5,1474,0,0,0,0,0,0,0,0,0,4,4,1260,0,0,0,0,0,0,0,0,0
201909,999,43100, ,Sheboygan  WI ,1,1,478,0,0,0,0,0,0,0,0,0,1,1,478,0,0,0,0,0,0,0,0,0
201909,999,43420, ,Sierra Vista-Douglas  AZ ,22,22,4904,0,0,0,0,0,0,0,0,0,22,22,4904,0,0,0,0,0,0,0,0,0
201909,999,43580, ,Sioux City  IA-NE-SD ,11,11,3016,0,0,0,1,3,0,0,0,0,1,1,170,0,0,0,0,0,0,0,0,0
201909,999,43620, ,Sioux Falls  SD ,140,140,28185,0,0,0,0,0,0,1,8,745,140,140,28185,0,0,0,0,0,0,1,8,745
201909,999,44140, ,Springfield  MA ,2,2,542,0,0,0,0,0,0,0,0,0,1,1,281,0,0,0,0,0,0,0,0,0
201909,999,44180, ,Springfield  MO ,92,92,20784,0,0,0,0,0,0,0,0,0,92,92,20784,0,0,0,0,0,0,0,0,0
201909,999,44940, ,Sumter  SC ,27,27,3328,0,0,0,0,0,0,0,0,0,27,27,3328,0,0,0,0,0,0,0,0,0
201909,999,45220, ,Tallahassee  FL ,77,77,15056,1,2,222,0,0,0,3,110,13821,21,21,4077,0,0,0,0,0,0,0,0,0
201909,999,45300,C,Tampa-St. Petersburg-Clearwater  FL ,1197,1197,324345,12,24,3368,2,8,599,32,1420,125676,1188,1188,321921,12,24,3368,2,8,599,31,1415,123396
201909,999,45460, ,Terre Haute  IN ,9,9,1716,0,0,0,0,0,0,1,5,433,5,5,1150,0,0,0,0,0,0,0,0,0
201909,999,45500, ,Texarkana  TX-AR ,4,4,855,0,0,0,0,0,0,0,0,0,2,2,425,0,0,0,0,0,0,0,0,0
201909,999,45820, ,Topeka  KS ,15,15,4163,0,0,0,0,0,0,0,0,0,15,15,4163,0,0,0,0,0,0,0,0,0
201909,999,46220, ,Tuscaloosa  AL ,32,32,8849,0,0,0,1,3,448,1,42,7892,3,3,888,0,0,0,0,0,0,0,0,0
201909,999,46300, ,Twin Falls  ID ,41,41,8146,3,6,1393,11,44,4485,0,0,0,41,41,8146,3,6,1393,11,44,4485,0,0,0
201909,999,46520,C,Urban Honolulu  HI ,73,73,27228,0,0,0,0,0,0,3,144,28174,0,0,0,0,0,0,0,0,0,0,0,0
201909,999,46540, ,Utica-Rome  NY ,2,2,292,0,0,0,0,0,0,0,0,0,2,2,292,0,0,0,0,0,0,0,0,0
201909,999,46660, ,Valdosta  GA ,88,88,16522,1,2,133,0,0,0,0,0,0,44,44,9106,0,0,0,0,0,0,0,0,0
201909,999,47300, ,Visalia  CA ,105,105,23171,4,8,860,0,0,0,4,32,2467,105,105,23171,4,8,860,0,0,0,4,32,2467
201909,999,47380, ,Waco  TX ,44,44,9932,1,2,206,0,0,0,0,0,0,0,0,0,0,0,0,0,0,0,0,0,0
201909,999,47940, ,Waterloo-Cedar Falls  IA ,14,14,4177,0,0,0,0,0,0,0,0,0,14,14,4177,0,0,0,0,0,0,0,0,0
201909,999,48060, ,Watertown-Fort Drum  NY ,9,9,941,0,0,0,0,0,0,0,0,0,0,0,0,0,0,0,0,0,0,0,0,0
201909,999,48300, ,Wenatchee  WA ,31,31,7240,0,0,0,0,0,0,0,0,0,9,9,3169,0,0,0,0,0,0,0,0,0
201909,999,48540, ,Wheeling  WV-OH ,0,0,0,0,0,0,0,0,0,0,0,0,0,0,0,0,0,0,0,0,0,0,0,0
201909,999,48660, ,Wichita Falls  TX ,2,2,225,0,0,0,0,0,0,0,0,0,2,2,225,0,0,0,0,0,0,0,0,0
201909,999,48900, ,Wilmington  NC ,105,105,34890,0,0,0,0,0,0,1,52,7642,0,0,0,0,0,0,0,0,0,0,0,0
201909,999,49420, ,Yakima  WA ,26,26,6430,5,10,1668,1,3,436,0,0,0,26,26,6430,5,10,1668,1,3,436,0,0,0
201909,999,49740, ,Yuma  AZ ,71,71,11317,0,0,0,0,0,0,0,0,0,22,22,3404,0,0,0,0,0,0,0,0,0
