Survey,CSA,CBSA,MONCOV,CBSA,,1-unit,,,2-units,,,3-4 units,,,5+ units,,,1-unit rep,,,2-units rep,,,3-4 units rep,,,5+ units rep
Date,Code,Code,,Name,Bldgs,Units,Value,Bldgs,Units,Value,Bldgs,Units,Value,Bldgs,Units,Value,Bldgs,Units,Value,Bldgs,Units,Value,      Bldgs,Units,Value,Bldgs,Units,Value
 
201905,104,10580,C,Albany-Schenectady-Troy  NY ,113,113,34380,0,0,0,0,0,0,4,26,2676,83,83,25318,0,0,0,0,0,0,1,10,800
201905,104,24020, ,Glens Falls  NY ,26,26,6585,0,0,0,0,0,0,0,0,0,19,19,4710,0,0,0,0,0,0,0,0,0
201905,106,10740,C,Albuquerque  NM ,153,153,35662,0,0,0,0,0,0,2,93,10092,88,88,21259,0,0,0,0,0,0,1,86,9800
201905,106,42140,C,Santa Fe  NM ,30,30,6559,0,0,0,0,0,0,0,0,0,30,30,6559,0,0,0,0,0,0,0,0,0
201905,107,11020, ,Altoona  PA ,2,2,290,0,0,0,0,0,0,0,0,0,2,2,290,0,0,0,0,0,0,0,0,0
201905,108,11100, ,Amarillo  TX ,32,32,7886,0,0,0,0,0,0,0,0,0,32,32,7886,0,0,0,0,0,0,0,0,0
201905,118,11540, ,Appleton  WI ,53,53,14633,3,6,955,0,0,0,0,0,0,47,47,13560,2,4,740,0,0,0,0,0,0
201905,118,36780, ,Oshkosh-Neenah  WI ,22,22,4904,2,4,450,0,0,0,2,16,1280,18,18,4346,2,4,450,0,0,0,2,16,1280
201905,120,11700, ,Asheville  NC ,180,180,52082,1,2,119,0,0,0,3,66,4692,49,49,14496,0,0,0,0,0,0,0,0,0
201905,122,12020, ,Athens-Clarke County  GA ,31,31,7924,0,0,0,0,0,0,0,0,0,31,31,7924,0,0,0,0,0,0,0,0,0
201905,122,12060, ,Atlanta-Sandy Springs-Alpharetta  GA ,2412,2412,540994,1,2,531,1,4,1085,15,328,33498,2140,2140,484005,1,2,531,1,4,1085,12,213,22306
201905,122,23580, ,Gainesville  GA ,68,68,17018,0,0,0,4,16,1877,5,26,3050,68,68,17018,0,0,0,4,16,1877,5,26,3050
201905,122,40660,C,Rome  GA ,52,52,8660,0,0,0,0,0,0,0,0,0,52,52,8660,0,0,0,0,0,0,0,0,0
201905,140,13460,C,Bend  OR ,119,119,33167,3,6,1172,0,0,0,0,0,0,89,89,25664,2,4,778,0,0,0,0,0,0
201905,142,13820,C,Birmingham-Hoover  AL ,251,251,65091,0,0,0,0,0,0,0,0,0,107,107,30767,0,0,0,0,0,0,0,0,0
201905,144,14020,C,Bloomington  IN ,12,12,3102,0,0,0,0,0,0,0,0,0,12,12,3102,0,0,0,0,0,0,0,0,0
201905,145,14010, ,Bloomington  IL ,16,16,2244,0,0,0,0,0,0,0,0,0,16,16,2244,0,0,0,0,0,0,0,0,0
201905,146,14100,C,Bloomsburg-Berwick  PA ,7,7,1879,0,0,0,0,0,0,0,0,0,1,1,315,0,0,0,0,0,0,0,0,0
201905,147,14260,C,Boise City  ID ,650,650,139075,9,18,1114,9,36,2724,13,214,21570,443,443,87542,9,18,1114,7,28,2065,6,144,15123
201905,148,12700, ,Barnstable Town  MA ,8,8,1790,0,0,0,0,0,0,0,0,0,2,2,299,0,0,0,0,0,0,0,0,0
201905,148,14460,C,Boston-Cambridge-Newton  MA-NH ,348,348,105841,20,40,6334,7,24,4804,25,497,72954,209,209,62805,9,18,2505,5,17,3940,11,386,54148
201905,148,31700, ,Manchester-Nashua  NH ,36,36,8250,2,4,608,0,0,0,1,5,631,14,14,4777,1,2,345,0,0,0,0,0,0
201905,148,39300,C,Providence-Warwick  RI-MA ,153,153,35212,3,6,667,1,3,300,1,6,400,89,89,21946,1,2,208,0,0,0,0,0,0
201905,148,49340, ,Worcester  MA-CT ,17,17,3270,1,2,202,0,0,0,1,8,143,8,8,1354,0,0,0,0,0,0,0,0,0
201905,150,14540, ,Bowling Green  KY ,50,50,11820,0,0,0,1,4,350,0,0,0,50,50,11820,0,0,0,1,4,350,0,0,0
201905,154,15180, ,Brownsville-Harlingen  TX ,87,87,11304,0,0,0,0,0,0,0,0,0,87,87,11304,0,0,0,0,0,0,0,0,0
201905,160,15380,C,Buffalo-Cheektowaga  NY ,100,100,31061,0,0,0,3,12,1200,4,29,3662,81,81,25837,0,0,0,3,12,1200,3,18,1200
201905,162,15540, ,Burlington-South Burlington  VT ,25,25,7933,2,4,675,0,0,0,1,7,1073,14,14,5154,1,2,250,0,0,0,0,0,0
201905,163,15980,C,Cape Coral-Fort Myers  FL ,415,415,98534,35,70,11030,2,8,1250,10,231,20075,415,415,98534,35,70,11030,2,8,1250,10,231,20075
201905,163,34940, ,Naples-Marco Island  FL ,254,254,53551,0,0,0,1,4,807,2,16,2348,254,254,53551,0,0,0,1,4,807,2,16,2348
201905,164,16020, ,Cape Girardeau  MO-IL ,0,0,0,0,0,0,0,0,0,0,0,0,0,0,0,0,0,0,0,0,0,0,0,0
201905,168,16300, ,Cedar Rapids  IA ,43,43,7368,4,8,1275,0,0,0,0,0,0,43,43,7368,4,8,1275,0,0,0,0,0,0
201905,168,26980, ,Iowa City  IA ,20,20,4173,0,0,0,0,0,0,2,88,13300,3,3,1084,0,0,0,0,0,0,2,88,13300
201905,170,16620, ,Charleston  WV ,6,6,834,0,0,0,0,0,0,1,5,316,2,2,210,0,0,0,0,0,0,0,0,0
201905,170,26580, ,Huntington-Ashland  WV-KY-OH ,11,11,1705,0,0,0,0,0,0,2,52,6396,3,3,596,0,0,0,0,0,0,1,47,5945
201905,172,16740, ,Charlotte-Concord-Gastonia  NC-SC ,1469,1469,375932,3,6,580,0,0,0,13,1095,129015,1163,1163,279964,2,4,332,0,0,0,9,1015,120109
201905,174,16860, ,Chattanooga  TN-GA ,153,153,33391,1,2,223,1,3,222,1,76,9224,102,102,23119,0,0,0,0,0,0,0,0,0
201905,174,17420, ,Cleveland  TN ,29,29,5297,1,2,160,1,3,271,1,6,299,0,0,0,0,0,0,0,0,0,0,0,0
201905,176,16980, ,Chicago-Naperville-Elgin  IL-IN-WI ,734,734,204714,14,28,4429,26,86,17164,28,932,73197,546,546,155694,12,24,3667,25,83,16654,22,853,64213
201905,176,28100, ,Kankakee  IL ,2,2,517,0,0,0,0,0,0,0,0,0,2,2,517,0,0,0,0,0,0,0,0,0
201905,176,33140, ,Michigan City-La Porte  IN ,13,13,2406,0,0,0,0,0,0,0,0,0,13,13,2406,0,0,0,0,0,0,0,0,0
201905,178,17140, ,Cincinnati  OH-KY-IN ,427,427,89352,2,4,600,3,11,2156,13,105,8147,325,325,64626,2,4,600,2,8,1841,9,79,6118
201905,184,10420, ,Akron  OH ,53,53,24046,0,0,0,0,0,0,0,0,0,53,53,24046,0,0,0,0,0,0,0,0,0
201905,184,15940, ,Canton-Massillon  OH ,37,37,9939,0,0,0,0,0,0,1,5,384,32,32,9355,0,0,0,0,0,0,0,0,0
201905,184,17460, ,Cleveland-Elyria  OH ,258,258,68072,4,8,657,3,11,1273,3,15,1232,198,198,58210,2,4,636,3,11,1273,2,10,1076
201905,190,17860, ,Columbia  MO ,64,64,18644,0,0,0,0,0,0,0,0,0,63,63,18430,0,0,0,0,0,0,0,0,0
201905,192,17900,C,Columbia  SC ,378,378,80712,0,0,0,0,0,0,1,24,2166,208,208,38403,0,0,0,0,0,0,0,0,0
201905,194,12220,C,Auburn-Opelika  AL ,71,71,20427,0,0,0,0,0,0,1,6,385,71,71,20427,0,0,0,0,0,0,1,6,385
201905,194,17980, ,Columbus  GA-AL ,64,64,13374,0,0,0,0,0,0,1,16,2803,33,33,7321,0,0,0,0,0,0,0,0,0
201905,198,18140, ,Columbus  OH ,393,393,112100,6,12,2183,1,3,610,3,66,7575,363,363,102585,6,12,2183,1,3,610,1,50,6000
201905,204,18580, ,Corpus Christi  TX ,76,76,13089,0,0,0,0,0,0,0,0,0,0,0,0,0,0,0,0,0,0,0,0,0
201905,206,19100, ,Dallas-Fort Worth-Arlington  TX ,2945,2945,784090,14,28,5404,5,18,2465,66,3099,361496,2335,2335,584932,6,12,2141,2,7,585,49,2325,290088
201905,209,19340, ,Davenport-Moline-Rock Island  IA-IL ,90,90,15174,0,0,0,0,0,0,0,0,0,86,86,14426,0,0,0,0,0,0,0,0,0
201905,212,19430, ,Dayton-Kettering  OH ,99,99,30135,0,0,0,0,0,0,0,0,0,99,99,30135,0,0,0,0,0,0,0,0,0
201905,212,44220, ,Springfield  OH ,8,8,2433,0,0,0,0,0,0,0,0,0,8,8,2433,0,0,0,0,0,0,0,0,0
201905,216,14500, ,Boulder  CO ,75,75,37187,0,0,0,0,0,0,10,208,29169,75,75,37187,0,0,0,0,0,0,10,208,29169
201905,216,19740,C,Denver-Aurora-Lakewood  CO ,1081,1081,302088,0,0,0,2,6,1160,7,430,60060,1067,1067,297083,0,0,0,2,6,1160,7,430,60060
201905,216,24540, ,Greeley  CO ,225,225,59185,0,0,0,1,3,839,2,20,1579,162,162,41437,0,0,0,0,0,0,0,0,0
201905,218,11180, ,Ames  IA ,5,5,1399,0,0,0,0,0,0,2,68,4878,5,5,1399,0,0,0,0,0,0,2,68,4878
201905,218,19780, ,Des Moines-West Des Moines  IA ,362,362,94714,3,6,1044,0,0,0,1,6,637,345,345,90134,3,6,1044,0,0,0,0,0,0
201905,220,11460, ,Ann Arbor  MI ,28,28,8842,0,0,0,1,3,608,0,0,0,16,16,5411,0,0,0,0,0,0,0,0,0
201905,220,19820, ,Detroit-Warren-Dearborn  MI ,577,577,167760,6,12,2285,5,18,2899,13,206,24838,439,439,125005,5,10,2102,5,18,2899,10,178,22039
201905,220,22420, ,Flint  MI ,31,31,8221,0,0,0,0,0,0,0,0,0,25,25,6657,0,0,0,0,0,0,0,0,0
201905,220,33780, ,Monroe  MI ,1,1,161,0,0,0,0,0,0,0,0,0,1,1,161,0,0,0,0,0,0,0,0,0
201905,222,20020, ,Dothan  AL ,20,20,5255,0,0,0,0,0,0,0,0,0,18,18,4792,0,0,0,0,0,0,0,0,0
201905,232,20740, ,Eau Claire  WI ,55,55,9339,5,10,1393,0,0,0,3,24,2100,55,55,9339,5,10,1393,0,0,0,3,24,2100
201905,236,21300, ,Elmira  NY ,0,0,0,0,0,0,0,0,0,0,0,0,0,0,0,0,0,0,0,0,0,0,0,0
201905,238,21340,C,El Paso  TX ,171,171,40936,4,8,696,3,12,1359,1,60,7660,157,157,38340,4,8,696,3,12,1359,1,60,7660
201905,238,29740,C,Las Cruces  NM ,94,94,22915,1,2,257,0,0,0,0,0,0,81,81,19186,1,2,257,0,0,0,0,0,0
201905,240,21500, ,Erie  PA ,3,3,1030,0,0,0,0,0,0,0,0,0,3,3,1030,0,0,0,0,0,0,0,0,0
201905,244,22020, ,Fargo  ND-MN ,158,158,37590,0,0,0,0,0,0,1,36,7733,157,157,37290,0,0,0,0,0,0,1,36,7733
201905,246,22180, ,Fayetteville  NC ,166,166,29007,0,0,0,0,0,0,0,0,0,106,106,21726,0,0,0,0,0,0,0,0,0
201905,258,23060,C,Fort Wayne  IN ,129,129,33269,4,8,160,0,0,0,1,8,450,128,128,33090,4,8,160,0,0,0,1,8,450
201905,260,23420,C,Fresno  CA ,237,237,72705,1,2,249,0,0,0,0,0,0,227,227,71026,0,0,0,0,0,0,0,0,0
201905,260,31460, ,Madera  CA ,49,49,10660,0,0,0,0,0,0,0,0,0,49,49,10660,0,0,0,0,0,0,0,0,0
201905,264,23540, ,Gainesville  FL ,52,52,14434,0,0,0,0,0,0,2,195,15104,41,41,12978,0,0,0,0,0,0,1,56,10371
201905,266,24340, ,Grand Rapids-Kentwood  MI ,145,145,39013,1,2,449,2,8,364,3,98,10855,115,115,32290,1,2,449,2,8,364,3,98,10855
201905,266,34740, ,Muskegon  MI ,1,1,230,0,0,0,0,0,0,0,0,0,0,0,0,0,0,0,0,0,0,0,0,0
201905,267,24580, ,Green Bay  WI ,65,65,17791,0,0,0,0,0,0,1,5,485,52,52,14027,0,0,0,0,0,0,0,0,0
201905,268,15500, ,Burlington  NC ,68,68,11925,0,0,0,0,0,0,0,0,0,68,68,11925,0,0,0,0,0,0,0,0,0
201905,268,24660,C,Greensboro-High Point  NC ,205,205,49091,0,0,0,0,0,0,0,0,0,156,156,32233,0,0,0,0,0,0,0,0,0
201905,268,49180, ,Winston-Salem  NC ,179,179,38994,0,0,0,0,0,0,0,0,0,179,179,38994,0,0,0,0,0,0,0,0,0
201905,272,24780, ,Greenville  NC ,31,31,6219,3,6,812,0,0,0,1,50,6375,0,0,0,0,0,0,0,0,0,0,0,0
201905,273,24860, ,Greenville-Anderson  SC ,465,465,108964,0,0,0,0,0,0,19,344,35169,448,448,105271,0,0,0,0,0,0,16,318,32427
201905,273,43900, ,Spartanburg  SC ,178,178,31229,0,0,0,0,0,0,0,0,0,178,178,31229,0,0,0,0,0,0,0,0,0
201905,276,23900,C,Gettysburg  PA ,14,14,3531,0,0,0,0,0,0,0,0,0,14,14,3531,0,0,0,0,0,0,0,0,0
201905,276,25420,C,Harrisburg-Carlisle  PA ,136,136,27448,1,2,304,7,24,2873,4,40,4202,115,115,22947,1,2,304,7,24,2873,4,40,4202
201905,276,30140, ,Lebanon  PA ,14,14,2440,0,0,0,0,0,0,0,0,0,0,0,0,0,0,0,0,0,0,0,0,0
201905,276,49620, ,York-Hanover  PA ,10,10,2614,0,0,0,0,0,0,0,0,0,8,8,2092,0,0,0,0,0,0,0,0,0
201905,277,25500,C,Harrisonburg  VA ,37,37,12841,0,0,0,0,0,0,0,0,0,37,37,12841,0,0,0,0,0,0,0,0,0
201905,277,44420, ,Staunton  VA ,23,23,6099,0,0,0,0,0,0,0,0,0,23,23,6099,0,0,0,0,0,0,0,0,0
201905,278,25540,C,Hartford-East Hartford-Middletown  CT ,72,72,15454,1,2,194,0,0,0,5,27,1962,42,42,8922,0,0,0,0,0,0,0,0,0
201905,278,35980, ,Norwich-New London  CT ,10,10,2273,0,0,0,0,0,0,0,0,0,5,5,1382,0,0,0,0,0,0,0,0,0
201905,279,25620, ,Hattiesburg  MS ,6,6,1350,0,0,0,0,0,0,0,0,0,6,6,1350,0,0,0,0,0,0,0,0,0
201905,284,26300, ,Hot Springs  AR ,3,3,1730,1,2,550,0,0,0,0,0,0,3,3,1730,1,2,550,0,0,0,0,0,0
201905,288,26420, ,Houston-The Woodlands-Sugar Land  TX ,3690,3690,665687,18,36,3920,0,0,0,44,2589,320001,2721,2721,568304,17,34,3788,0,0,0,40,2546,317070
201905,290,19460, ,Decatur  AL ,13,13,2433,0,0,0,0,0,0,0,0,0,9,9,1904,0,0,0,0,0,0,0,0,0
201905,290,26620,C,Huntsville  AL ,280,280,38146,0,0,0,15,60,1050,0,0,0,280,280,38146,0,0,0,15,60,1050,0,0,0
201905,292,26820, ,Idaho Falls  ID ,109,109,20991,0,0,0,0,0,0,0,0,0,109,109,20991,0,0,0,0,0,0,0,0,0
201905,294,18020, ,Columbus  IN ,16,16,3372,0,0,0,0,0,0,0,0,0,16,16,3372,0,0,0,0,0,0,0,0,0
201905,294,26900, ,Indianapolis-Carmel-Anderson  IN ,718,718,193326,5,10,680,0,0,0,2,32,2870,641,641,178370,4,8,480,0,0,0,1,5,1000
201905,294,34620, ,Muncie  IN ,1,1,19,0,0,0,0,0,0,0,0,0,1,1,19,0,0,0,0,0,0,0,0,0
201905,296,27060, ,Ithaca  NY ,1,1,256,1,2,237,0,0,0,1,5,600,0,0,0,0,0,0,0,0,0,0,0,0
201905,297,27180, ,Jackson  TN ,19,19,4785,0,0,0,0,0,0,0,0,0,19,19,4785,0,0,0,0,0,0,0,0,0
201905,298,27140, ,Jackson  MS ,128,128,29435,0,0,0,0,0,0,0,0,0,79,79,21158,0,0,0,0,0,0,0,0,0
201905,300,27260,C,Jacksonville  FL ,1027,1027,252767,0,0,0,5,20,2535,19,474,53383,989,989,240686,0,0,0,5,20,2535,19,474,53383
201905,304,27740, ,Johnson City  TN ,25,25,3712,0,0,0,0,0,0,1,5,189,0,0,0,0,0,0,0,0,0,0,0,0
201905,304,28700, ,Kingsport-Bristol  TN-VA ,4,4,875,0,0,0,0,0,0,0,0,0,4,4,875,0,0,0,0,0,0,0,0,0
201905,306,27780, ,Johnstown  PA ,1,1,300,0,0,0,0,0,0,0,0,0,1,1,300,0,0,0,0,0,0,0,0,0
201905,308,27860, ,Jonesboro  AR ,37,37,5844,3,6,415,3,12,629,1,9,592,3,3,335,0,0,0,0,0,0,0,0,0
201905,309,27900, ,Joplin  MO ,27,27,3965,0,0,0,0,0,0,0,0,0,25,25,3713,0,0,0,0,0,0,0,0,0
201905,310,12980, ,Battle Creek  MI ,0,0,0,0,0,0,0,0,0,0,0,0,0,0,0,0,0,0,0,0,0,0,0,0
201905,310,28020, ,Kalamazoo-Portage  MI ,9,9,2666,0,0,0,0,0,0,0,0,0,0,0,0,0,0,0,0,0,0,0,0,0
201905,312,28140, ,Kansas City  MO-KS ,432,432,113930,4,8,1072,7,25,3545,8,272,43874,316,316,81026,3,6,875,5,18,2486,7,248,41847
201905,312,29940, ,Lawrence  KS ,15,15,4294,0,0,0,0,0,0,0,0,0,15,15,4294,0,0,0,0,0,0,0,0,0
201905,312,41140, ,St. Joseph  MO-KS ,0,0,0,0,0,0,0,0,0,0,0,0,0,0,0,0,0,0,0,0,0,0,0,0
201905,313,28420,C,Kennewick-Richland  WA ,162,162,47881,2,4,347,0,0,0,1,9,887,58,58,18182,0,0,0,0,0,0,0,0,0
201905,313,47460, ,Walla Walla  WA ,5,5,1876,1,2,168,0,0,0,0,0,0,5,5,1876,1,2,168,0,0,0,0,0,0
201905,315,28940, ,Knoxville  TN ,443,443,79792,0,0,0,0,0,0,4,87,6735,294,294,48442,0,0,0,0,0,0,0,0,0
201905,316,29020, ,Kokomo  IN ,12,12,2005,0,0,0,0,0,0,1,51,4000,12,12,2005,0,0,0,0,0,0,1,51,4000
201905,318,29180, ,Lafayette  LA ,163,163,34591,0,0,0,0,0,0,0,0,0,43,43,10966,0,0,0,0,0,0,0,0,0
201905,320,29200, ,Lafayette-West Lafayette  IN ,41,41,9950,0,0,0,0,0,0,2,16,1656,0,0,0,0,0,0,0,0,0,0,0,0
201905,324,29340, ,Lake Charles  LA ,61,61,13293,0,0,0,0,0,0,0,0,0,14,14,3309,0,0,0,0,0,0,0,0,0
201905,332,29820,C,Las Vegas-Henderson-Paradise  NV ,697,697,172149,3,6,1349,2,6,971,19,376,20438,697,697,172149,3,6,1349,2,6,971,19,376,20438
201905,336,30460,C,Lexington-Fayette  KY ,155,155,28939,2,4,435,1,3,375,3,74,5398,22,22,7319,0,0,0,0,0,0,0,0,0
201905,338,30620, ,Lima  OH ,0,0,0,0,0,0,0,0,0,0,0,0,0,0,0,0,0,0,0,0,0,0,0,0
201905,339,30700, ,Lincoln  NE ,104,104,21868,1,2,341,0,0,0,2,95,9977,4,4,586,0,0,0,0,0,0,0,0,0
201905,340,30780, ,Little Rock-North Little Rock-Conway  AR ,151,151,31778,2,4,200,0,0,0,2,75,5291,89,89,21256,2,4,200,0,0,0,1,64,5000
201905,340,38220, ,Pine Bluff  AR ,1,1,124,0,0,0,0,0,0,0,0,0,0,0,0,0,0,0,0,0,0,0,0,0
201905,348,31080,C,Los Angeles-Long Beach-Anaheim  CA ,891,891,318413,75,150,26022,3,10,1204,61,1533,293252,741,741,240666,72,144,23964,1,4,379,50,1406,267305
201905,348,37100, ,Oxnard-Thousand Oaks-Ventura  CA ,2,2,323,0,0,0,2,6,1354,0,0,0,2,2,323,0,0,0,2,6,1354,0,0,0
201905,348,40140, ,Riverside-San Bernardino-Ontario  CA ,1116,1116,301754,0,0,0,0,0,0,19,466,55875,962,962,264782,0,0,0,0,0,0,14,405,52063
201905,350,21060, ,Elizabethtown-Fort Knox  KY ,40,40,9298,2,4,570,0,0,0,0,0,0,40,40,9298,2,4,570,0,0,0,0,0,0
201905,350,31140, ,Louisville-Jefferson County  KY-IN ,310,310,79777,2,4,430,2,6,777,8,234,17157,138,138,33806,1,2,180,1,3,444,0,0,0
201905,352,31180, ,Lubbock  TX ,147,147,32352,4,8,1236,0,0,0,10,89,9784,1,1,185,4,8,1236,0,0,0,0,0,0
201905,356,31420, ,Macon-Bibb County  GA ,33,33,7392,0,0,0,0,0,0,0,0,0,20,20,4462,0,0,0,0,0,0,0,0,0
201905,356,47580, ,Warner Robins  GA ,104,104,22041,0,0,0,0,0,0,0,0,0,104,104,22041,0,0,0,0,0,0,0,0,0
201905,357,27500, ,Janesville-Beloit  WI ,16,16,4083,0,0,0,0,0,0,0,0,0,15,15,3878,0,0,0,0,0,0,0,0,0
201905,357,31540, ,Madison  WI ,117,117,42052,2,4,505,0,0,0,3,130,14377,99,99,36893,1,2,225,0,0,0,2,104,12000
201905,359,31860, ,Mankato  MN ,16,16,3056,0,0,0,0,0,0,1,12,897,0,0,0,0,0,0,0,0,0,0,0,0
201905,365,32580,C,McAllen-Edinburg-Mission  TX ,259,259,42398,6,12,901,10,40,4387,3,54,4236,185,185,27732,6,12,901,1,4,229,2,20,619
201905,366,32780, ,Medford  OR ,42,42,11020,1,2,306,0,0,0,0,0,0,42,42,11020,1,2,306,0,0,0,0,0,0
201905,368,32820, ,Memphis  TN-MS-AR ,331,331,71587,0,0,0,0,0,0,0,0,0,304,304,66610,0,0,0,0,0,0,0,0,0
201905,370,33100, ,Miami-Fort Lauderdale-Pompano Beach  FL ,752,752,219984,13,26,4489,4,13,1692,24,962,110063,648,648,186423,13,26,4489,3,10,1178,15,728,82874
201905,370,38940, ,Port St. Lucie  FL ,283,283,61980,6,12,1476,0,0,0,6,144,22134,283,283,61980,6,12,1476,0,0,0,6,144,22134
201905,370,42680, ,Sebastian-Vero Beach  FL ,122,122,46753,0,0,0,0,0,0,0,0,0,122,122,46753,0,0,0,0,0,0,0,0,0
201905,372,33260, ,Midland  TX ,123,123,21106,0,0,0,0,0,0,0,0,0,123,123,21106,0,0,0,0,0,0,0,0,0
201905,372,36220,C,Odessa  TX ,59,59,13977,1,2,400,0,0,0,0,0,0,59,59,13977,1,2,400,0,0,0,0,0,0
201905,376,33340,C,Milwaukee-Waukesha  WI ,153,153,53059,11,22,4889,0,0,0,3,47,5296,101,101,34468,9,18,4020,0,0,0,1,12,1300
201905,376,39540, ,Racine  WI ,17,17,5392,0,0,0,0,0,0,0,0,0,17,17,5392,0,0,0,0,0,0,0,0,0
201905,378,33460, ,Minneapolis-St. Paul-Bloomington  MN-WI ,987,987,290326,2,4,604,1,4,800,17,1457,202416,886,886,261081,1,2,250,1,4,800,15,1420,197044
201905,378,41060, ,St. Cloud  MN ,1,1,260,0,0,0,0,0,0,0,0,0,0,0,0,0,0,0,0,0,0,0,0,0
201905,380,19300, ,Daphne-Fairhope-Foley  AL ,150,150,28954,1,2,189,0,0,0,0,0,0,21,21,6819,0,0,0,0,0,0,0,0,0
201905,380,33660, ,Mobile  AL ,54,54,12225,0,0,0,0,0,0,0,0,0,47,47,10842,0,0,0,0,0,0,0,0,0
201905,384,33740, ,Monroe  LA ,39,39,8726,0,0,0,1,3,472,1,5,579,27,27,6383,0,0,0,0,0,0,0,0,0
201905,388,33860, ,Montgomery  AL ,55,55,9790,0,0,0,0,0,0,0,0,0,54,54,9724,0,0,0,0,0,0,0,0,0
201905,390,34060, ,Morgantown  WV ,0,0,0,0,0,0,0,0,0,0,0,0,0,0,0,0,0,0,0,0,0,0,0,0
201905,396,34820, ,Myrtle Beach-Conway-North Myrtle Beach  SC-NC ,629,629,114360,0,0,0,0,0,0,1,5,250,480,480,79855,0,0,0,0,0,0,0,0,0
201905,400,34980, ,Nashville-Davidson--Murfreesboro--Franklin  TN ,1231,1231,322961,1,2,300,0,0,0,22,1218,73456,1120,1120,297866,1,2,300,0,0,0,21,1188,71606
201905,406,25220, ,Hammond  LA ,65,65,11413,0,0,0,0,0,0,0,0,0,57,57,10013,0,0,0,0,0,0,0,0,0
201905,406,35380, ,New Orleans-Metairie  LA ,233,233,49179,6,12,1307,0,0,0,1,12,2954,174,174,35427,1,2,250,0,0,0,0,0,0
201905,408,14860,C,Bridgeport-Stamford-Norwalk  CT ,56,56,34713,1,2,121,0,0,0,3,35,6061,31,31,11071,0,0,0,0,0,0,2,29,2394
201905,408,20700, ,East Stroudsburg  PA ,17,17,5407,0,0,0,0,0,0,0,0,0,13,13,4261,0,0,0,0,0,0,0,0,0
201905,408,28740, ,Kingston  NY ,4,4,940,1,2,200,0,0,0,1,5,1220,3,3,640,1,2,200,0,0,0,0,0,0
201905,408,35300, ,New Haven-Milford  CT ,39,39,6065,1,2,75,0,0,0,1,9,554,32,32,4894,1,2,75,0,0,0,0,0,0
201905,408,35620,C,New York-Newark-Jersey City  NY-NJ-PA ,900,900,252574,80,160,20150,42,137,17156,118,2215,314502,573,573,177264,68,136,17229,32,106,14914,82,1945,289137
201905,408,39100, ,Poughkeepsie-Newburgh-Middletown  NY ,29,29,11070,1,2,680,0,0,0,1,11,1260,26,26,10565,0,0,0,0,0,0,0,0,0
201905,408,45940,C,Trenton-Princeton  NJ ,13,13,2648,0,0,0,0,0,0,0,0,0,13,13,2648,0,0,0,0,0,0,0,0,0
201905,412,35840,C,North Port-Sarasota-Bradenton  FL ,635,635,159585,2,4,1188,1,4,479,4,53,6560,618,618,156732,2,4,1188,1,4,479,3,20,3148
201905,412,39460, ,Punta Gorda  FL ,152,152,47172,12,24,3682,0,0,0,0,0,0,152,152,47172,12,24,3682,0,0,0,0,0,0
201905,416,36420,C,Oklahoma City  OK ,440,440,100111,16,32,2498,0,0,0,0,0,0,421,421,96621,16,32,2498,0,0,0,0,0,0
201905,420,36540, ,Omaha-Council Bluffs  NE-IA ,265,265,50531,0,0,0,0,0,0,1,30,1378,199,199,35434,0,0,0,0,0,0,1,30,1378
201905,422,19660, ,Deltona-Daytona Beach-Ormond Beach  FL ,233,233,64886,5,10,1537,0,0,0,0,0,0,221,221,61692,5,10,1537,0,0,0,0,0,0
201905,422,29460, ,Lakeland-Winter Haven  FL ,567,567,125205,1,2,150,0,0,0,13,317,29504,497,497,111989,1,2,150,0,0,0,13,317,29504
201905,422,36740, ,Orlando-Kissimmee-Sanford  FL ,1298,1298,369756,1,2,312,6,24,3120,2,53,4113,1206,1206,345825,1,2,312,6,24,3120,0,0,0
201905,422,45540,C,The Villages  FL ,202,202,59220,0,0,0,0,0,0,0,0,0,202,202,59220,0,0,0,0,0,0,0,0,0
201905,425,37620, ,Parkersburg-Vienna  WV ,9,9,1366,2,4,470,0,0,0,0,0,0,9,9,1366,2,4,470,0,0,0,0,0,0
201905,426,37860,C,Pensacola-Ferry Pass-Brent  FL ,282,282,55218,3,6,541,2,6,460,0,0,0,282,282,55218,3,6,541,2,6,460,0,0,0
201905,428,12100,C,Atlantic City-Hammonton  NJ ,28,28,6184,0,0,0,0,0,0,12,89,11262,27,27,5949,0,0,0,0,0,0,11,66,8234
201905,428,20100,C,Dover  DE ,100,100,14337,1,2,212,0,0,0,1,5,487,98,98,13905,1,2,212,0,0,0,0,0,0
201905,428,36140,C,Ocean City  NJ ,46,46,15590,6,12,1189,2,6,1023,3,18,948,46,46,15590,6,12,1189,2,6,1023,3,18,948
201905,428,37980,C,Philadelphia-Camden-Wilmington  PA-NJ-DE-MD ,647,647,114703,21,42,6762,24,89,10656,24,288,37995,393,393,73852,21,42,6762,24,89,10656,16,231,32914
201905,428,39740, ,Reading  PA ,7,7,1045,0,0,0,0,0,0,0,0,0,7,7,1045,0,0,0,0,0,0,0,0,0
201905,428,47220,C,Vineland-Bridgeton  NJ ,11,11,1187,0,0,0,0,0,0,0,0,0,9,9,1028,0,0,0,0,0,0,0,0,0
201905,429,38060,C,Phoenix-Mesa-Chandler  AZ ,2171,2171,588837,20,40,5960,5,15,3427,26,1171,145332,1888,1888,505089,19,38,5674,5,15,3427,20,1037,125105
201905,430,38300, ,Pittsburgh  PA ,97,97,28649,1,2,300,1,4,497,1,25,2050,66,66,21105,1,2,300,1,4,497,0,0,0
201905,430,48260, ,Weirton-Steubenville  WV-OH ,0,0,0,0,0,0,0,0,0,0,0,0,0,0,0,0,0,0,0,0,0,0,0,0
201905,438,30340, ,Lewiston-Auburn  ME ,7,7,1390,0,0,0,0,0,0,0,0,0,5,5,1145,0,0,0,0,0,0,0,0,0
201905,438,38860, ,Portland-South Portland  ME ,119,119,29640,3,6,846,1,3,100,3,76,6917,41,41,10390,1,2,300,0,0,0,1,64,6020
201905,440,10540, ,Albany-Lebanon  OR ,40,40,9565,0,0,0,0,0,0,1,5,419,36,36,8780,0,0,0,0,0,0,0,0,0
201905,440,18700, ,Corvallis  OR ,5,5,1786,0,0,0,0,0,0,3,48,7149,5,5,1786,0,0,0,0,0,0,3,48,7149
201905,440,31020, ,Longview  WA ,22,22,5243,0,0,0,0,0,0,0,0,0,22,22,5243,0,0,0,0,0,0,0,0,0
201905,440,38900, ,Portland-Vancouver-Hillsboro  OR-WA ,706,706,208023,23,46,8275,7,22,4636,26,814,76138,541,541,154850,23,46,8275,7,22,4636,24,793,74016
201905,440,41420, ,Salem  OR ,69,69,19402,0,0,0,1,3,250,4,40,4853,69,69,19402,0,0,0,1,3,250,4,40,4853
201905,444,39380,C,Pueblo  CO ,42,42,6839,0,0,0,0,0,0,0,0,0,42,42,6839,0,0,0,0,0,0,0,0,0
201905,450,20500,C,Durham-Chapel Hill  NC ,315,315,71279,0,0,0,0,0,0,5,136,10834,84,84,21395,0,0,0,0,0,0,0,0,0
201905,450,39580,C,Raleigh-Cary  NC ,1255,1255,277233,0,0,0,0,0,0,11,608,66599,1255,1255,277233,0,0,0,0,0,0,11,608,66599
201905,452,39660, ,Rapid City  SD ,31,31,6907,0,0,0,0,0,0,0,0,0,31,31,6907,0,0,0,0,0,0,0,0,0
201905,454,39820, ,Redding  CA ,19,19,5268,0,0,0,0,0,0,0,0,0,19,19,5268,0,0,0,0,0,0,0,0,0
201905,456,16180,C,Carson City  NV ,12,12,3376,0,0,0,0,0,0,0,0,0,0,0,0,0,0,0,0,0,0,0,0,0
201905,456,39900,C,Reno  NV ,179,179,46878,2,4,109,0,0,0,12,288,34322,70,70,19587,0,0,0,0,0,0,3,176,21803
201905,462,40340, ,Rochester  MN ,29,29,8349,0,0,0,0,0,0,0,0,0,29,29,8349,0,0,0,0,0,0,0,0,0
201905,464,40380, ,Rochester  NY ,128,128,29515,0,0,0,0,0,0,4,47,4836,108,108,25084,0,0,0,0,0,0,2,37,4185
201905,466,40420, ,Rockford  IL ,19,19,2982,0,0,0,0,0,0,0,0,0,19,19,2982,0,0,0,0,0,0,0,0,0
201905,472,40900,C,Sacramento-Roseville-Folsom  CA ,689,689,206989,7,14,1925,0,0,0,3,24,4152,687,687,206511,7,14,1925,0,0,0,3,24,4152
201905,474,13020, ,Bay City  MI ,1,1,200,0,0,0,0,0,0,0,0,0,1,1,200,0,0,0,0,0,0,0,0,0
201905,474,33220, ,Midland  MI ,5,5,724,0,0,0,0,0,0,0,0,0,5,5,724,0,0,0,0,0,0,0,0,0
201905,474,40980, ,Saginaw  MI ,3,3,640,0,0,0,1,4,200,0,0,0,3,3,640,0,0,0,1,4,200,0,0,0
201905,476,41180, ,St. Louis  MO-IL ,508,508,143264,3,6,1029,6,22,2766,20,248,28203,396,396,107682,3,6,1029,5,19,2407,18,226,25607
201905,480,41540, ,Salisbury  MD-DE ,323,323,46450,4,8,624,0,0,0,8,54,5403,321,321,46135,4,8,624,0,0,0,8,54,5403
201905,482,36260, ,Ogden-Clearfield  UT ,209,209,54692,1,2,245,2,7,1134,4,49,5154,183,183,47167,1,2,245,1,3,395,3,44,4600
201905,482,39340, ,Provo-Orem  UT ,531,531,149223,0,0,0,2,7,1250,2,91,14066,500,500,140208,0,0,0,2,7,1250,2,91,14066
201905,482,41620, ,Salt Lake City  UT ,330,330,91034,14,28,4000,5,18,3114,17,627,70817,191,191,54267,14,28,4000,1,4,785,13,550,59990
201905,484,41700,C,San Antonio-New Braunfels  TX ,875,875,203058,0,0,0,1,4,520,2,15,1742,755,755,179064,0,0,0,1,4,520,1,8,250
201905,488,32900, ,Merced  CA ,10,10,1755,0,0,0,0,0,0,0,0,0,10,10,1755,0,0,0,0,0,0,0,0,0
201905,488,33700, ,Modesto  CA ,1,1,123,0,0,0,0,0,0,0,0,0,1,1,123,0,0,0,0,0,0,0,0,0
201905,488,41860,C,San Francisco-Oakland-Berkeley  CA ,365,365,145055,1,2,20,5,19,3719,22,656,154534,301,301,119321,1,2,20,5,19,3719,14,594,142290
201905,488,41940,C,San Jose-Sunnyvale-Santa Clara  CA ,198,198,71871,0,0,0,1,4,1237,9,294,45080,119,119,51662,0,0,0,0,0,0,5,40,7381
201905,488,42100, ,Santa Cruz-Watsonville  CA ,11,11,2369,0,0,0,1,3,344,2,10,1017,0,0,0,0,0,0,0,0,0,0,0,0
201905,488,42220, ,Santa Rosa-Petaluma  CA ,167,167,62325,0,0,0,0,0,0,0,0,0,167,167,62325,0,0,0,0,0,0,0,0,0
201905,488,44700, ,Stockton  CA ,214,214,69629,0,0,0,0,0,0,0,0,0,187,187,61253,0,0,0,0,0,0,0,0,0
201905,488,46700, ,Vallejo  CA ,100,100,28186,0,0,0,0,0,0,0,0,0,100,100,28186,0,0,0,0,0,0,0,0,0
201905,496,25980, ,Hinesville  GA ,33,33,7628,0,0,0,0,0,0,0,0,0,33,33,7628,0,0,0,0,0,0,0,0,0
201905,496,42340, ,Savannah  GA ,210,210,53104,0,0,0,0,0,0,0,0,0,204,204,52343,0,0,0,0,0,0,0,0,0
201905,500,14740,C,Bremerton-Silverdale-Port Orchard  WA ,79,79,25726,0,0,0,0,0,0,0,0,0,68,68,22991,0,0,0,0,0,0,0,0,0
201905,500,34580, ,Mount Vernon-Anacortes  WA ,52,52,10024,0,0,0,0,0,0,0,0,0,37,37,7559,0,0,0,0,0,0,0,0,0
201905,500,36500, ,Olympia-Lacey-Tumwater  WA ,73,73,19587,0,0,0,0,0,0,7,160,18318,57,57,15705,0,0,0,0,0,0,6,152,17534
201905,500,42660,C,Seattle-Tacoma-Bellevue  WA ,830,830,288893,28,56,13642,24,88,15034,45,1358,182169,691,691,233691,27,54,13290,24,88,15034,42,1314,177596
201905,508,43340,C,Shreveport-Bossier City  LA ,101,101,26033,0,0,0,0,0,0,0,0,0,95,95,24333,0,0,0,0,0,0,0,0,0
201905,515,21140, ,Elkhart-Goshen  IN ,21,21,5904,0,0,0,0,0,0,0,0,0,21,21,5904,0,0,0,0,0,0,0,0,0
201905,515,35660, ,Niles  MI ,2,2,361,0,0,0,0,0,0,0,0,0,1,1,175,0,0,0,0,0,0,0,0,0
201905,515,43780, ,South Bend-Mishawaka  IN-MI ,23,23,5935,0,0,0,0,0,0,0,0,0,23,23,5935,0,0,0,0,0,0,0,0,0
201905,518,17660, ,Coeur dAlene  ID ,161,161,37548,2,4,597,0,0,0,8,99,10230,122,122,29047,2,4,597,0,0,0,6,87,8932
201905,518,44060, ,Spokane-Spokane Valley  WA ,179,179,44308,14,28,4881,0,0,0,4,93,9676,176,176,43489,14,28,4881,0,0,0,2,52,4730
201905,522,44100, ,Springfield  IL ,6,6,1698,2,4,752,0,0,0,1,5,250,0,0,0,0,0,0,0,0,0,0,0,0
201905,524,44300, ,State College  PA ,11,11,2733,0,0,0,0,0,0,0,0,0,9,9,2400,0,0,0,0,0,0,0,0,0
201905,532,45060, ,Syracuse  NY ,23,23,4896,0,0,0,0,0,0,1,30,3461,21,21,4524,0,0,0,0,0,0,0,0,0
201905,534,45780, ,Toledo  OH ,75,75,19477,4,8,2120,0,0,0,0,0,0,74,74,19364,4,8,2120,0,0,0,0,0,0
201905,536,46060,C,Tucson  AZ ,279,279,76325,2,4,478,0,0,0,11,125,17724,134,134,36076,0,0,0,0,0,0,0,0,0
201905,538,46140,C,Tulsa  OK ,328,328,68013,2,4,324,0,0,0,1,5,341,277,277,57767,2,4,324,0,0,0,0,0,0
201905,540,46340, ,Tyler  TX ,23,23,7393,0,0,0,0,0,0,0,0,0,23,23,7393,0,0,0,0,0,0,0,0,0
201905,545,47260, ,Virginia Beach-Norfolk-Newport News  VA-NC ,368,368,79110,0,0,0,0,0,0,19,394,24617,332,332,74356,0,0,0,0,0,0,19,394,24617
201905,548,12580,C,Baltimore-Columbia-Towson  MD ,499,499,116779,0,0,0,0,0,0,19,574,61035,493,493,115060,0,0,0,0,0,0,19,574,61035
201905,548,15680,C,California-Lexington Park  MD ,62,62,13655,0,0,0,0,0,0,6,66,11825,62,62,13655,0,0,0,0,0,0,6,66,11825
201905,548,16540,C,Chambersburg-Waynesboro  PA ,29,29,4770,0,0,0,0,0,0,1,5,488,20,20,3432,0,0,0,0,0,0,0,0,0
201905,548,25180, ,Hagerstown-Martinsburg  MD-WV ,130,130,27040,3,6,1151,0,0,0,0,0,0,125,125,26337,3,6,1151,0,0,0,0,0,0
201905,548,47900, ,Washington-Arlington-Alexandria  DC-VA-MD-WV ,1101,1101,264354,2,4,486,7,23,2990,22,1222,138224,1088,1088,260609,2,4,486,7,23,2990,21,1199,136800
201905,548,49020, ,Winchester  VA-WV ,50,50,12865,0,0,0,4,13,2549,0,0,0,50,50,12865,0,0,0,4,13,2549,0,0,0
201905,554,48140, ,Wausau-Weston  WI ,22,22,4348,1,2,250,0,0,0,0,0,0,8,8,1890,1,2,250,0,0,0,0,0,0
201905,556,48620, ,Wichita  KS ,102,102,19522,11,22,1879,0,0,0,1,18,1260,3,3,1156,0,0,0,0,0,0,0,0,0
201905,558,48700, ,Williamsport  PA ,0,0,0,1,2,320,0,0,0,0,0,0,0,0,0,1,2,320,0,0,0,0,0,0
201905,566,49660, ,Youngstown-Warren-Boardman  OH-PA ,21,21,4130,0,0,0,1,3,467,0,0,0,21,21,4130,0,0,0,1,3,467,0,0,0
201905,999,10180, ,Abilene  TX ,27,27,5880,2,4,298,0,0,0,0,0,0,0,0,0,0,0,0,0,0,0,0,0,0
201905,999,10500, ,Albany  GA ,9,9,968,0,0,0,4,15,9006,0,0,0,9,9,968,0,0,0,4,15,9006,0,0,0
201905,999,10780, ,Alexandria  LA ,22,22,4822,0,0,0,0,0,0,0,0,0,0,0,0,0,0,0,0,0,0,0,0,0
201905,999,10900, ,Allentown-Bethlehem-Easton  PA-NJ ,41,41,9054,0,0,0,0,0,0,1,5,181,24,24,4915,0,0,0,0,0,0,0,0,0
201905,999,11260,C,Anchorage  AK ,85,85,26369,0,0,0,1,4,695,4,69,9138,7,7,1996,0,0,0,0,0,0,2,52,6450
201905,999,11500, ,Anniston-Oxford  AL ,4,4,727,0,0,0,0,0,0,0,0,0,4,4,727,0,0,0,0,0,0,0,0,0
201905,999,12260, ,Augusta-Richmond County  GA-SC ,279,279,53488,0,0,0,2,6,552,2,35,2148,117,117,24143,0,0,0,2,6,552,0,0,0
201905,999,12420, ,Austin-Round Rock-Georgetown  TX ,1770,1770,437140,4,8,910,0,0,0,34,1685,104116,1476,1476,373002,2,4,450,0,0,0,34,1685,104116
201905,999,12540, ,Bakersfield  CA ,181,181,45462,4,8,946,1,3,357,0,0,0,30,30,4624,0,0,0,0,0,0,0,0,0
201905,999,12620, ,Bangor  ME ,12,12,3453,0,0,0,0,0,0,0,0,0,7,7,2450,0,0,0,0,0,0,0,0,0
201905,999,12940, ,Baton Rouge  LA ,323,323,72142,0,0,0,0,0,0,1,5,943,215,215,48067,0,0,0,0,0,0,0,0,0
201905,999,13140, ,Beaumont-Port Arthur  TX ,62,62,12101,0,0,0,0,0,0,0,0,0,62,62,12101,0,0,0,0,0,0,0,0,0
201905,999,13220,C,Beckley  WV ,8,8,1388,0,0,0,0,0,0,0,0,0,8,8,1388,0,0,0,0,0,0,0,0,0
201905,999,13380, ,Bellingham  WA ,93,93,24591,1,2,311,1,3,548,2,15,1438,80,80,21293,0,0,0,0,0,0,2,15,1438
201905,999,13740, ,Billings  MT ,32,32,8547,2,4,763,2,6,702,0,0,0,32,32,8547,2,4,763,2,6,702,0,0,0
201905,999,13780, ,Binghamton  NY ,0,0,0,0,0,0,0,0,0,0,0,0,0,0,0,0,0,0,0,0,0,0,0,0
201905,999,13900, ,Bismarck  ND ,52,52,13720,1,2,493,0,0,0,0,0,0,46,46,11989,1,2,493,0,0,0,0,0,0
201905,999,13980, ,Blacksburg-Christiansburg  VA ,9,9,1862,0,0,0,0,0,0,0,0,0,0,0,0,0,0,0,0,0,0,0,0,0
201905,999,15260, ,Brunswick  GA ,58,58,16601,0,0,0,0,0,0,0,0,0,0,0,0,0,0,0,0,0,0,0,0,0
201905,999,16220, ,Casper  WY ,19,19,4267,1,2,161,0,0,0,1,10,1221,11,11,2044,0,0,0,0,0,0,0,0,0
201905,999,16580, ,Champaign-Urbana  IL ,13,13,3295,0,0,0,0,0,0,0,0,0,13,13,3295,0,0,0,0,0,0,0,0,0
201905,999,16700,C,Charleston-North Charleston  SC ,471,471,135418,0,0,0,0,0,0,5,175,11077,297,297,107399,0,0,0,0,0,0,0,0,0
201905,999,16820, ,Charlottesville  VA ,68,68,20984,0,0,0,0,0,0,2,36,7025,0,0,0,0,0,0,0,0,0,0,0,0
201905,999,16940, ,Cheyenne  WY ,52,52,9654,0,0,0,2,8,689,1,10,1206,31,31,5722,0,0,0,0,0,0,0,0,0
201905,999,17020, ,Chico  CA ,33,33,7735,1,2,344,0,0,0,0,0,0,33,33,7735,1,2,344,0,0,0,0,0,0
201905,999,17300,C,Clarksville  TN-KY ,233,233,31161,1,2,155,1,3,130,0,0,0,162,162,18856,1,2,155,1,3,130,0,0,0
201905,999,17780, ,College Station-Bryan  TX ,123,123,22311,0,0,0,0,0,0,0,0,0,123,123,22311,0,0,0,0,0,0,0,0,0
201905,999,17820,C,Colorado Springs  CO ,451,451,168406,1,2,662,1,4,425,14,299,39507,451,451,168406,1,2,662,1,4,425,14,299,39507
201905,999,18880,C,Crestview-Fort Walton Beach-Destin  FL ,190,190,67079,0,0,0,0,0,0,0,0,0,169,169,62847,0,0,0,0,0,0,0,0,0
201905,999,19060, ,Cumberland  MD-WV ,7,7,1600,0,0,0,0,0,0,0,0,0,7,7,1600,0,0,0,0,0,0,0,0,0
201905,999,19180, ,Danville  IL ,0,0,0,0,0,0,0,0,0,0,0,0,0,0,0,0,0,0,0,0,0,0,0,0
201905,999,19500, ,Decatur  IL ,3,3,690,0,0,0,0,0,0,0,0,0,3,3,690,0,0,0,0,0,0,0,0,0
201905,999,20220, ,Dubuque  IA ,11,11,3915,0,0,0,0,0,0,0,0,0,11,11,3915,0,0,0,0,0,0,0,0,0
201905,999,20260, ,Duluth  MN-WI ,10,10,2070,1,2,250,0,0,0,0,0,0,10,10,2070,1,2,250,0,0,0,0,0,0
201905,999,20940, ,El Centro  CA ,2,2,340,0,0,0,0,0,0,0,0,0,2,2,340,0,0,0,0,0,0,0,0,0
201905,999,21420, ,Enid  OK ,1,1,60,0,0,0,0,0,0,0,0,0,1,1,60,0,0,0,0,0,0,0,0,0
201905,999,21660, ,Eugene-Springfield  OR ,64,64,16087,0,0,0,0,0,0,1,8,1050,40,40,10090,0,0,0,0,0,0,1,8,1050
201905,999,21780, ,Evansville  IN-KY ,70,70,20817,0,0,0,0,0,0,1,24,2800,70,70,20817,0,0,0,0,0,0,1,24,2800
201905,999,21820,C,Fairbanks  AK ,0,0,0,0,0,0,0,0,0,0,0,0,0,0,0,0,0,0,0,0,0,0,0,0
201905,999,22140,C,Farmington  NM ,6,6,1114,0,0,0,0,0,0,0,0,0,6,6,1114,0,0,0,0,0,0,0,0,0
201905,999,22220, ,Fayetteville-Springdale-Rogers  AR-MO ,429,429,112528,3,6,1061,7,27,3332,6,71,6278,351,351,97637,2,4,908,6,24,3151,3,35,3337
201905,999,22380, ,Flagstaff  AZ ,67,67,12067,0,0,0,0,0,0,0,0,0,67,67,12067,0,0,0,0,0,0,0,0,0
201905,999,22500, ,Florence  SC ,40,40,4871,0,0,0,0,0,0,3,59,5110,0,0,0,0,0,0,0,0,0,0,0,0
201905,999,22520, ,Florence-Muscle Shoals  AL ,17,17,1984,0,0,0,0,0,0,0,0,0,5,5,566,0,0,0,0,0,0,0,0,0
201905,999,22540, ,Fond du Lac  WI ,6,6,1322,0,0,0,0,0,0,0,0,0,0,0,0,0,0,0,0,0,0,0,0,0
201905,999,22660,C,Fort Collins  CO ,133,133,38503,0,0,0,0,0,0,2,24,3687,106,106,31077,0,0,0,0,0,0,1,6,1340
201905,999,22900, ,Fort Smith  AR-OK ,32,32,6087,0,0,0,4,16,861,0,0,0,28,28,5679,0,0,0,4,16,861,0,0,0
201905,999,23460, ,Gadsden  AL ,7,7,1249,0,0,0,0,0,0,0,0,0,7,7,1249,0,0,0,0,0,0,0,0,0
201905,999,24220, ,Grand Forks  ND-MN ,15,15,4451,3,6,1415,0,0,0,3,45,5759,15,15,4451,3,6,1415,0,0,0,3,45,5759
201905,999,24260, ,Grand Island  NE ,11,11,1738,4,8,826,0,0,0,2,18,1899,11,11,1738,4,8,826,0,0,0,2,18,1899
201905,999,24300,C,Grand Junction  CO ,71,71,12122,0,0,0,0,0,0,1,60,4414,71,71,12122,0,0,0,0,0,0,1,60,4414
201905,999,24500,C,Great Falls  MT ,12,12,3070,0,0,0,0,0,0,0,0,0,12,12,3070,0,0,0,0,0,0,0,0,0
201905,999,25060, ,Gulfport-Biloxi  MS ,188,188,36367,0,0,0,1,3,301,1,8,677,146,146,30458,0,0,0,0,0,0,0,0,0
201905,999,25860, ,Hickory-Lenoir-Morganton  NC ,1,1,151,1,2,360,0,0,0,1,5,279,0,0,0,0,0,0,0,0,0,0,0,0
201905,999,25940, ,Hilton Head Island-Bluffton  SC ,79,79,22264,0,0,0,0,0,0,0,0,0,75,75,20505,0,0,0,0,0,0,0,0,0
201905,999,26140, ,Homosassa Springs  FL ,40,40,8644,1,2,55,0,0,0,1,10,865,0,0,0,0,0,0,0,0,0,0,0,0
201905,999,26380, ,Houma-Thibodaux  LA ,24,24,7714,0,0,0,0,0,0,0,0,0,24,24,7714,0,0,0,0,0,0,0,0,0
201905,999,27100, ,Jackson  MI ,0,0,0,0,0,0,0,0,0,0,0,0,0,0,0,0,0,0,0,0,0,0,0,0
201905,999,27340,C,Jacksonville  NC ,107,107,16728,3,6,780,0,0,0,0,0,0,104,104,16167,3,6,780,0,0,0,0,0,0
201905,999,27980,C,Kahului-Wailuku-Lahaina  HI ,76,76,21674,1,2,701,0,0,0,17,85,28225,76,76,21674,1,2,701,0,0,0,17,85,28225
201905,999,28660,C,Killeen-Temple  TX ,193,193,32026,14,28,2334,0,0,0,0,0,0,168,168,27702,13,26,2140,0,0,0,0,0,0
201905,999,29100, ,La Crosse-Onalaska  WI-MN ,15,15,3854,4,8,1555,3,11,1405,3,35,3023,14,14,3645,4,8,1555,3,11,1405,2,30,2650
201905,999,29420, ,Lake Havasu City-Kingman  AZ ,73,73,15788,2,4,593,0,0,0,0,0,0,73,73,15788,2,4,593,0,0,0,0,0,0
201905,999,29540, ,Lancaster  PA ,11,11,2025,0,0,0,0,0,0,0,0,0,2,2,427,0,0,0,0,0,0,0,0,0
201905,999,29620, ,Lansing-East Lansing  MI ,16,16,4113,0,0,0,0,0,0,0,0,0,12,12,3375,0,0,0,0,0,0,0,0,0
201905,999,29700, ,Laredo  TX ,106,106,19033,1,2,140,1,3,192,2,30,2854,0,0,0,0,0,0,0,0,0,0,0,0
201905,999,30020, ,Lawton  OK ,2,2,360,0,0,0,0,0,0,0,0,0,2,2,360,0,0,0,0,0,0,0,0,0
201905,999,30300, ,Lewiston  ID-WA ,0,0,0,0,0,0,0,0,0,0,0,0,0,0,0,0,0,0,0,0,0,0,0,0
201905,999,30860, ,Logan  UT-ID ,6,6,2340,1,2,237,1,4,508,1,12,1535,6,6,2340,1,2,237,1,4,508,1,12,1535
201905,999,30980, ,Longview  TX ,13,13,2262,0,0,0,0,0,0,0,0,0,0,0,0,0,0,0,0,0,0,0,0,0
201905,999,31340, ,Lynchburg  VA ,27,27,6075,0,0,0,0,0,0,0,0,0,10,10,1667,0,0,0,0,0,0,0,0,0
201905,999,31740, ,Manhattan  KS ,21,21,5665,0,0,0,0,0,0,1,5,641,10,10,2975,0,0,0,0,0,0,0,0,0
201905,999,33540,C,Missoula  MT ,35,35,7296,4,8,341,0,0,0,0,0,0,35,35,7296,4,8,341,0,0,0,0,0,0
201905,999,36100, ,Ocala  FL ,198,198,38679,0,0,0,0,0,0,0,0,0,198,198,38679,0,0,0,0,0,0,0,0,0
201905,999,36980, ,Owensboro  KY ,26,26,2664,0,0,0,0,0,0,0,0,0,26,26,2664,0,0,0,0,0,0,0,0,0
201905,999,37340, ,Palm Bay-Melbourne-Titusville  FL ,173,173,62097,0,0,0,0,0,0,10,316,25412,173,173,62097,0,0,0,0,0,0,10,316,25412
201905,999,37460, ,Panama City  FL ,54,54,14306,0,0,0,0,0,0,1,36,2960,0,0,0,0,0,0,0,0,0,0,0,0
201905,999,37900, ,Peoria  IL ,3,3,532,0,0,0,0,0,0,0,0,0,2,2,500,0,0,0,0,0,0,0,0,0
201905,999,38340, ,Pittsfield  MA ,1,1,329,0,0,0,0,0,0,0,0,0,0,0,0,0,0,0,0,0,0,0,0,0
201905,999,38540, ,Pocatello  ID ,27,27,3366,0,0,0,0,0,0,0,0,0,23,23,2528,0,0,0,0,0,0,0,0,0
201905,999,39150, ,Prescott Valley-Prescott  AZ ,117,117,34574,1,2,212,0,0,0,0,0,0,117,117,34574,1,2,212,0,0,0,0,0,0
201905,999,40060, ,Richmond  VA ,422,422,82092,0,0,0,4,16,1857,3,139,14944,401,401,79067,0,0,0,4,16,1857,3,139,14944
201905,999,41100, ,St. George  UT ,149,149,31033,0,0,0,4,15,2065,8,258,24754,149,149,31033,0,0,0,4,15,2065,8,258,24754
201905,999,41500, ,Salinas  CA ,35,35,11732,0,0,0,0,0,0,0,0,0,35,35,11732,0,0,0,0,0,0,0,0,0
201905,999,41660,C,San Angelo  TX ,18,18,4596,0,0,0,0,0,0,0,0,0,18,18,4596,0,0,0,0,0,0,0,0,0
201905,999,41740,C,San Diego-Chula Vista-Carlsbad  CA ,244,244,83071,3,6,987,0,0,0,15,1074,164640,236,236,78171,2,4,725,0,0,0,14,1068,163859
201905,999,42020, ,San Luis Obispo-Paso Robles  CA ,47,47,19381,0,0,0,0,0,0,0,0,0,47,47,19381,0,0,0,0,0,0,0,0,0
201905,999,42200, ,Santa Maria-Santa Barbara  CA ,21,21,4940,0,0,0,0,0,0,0,0,0,21,21,4940,0,0,0,0,0,0,0,0,0
201905,999,42540, ,Scranton--Wilkes-Barre  PA ,3,3,662,1,2,379,0,0,0,0,0,0,3,3,662,1,2,379,0,0,0,0,0,0
201905,999,43100, ,Sheboygan  WI ,3,3,972,0,0,0,0,0,0,0,0,0,3,3,972,0,0,0,0,0,0,0,0,0
201905,999,43420, ,Sierra Vista-Douglas  AZ ,26,26,4511,0,0,0,0,0,0,0,0,0,14,14,2375,0,0,0,0,0,0,0,0,0
201905,999,43580, ,Sioux City  IA-NE-SD ,12,12,3306,0,0,0,0,0,0,0,0,0,1,1,176,0,0,0,0,0,0,0,0,0
201905,999,43620, ,Sioux Falls  SD ,127,127,24853,1,2,387,1,3,824,6,105,9881,16,16,3352,1,2,387,0,0,0,2,12,1067
201905,999,44140, ,Springfield  MA ,3,3,677,0,0,0,0,0,0,0,0,0,1,1,230,0,0,0,0,0,0,0,0,0
201905,999,44180, ,Springfield  MO ,69,69,17427,1,2,325,2,7,970,1,32,3558,54,54,14743,1,2,325,1,4,720,0,0,0
201905,999,44940, ,Sumter  SC ,20,20,2870,1,2,200,0,0,0,0,0,0,20,20,2870,1,2,200,0,0,0,0,0,0
201905,999,45220, ,Tallahassee  FL ,82,82,16678,0,0,0,0,0,0,4,133,17571,22,22,4639,0,0,0,0,0,0,0,0,0
201905,999,45300,C,Tampa-St. Petersburg-Clearwater  FL ,1324,1324,393455,7,14,1619,3,12,675,5,326,31204,1309,1309,388580,6,12,1339,3,12,675,5,326,31204
201905,999,45460, ,Terre Haute  IN ,1,1,800,1,2,285,0,0,0,0,0,0,1,1,800,1,2,285,0,0,0,0,0,0
201905,999,45500, ,Texarkana  TX-AR ,3,3,685,0,0,0,0,0,0,0,0,0,0,0,0,0,0,0,0,0,0,0,0,0
201905,999,45820, ,Topeka  KS ,13,13,2617,0,0,0,0,0,0,0,0,0,13,13,2617,0,0,0,0,0,0,0,0,0
201905,999,46220, ,Tuscaloosa  AL ,63,63,16419,1,2,475,2,6,839,4,61,5909,32,32,7736,0,0,0,0,0,0,0,0,0
201905,999,46300, ,Twin Falls  ID ,47,47,9551,0,0,0,0,0,0,0,0,0,47,47,9551,0,0,0,0,0,0,0,0,0
201905,999,46520,C,Urban Honolulu  HI ,88,88,31461,0,0,0,0,0,0,11,510,81685,88,88,31461,0,0,0,0,0,0,11,510,81685
201905,999,46540, ,Utica-Rome  NY ,1,1,219,0,0,0,0,0,0,0,0,0,1,1,219,0,0,0,0,0,0,0,0,0
201905,999,46660, ,Valdosta  GA ,94,94,17548,1,2,133,0,0,0,0,0,0,44,44,9106,0,0,0,0,0,0,0,0,0
201905,999,47300, ,Visalia  CA ,120,120,25752,0,0,0,0,0,0,2,18,1307,120,120,25752,0,0,0,0,0,0,2,18,1307
201905,999,47380, ,Waco  TX ,51,51,11453,1,2,240,1,3,161,1,6,411,0,0,0,0,0,0,0,0,0,0,0,0
201905,999,47940, ,Waterloo-Cedar Falls  IA ,11,11,2746,0,0,0,0,0,0,0,0,0,0,0,0,0,0,0,0,0,0,0,0,0
201905,999,48060, ,Watertown-Fort Drum  NY ,13,13,2100,0,0,0,0,0,0,0,0,0,13,13,2100,0,0,0,0,0,0,0,0,0
201905,999,48300, ,Wenatchee  WA ,46,46,10531,0,0,0,0,0,0,3,36,4010,21,21,6419,0,0,0,0,0,0,3,36,4010
201905,999,48540, ,Wheeling  WV-OH ,0,0,0,0,0,0,0,0,0,0,0,0,0,0,0,0,0,0,0,0,0,0,0,0
201905,999,48660, ,Wichita Falls  TX ,0,0,0,0,0,0,0,0,0,0,0,0,0,0,0,0,0,0,0,0,0,0,0,0
201905,999,48900, ,Wilmington  NC ,113,113,36216,0,0,0,0,0,0,14,526,46576,112,112,35894,0,0,0,0,0,0,14,526,46576
201905,999,49420, ,Yakima  WA ,43,43,10482,2,4,636,0,0,0,0,0,0,43,43,10482,2,4,636,0,0,0,0,0,0
201905,999,49740, ,Yuma  AZ ,111,111,17076,0,0,0,1,3,390,1,6,793,60,60,8012,0,0,0,0,0,0,0,0,0
