Survey,CSA,CBSA,MONCOV,CBSA,,1-unit,,,2-units,,,3-4 units,,,5+ units,,,1-unit rep,,,2-units rep,,,3-4 units rep,,,5+ units rep
Date,Code,Code,,Name,Bldgs,Units,Value,Bldgs,Units,Value,Bldgs,Units,Value,Bldgs,Units,Value,Bldgs,Units,Value,Bldgs,Units,Value,      Bldgs,Units,Value,Bldgs,Units,Value
 
201911,104,10580,C,Albany-Schenectady-Troy  NY ,108,108,30880,3,6,1060,2,7,1100,7,60,5788,91,91,26315,3,6,1060,2,7,1100,3,32,2720
201911,104,24020, ,Glens Falls  NY ,21,21,4936,0,0,0,0,0,0,0,0,0,14,14,3292,0,0,0,0,0,0,0,0,0
201911,106,10740,C,Albuquerque  NM ,151,151,34526,0,0,0,1,3,348,1,6,250,16,16,6411,0,0,0,0,0,0,0,0,0
201911,106,42140,C,Santa Fe  NM ,18,18,4515,0,0,0,0,0,0,3,120,13504,18,18,4515,0,0,0,0,0,0,3,120,13504
201911,107,11020, ,Altoona  PA ,0,0,0,0,0,0,0,0,0,0,0,0,0,0,0,0,0,0,0,0,0,0,0,0
201911,108,11100, ,Amarillo  TX ,22,22,5224,0,0,0,0,0,0,0,0,0,22,22,5224,0,0,0,0,0,0,0,0,0
201911,118,11540, ,Appleton  WI ,24,24,7471,3,6,1069,0,0,0,0,0,0,24,24,7471,3,6,1069,0,0,0,0,0,0
201911,118,36780, ,Oshkosh-Neenah  WI ,7,7,2031,4,8,1197,0,0,0,0,0,0,7,7,2031,4,8,1197,0,0,0,0,0,0
201911,120,11700, ,Asheville  NC ,142,142,41356,0,0,0,0,0,0,2,19,2254,35,35,9599,0,0,0,0,0,0,0,0,0
201911,122,12020, ,Athens-Clarke County  GA ,126,126,25553,17,34,3677,0,0,0,0,0,0,126,126,25553,17,34,3677,0,0,0,0,0,0
201911,122,12060, ,Atlanta-Sandy Springs-Alpharetta  GA ,1711,1711,385980,0,0,0,0,0,0,9,108,14481,1485,1485,334501,0,0,0,0,0,0,5,32,5068
201911,122,23580, ,Gainesville  GA ,39,39,9926,4,8,1095,0,0,0,7,194,19634,39,39,9926,4,8,1095,0,0,0,7,194,19634
201911,122,40660,C,Rome  GA ,2,2,290,0,0,0,0,0,0,0,0,0,2,2,290,0,0,0,0,0,0,0,0,0
201911,140,13460,C,Bend  OR ,100,100,25438,2,4,998,0,0,0,1,24,2500,100,100,25438,2,4,998,0,0,0,1,24,2500
201911,142,13820,C,Birmingham-Hoover  AL ,242,242,65612,1,2,247,0,0,0,1,13,1311,158,158,46252,0,0,0,0,0,0,0,0,0
201911,144,14020,C,Bloomington  IN ,18,18,4689,2,4,538,0,0,0,1,11,1266,3,3,812,0,0,0,0,0,0,0,0,0
201911,145,14010, ,Bloomington  IL ,4,4,686,0,0,0,0,0,0,0,0,0,4,4,686,0,0,0,0,0,0,0,0,0
201911,146,14100,C,Bloomsburg-Berwick  PA ,5,5,1486,1,2,240,0,0,0,0,0,0,4,4,1242,1,2,240,0,0,0,0,0,0
201911,147,14260,C,Boise City  ID ,544,544,124607,1,2,442,8,32,3077,8,365,42832,445,445,98353,1,2,442,8,32,3077,8,365,42832
201911,148,12700, ,Barnstable Town  MA ,5,5,1772,0,0,0,1,3,499,0,0,0,5,5,1772,0,0,0,1,3,499,0,0,0
201911,148,14460,C,Boston-Cambridge-Newton  MA-NH ,344,344,107460,10,20,3982,8,26,6450,36,999,159399,171,171,55577,5,10,2025,6,20,4505,15,638,108195
201911,148,31700, ,Manchester-Nashua  NH ,28,28,5258,2,4,669,0,0,0,1,6,757,7,7,1595,1,2,300,0,0,0,0,0,0
201911,148,39300,C,Providence-Warwick  RI-MA ,119,119,31445,6,12,1645,2,8,1040,2,10,906,75,75,21814,3,6,850,2,8,1040,0,0,0
201911,148,49340, ,Worcester  MA-CT ,16,16,3831,1,2,201,0,0,0,0,0,0,8,8,1998,0,0,0,0,0,0,0,0,0
201911,150,14540, ,Bowling Green  KY ,31,31,7361,1,2,300,0,0,0,0,0,0,31,31,7361,1,2,300,0,0,0,0,0,0
201911,154,15180, ,Brownsville-Harlingen  TX ,81,81,8627,0,0,0,0,0,0,0,0,0,31,31,3553,0,0,0,0,0,0,0,0,0
201911,160,15380,C,Buffalo-Cheektowaga  NY ,82,82,25351,0,0,0,0,0,0,22,165,32256,73,73,23582,0,0,0,0,0,0,20,135,25525
201911,162,15540, ,Burlington-South Burlington  VT ,19,19,5327,0,0,0,0,0,0,1,12,1169,14,14,3970,0,0,0,0,0,0,0,0,0
201911,163,15980,C,Cape Coral-Fort Myers  FL ,496,496,112297,6,12,1556,2,8,2570,9,282,21379,496,496,112297,6,12,1556,2,8,2570,9,282,21379
201911,163,34940, ,Naples-Marco Island  FL ,235,235,54465,0,0,0,2,8,1457,4,32,7374,235,235,54465,0,0,0,2,8,1457,4,32,7374
201911,164,16020, ,Cape Girardeau  MO-IL ,0,0,0,0,0,0,0,0,0,0,0,0,0,0,0,0,0,0,0,0,0,0,0,0
201911,168,16300, ,Cedar Rapids  IA ,21,21,3782,0,0,0,1,3,450,1,50,5131,21,21,3782,0,0,0,1,3,450,1,50,5131
201911,168,26980, ,Iowa City  IA ,25,25,7657,0,0,0,0,0,0,0,0,0,24,24,7519,0,0,0,0,0,0,0,0,0
201911,170,16620, ,Charleston  WV ,23,23,1610,1,2,640,0,0,0,0,0,0,23,23,1610,1,2,640,0,0,0,0,0,0
201911,170,26580, ,Huntington-Ashland  WV-KY-OH ,11,11,2593,0,0,0,0,0,0,0,0,0,1,1,635,0,0,0,0,0,0,0,0,0
201911,172,16740, ,Charlotte-Concord-Gastonia  NC-SC ,1111,1111,294887,1,2,139,5,20,1711,16,587,45324,1029,1029,266993,1,2,139,5,20,1711,15,573,43735
201911,174,16860, ,Chattanooga  TN-GA ,127,127,27693,2,4,306,0,0,0,1,13,1472,84,84,18034,0,0,0,0,0,0,0,0,0
201911,174,17420, ,Cleveland  TN ,26,26,4386,1,2,173,1,4,360,0,0,0,0,0,0,0,0,0,0,0,0,0,0,0
201911,176,16980, ,Chicago-Naperville-Elgin  IL-IN-WI ,642,642,174306,10,20,1697,25,84,7653,23,882,27245,516,516,144358,7,14,661,25,84,7653,13,789,16494
201911,176,28100, ,Kankakee  IL ,1,1,328,0,0,0,0,0,0,0,0,0,1,1,328,0,0,0,0,0,0,0,0,0
201911,176,33140, ,Michigan City-La Porte  IN ,2,2,409,0,0,0,0,0,0,0,0,0,1,1,252,0,0,0,0,0,0,0,0,0
201911,178,17140, ,Cincinnati  OH-KY-IN ,300,300,78091,0,0,0,3,11,1923,7,556,79601,262,262,70075,0,0,0,2,8,1661,5,527,76438
201911,184,10420, ,Akron  OH ,38,38,19172,0,0,0,0,0,0,0,0,0,38,38,19172,0,0,0,0,0,0,0,0,0
201911,184,15940, ,Canton-Massillon  OH ,31,31,8594,0,0,0,1,3,154,8,58,4200,28,28,8244,0,0,0,0,0,0,6,48,3432
201911,184,17460, ,Cleveland-Elyria  OH ,176,176,50096,2,4,242,2,8,590,2,25,2380,138,138,43366,0,0,0,2,8,590,2,25,2380
201911,190,17860, ,Columbia  MO ,61,61,16052,0,0,0,0,0,0,0,0,0,61,61,16052,0,0,0,0,0,0,0,0,0
201911,192,17900,C,Columbia  SC ,286,286,63836,0,0,0,0,0,0,1,5,489,144,144,28134,0,0,0,0,0,0,0,0,0
201911,194,12220,C,Auburn-Opelika  AL ,114,114,27514,0,0,0,1,4,973,3,18,2182,114,114,27514,0,0,0,1,4,973,3,18,2182
201911,194,17980, ,Columbus  GA-AL ,31,31,6895,0,0,0,0,0,0,1,20,4431,24,24,5916,0,0,0,0,0,0,1,20,4431
201911,198,18140, ,Columbus  OH ,346,346,97969,0,0,0,0,0,0,28,552,39102,313,313,90038,0,0,0,0,0,0,27,547,38877
201911,204,18580, ,Corpus Christi  TX ,81,81,14097,0,0,0,0,0,0,0,0,0,0,0,0,0,0,0,0,0,0,0,0,0
201911,206,19100, ,Dallas-Fort Worth-Arlington  TX ,2789,2789,725542,10,20,3611,10,37,7325,106,2888,260088,2318,2318,604327,9,18,3368,10,37,7325,99,2563,218958
201911,209,19340, ,Davenport-Moline-Rock Island  IA-IL ,22,22,5230,0,0,0,0,0,0,0,0,0,13,13,2411,0,0,0,0,0,0,0,0,0
201911,212,19430, ,Dayton-Kettering  OH ,72,72,26702,0,0,0,0,0,0,0,0,0,48,48,21507,0,0,0,0,0,0,0,0,0
201911,212,44220, ,Springfield  OH ,1,1,271,0,0,0,0,0,0,0,0,0,1,1,271,0,0,0,0,0,0,0,0,0
201911,216,14500, ,Boulder  CO ,55,55,19014,0,0,0,0,0,0,3,120,25220,55,55,19014,0,0,0,0,0,0,3,120,25220
201911,216,19740,C,Denver-Aurora-Lakewood  CO ,777,777,226447,10,20,4446,2,6,895,5,511,45124,761,761,221743,10,20,4446,1,3,535,5,511,45124
201911,216,24540, ,Greeley  CO ,236,236,63128,1,2,363,1,4,632,4,72,5731,186,186,50696,0,0,0,0,0,0,1,6,1287
201911,218,11180, ,Ames  IA ,6,6,2233,0,0,0,0,0,0,0,0,0,6,6,2233,0,0,0,0,0,0,0,0,0
201911,218,19780, ,Des Moines-West Des Moines  IA ,260,260,75046,1,2,442,1,4,425,4,20,1845,250,250,72704,1,2,442,1,4,425,3,15,1385
201911,220,11460, ,Ann Arbor  MI ,18,18,4832,0,0,0,1,3,608,1,5,550,9,9,2339,0,0,0,0,0,0,0,0,0
201911,220,19820, ,Detroit-Warren-Dearborn  MI ,349,349,99116,2,4,320,7,27,5582,12,208,28452,266,266,77310,1,2,180,7,27,5582,9,193,27451
201911,220,22420, ,Flint  MI ,18,18,3983,0,0,0,0,0,0,0,0,0,13,13,2606,0,0,0,0,0,0,0,0,0
201911,220,33780, ,Monroe  MI ,0,0,0,0,0,0,0,0,0,0,0,0,0,0,0,0,0,0,0,0,0,0,0,0
201911,222,20020, ,Dothan  AL ,12,12,2754,0,0,0,0,0,0,0,0,0,10,10,2340,0,0,0,0,0,0,0,0,0
201911,232,20740, ,Eau Claire  WI ,30,30,8259,5,10,1339,1,4,408,2,29,3364,24,24,6722,2,4,566,0,0,0,1,24,3000
201911,236,21300, ,Elmira  NY ,0,0,0,0,0,0,0,0,0,0,0,0,0,0,0,0,0,0,0,0,0,0,0,0
201911,238,21340,C,El Paso  TX ,223,223,52206,4,8,1040,0,0,0,4,39,6811,103,103,24458,0,0,0,0,0,0,0,0,0
201911,238,29740,C,Las Cruces  NM ,68,68,17926,0,0,0,0,0,0,0,0,0,68,68,17926,0,0,0,0,0,0,0,0,0
201911,240,21500, ,Erie  PA ,2,2,910,0,0,0,0,0,0,0,0,0,2,2,910,0,0,0,0,0,0,0,0,0
201911,244,22020, ,Fargo  ND-MN ,35,35,9706,0,0,0,0,0,0,1,92,11000,31,31,8641,0,0,0,0,0,0,1,92,11000
201911,246,22180, ,Fayetteville  NC ,105,105,19335,0,0,0,0,0,0,0,0,0,65,65,14441,0,0,0,0,0,0,0,0,0
201911,258,23060,C,Fort Wayne  IN ,125,125,33857,0,0,0,0,0,0,1,6,475,125,125,33857,0,0,0,0,0,0,1,6,475
201911,260,23420,C,Fresno  CA ,172,172,50614,2,4,849,1,3,124,6,56,6978,80,80,23663,0,0,0,0,0,0,3,24,3619
201911,260,31460, ,Madera  CA ,40,40,11117,0,0,0,0,0,0,0,0,0,40,40,11117,0,0,0,0,0,0,0,0,0
201911,264,23540, ,Gainesville  FL ,35,35,8044,0,0,0,0,0,0,1,66,2247,25,25,6694,0,0,0,0,0,0,0,0,0
201911,266,24340, ,Grand Rapids-Kentwood  MI ,108,108,29352,2,4,816,3,9,1766,0,0,0,85,85,23999,1,2,421,2,6,1676,0,0,0
201911,266,34740, ,Muskegon  MI ,1,1,222,0,0,0,0,0,0,0,0,0,0,0,0,0,0,0,0,0,0,0,0,0
201911,267,24580, ,Green Bay  WI ,37,37,11399,0,0,0,0,0,0,3,29,2428,29,29,9248,0,0,0,0,0,0,2,22,1780
201911,268,15500, ,Burlington  NC ,54,54,9660,0,0,0,0,0,0,0,0,0,54,54,9660,0,0,0,0,0,0,0,0,0
201911,268,24660,C,Greensboro-High Point  NC ,195,195,42556,1,2,105,0,0,0,2,48,7685,153,153,27563,1,2,105,0,0,0,2,48,7685
201911,268,49180, ,Winston-Salem  NC ,230,230,33815,0,0,0,0,0,0,1,23,907,219,219,31499,0,0,0,0,0,0,0,0,0
201911,272,24780, ,Greenville  NC ,35,35,7371,0,0,0,0,0,0,0,0,0,35,35,7371,0,0,0,0,0,0,0,0,0
201911,273,24860, ,Greenville-Anderson  SC ,396,396,98220,1,2,253,0,0,0,4,83,6403,374,374,94968,0,0,0,0,0,0,3,78,6227
201911,273,43900, ,Spartanburg  SC ,176,176,26314,0,0,0,0,0,0,0,0,0,176,176,26314,0,0,0,0,0,0,0,0,0
201911,276,23900,C,Gettysburg  PA ,15,15,5332,0,0,0,0,0,0,0,0,0,15,15,5332,0,0,0,0,0,0,0,0,0
201911,276,25420,C,Harrisburg-Carlisle  PA ,61,61,12773,0,0,0,0,0,0,2,43,5690,36,36,7195,0,0,0,0,0,0,0,0,0
201911,276,30140, ,Lebanon  PA ,19,19,3534,0,0,0,0,0,0,0,0,0,0,0,0,0,0,0,0,0,0,0,0,0
201911,276,49620, ,York-Hanover  PA ,7,7,1677,0,0,0,1,4,366,0,0,0,6,6,1411,0,0,0,1,4,366,0,0,0
201911,277,25500,C,Harrisonburg  VA ,20,20,5526,0,0,0,0,0,0,0,0,0,20,20,5526,0,0,0,0,0,0,0,0,0
201911,277,44420, ,Staunton  VA ,11,11,2550,0,0,0,0,0,0,0,0,0,11,11,2550,0,0,0,0,0,0,0,0,0
201911,278,25540,C,Hartford-East Hartford-Middletown  CT ,58,58,11930,1,2,173,3,12,585,5,38,3123,42,42,8070,0,0,0,3,12,585,0,0,0
201911,278,35980, ,Norwich-New London  CT ,11,11,2227,0,0,0,1,4,45,0,0,0,4,4,1192,0,0,0,1,4,45,0,0,0
201911,279,25620, ,Hattiesburg  MS ,3,3,440,0,0,0,0,0,0,0,0,0,3,3,440,0,0,0,0,0,0,0,0,0
201911,284,26300, ,Hot Springs  AR ,6,6,905,4,8,792,0,0,0,0,0,0,6,6,905,4,8,792,0,0,0,0,0,0
201911,288,26420, ,Houston-The Woodlands-Sugar Land  TX ,2883,2883,524362,7,14,1518,1,4,440,48,2639,282193,2199,2199,471669,7,14,1518,1,4,440,45,2621,280934
201911,290,19460, ,Decatur  AL ,10,10,2070,0,0,0,0,0,0,0,0,0,8,8,1844,0,0,0,0,0,0,0,0,0
201911,290,26620,C,Huntsville  AL ,228,228,33254,0,0,0,0,0,0,0,0,0,165,165,21907,0,0,0,0,0,0,0,0,0
201911,292,26820, ,Idaho Falls  ID ,62,62,10322,0,0,0,0,0,0,0,0,0,62,62,10322,0,0,0,0,0,0,0,0,0
201911,294,18020, ,Columbus  IN ,13,13,3007,0,0,0,0,0,0,0,0,0,13,13,3007,0,0,0,0,0,0,0,0,0
201911,294,26900, ,Indianapolis-Carmel-Anderson  IN ,461,461,133434,8,16,2131,3,11,2450,0,0,0,443,443,129172,8,16,2131,3,11,2450,0,0,0
201911,294,34620, ,Muncie  IN ,1,1,13,0,0,0,0,0,0,0,0,0,1,1,13,0,0,0,0,0,0,0,0,0
201911,296,27060, ,Ithaca  NY ,1,1,48,0,0,0,0,0,0,1,8,960,0,0,0,0,0,0,0,0,0,0,0,0
201911,297,27180, ,Jackson  TN ,11,11,2864,0,0,0,0,0,0,0,0,0,11,11,2864,0,0,0,0,0,0,0,0,0
201911,298,27140, ,Jackson  MS ,92,92,22112,0,0,0,0,0,0,0,0,0,78,78,19735,0,0,0,0,0,0,0,0,0
201911,300,27260,C,Jacksonville  FL ,720,720,174379,0,0,0,1,4,537,4,287,32967,693,693,165969,0,0,0,1,4,537,3,269,30900
201911,304,27740, ,Johnson City  TN ,8,8,1765,0,0,0,0,0,0,0,0,0,8,8,1765,0,0,0,0,0,0,0,0,0
201911,304,28700, ,Kingsport-Bristol  TN-VA ,2,2,588,0,0,0,0,0,0,0,0,0,2,2,588,0,0,0,0,0,0,0,0,0
201911,306,27780, ,Johnstown  PA ,0,0,0,0,0,0,0,0,0,0,0,0,0,0,0,0,0,0,0,0,0,0,0,0
201911,308,27860, ,Jonesboro  AR ,32,32,5011,1,2,136,2,7,371,1,6,325,2,2,254,0,0,0,0,0,0,0,0,0
201911,309,27900, ,Joplin  MO ,12,12,1396,0,0,0,0,0,0,0,0,0,11,11,1273,0,0,0,0,0,0,0,0,0
201911,310,12980, ,Battle Creek  MI ,0,0,0,0,0,0,0,0,0,0,0,0,0,0,0,0,0,0,0,0,0,0,0,0
201911,310,28020, ,Kalamazoo-Portage  MI ,7,7,1923,0,0,0,0,0,0,0,0,0,2,2,434,0,0,0,0,0,0,0,0,0
201911,312,28140, ,Kansas City  MO-KS ,403,403,122529,12,24,3811,10,38,5136,7,87,10671,360,360,109879,12,24,3811,10,38,5136,7,87,10671
201911,312,29940, ,Lawrence  KS ,21,21,5313,0,0,0,1,3,484,1,21,1700,21,21,5313,0,0,0,1,3,484,1,21,1700
201911,312,41140, ,St. Joseph  MO-KS ,0,0,0,0,0,0,0,0,0,0,0,0,0,0,0,0,0,0,0,0,0,0,0,0
201911,313,28420,C,Kennewick-Richland  WA ,120,120,35965,2,4,617,1,3,503,1,27,2710,51,51,17025,0,0,0,0,0,0,0,0,0
201911,313,47460, ,Walla Walla  WA ,11,11,2835,0,0,0,0,0,0,0,0,0,1,1,409,0,0,0,0,0,0,0,0,0
201911,315,28940, ,Knoxville  TN ,235,235,52704,0,0,0,0,0,0,1,13,855,79,79,20827,0,0,0,0,0,0,0,0,0
201911,316,29020, ,Kokomo  IN ,5,5,1065,0,0,0,0,0,0,0,0,0,5,5,1065,0,0,0,0,0,0,0,0,0
201911,318,29180, ,Lafayette  LA ,142,142,26732,0,0,0,0,0,0,0,0,0,58,58,8261,0,0,0,0,0,0,0,0,0
201911,320,29200, ,Lafayette-West Lafayette  IN ,37,37,8876,0,0,0,0,0,0,2,255,38728,33,33,8351,0,0,0,0,0,0,1,249,38030
201911,324,29340, ,Lake Charles  LA ,109,109,17654,0,0,0,0,0,0,0,0,0,79,79,12010,0,0,0,0,0,0,0,0,0
201911,332,29820,C,Las Vegas-Henderson-Paradise  NV ,539,539,128835,0,0,0,6,22,3796,6,121,12786,539,539,128835,0,0,0,6,22,3796,6,121,12786
201911,336,30460,C,Lexington-Fayette  KY ,111,111,23115,2,4,584,0,0,0,4,94,4537,19,19,5909,0,0,0,0,0,0,0,0,0
201911,338,30620, ,Lima  OH ,0,0,0,0,0,0,0,0,0,0,0,0,0,0,0,0,0,0,0,0,0,0,0,0
201911,339,30700, ,Lincoln  NE ,69,69,16165,1,2,262,0,0,0,2,71,8565,0,0,0,0,0,0,0,0,0,0,0,0
201911,340,30780, ,Little Rock-North Little Rock-Conway  AR ,202,202,32891,1,2,152,0,0,0,2,189,18725,172,172,27631,0,0,0,0,0,0,1,181,18500
201911,340,38220, ,Pine Bluff  AR ,1,1,24,0,0,0,0,0,0,0,0,0,1,1,24,0,0,0,0,0,0,0,0,0
201911,348,31080,C,Los Angeles-Long Beach-Anaheim  CA ,723,723,238705,15,30,7786,21,71,15495,41,1209,209402,602,602,181745,13,26,6453,18,62,14046,32,1080,187308
201911,348,37100, ,Oxnard-Thousand Oaks-Ventura  CA ,7,7,1944,1,2,205,0,0,0,1,5,970,2,2,868,0,0,0,0,0,0,0,0,0
201911,348,40140, ,Riverside-San Bernardino-Ontario  CA ,784,784,198208,16,32,5370,1,4,712,12,172,18103,743,743,188059,16,32,5370,0,0,0,8,119,11004
201911,350,21060, ,Elizabethtown-Fort Knox  KY ,37,37,3952,0,0,0,0,0,0,0,0,0,37,37,3952,0,0,0,0,0,0,0,0,0
201911,350,31140, ,Louisville-Jefferson County  KY-IN ,254,254,71236,1,2,206,0,0,0,7,166,22207,132,132,32779,0,0,0,0,0,0,0,0,0
201911,352,31180, ,Lubbock  TX ,125,125,28731,5,10,1150,0,0,0,0,0,0,124,124,28558,5,10,1150,0,0,0,0,0,0
201911,356,31420, ,Macon-Bibb County  GA ,21,21,2046,0,0,0,0,0,0,0,0,0,0,0,0,0,0,0,0,0,0,0,0,0
201911,356,47580, ,Warner Robins  GA ,58,58,10939,0,0,0,0,0,0,0,0,0,58,58,10939,0,0,0,0,0,0,0,0,0
201911,357,27500, ,Janesville-Beloit  WI ,13,13,3349,0,0,0,0,0,0,6,115,13975,13,13,3349,0,0,0,0,0,0,6,115,13975
201911,357,31540, ,Madison  WI ,115,115,41406,1,2,398,1,3,447,6,194,26360,90,90,34002,0,0,0,0,0,0,4,143,21850
201911,359,31860, ,Mankato  MN ,3,3,1631,0,0,0,0,0,0,0,0,0,2,2,1375,0,0,0,0,0,0,0,0,0
201911,365,32580,C,McAllen-Edinburg-Mission  TX ,228,228,31182,6,12,540,0,0,0,5,44,1700,170,170,22957,6,12,540,0,0,0,5,44,1700
201911,366,32780, ,Medford  OR ,33,33,8780,1,2,140,0,0,0,0,0,0,33,33,8780,1,2,140,0,0,0,0,0,0
201911,368,32820, ,Memphis  TN-MS-AR ,268,268,57707,0,0,0,0,0,0,0,0,0,242,242,52240,0,0,0,0,0,0,0,0,0
201911,370,33100, ,Miami-Fort Lauderdale-Pompano Beach  FL ,560,560,181584,18,36,4760,2,7,1003,16,769,130511,483,483,150714,18,36,4760,2,7,1003,12,726,125480
201911,370,38940, ,Port St. Lucie  FL ,203,203,48338,5,10,1209,0,0,0,0,0,0,203,203,48338,5,10,1209,0,0,0,0,0,0
201911,370,42680, ,Sebastian-Vero Beach  FL ,65,65,28086,0,0,0,0,0,0,0,0,0,65,65,28086,0,0,0,0,0,0,0,0,0
201911,372,33260, ,Midland  TX ,108,108,17340,0,0,0,0,0,0,0,0,0,108,108,17340,0,0,0,0,0,0,0,0,0
201911,372,36220,C,Odessa  TX ,22,22,5224,0,0,0,0,0,0,0,0,0,22,22,5224,0,0,0,0,0,0,0,0,0
201911,376,33340,C,Milwaukee-Waukesha  WI ,117,117,44853,2,4,864,0,0,0,1,16,1600,89,89,33809,0,0,0,0,0,0,1,16,1600
201911,376,39540, ,Racine  WI ,7,7,1771,0,0,0,0,0,0,7,84,13561,7,7,1771,0,0,0,0,0,0,7,84,13561
201911,378,33460, ,Minneapolis-St. Paul-Bloomington  MN-WI ,781,781,246703,4,8,1557,5,16,3452,22,1538,269001,751,751,237996,4,8,1557,4,13,2915,21,1518,266162
201911,378,41060, ,St. Cloud  MN ,1,1,253,0,0,0,0,0,0,0,0,0,0,0,0,0,0,0,0,0,0,0,0,0
201911,380,19300, ,Daphne-Fairhope-Foley  AL ,155,155,34702,3,6,1819,0,0,0,2,33,2560,115,115,27685,3,6,1819,0,0,0,0,0,0
201911,380,33660, ,Mobile  AL ,54,54,12469,0,0,0,0,0,0,0,0,0,48,48,11284,0,0,0,0,0,0,0,0,0
201911,384,33740, ,Monroe  LA ,62,62,14544,0,0,0,1,3,472,1,5,579,56,56,13298,0,0,0,0,0,0,0,0,0
201911,388,33860, ,Montgomery  AL ,51,51,10902,0,0,0,2,6,800,0,0,0,51,51,10902,0,0,0,2,6,800,0,0,0
201911,390,34060, ,Morgantown  WV ,0,0,0,0,0,0,0,0,0,0,0,0,0,0,0,0,0,0,0,0,0,0,0,0
201911,396,34820, ,Myrtle Beach-Conway-North Myrtle Beach  SC-NC ,417,417,81786,8,16,1702,0,0,0,3,85,8590,269,269,42389,8,16,1702,0,0,0,3,85,8590
201911,400,34980, ,Nashville-Davidson--Murfreesboro--Franklin  TN ,1136,1136,283476,0,0,0,1,3,224,8,784,98569,1074,1074,259948,0,0,0,1,3,224,8,784,98569
201911,406,25220, ,Hammond  LA ,55,55,7714,0,0,0,0,0,0,0,0,0,49,49,6787,0,0,0,0,0,0,0,0,0
201911,406,35380, ,New Orleans-Metairie  LA ,222,222,51741,8,16,1579,0,0,0,1,47,9693,169,169,39370,2,4,338,0,0,0,0,0,0
201911,408,14860,C,Bridgeport-Stamford-Norwalk  CT ,43,43,27294,0,0,0,0,0,0,2,13,4197,17,17,10276,0,0,0,0,0,0,0,0,0
201911,408,20700, ,East Stroudsburg  PA ,5,5,1337,0,0,0,0,0,0,0,0,0,0,0,0,0,0,0,0,0,0,0,0,0
201911,408,28740, ,Kingston  NY ,5,5,1070,0,0,0,0,0,0,1,7,1707,4,4,757,0,0,0,0,0,0,0,0,0
201911,408,35300, ,New Haven-Milford  CT ,20,20,2747,0,0,0,0,0,0,2,239,25909,15,15,1890,0,0,0,0,0,0,1,223,24925
201911,408,35620,C,New York-Newark-Jersey City  NY-NJ-PA ,1440,1440,339160,71,142,24367,28,90,16079,125,5295,618841,1241,1241,280461,55,110,20953,25,81,14807,81,4493,552367
201911,408,39100, ,Poughkeepsie-Newburgh-Middletown  NY ,19,19,6592,1,2,464,1,3,750,1,39,4336,16,16,6030,0,0,0,1,3,750,0,0,0
201911,408,45940,C,Trenton-Princeton  NJ ,40,40,4306,0,0,0,0,0,0,2,45,695,39,39,4049,0,0,0,0,0,0,1,32,650
201911,412,35840,C,North Port-Sarasota-Bradenton  FL ,553,553,133359,1,2,232,5,19,5223,9,152,16925,531,531,126064,0,0,0,5,19,5223,8,123,13003
201911,412,39460, ,Punta Gorda  FL ,163,163,49261,6,12,1882,0,0,0,2,42,7345,163,163,49261,6,12,1882,0,0,0,2,42,7345
201911,416,36420,C,Oklahoma City  OK ,412,412,102704,14,28,2817,0,0,0,2,15,1500,394,394,100022,14,28,2817,0,0,0,2,15,1500
201911,420,36540, ,Omaha-Council Bluffs  NE-IA ,184,184,42008,0,0,0,0,0,0,5,182,12463,150,150,33808,0,0,0,0,0,0,5,182,12463
201911,422,19660, ,Deltona-Daytona Beach-Ormond Beach  FL ,198,198,59012,6,12,1728,0,0,0,0,0,0,188,188,56350,6,12,1728,0,0,0,0,0,0
201911,422,29460, ,Lakeland-Winter Haven  FL ,504,504,114817,0,0,0,0,0,0,11,230,27991,446,446,101580,0,0,0,0,0,0,11,230,27991
201911,422,36740, ,Orlando-Kissimmee-Sanford  FL ,1112,1112,302524,3,6,1037,7,28,3760,8,595,34328,973,973,264208,3,6,1037,7,28,3760,6,567,31679
201911,422,45540,C,The Villages  FL ,227,227,59809,0,0,0,0,0,0,0,0,0,227,227,59809,0,0,0,0,0,0,0,0,0
201911,425,37620, ,Parkersburg-Vienna  WV ,6,6,570,0,0,0,0,0,0,0,0,0,6,6,570,0,0,0,0,0,0,0,0,0
201911,426,37860,C,Pensacola-Ferry Pass-Brent  FL ,190,190,35766,1,2,241,0,0,0,0,0,0,190,190,35766,1,2,241,0,0,0,0,0,0
201911,428,12100,C,Atlantic City-Hammonton  NJ ,38,38,10487,0,0,0,0,0,0,1,15,397,36,36,10056,0,0,0,0,0,0,0,0,0
201911,428,20100,C,Dover  DE ,69,69,9758,0,0,0,0,0,0,2,13,1132,59,59,8480,0,0,0,0,0,0,1,8,648
201911,428,36140,C,Ocean City  NJ ,56,56,25803,10,20,3489,5,15,161,5,25,34,55,55,25743,10,20,3489,5,15,161,5,25,34
201911,428,37980,C,Philadelphia-Camden-Wilmington  PA-NJ-DE-MD ,457,457,94250,9,18,2146,14,47,8068,20,249,22461,348,348,70999,9,18,2146,13,44,7972,9,151,13223
201911,428,39740, ,Reading  PA ,2,2,532,0,0,0,0,0,0,0,0,0,0,0,0,0,0,0,0,0,0,0,0,0
201911,428,47220,C,Vineland-Bridgeton  NJ ,2,2,185,0,0,0,0,0,0,0,0,0,1,1,102,0,0,0,0,0,0,0,0,0
201911,429,38060,C,Phoenix-Mesa-Chandler  AZ ,1943,1943,535272,36,72,7975,5,17,3061,16,1367,241065,1850,1850,513453,36,72,7975,5,17,3061,15,1225,215940
201911,430,38300, ,Pittsburgh  PA ,69,69,21437,0,0,0,0,0,0,2,75,8246,33,33,13082,0,0,0,0,0,0,0,0,0
201911,430,48260, ,Weirton-Steubenville  WV-OH ,0,0,0,0,0,0,0,0,0,0,0,0,0,0,0,0,0,0,0,0,0,0,0,0
201911,438,30340, ,Lewiston-Auburn  ME ,3,3,444,0,0,0,0,0,0,0,0,0,1,1,140,0,0,0,0,0,0,0,0,0
201911,438,38860, ,Portland-South Portland  ME ,104,104,29612,3,6,849,0,0,0,5,62,5460,33,33,11340,1,2,225,0,0,0,1,12,723
201911,440,10540, ,Albany-Lebanon  OR ,12,12,2346,0,0,0,0,0,0,1,5,419,8,8,1603,0,0,0,0,0,0,0,0,0
201911,440,18700, ,Corvallis  OR ,5,5,1214,0,0,0,0,0,0,0,0,0,5,5,1214,0,0,0,0,0,0,0,0,0
201911,440,31020, ,Longview  WA ,17,17,3746,0,0,0,0,0,0,0,0,0,0,0,0,0,0,0,0,0,0,0,0,0
201911,440,38900, ,Portland-Vancouver-Hillsboro  OR-WA ,505,505,146280,8,16,2631,1,3,534,12,163,16985,360,360,102767,8,16,2631,1,3,534,10,151,15810
201911,440,41420, ,Salem  OR ,92,92,27270,0,0,0,0,0,0,8,232,19185,92,92,27270,0,0,0,0,0,0,8,232,19185
201911,444,39380,C,Pueblo  CO ,45,45,6892,0,0,0,0,0,0,0,0,0,45,45,6892,0,0,0,0,0,0,0,0,0
201911,450,20500,C,Durham-Chapel Hill  NC ,246,246,57325,0,0,0,0,0,0,3,106,8601,93,93,28014,0,0,0,0,0,0,0,0,0
201911,450,39580,C,Raleigh-Cary  NC ,784,784,169088,1,2,200,0,0,0,19,440,49735,780,780,168405,1,2,200,0,0,0,19,440,49735
201911,452,39660, ,Rapid City  SD ,34,34,7810,2,4,944,0,0,0,0,0,0,34,34,7810,2,4,944,0,0,0,0,0,0
201911,454,39820, ,Redding  CA ,9,9,2930,0,0,0,0,0,0,0,0,0,9,9,2930,0,0,0,0,0,0,0,0,0
201911,456,16180,C,Carson City  NV ,14,14,3649,0,0,0,0,0,0,1,12,1198,0,0,0,0,0,0,0,0,0,0,0,0
201911,456,39900,C,Reno  NV ,167,167,45690,1,2,231,0,0,0,8,165,18211,26,26,6585,0,0,0,0,0,0,0,0,0
201911,462,40340, ,Rochester  MN ,50,50,12787,0,0,0,0,0,0,0,0,0,48,48,12438,0,0,0,0,0,0,0,0,0
201911,464,40380, ,Rochester  NY ,72,72,15820,1,2,520,1,3,240,7,100,13592,60,60,13181,1,2,520,0,0,0,6,93,12990
201911,466,40420, ,Rockford  IL ,1,1,271,0,0,0,0,0,0,0,0,0,1,1,271,0,0,0,0,0,0,0,0,0
201911,472,40900,C,Sacramento-Roseville-Folsom  CA ,650,650,198855,11,22,5859,1,4,809,11,143,30165,649,649,198630,11,22,5859,1,4,809,11,143,30165
201911,474,13020, ,Bay City  MI ,1,1,661,0,0,0,0,0,0,0,0,0,0,0,0,0,0,0,0,0,0,0,0,0
201911,474,33220, ,Midland  MI ,4,4,741,0,0,0,0,0,0,0,0,0,3,3,532,0,0,0,0,0,0,0,0,0
201911,474,40980, ,Saginaw  MI ,5,5,1675,0,0,0,1,4,200,0,0,0,5,5,1675,0,0,0,1,4,200,0,0,0
201911,476,41180, ,St. Louis  MO-IL ,393,393,109388,1,2,244,5,18,2237,6,103,14210,306,306,81677,1,2,244,4,15,1909,3,22,6571
201911,480,41540, ,Salisbury  MD-DE ,301,301,45298,7,14,1458,2,8,929,3,18,1859,297,297,44423,7,14,1458,2,8,929,3,18,1859
201911,482,36260, ,Ogden-Clearfield  UT ,235,235,55364,2,4,832,1,3,469,2,33,3717,205,205,45888,1,2,523,0,0,0,1,28,3220
201911,482,39340, ,Provo-Orem  UT ,390,390,119966,3,6,702,6,23,4000,23,595,67108,384,384,117112,3,6,702,6,23,4000,23,595,67108
201911,482,41620, ,Salt Lake City  UT ,420,420,98080,4,8,928,5,18,3263,14,547,103305,329,329,71787,3,6,633,3,10,2000,10,496,95711
201911,484,41700,C,San Antonio-New Braunfels  TX ,736,736,169399,9,18,2013,2,8,1074,27,673,85398,667,667,156898,9,18,2013,2,8,1074,26,654,83831
201911,488,32900, ,Merced  CA ,10,10,2733,0,0,0,0,0,0,0,0,0,10,10,2733,0,0,0,0,0,0,0,0,0
201911,488,33700, ,Modesto  CA ,0,0,0,0,0,0,0,0,0,0,0,0,0,0,0,0,0,0,0,0,0,0,0,0
201911,488,41860,C,San Francisco-Oakland-Berkeley  CA ,415,415,145260,3,6,2295,2,8,1500,12,663,124094,363,363,123814,1,2,300,2,8,1500,6,589,108441
201911,488,41940,C,San Jose-Sunnyvale-Santa Clara  CA ,161,161,57955,0,0,0,1,4,600,7,187,40609,114,114,41507,0,0,0,1,4,600,2,16,4217
201911,488,42100, ,Santa Cruz-Watsonville  CA ,12,12,2403,0,0,0,0,0,0,1,9,915,2,2,250,0,0,0,0,0,0,0,0,0
201911,488,42220, ,Santa Rosa-Petaluma  CA ,134,134,46672,0,0,0,0,0,0,0,0,0,134,134,46672,0,0,0,0,0,0,0,0,0
201911,488,44700, ,Stockton  CA ,159,159,50889,0,0,0,0,0,0,0,0,0,104,104,33888,0,0,0,0,0,0,0,0,0
201911,488,46700, ,Vallejo  CA ,30,30,8938,0,0,0,0,0,0,0,0,0,30,30,8938,0,0,0,0,0,0,0,0,0
201911,496,25980, ,Hinesville  GA ,28,28,5748,0,0,0,0,0,0,5,72,8072,28,28,5748,0,0,0,0,0,0,5,72,8072
201911,496,42340, ,Savannah  GA ,153,153,35031,0,0,0,0,0,0,0,0,0,64,64,14868,0,0,0,0,0,0,0,0,0
201911,500,14740,C,Bremerton-Silverdale-Port Orchard  WA ,60,60,16488,0,0,0,0,0,0,0,0,0,60,60,16488,0,0,0,0,0,0,0,0,0
201911,500,34580, ,Mount Vernon-Anacortes  WA ,25,25,6395,0,0,0,0,0,0,0,0,0,25,25,6395,0,0,0,0,0,0,0,0,0
201911,500,36500, ,Olympia-Lacey-Tumwater  WA ,49,49,12384,0,0,0,1,4,130,7,251,31861,45,45,11570,0,0,0,1,4,130,6,244,31762
201911,500,42660,C,Seattle-Tacoma-Bellevue  WA ,619,619,190106,8,16,4180,12,38,7873,39,2130,312323,538,538,157216,8,16,4180,12,38,7873,33,1843,287407
201911,508,43340,C,Shreveport-Bossier City  LA ,41,41,9447,0,0,0,0,0,0,0,0,0,19,19,3775,0,0,0,0,0,0,0,0,0
201911,515,21140, ,Elkhart-Goshen  IN ,22,22,5095,0,0,0,0,0,0,0,0,0,22,22,5095,0,0,0,0,0,0,0,0,0
201911,515,35660, ,Niles  MI ,1,1,100,0,0,0,0,0,0,0,0,0,1,1,100,0,0,0,0,0,0,0,0,0
201911,515,43780, ,South Bend-Mishawaka  IN-MI ,29,29,7397,0,0,0,0,0,0,0,0,0,29,29,7397,0,0,0,0,0,0,0,0,0
201911,518,17660, ,Coeur dAlene  ID ,102,102,25515,2,4,724,0,0,0,3,68,6747,72,72,19223,1,2,312,0,0,0,2,36,2980
201911,518,44060, ,Spokane-Spokane Valley  WA ,140,140,35415,10,20,3247,1,3,222,7,178,18550,124,124,31837,10,20,3247,0,0,0,6,164,17038
201911,522,44100, ,Springfield  IL ,0,0,0,1,2,340,0,0,0,4,48,2800,0,0,0,1,2,340,0,0,0,4,48,2800
201911,524,44300, ,State College  PA ,11,11,4389,0,0,0,0,0,0,0,0,0,10,10,3986,0,0,0,0,0,0,0,0,0
201911,532,45060, ,Syracuse  NY ,17,17,3518,0,0,39,1,3,269,0,0,0,17,17,3518,0,0,39,1,3,269,0,0,0
201911,534,45780, ,Toledo  OH ,75,75,18513,0,0,0,0,0,0,0,0,0,74,74,18400,0,0,0,0,0,0,0,0,0
201911,536,46060,C,Tucson  AZ ,232,232,71269,1,2,299,0,0,0,3,75,11519,180,180,58446,0,0,0,0,0,0,0,0,0
201911,538,46140,C,Tulsa  OK ,218,218,48023,0,0,0,0,0,0,7,148,10522,213,213,46989,0,0,0,0,0,0,6,136,9599
201911,540,46340, ,Tyler  TX ,21,21,4987,0,0,0,0,0,0,0,0,0,21,21,4987,0,0,0,0,0,0,0,0,0
201911,545,47260, ,Virginia Beach-Norfolk-Newport News  VA-NC ,307,307,75329,0,0,0,0,0,0,7,285,26771,277,277,71219,0,0,0,0,0,0,7,285,26771
201911,548,12580,C,Baltimore-Columbia-Towson  MD ,435,435,103240,6,12,3140,0,0,0,1,116,17579,423,423,101074,6,12,3140,0,0,0,0,0,0
201911,548,15680,C,California-Lexington Park  MD ,107,107,20356,0,0,0,0,0,0,0,0,0,107,107,20356,0,0,0,0,0,0,0,0,0
201911,548,16540,C,Chambersburg-Waynesboro  PA ,35,35,7517,0,0,0,0,0,0,1,5,651,28,28,5660,0,0,0,0,0,0,0,0,0
201911,548,25180, ,Hagerstown-Martinsburg  MD-WV ,98,98,19292,0,0,0,0,0,0,0,0,0,98,98,19292,0,0,0,0,0,0,0,0,0
201911,548,47900, ,Washington-Arlington-Alexandria  DC-VA-MD-WV ,905,905,214179,6,12,1548,1,4,586,14,608,85810,813,813,186925,4,8,895,1,4,586,8,308,53155
201911,548,49020, ,Winchester  VA-WV ,39,39,9096,0,0,0,0,0,0,0,0,0,39,39,9096,0,0,0,0,0,0,0,0,0
201911,554,48140, ,Wausau-Weston  WI ,10,10,1930,0,0,0,0,0,0,1,87,9500,2,2,475,0,0,0,0,0,0,1,87,9500
201911,556,48620, ,Wichita  KS ,56,56,12389,14,28,2284,0,0,0,1,14,980,3,3,1044,0,0,0,0,0,0,0,0,0
201911,558,48700, ,Williamsport  PA ,0,0,0,0,0,0,0,0,0,0,0,0,0,0,0,0,0,0,0,0,0,0,0,0
201911,566,49660, ,Youngstown-Warren-Boardman  OH-PA ,13,13,2853,0,0,0,0,0,0,0,0,0,13,13,2853,0,0,0,0,0,0,0,0,0
201911,999,10180, ,Abilene  TX ,21,21,4303,1,2,187,0,0,0,0,0,0,21,21,4303,1,2,187,0,0,0,0,0,0
201911,999,10500, ,Albany  GA ,12,12,1486,0,0,0,0,0,0,0,0,0,10,10,1210,0,0,0,0,0,0,0,0,0
201911,999,10780, ,Alexandria  LA ,11,11,3311,0,0,0,0,0,0,0,0,0,6,6,1999,0,0,0,0,0,0,0,0,0
201911,999,10900, ,Allentown-Bethlehem-Easton  PA-NJ ,33,33,7422,1,2,800,0,0,0,0,0,0,27,27,6262,1,2,800,0,0,0,0,0,0
201911,999,11260,C,Anchorage  AK ,68,68,21220,0,0,0,1,4,695,1,15,2371,3,3,858,0,0,0,0,0,0,0,0,0
201911,999,11500, ,Anniston-Oxford  AL ,3,3,243,0,0,0,0,0,0,0,0,0,2,2,163,0,0,0,0,0,0,0,0,0
201911,999,12260, ,Augusta-Richmond County  GA-SC ,191,191,40748,0,0,0,1,4,360,2,19,1336,158,158,35248,0,0,0,1,4,360,1,6,540
201911,999,12420, ,Austin-Round Rock-Georgetown  TX ,1259,1259,295460,13,26,2405,14,56,6228,5,626,90003,1062,1062,256878,11,22,2059,14,56,6228,4,611,88362
201911,999,12540, ,Bakersfield  CA ,111,111,27858,1,2,201,0,0,0,1,12,1789,21,21,3618,0,0,0,0,0,0,0,0,0
201911,999,12620, ,Bangor  ME ,7,7,1523,0,0,0,0,0,0,0,0,0,1,1,150,0,0,0,0,0,0,0,0,0
201911,999,12940, ,Baton Rouge  LA ,204,204,44162,0,0,0,0,0,0,1,28,2735,105,105,25909,0,0,0,0,0,0,0,0,0
201911,999,13140, ,Beaumont-Port Arthur  TX ,41,41,8891,0,0,0,0,0,0,0,0,0,34,34,7525,0,0,0,0,0,0,0,0,0
201911,999,13220,C,Beckley  WV ,5,5,656,0,0,0,0,0,0,0,0,0,3,3,373,0,0,0,0,0,0,0,0,0
201911,999,13380, ,Bellingham  WA ,45,45,13258,5,10,1719,1,3,480,3,35,5333,37,37,11217,5,10,1719,1,3,480,3,35,5333
201911,999,13740, ,Billings  MT ,22,22,6055,0,0,0,0,0,0,0,0,0,22,22,6055,0,0,0,0,0,0,0,0,0
201911,999,13780, ,Binghamton  NY ,0,0,0,0,0,0,0,0,0,0,0,0,0,0,0,0,0,0,0,0,0,0,0,0
201911,999,13900, ,Bismarck  ND ,18,18,5347,4,8,682,0,0,0,0,0,0,13,13,4079,4,8,682,0,0,0,0,0,0
201911,999,13980, ,Blacksburg-Christiansburg  VA ,4,4,1175,0,0,0,0,0,0,0,0,0,4,4,1175,0,0,0,0,0,0,0,0,0
201911,999,15260, ,Brunswick  GA ,46,46,13207,0,0,0,0,0,0,0,0,0,0,0,0,0,0,0,0,0,0,0,0,0
201911,999,16220, ,Casper  WY ,11,11,2512,0,0,0,0,0,0,0,0,0,6,6,1145,0,0,0,0,0,0,0,0,0
201911,999,16580, ,Champaign-Urbana  IL ,3,3,819,0,0,0,0,0,0,4,71,4649,3,3,819,0,0,0,0,0,0,4,71,4649
201911,999,16700,C,Charleston-North Charleston  SC ,276,276,80254,0,0,0,0,0,0,8,155,10255,114,114,37540,0,0,0,0,0,0,2,10,1951
201911,999,16820, ,Charlottesville  VA ,52,52,14995,0,0,0,0,0,0,3,48,5647,0,0,0,0,0,0,0,0,0,0,0,0
201911,999,16940, ,Cheyenne  WY ,29,29,5488,0,0,0,0,0,0,0,0,0,29,29,5488,0,0,0,0,0,0,0,0,0
201911,999,17020, ,Chico  CA ,15,15,3006,0,0,0,0,0,0,0,0,0,15,15,3006,0,0,0,0,0,0,0,0,0
201911,999,17300,C,Clarksville  TN-KY ,114,114,18289,1,2,124,4,12,662,2,12,741,5,5,849,0,0,0,0,0,0,0,0,0
201911,999,17780, ,College Station-Bryan  TX ,59,59,10945,16,32,4017,0,0,0,0,0,0,54,54,9892,16,32,4017,0,0,0,0,0,0
201911,999,17820,C,Colorado Springs  CO ,293,293,113428,0,0,0,2,8,700,12,264,36069,293,293,113428,0,0,0,2,8,700,12,264,36069
201911,999,18880,C,Crestview-Fort Walton Beach-Destin  FL ,189,189,81512,1,2,359,2,8,1125,6,39,5496,172,172,76786,1,2,359,2,8,1125,6,39,5496
201911,999,19060, ,Cumberland  MD-WV ,3,3,648,0,0,0,0,0,0,0,0,0,3,3,648,0,0,0,0,0,0,0,0,0
201911,999,19180, ,Danville  IL ,0,0,0,0,0,0,0,0,0,0,0,0,0,0,0,0,0,0,0,0,0,0,0,0
201911,999,19500, ,Decatur  IL ,0,0,0,0,0,0,0,0,0,0,0,0,0,0,0,0,0,0,0,0,0,0,0,0
201911,999,20220, ,Dubuque  IA ,8,8,2657,0,0,0,0,0,0,0,0,0,8,8,2657,0,0,0,0,0,0,0,0,0
201911,999,20260, ,Duluth  MN-WI ,7,7,1664,0,0,0,0,0,0,0,0,0,7,7,1664,0,0,0,0,0,0,0,0,0
201911,999,20940, ,El Centro  CA ,15,15,2944,0,0,0,0,0,0,0,0,0,0,0,0,0,0,0,0,0,0,0,0,0
201911,999,21420, ,Enid  OK ,0,0,0,0,0,0,0,0,0,0,0,0,0,0,0,0,0,0,0,0,0,0,0,0
201911,999,21660, ,Eugene-Springfield  OR ,56,56,12812,1,2,191,0,0,0,0,0,0,36,36,7820,1,2,191,0,0,0,0,0,0
201911,999,21780, ,Evansville  IN-KY ,41,41,10680,0,0,0,0,0,0,1,24,2850,41,41,10680,0,0,0,0,0,0,1,24,2850
201911,999,21820,C,Fairbanks  AK ,0,0,0,0,0,0,0,0,0,0,0,0,0,0,0,0,0,0,0,0,0,0,0,0
201911,999,22140,C,Farmington  NM ,7,7,1352,0,0,0,0,0,0,0,0,0,7,7,1352,0,0,0,0,0,0,0,0,0
201911,999,22220, ,Fayetteville-Springdale-Rogers  AR-MO ,311,311,77200,10,20,4170,0,0,0,15,164,15631,251,251,63669,10,20,4170,0,0,0,12,138,13581
201911,999,22380, ,Flagstaff  AZ ,30,30,5292,0,0,0,0,0,0,1,18,2000,30,30,5292,0,0,0,0,0,0,1,18,2000
201911,999,22500, ,Florence  SC ,31,31,4439,0,0,0,0,0,0,1,5,329,0,0,0,0,0,0,0,0,0,0,0,0
201911,999,22520, ,Florence-Muscle Shoals  AL ,11,11,1263,0,0,0,0,0,0,0,0,0,1,1,81,0,0,0,0,0,0,0,0,0
201911,999,22540, ,Fond du Lac  WI ,5,5,1522,0,0,0,0,0,0,1,14,508,2,2,800,0,0,0,0,0,0,0,0,0
201911,999,22660,C,Fort Collins  CO ,128,128,34793,1,2,338,0,0,0,3,67,13646,89,89,25975,1,2,338,0,0,0,3,67,13646
201911,999,22900, ,Fort Smith  AR-OK ,11,11,1511,2,4,391,0,0,0,0,0,0,6,6,898,1,2,140,0,0,0,0,0,0
201911,999,23460, ,Gadsden  AL ,5,5,871,0,0,0,0,0,0,0,0,0,5,5,871,0,0,0,0,0,0,0,0,0
201911,999,24220, ,Grand Forks  ND-MN ,16,16,3487,0,0,0,0,0,0,0,0,0,16,16,3487,0,0,0,0,0,0,0,0,0
201911,999,24260, ,Grand Island  NE ,10,10,2089,0,0,0,0,0,0,0,0,0,10,10,2089,0,0,0,0,0,0,0,0,0
201911,999,24300,C,Grand Junction  CO ,47,47,7706,2,4,551,0,0,0,1,34,1405,47,47,7706,2,4,551,0,0,0,1,34,1405
201911,999,24500,C,Great Falls  MT ,11,11,2433,0,0,0,0,0,0,0,0,0,11,11,2433,0,0,0,0,0,0,0,0,0
201911,999,25060, ,Gulfport-Biloxi  MS ,134,134,29550,1,2,245,1,3,301,1,5,423,99,99,24618,0,0,0,0,0,0,0,0,0
201911,999,25860, ,Hickory-Lenoir-Morganton  NC ,1,1,150,0,0,0,0,0,0,1,5,279,0,0,0,0,0,0,0,0,0,0,0,0
201911,999,25940, ,Hilton Head Island-Bluffton  SC ,59,59,20465,0,0,0,0,0,0,0,0,0,9,9,3375,0,0,0,0,0,0,0,0,0
201911,999,26140, ,Homosassa Springs  FL ,65,65,13172,0,0,0,0,0,0,0,0,0,0,0,0,0,0,0,0,0,0,0,0,0
201911,999,26380, ,Houma-Thibodaux  LA ,40,40,8265,1,2,156,1,3,262,0,0,0,31,31,5957,0,0,0,0,0,0,0,0,0
201911,999,27100, ,Jackson  MI ,0,0,0,0,0,0,0,0,0,0,0,0,0,0,0,0,0,0,0,0,0,0,0,0
201911,999,27340,C,Jacksonville  NC ,94,94,14377,1,2,224,0,0,0,0,0,0,94,94,14377,1,2,224,0,0,0,0,0,0
201911,999,27980,C,Kahului-Wailuku-Lahaina  HI ,28,28,8433,1,2,625,0,0,0,0,0,0,28,28,8433,1,2,625,0,0,0,0,0,0
201911,999,28660,C,Killeen-Temple  TX ,157,157,30443,10,20,1669,0,0,0,0,0,0,93,93,19272,8,16,1453,0,0,0,0,0,0
201911,999,29100, ,La Crosse-Onalaska  WI-MN ,8,8,2029,3,6,1300,0,0,0,0,0,0,8,8,2029,3,6,1300,0,0,0,0,0,0
201911,999,29420, ,Lake Havasu City-Kingman  AZ ,75,75,17224,0,0,0,0,0,0,0,0,0,75,75,17224,0,0,0,0,0,0,0,0,0
201911,999,29540, ,Lancaster  PA ,3,3,654,1,2,219,0,0,0,0,0,0,1,1,90,0,0,0,0,0,0,0,0,0
201911,999,29620, ,Lansing-East Lansing  MI ,10,10,2447,0,0,0,0,0,0,1,5,568,4,4,1315,0,0,0,0,0,0,0,0,0
201911,999,29700, ,Laredo  TX ,81,81,11286,3,6,219,1,3,117,2,16,1123,0,0,0,0,0,0,0,0,0,0,0,0
201911,999,30020, ,Lawton  OK ,4,4,980,0,0,0,0,0,0,0,0,0,4,4,980,0,0,0,0,0,0,0,0,0
201911,999,30300, ,Lewiston  ID-WA ,0,0,0,1,2,228,0,0,0,1,36,3262,0,0,0,1,2,228,0,0,0,1,36,3262
201911,999,30860, ,Logan  UT-ID ,24,24,4656,1,2,370,0,0,0,0,0,0,24,24,4656,1,2,370,0,0,0,0,0,0
201911,999,30980, ,Longview  TX ,10,10,1791,0,0,0,0,0,0,1,6,404,0,0,0,0,0,0,0,0,0,0,0,0
201911,999,31340, ,Lynchburg  VA ,10,10,1950,0,0,0,0,0,0,1,5,322,2,2,279,0,0,0,0,0,0,0,0,0
201911,999,31740, ,Manhattan  KS ,26,26,8097,0,0,0,0,0,0,0,0,0,25,25,7842,0,0,0,0,0,0,0,0,0
201911,999,33540,C,Missoula  MT ,32,32,8500,0,0,0,0,0,0,1,6,174,32,32,8500,0,0,0,0,0,0,1,6,174
201911,999,36100, ,Ocala  FL ,88,88,17924,0,0,0,0,0,0,0,0,0,88,88,17924,0,0,0,0,0,0,0,0,0
201911,999,36980, ,Owensboro  KY ,23,23,2742,1,2,77,0,0,0,0,0,0,23,23,2742,1,2,77,0,0,0,0,0,0
201911,999,37340, ,Palm Bay-Melbourne-Titusville  FL ,167,167,55525,0,0,0,0,0,0,1,108,12650,167,167,55525,0,0,0,0,0,0,1,108,12650
201911,999,37460, ,Panama City  FL ,45,45,12966,2,4,518,0,0,0,0,0,0,0,0,0,0,0,0,0,0,0,0,0,0
201911,999,37900, ,Peoria  IL ,3,3,1111,0,0,0,0,0,0,1,5,764,3,3,1111,0,0,0,0,0,0,0,0,0
201911,999,38340, ,Pittsfield  MA ,0,0,0,0,0,0,0,0,0,0,0,0,0,0,0,0,0,0,0,0,0,0,0,0
201911,999,38540, ,Pocatello  ID ,21,21,2547,0,0,0,0,0,0,0,0,0,18,18,1822,0,0,0,0,0,0,0,0,0
201911,999,39150, ,Prescott Valley-Prescott  AZ ,101,101,27033,2,4,464,0,0,0,0,0,0,67,67,18904,2,4,464,0,0,0,0,0,0
201911,999,40060, ,Richmond  VA ,292,292,60145,12,24,825,6,23,3058,3,21,1761,281,281,58652,12,24,825,6,23,3058,2,16,1330
201911,999,41100, ,St. George  UT ,123,123,22939,1,2,236,4,16,1888,0,0,0,123,123,22939,1,2,236,4,16,1888,0,0,0
201911,999,41500, ,Salinas  CA ,22,22,5941,0,0,0,0,0,0,2,12,2138,22,22,5941,0,0,0,0,0,0,2,12,2138
201911,999,41660,C,San Angelo  TX ,24,24,4918,0,0,0,0,0,0,0,0,0,24,24,4918,0,0,0,0,0,0,0,0,0
201911,999,41740,C,San Diego-Chula Vista-Carlsbad  CA ,231,231,72641,3,6,837,15,46,8036,16,166,24073,211,211,68620,3,6,837,14,43,7917,13,126,17814
201911,999,42020, ,San Luis Obispo-Paso Robles  CA ,35,35,14001,0,0,0,0,0,0,0,0,0,35,35,14001,0,0,0,0,0,0,0,0,0
201911,999,42200, ,Santa Maria-Santa Barbara  CA ,19,19,8667,0,0,0,0,0,0,0,0,0,19,19,8667,0,0,0,0,0,0,0,0,0
201911,999,42540, ,Scranton--Wilkes-Barre  PA ,3,3,500,0,0,0,0,0,0,0,0,0,3,3,500,0,0,0,0,0,0,0,0,0
201911,999,43100, ,Sheboygan  WI ,0,0,0,0,0,0,0,0,0,0,0,0,0,0,0,0,0,0,0,0,0,0,0,0
201911,999,43420, ,Sierra Vista-Douglas  AZ ,20,20,4634,0,0,0,0,0,0,1,5,483,19,19,4554,0,0,0,0,0,0,0,0,0
201911,999,43580, ,Sioux City  IA-NE-SD ,9,9,2576,0,0,0,0,0,0,0,0,0,1,1,300,0,0,0,0,0,0,0,0,0
201911,999,43620, ,Sioux Falls  SD ,92,92,18852,0,0,0,0,0,0,6,95,9604,16,16,3192,0,0,0,0,0,0,0,0,0
201911,999,44140, ,Springfield  MA ,2,2,521,0,0,0,0,0,0,0,0,0,0,0,0,0,0,0,0,0,0,0,0,0
201911,999,44180, ,Springfield  MO ,57,57,9475,1,2,291,0,0,0,2,34,4423,50,50,7850,0,0,0,0,0,0,0,0,0
201911,999,44940, ,Sumter  SC ,24,24,3238,0,0,0,0,0,0,0,0,0,24,24,3238,0,0,0,0,0,0,0,0,0
201911,999,45220, ,Tallahassee  FL ,76,76,14297,0,0,0,0,0,0,3,89,11182,25,25,4295,0,0,0,0,0,0,0,0,0
201911,999,45300,C,Tampa-St. Petersburg-Clearwater  FL ,1017,1017,288355,5,10,1097,2,8,418,11,211,24076,1013,1013,286740,4,8,817,2,8,418,10,206,23645
201911,999,45460, ,Terre Haute  IN ,3,3,424,1,2,180,0,0,0,1,5,433,0,0,0,0,0,0,0,0,0,0,0,0
201911,999,45500, ,Texarkana  TX-AR ,2,2,430,0,0,0,0,0,0,0,0,0,0,0,0,0,0,0,0,0,0,0,0,0
201911,999,45820, ,Topeka  KS ,23,23,4993,0,0,0,0,0,0,0,0,0,22,22,4961,0,0,0,0,0,0,0,0,0
201911,999,46220, ,Tuscaloosa  AL ,31,31,8551,0,0,0,1,3,448,2,35,6577,5,5,1414,0,0,0,0,0,0,0,0,0
201911,999,46300, ,Twin Falls  ID ,72,72,12882,5,10,1361,1,4,335,0,0,0,72,72,12882,5,10,1361,1,4,335,0,0,0
201911,999,46520,C,Urban Honolulu  HI ,60,60,32235,0,0,0,0,0,0,0,0,0,60,60,32235,0,0,0,0,0,0,0,0,0
201911,999,46540, ,Utica-Rome  NY ,0,0,0,0,0,0,0,0,0,0,0,0,0,0,0,0,0,0,0,0,0,0,0,0
201911,999,46660, ,Valdosta  GA ,83,83,15680,0,0,0,0,0,0,0,0,0,44,44,9106,0,0,0,0,0,0,0,0,0
201911,999,47300, ,Visalia  CA ,156,156,31413,4,8,860,0,0,0,0,0,0,156,156,31413,4,8,860,0,0,0,0,0,0
201911,999,47380, ,Waco  TX ,41,41,9255,1,2,206,1,3,375,0,0,0,0,0,0,0,0,0,0,0,0,0,0,0
201911,999,47940, ,Waterloo-Cedar Falls  IA ,10,10,2741,0,0,0,0,0,0,0,0,0,10,10,2741,0,0,0,0,0,0,0,0,0
201911,999,48060, ,Watertown-Fort Drum  NY ,12,12,1182,0,0,0,0,0,0,0,0,0,0,0,0,0,0,0,0,0,0,0,0,0
201911,999,48300, ,Wenatchee  WA ,51,51,11976,2,4,791,0,0,0,0,0,0,29,29,7906,2,4,791,0,0,0,0,0,0
201911,999,48540, ,Wheeling  WV-OH ,0,0,0,0,0,0,0,0,0,0,0,0,0,0,0,0,0,0,0,0,0,0,0,0
201911,999,48660, ,Wichita Falls  TX ,0,0,0,0,0,0,0,0,0,0,0,0,0,0,0,0,0,0,0,0,0,0,0,0
201911,999,48900, ,Wilmington  NC ,84,84,27202,0,0,0,0,0,0,1,33,3182,83,83,26880,0,0,0,0,0,0,1,33,3182
201911,999,49420, ,Yakima  WA ,40,40,8545,3,6,1017,0,0,0,1,6,524,40,40,8545,3,6,1017,0,0,0,1,6,524
201911,999,49740, ,Yuma  AZ ,80,80,12756,0,0,0,0,0,0,0,0,0,80,80,12756,0,0,0,0,0,0,0,0,0
