Survey,CSA,CBSA,MONCOV,CBSA,,1-unit,,,2-units,,,3-4 units,,,5+ units,,,1-unit rep,,,2-units rep,,,3-4 units rep,,,5+ units rep
Date,Code,Code,,Name,Bldgs,Units,Value,Bldgs,Units,Value,Bldgs,Units,Value,Bldgs,Units,Value,Bldgs,Units,Value,Bldgs,Units,Value,      Bldgs,Units,Value,Bldgs,Units,Value
 
201910,104,10580,C,Albany-Schenectady-Troy  NY ,111,111,31571,2,4,502,4,14,1954,10,144,15765,78,78,21185,1,2,365,4,14,1954,4,87,9100
201910,104,24020, ,Glens Falls  NY ,22,22,6093,0,0,0,0,0,0,0,0,0,15,15,4449,0,0,0,0,0,0,0,0,0
201910,106,10740,C,Albuquerque  NM ,195,195,49462,0,0,0,1,3,348,2,110,10612,134,134,35817,0,0,0,0,0,0,1,102,10279
201910,106,42140,C,Santa Fe  NM ,25,25,6264,0,0,0,0,0,0,4,48,4731,25,25,6264,0,0,0,0,0,0,4,48,4731
201910,107,11020, ,Altoona  PA ,0,0,0,0,0,0,0,0,0,0,0,0,0,0,0,0,0,0,0,0,0,0,0,0
201910,108,11100, ,Amarillo  TX ,63,63,14960,0,0,0,0,0,0,0,0,0,63,63,14960,0,0,0,0,0,0,0,0,0
201910,118,11540, ,Appleton  WI ,40,40,11684,0,0,0,0,0,0,1,33,4500,35,35,10698,0,0,0,0,0,0,1,33,4500
201910,118,36780, ,Oshkosh-Neenah  WI ,24,24,6835,0,0,0,0,0,0,1,8,640,24,24,6835,0,0,0,0,0,0,1,8,640
201910,120,11700, ,Asheville  NC ,188,188,53589,0,0,0,0,0,0,3,26,3499,54,54,13881,0,0,0,0,0,0,0,0,0
201910,122,12020, ,Athens-Clarke County  GA ,153,153,27444,18,36,5095,2,8,1231,44,343,37145,153,153,27444,18,36,5095,2,8,1231,44,343,37145
201910,122,12060, ,Atlanta-Sandy Springs-Alpharetta  GA ,2242,2242,501422,2,4,897,0,0,0,20,1482,180927,1962,1962,437119,2,4,897,0,0,0,15,1328,162640
201910,122,23580, ,Gainesville  GA ,65,65,14765,0,0,0,0,0,0,0,0,0,9,9,1685,0,0,0,0,0,0,0,0,0
201910,122,40660,C,Rome  GA ,20,20,3107,0,0,0,0,0,0,0,0,0,20,20,3107,0,0,0,0,0,0,0,0,0
201910,140,13460,C,Bend  OR ,181,181,44107,0,0,0,0,0,0,5,105,11921,181,181,44107,0,0,0,0,0,0,5,105,11921
201910,142,13820,C,Birmingham-Hoover  AL ,242,242,64848,2,4,495,0,0,0,2,18,1815,135,135,33131,0,0,0,0,0,0,0,0,0
201910,144,14020,C,Bloomington  IN ,21,21,5685,1,2,291,0,0,0,3,97,11267,21,21,5685,1,2,291,0,0,0,3,97,11267
201910,145,14010, ,Bloomington  IL ,6,6,1184,0,0,0,0,0,0,1,12,715,6,6,1184,0,0,0,0,0,0,1,12,715
201910,146,14100,C,Bloomsburg-Berwick  PA ,10,10,2017,0,0,0,0,0,0,1,5,250,5,5,959,0,0,0,0,0,0,0,0,0
201910,147,14260,C,Boise City  ID ,637,637,143154,5,10,1135,3,12,1119,14,407,57709,563,563,121393,3,6,748,3,12,1119,14,407,57709
201910,148,12700, ,Barnstable Town  MA ,10,10,7215,0,0,0,0,0,0,0,0,0,10,10,7215,0,0,0,0,0,0,0,0,0
201910,148,14460,C,Boston-Cambridge-Newton  MA-NH ,398,398,119861,32,64,12996,9,32,6234,33,570,86950,181,181,58210,19,38,8066,8,28,5400,7,172,31709
201910,148,31700, ,Manchester-Nashua  NH ,30,30,5445,1,2,600,0,0,0,2,33,3727,8,8,1768,1,2,600,0,0,0,0,0,0
201910,148,39300,C,Providence-Warwick  RI-MA ,147,147,42424,6,12,1614,0,0,0,1,5,375,94,94,31469,3,6,820,0,0,0,0,0,0
201910,148,49340, ,Worcester  MA-CT ,13,13,2816,0,0,0,0,0,0,0,0,0,6,6,1179,0,0,0,0,0,0,0,0,0
201910,150,14540, ,Bowling Green  KY ,54,54,12823,0,0,0,0,0,0,0,0,0,54,54,12823,0,0,0,0,0,0,0,0,0
201910,154,15180, ,Brownsville-Harlingen  TX ,84,84,8712,0,0,0,0,0,0,0,0,0,21,21,2317,0,0,0,0,0,0,0,0,0
201910,160,15380,C,Buffalo-Cheektowaga  NY ,93,93,29145,0,0,0,1,3,450,4,53,8506,85,85,27727,0,0,0,1,3,450,2,24,2000
201910,162,15540, ,Burlington-South Burlington  VT ,24,24,6149,2,4,528,2,7,626,3,39,3747,7,7,1837,1,2,301,0,0,0,0,0,0
201910,163,15980,C,Cape Coral-Fort Myers  FL ,628,628,140588,20,40,5225,9,35,7962,3,54,9494,628,628,140588,20,40,5225,9,35,7962,3,54,9494
201910,163,34940, ,Naples-Marco Island  FL ,304,304,63223,1,2,210,5,20,3649,3,20,5582,304,304,63223,1,2,210,5,20,3649,3,20,5582
201910,164,16020, ,Cape Girardeau  MO-IL ,0,0,0,0,0,0,0,0,0,0,0,0,0,0,0,0,0,0,0,0,0,0,0,0
201910,168,16300, ,Cedar Rapids  IA ,39,39,6543,7,14,2030,0,0,0,0,0,0,39,39,6543,7,14,2030,0,0,0,0,0,0
201910,168,26980, ,Iowa City  IA ,35,35,8590,0,0,0,2,8,1181,1,53,8240,33,33,8315,0,0,0,2,8,1181,1,53,8240
201910,170,16620, ,Charleston  WV ,16,16,1463,0,0,0,0,0,0,0,0,0,16,16,1463,0,0,0,0,0,0,0,0,0
201910,170,26580, ,Huntington-Ashland  WV-KY-OH ,13,13,3126,0,0,0,0,0,0,0,0,0,5,5,1187,0,0,0,0,0,0,0,0,0
201910,172,16740, ,Charlotte-Concord-Gastonia  NC-SC ,1444,1444,367649,2,4,610,0,0,0,9,714,56155,1245,1245,297198,2,4,610,0,0,0,7,686,53071
201910,174,16860, ,Chattanooga  TN-GA ,130,130,29636,5,10,906,1,3,403,1,18,2038,77,77,17725,2,4,447,1,3,403,0,0,0
201910,174,17420, ,Cleveland  TN ,39,39,5899,3,6,240,0,0,0,0,0,0,21,21,2657,3,6,240,0,0,0,0,0,0
201910,176,16980, ,Chicago-Naperville-Elgin  IL-IN-WI ,780,780,215594,37,74,16661,24,78,17024,17,376,27866,658,658,182672,34,68,15625,24,78,17024,9,286,18420
201910,176,28100, ,Kankakee  IL ,2,2,644,0,0,0,0,0,0,0,0,0,2,2,644,0,0,0,0,0,0,0,0,0
201910,176,33140, ,Michigan City-La Porte  IN ,14,14,4024,0,0,0,0,0,0,0,0,0,14,14,4024,0,0,0,0,0,0,0,0,0
201910,178,17140, ,Cincinnati  OH-KY-IN ,484,484,116841,3,6,690,2,8,1867,4,55,5679,373,373,90170,3,6,690,2,8,1867,1,12,900
201910,184,10420, ,Akron  OH ,50,50,27408,0,0,0,0,0,0,0,0,0,50,50,27408,0,0,0,0,0,0,0,0,0
201910,184,15940, ,Canton-Massillon  OH ,37,37,8320,0,0,0,1,3,154,1,5,384,32,32,7737,0,0,0,0,0,0,0,0,0
201910,184,17460, ,Cleveland-Elyria  OH ,249,249,69595,2,4,242,1,3,208,1,8,1192,183,183,57222,0,0,0,0,0,0,1,8,1192
201910,190,17860, ,Columbia  MO ,68,68,17117,0,0,0,0,0,0,0,0,0,68,68,17117,0,0,0,0,0,0,0,0,0
201910,192,17900,C,Columbia  SC ,397,397,80828,3,6,795,0,0,0,1,5,489,220,220,36228,3,6,795,0,0,0,0,0,0
201910,194,12220,C,Auburn-Opelika  AL ,86,86,24495,0,0,0,0,0,0,2,10,5728,62,62,18733,0,0,0,0,0,0,2,10,5728
201910,194,17980, ,Columbus  GA-AL ,61,61,11998,0,0,0,1,4,246,2,16,3006,21,21,4711,0,0,0,0,0,0,0,0,0
201910,198,18140, ,Columbus  OH ,365,365,103970,2,4,1000,12,47,3788,7,62,35321,320,320,93558,2,4,1000,12,47,3788,6,57,35096
201910,204,18580, ,Corpus Christi  TX ,100,100,17426,0,0,0,0,0,0,0,0,0,0,0,0,0,0,0,0,0,0,0,0,0
201910,206,19100, ,Dallas-Fort Worth-Arlington  TX ,3112,3112,809414,29,58,6075,7,24,3833,61,3661,449403,2406,2406,590935,27,54,5507,6,21,3443,49,3133,387253
201910,209,19340, ,Davenport-Moline-Rock Island  IA-IL ,30,30,7753,0,0,0,0,0,0,0,0,0,8,8,1714,0,0,0,0,0,0,0,0,0
201910,212,19430, ,Dayton-Kettering  OH ,95,95,36680,0,0,0,0,0,0,0,0,0,53,53,27226,0,0,0,0,0,0,0,0,0
201910,212,44220, ,Springfield  OH ,7,7,2060,0,0,0,0,0,0,1,6,465,7,7,2060,0,0,0,0,0,0,1,6,465
201910,216,14500, ,Boulder  CO ,52,52,22571,0,0,0,0,0,0,0,0,0,52,52,22571,0,0,0,0,0,0,0,0,0
201910,216,19740,C,Denver-Aurora-Lakewood  CO ,839,839,250824,0,0,0,2,7,1752,15,1456,205502,793,793,238965,0,0,0,2,7,1752,13,1435,203142
201910,216,24540, ,Greeley  CO ,225,225,64386,0,0,0,6,22,4942,3,56,4885,214,214,61286,0,0,0,6,22,4942,2,33,4511
201910,218,11180, ,Ames  IA ,8,8,3048,0,0,0,0,0,0,0,0,0,8,8,3048,0,0,0,0,0,0,0,0,0
201910,218,19780, ,Des Moines-West Des Moines  IA ,450,450,130272,1,2,400,0,0,0,10,558,75295,442,442,128227,1,2,400,0,0,0,9,553,74835
201910,220,11460, ,Ann Arbor  MI ,17,17,5019,0,0,0,2,6,1205,1,5,550,6,6,1876,0,0,0,2,6,1205,0,0,0
201910,220,19820, ,Detroit-Warren-Dearborn  MI ,550,550,157196,7,14,1861,2,6,559,13,251,39063,395,395,119137,5,10,1400,0,0,0,12,244,38888
201910,220,22420, ,Flint  MI ,29,29,6673,0,0,0,1,3,573,0,0,0,22,22,4745,0,0,0,0,0,0,0,0,0
201910,220,33780, ,Monroe  MI ,1,1,335,0,0,0,0,0,0,0,0,0,1,1,335,0,0,0,0,0,0,0,0,0
201910,222,20020, ,Dothan  AL ,17,17,4566,0,0,0,1,4,480,0,0,0,15,15,4152,0,0,0,1,4,480,0,0,0
201910,232,20740, ,Eau Claire  WI ,69,69,16718,10,20,2342,0,0,0,1,8,650,69,69,16718,10,20,2342,0,0,0,1,8,650
201910,236,21300, ,Elmira  NY ,0,0,0,0,0,0,0,0,0,0,0,0,0,0,0,0,0,0,0,0,0,0,0,0
201910,238,21340,C,El Paso  TX ,198,198,46083,8,16,2044,1,3,394,5,53,9256,48,48,11398,1,2,224,0,0,0,0,0,0
201910,238,29740,C,Las Cruces  NM ,90,90,23122,0,0,0,0,0,0,0,0,0,75,75,18981,0,0,0,0,0,0,0,0,0
201910,240,21500, ,Erie  PA ,6,6,2872,0,0,0,0,0,0,0,0,0,6,6,2872,0,0,0,0,0,0,0,0,0
201910,244,22020, ,Fargo  ND-MN ,95,95,23595,0,0,0,0,0,0,0,0,0,86,86,20966,0,0,0,0,0,0,0,0,0
201910,246,22180, ,Fayetteville  NC ,124,124,19415,0,0,0,0,0,0,0,0,0,73,73,13175,0,0,0,0,0,0,0,0,0
201910,258,23060,C,Fort Wayne  IN ,135,135,36392,1,2,80,1,3,286,7,53,4700,135,135,36392,1,2,80,1,3,286,7,53,4700
201910,260,23420,C,Fresno  CA ,168,168,69264,24,48,7423,1,4,565,20,136,20394,154,154,66702,22,44,7010,1,4,565,19,130,19595
201910,260,31460, ,Madera  CA ,85,85,23110,0,0,0,0,0,0,0,0,0,85,85,23110,0,0,0,0,0,0,0,0,0
201910,264,23540, ,Gainesville  FL ,68,68,16355,0,0,0,0,0,0,1,91,3099,56,56,14735,0,0,0,0,0,0,0,0,0
201910,266,24340, ,Grand Rapids-Kentwood  MI ,188,188,49719,5,10,1625,0,0,0,10,317,33990,155,155,41913,5,10,1625,0,0,0,10,317,33990
201910,266,34740, ,Muskegon  MI ,2,2,444,0,0,0,0,0,0,0,0,0,0,0,0,0,0,0,0,0,0,0,0,0
201910,267,24580, ,Green Bay  WI ,67,67,20115,0,0,0,0,0,0,2,11,1024,44,44,13544,0,0,0,0,0,0,0,0,0
201910,268,15500, ,Burlington  NC ,45,45,8168,0,0,0,0,0,0,0,0,0,45,45,8168,0,0,0,0,0,0,0,0,0
201910,268,24660,C,Greensboro-High Point  NC ,167,167,38756,0,0,0,0,0,0,6,142,17852,167,167,38756,0,0,0,0,0,0,6,142,17852
201910,268,49180, ,Winston-Salem  NC ,199,199,37176,0,0,0,0,0,0,1,33,1301,184,184,34017,0,0,0,0,0,0,0,0,0
201910,272,24780, ,Greenville  NC ,30,30,5306,6,12,1488,0,0,0,1,34,3954,0,0,0,0,0,0,0,0,0,0,0,0
201910,273,24860, ,Greenville-Anderson  SC ,501,501,135107,8,16,1248,0,0,0,1,5,176,477,477,131281,7,14,995,0,0,0,0,0,0
201910,273,43900, ,Spartanburg  SC ,201,201,35567,0,0,0,0,0,0,0,0,0,201,201,35567,0,0,0,0,0,0,0,0,0
201910,276,23900,C,Gettysburg  PA ,26,26,6113,0,0,0,0,0,0,0,0,0,26,26,6113,0,0,0,0,0,0,0,0,0
201910,276,25420,C,Harrisburg-Carlisle  PA ,102,102,21764,1,2,288,1,3,585,4,82,9340,85,85,18152,1,2,288,1,3,585,4,82,9340
201910,276,30140, ,Lebanon  PA ,24,24,5350,0,0,0,0,0,0,0,0,0,24,24,5350,0,0,0,0,0,0,0,0,0
201910,276,49620, ,York-Hanover  PA ,7,7,1229,1,2,192,0,0,0,0,0,0,5,5,1033,1,2,192,0,0,0,0,0,0
201910,277,25500,C,Harrisonburg  VA ,34,34,10920,0,0,0,0,0,0,0,0,0,34,34,10920,0,0,0,0,0,0,0,0,0
201910,277,44420, ,Staunton  VA ,15,15,3959,0,0,0,0,0,0,0,0,0,15,15,3959,0,0,0,0,0,0,0,0,0
201910,278,25540,C,Hartford-East Hartford-Middletown  CT ,59,59,14569,0,0,0,2,8,1013,9,49,3936,35,35,9262,0,0,0,2,8,1013,0,0,0
201910,278,35980, ,Norwich-New London  CT ,13,13,3056,0,0,0,0,0,0,0,0,0,10,10,2560,0,0,0,0,0,0,0,0,0
201910,279,25620, ,Hattiesburg  MS ,1,1,270,0,0,0,0,0,0,0,0,0,1,1,270,0,0,0,0,0,0,0,0,0
201910,284,26300, ,Hot Springs  AR ,9,9,1868,0,0,0,0,0,0,0,0,0,9,9,1868,0,0,0,0,0,0,0,0,0
201910,288,26420, ,Houston-The Woodlands-Sugar Land  TX ,3798,3798,675608,19,38,3879,1,4,200,48,1741,158360,2941,2941,611826,18,36,3746,1,4,200,45,1714,156353
201910,290,19460, ,Decatur  AL ,9,9,1618,0,0,0,0,0,0,0,0,0,1,1,199,0,0,0,0,0,0,0,0,0
201910,290,26620,C,Huntsville  AL ,323,323,56157,0,0,0,0,0,0,0,0,0,308,308,52620,0,0,0,0,0,0,0,0,0
201910,292,26820, ,Idaho Falls  ID ,105,105,17784,0,0,0,0,0,0,1,6,581,105,105,17784,0,0,0,0,0,0,1,6,581
201910,294,18020, ,Columbus  IN ,23,23,4829,0,0,0,0,0,0,0,0,0,23,23,4829,0,0,0,0,0,0,0,0,0
201910,294,26900, ,Indianapolis-Carmel-Anderson  IN ,635,635,190777,5,10,1369,0,0,0,4,201,22000,604,604,183580,4,8,1091,0,0,0,4,201,22000
201910,294,34620, ,Muncie  IN ,1,1,271,0,0,0,0,0,0,0,0,0,1,1,271,0,0,0,0,0,0,0,0,0
201910,296,27060, ,Ithaca  NY ,1,1,48,1,2,237,0,0,0,1,7,840,0,0,0,0,0,0,0,0,0,0,0,0
201910,297,27180, ,Jackson  TN ,17,17,2908,0,0,0,0,0,0,0,0,0,17,17,2908,0,0,0,0,0,0,0,0,0
201910,298,27140, ,Jackson  MS ,91,91,22770,0,0,0,0,0,0,0,0,0,60,60,15055,0,0,0,0,0,0,0,0,0
201910,300,27260,C,Jacksonville  FL ,898,898,217722,4,8,1146,3,11,1704,6,117,11320,871,871,210236,4,8,1146,3,11,1704,5,94,8679
201910,304,27740, ,Johnson City  TN ,10,10,2513,1,2,98,0,0,0,1,18,1950,0,0,0,0,0,0,0,0,0,0,0,0
201910,304,28700, ,Kingsport-Bristol  TN-VA ,1,1,373,0,0,0,0,0,0,0,0,0,1,1,373,0,0,0,0,0,0,0,0,0
201910,306,27780, ,Johnstown  PA ,0,0,0,0,0,0,0,0,0,0,0,0,0,0,0,0,0,0,0,0,0,0,0,0
201910,308,27860, ,Jonesboro  AR ,52,52,7554,4,8,545,3,11,583,2,11,595,14,14,1527,0,0,0,0,0,0,0,0,0
201910,309,27900, ,Joplin  MO ,16,16,2511,1,2,230,1,4,282,1,5,228,0,0,0,0,0,0,0,0,0,0,0,0
201910,310,12980, ,Battle Creek  MI ,0,0,0,0,0,0,0,0,0,0,0,0,0,0,0,0,0,0,0,0,0,0,0,0
201910,310,28020, ,Kalamazoo-Portage  MI ,9,9,2562,0,0,0,0,0,0,0,0,0,0,0,0,0,0,0,0,0,0,0,0,0
201910,312,28140, ,Kansas City  MO-KS ,464,464,131463,16,32,3937,8,29,3848,17,831,117190,367,367,99473,14,28,3060,5,20,2278,13,766,110260
201910,312,29940, ,Lawrence  KS ,7,7,2844,0,0,0,0,0,0,0,0,0,7,7,2844,0,0,0,0,0,0,0,0,0
201910,312,41140, ,St. Joseph  MO-KS ,0,0,0,0,0,0,0,0,0,0,0,0,0,0,0,0,0,0,0,0,0,0,0,0
201910,313,28420,C,Kennewick-Richland  WA ,151,151,43421,4,8,1399,0,0,0,2,36,3878,76,76,23302,2,4,684,0,0,0,1,5,766
201910,313,47460, ,Walla Walla  WA ,15,15,3972,0,0,0,0,0,0,0,0,0,4,4,1287,0,0,0,0,0,0,0,0,0
201910,315,28940, ,Knoxville  TN ,282,282,63778,0,0,0,0,0,0,4,128,14735,88,88,24016,0,0,0,0,0,0,3,110,13551
201910,316,29020, ,Kokomo  IN ,11,11,1532,0,0,0,0,0,0,0,0,0,11,11,1532,0,0,0,0,0,0,0,0,0
201910,318,29180, ,Lafayette  LA ,135,135,29015,0,0,0,0,0,0,0,0,0,63,63,11514,0,0,0,0,0,0,0,0,0
201910,320,29200, ,Lafayette-West Lafayette  IN ,64,64,16524,6,12,1743,0,0,0,1,9,1046,58,58,15736,6,12,1743,0,0,0,0,0,0
201910,324,29340, ,Lake Charles  LA ,73,73,11911,3,6,386,0,0,0,0,0,0,35,35,4761,3,6,386,0,0,0,0,0,0
201910,332,29820,C,Las Vegas-Henderson-Paradise  NV ,803,803,189071,1,2,518,13,44,7714,4,334,37380,803,803,189071,1,2,518,13,44,7714,4,334,37380
201910,336,30460,C,Lexington-Fayette  KY ,128,128,26685,4,8,1069,1,3,503,5,138,6799,15,15,5496,0,0,0,0,0,0,0,0,0
201910,338,30620, ,Lima  OH ,0,0,0,0,0,0,0,0,0,0,0,0,0,0,0,0,0,0,0,0,0,0,0,0
201910,339,30700, ,Lincoln  NE ,97,97,22691,1,2,262,0,0,0,2,66,7961,0,0,0,0,0,0,0,0,0,0,0,0
201910,340,30780, ,Little Rock-North Little Rock-Conway  AR ,158,158,30099,2,4,304,2,8,1200,2,74,6309,121,121,23775,0,0,0,2,8,1200,1,63,6000
201910,340,38220, ,Pine Bluff  AR ,1,1,122,0,0,0,0,0,0,0,0,0,0,0,0,0,0,0,0,0,0,0,0,0
201910,348,31080,C,Los Angeles-Long Beach-Anaheim  CA ,836,836,305468,96,192,38701,13,48,10411,49,1559,244903,709,709,242135,93,186,36997,11,42,9075,38,1451,226751
201910,348,37100, ,Oxnard-Thousand Oaks-Ventura  CA ,9,9,2365,1,2,205,0,0,0,2,13,3274,0,0,0,0,0,0,0,0,0,1,6,1419
201910,348,40140, ,Riverside-San Bernardino-Ontario  CA ,1040,1040,280678,1,2,201,2,8,1413,11,103,11840,1004,1004,273256,1,2,201,2,8,1413,8,79,9846
201910,350,21060, ,Elizabethtown-Fort Knox  KY ,33,33,6372,0,0,0,0,0,0,0,0,0,33,33,6372,0,0,0,0,0,0,0,0,0
201910,350,31140, ,Louisville-Jefferson County  KY-IN ,293,293,80513,2,4,560,0,0,0,10,232,31036,139,139,32892,2,4,560,0,0,0,0,0,0
201910,352,31180, ,Lubbock  TX ,142,142,33376,0,0,0,1,3,188,0,0,0,18,18,5391,0,0,0,0,0,0,0,0,0
201910,356,31420, ,Macon-Bibb County  GA ,27,27,2609,0,0,0,0,0,0,0,0,0,0,0,0,0,0,0,0,0,0,0,0,0
201910,356,47580, ,Warner Robins  GA ,69,69,14561,0,0,0,0,0,0,0,0,0,69,69,14561,0,0,0,0,0,0,0,0,0
201910,357,27500, ,Janesville-Beloit  WI ,27,27,6933,1,2,545,0,0,0,1,56,8000,27,27,6933,1,2,545,0,0,0,1,56,8000
201910,357,31540, ,Madison  WI ,165,165,51799,5,10,1398,1,3,296,9,112,9758,134,134,43148,4,8,1000,0,0,0,6,66,5690
201910,359,31860, ,Mankato  MN ,19,19,4186,0,0,0,0,0,0,0,0,0,18,18,3930,0,0,0,0,0,0,0,0,0
201910,365,32580,C,McAllen-Edinburg-Mission  TX ,296,296,43631,41,82,67661,18,72,3990,5,144,10561,275,275,41661,40,80,67558,18,72,3990,5,144,10561
201910,366,32780, ,Medford  OR ,49,49,11567,1,2,337,0,0,0,0,0,0,49,49,11567,1,2,337,0,0,0,0,0,0
201910,368,32820, ,Memphis  TN-MS-AR ,336,336,73021,0,0,0,0,0,0,6,240,40177,309,309,68386,0,0,0,0,0,0,6,240,40177
201910,370,33100, ,Miami-Fort Lauderdale-Pompano Beach  FL ,657,657,226564,17,34,5734,1,4,1053,16,974,93397,568,568,194246,17,34,5734,1,4,1053,12,919,87009
201910,370,38940, ,Port St. Lucie  FL ,292,292,67631,3,6,784,0,0,0,0,0,0,292,292,67631,3,6,784,0,0,0,0,0,0
201910,370,42680, ,Sebastian-Vero Beach  FL ,136,136,50682,0,0,0,0,0,0,0,0,0,136,136,50682,0,0,0,0,0,0,0,0,0
201910,372,33260, ,Midland  TX ,173,173,25584,0,0,0,0,0,0,0,0,0,173,173,25584,0,0,0,0,0,0,0,0,0
201910,372,36220,C,Odessa  TX ,68,68,13602,1,2,149,0,0,0,0,0,0,0,0,0,0,0,0,0,0,0,0,0,0
201910,376,33340,C,Milwaukee-Waukesha  WI ,151,151,59979,10,20,3309,0,0,0,1,16,1600,123,123,48637,8,16,2503,0,0,0,1,16,1600
201910,376,39540, ,Racine  WI ,12,12,3700,0,0,0,0,0,0,0,0,0,12,12,3700,0,0,0,0,0,0,0,0,0
201910,378,33460, ,Minneapolis-St. Paul-Bloomington  MN-WI ,923,923,289599,8,16,2932,0,0,0,17,1029,145281,816,816,261590,7,14,2674,0,0,0,15,991,139679
201910,378,41060, ,St. Cloud  MN ,0,0,0,0,0,0,0,0,0,0,0,0,0,0,0,0,0,0,0,0,0,0,0,0
201910,380,19300, ,Daphne-Fairhope-Foley  AL ,160,160,33230,0,0,0,0,0,0,2,47,3646,101,101,23060,0,0,0,0,0,0,0,0,0
201910,380,33660, ,Mobile  AL ,62,62,15610,0,0,0,1,3,338,0,0,0,61,61,15536,0,0,0,1,3,338,0,0,0
201910,384,33740, ,Monroe  LA ,22,22,5016,1,2,81,1,4,629,13,65,7314,15,15,3562,0,0,0,0,0,0,12,60,6735
201910,388,33860, ,Montgomery  AL ,59,59,11554,0,0,0,0,0,0,0,0,0,34,34,7945,0,0,0,0,0,0,0,0,0
201910,390,34060, ,Morgantown  WV ,0,0,0,0,0,0,0,0,0,0,0,0,0,0,0,0,0,0,0,0,0,0,0,0
201910,396,34820, ,Myrtle Beach-Conway-North Myrtle Beach  SC-NC ,616,616,117825,5,10,1385,0,0,0,2,15,1364,446,446,81267,4,8,816,0,0,0,1,10,1114
201910,400,34980, ,Nashville-Davidson--Murfreesboro--Franklin  TN ,1419,1419,367086,3,6,307,2,6,806,43,1278,139783,1362,1362,354509,3,6,307,2,6,806,43,1278,139783
201910,406,25220, ,Hammond  LA ,65,65,10421,0,0,0,0,0,0,0,0,0,57,57,9185,0,0,0,0,0,0,0,0,0
201910,406,35380, ,New Orleans-Metairie  LA ,265,265,60555,11,22,2378,2,6,1292,1,67,13818,188,188,42967,1,2,310,0,0,0,0,0,0
201910,408,14860,C,Bridgeport-Stamford-Norwalk  CT ,44,44,33440,1,2,138,0,0,0,8,866,225873,18,18,11475,0,0,0,0,0,0,7,861,222817
201910,408,20700, ,East Stroudsburg  PA ,8,8,2116,0,0,0,0,0,0,0,0,0,5,5,1300,0,0,0,0,0,0,0,0,0
201910,408,28740, ,Kingston  NY ,2,2,450,1,2,190,0,0,0,14,82,11439,2,2,450,1,2,190,0,0,0,12,72,9000
201910,408,35300, ,New Haven-Milford  CT ,13,13,3139,0,0,0,0,0,0,2,15,923,8,8,2368,0,0,0,0,0,0,0,0,0
201910,408,35620,C,New York-Newark-Jersey City  NY-NJ-PA ,1025,1025,279899,80,160,21570,47,157,305893,204,4700,430472,812,812,234582,58,116,17068,41,139,299441,154,3883,342262
201910,408,39100, ,Poughkeepsie-Newburgh-Middletown  NY ,20,20,7464,1,2,464,1,4,1000,4,58,5626,15,15,6500,0,0,0,1,4,1000,0,0,0
201910,408,45940,C,Trenton-Princeton  NJ ,17,17,3379,0,0,0,2,6,1115,4,34,3477,15,15,2765,0,0,0,1,3,1001,4,34,3477
201910,412,35840,C,North Port-Sarasota-Bradenton  FL ,589,589,150287,1,2,1400,1,3,569,9,384,38609,565,565,143215,1,2,1400,0,0,0,8,344,33199
201910,412,39460, ,Punta Gorda  FL ,194,194,49262,2,4,664,0,0,0,0,0,0,194,194,49262,2,4,664,0,0,0,0,0,0
201910,416,36420,C,Oklahoma City  OK ,521,521,123780,29,58,6645,0,0,0,0,0,0,439,439,104299,28,56,6255,0,0,0,0,0,0
201910,420,36540, ,Omaha-Council Bluffs  NE-IA ,251,251,53422,2,4,626,0,0,0,0,0,0,168,168,32022,1,2,408,0,0,0,0,0,0
201910,422,19660, ,Deltona-Daytona Beach-Ormond Beach  FL ,322,322,91393,18,36,5669,0,0,0,4,256,31649,309,309,87932,18,36,5669,0,0,0,4,256,31649
201910,422,29460, ,Lakeland-Winter Haven  FL ,603,603,150850,2,4,245,6,24,5096,7,260,38547,529,529,134073,2,4,245,6,24,5096,7,260,38547
201910,422,36740, ,Orlando-Kissimmee-Sanford  FL ,1408,1408,379205,21,42,6117,8,32,7177,31,1364,153865,1265,1265,337825,21,42,6117,8,32,7177,31,1364,153865
201910,422,45540,C,The Villages  FL ,285,285,89610,0,0,0,0,0,0,0,0,0,285,285,89610,0,0,0,0,0,0,0,0,0
201910,425,37620, ,Parkersburg-Vienna  WV ,6,6,1796,0,0,0,0,0,0,0,0,0,6,6,1796,0,0,0,0,0,0,0,0,0
201910,426,37860,C,Pensacola-Ferry Pass-Brent  FL ,298,298,59660,20,40,3676,0,0,0,0,0,0,298,298,59660,20,40,3676,0,0,0,0,0,0
201910,428,12100,C,Atlantic City-Hammonton  NJ ,40,40,11497,0,0,0,0,0,0,2,48,4780,37,37,10925,0,0,0,0,0,0,0,0,0
201910,428,20100,C,Dover  DE ,87,87,12113,2,4,648,0,0,0,4,26,2181,74,74,10603,2,4,648,0,0,0,3,21,1696
201910,428,36140,C,Ocean City  NJ ,59,59,25911,4,8,1072,3,10,692,0,0,0,58,58,25850,4,8,1072,3,10,692,0,0,0
201910,428,37980,C,Philadelphia-Camden-Wilmington  PA-NJ-DE-MD ,584,584,114254,17,34,5164,21,70,9037,21,138,15238,357,357,80409,16,32,5109,21,70,9037,9,45,4043
201910,428,39740, ,Reading  PA ,7,7,2485,0,0,0,0,0,0,0,0,0,5,5,1953,0,0,0,0,0,0,0,0,0
201910,428,47220,C,Vineland-Bridgeton  NJ ,5,5,529,0,0,0,0,0,0,0,0,0,1,1,100,0,0,0,0,0,0,0,0,0
201910,429,38060,C,Phoenix-Mesa-Chandler  AZ ,2322,2322,632321,9,18,3709,4,13,2051,20,709,125072,2063,2063,559338,9,18,3709,4,13,2051,17,514,91539
201910,430,38300, ,Pittsburgh  PA ,92,92,29688,1,2,388,3,12,1597,3,70,7716,56,56,21184,0,0,0,3,12,1597,1,5,535
201910,430,48260, ,Weirton-Steubenville  WV-OH ,0,0,0,0,0,0,0,0,0,0,0,0,0,0,0,0,0,0,0,0,0,0,0,0
201910,438,30340, ,Lewiston-Auburn  ME ,3,3,594,1,2,200,0,0,0,0,0,0,1,1,180,0,0,0,0,0,0,0,0,0
201910,438,38860, ,Portland-South Portland  ME ,119,119,32312,3,6,1292,1,3,605,6,55,5449,38,38,10563,0,0,0,0,0,0,0,0,33
201910,440,10540, ,Albany-Lebanon  OR ,46,46,12471,0,0,0,0,0,0,1,5,419,42,42,11685,0,0,0,0,0,0,0,0,0
201910,440,18700, ,Corvallis  OR ,10,10,2137,0,0,0,0,0,0,0,0,0,10,10,2137,0,0,0,0,0,0,0,0,0
201910,440,31020, ,Longview  WA ,20,20,4407,0,0,0,0,0,0,0,0,0,0,0,0,0,0,0,0,0,0,0,0,0
201910,440,38900, ,Portland-Vancouver-Hillsboro  OR-WA ,660,660,191179,11,22,3479,2,8,1522,34,1409,178874,475,475,134371,11,22,3479,2,8,1522,33,1398,177274
201910,440,41420, ,Salem  OR ,63,63,19849,0,0,0,0,0,0,5,54,5917,63,63,19849,0,0,0,0,0,0,5,54,5917
201910,444,39380,C,Pueblo  CO ,49,49,7651,0,0,0,0,0,0,0,0,0,49,49,7651,0,0,0,0,0,0,0,0,0
201910,450,20500,C,Durham-Chapel Hill  NC ,322,322,76683,1,2,170,0,0,0,17,404,52830,132,132,40311,0,0,0,0,0,0,12,256,40820
201910,450,39580,C,Raleigh-Cary  NC ,908,908,197604,1,2,516,7,25,4791,7,42,7617,907,907,197446,1,2,516,7,25,4791,7,42,7617
201910,452,39660, ,Rapid City  SD ,29,29,5955,1,2,378,0,0,0,3,45,3696,29,29,5955,1,2,378,0,0,0,3,45,3696
201910,454,39820, ,Redding  CA ,25,25,6975,0,0,0,0,0,0,0,0,0,25,25,6975,0,0,0,0,0,0,0,0,0
201910,456,16180,C,Carson City  NV ,15,15,3910,0,0,0,0,0,0,1,14,1398,0,0,0,0,0,0,0,0,0,0,0,0
201910,456,39900,C,Reno  NV ,201,201,54796,1,2,231,0,0,0,10,220,25057,2,2,336,0,0,0,0,0,0,0,0,0
201910,462,40340, ,Rochester  MN ,32,32,8539,0,0,0,0,0,0,0,0,0,32,32,8539,0,0,0,0,0,0,0,0,0
201910,464,40380, ,Rochester  NY ,86,86,21299,1,2,277,3,10,814,10,125,10689,71,71,18573,1,2,277,2,7,574,7,63,6414
201910,466,40420, ,Rockford  IL ,11,11,1630,0,0,0,0,0,0,0,0,0,11,11,1630,0,0,0,0,0,0,0,0,0
201910,472,40900,C,Sacramento-Roseville-Folsom  CA ,789,789,238779,11,22,3713,1,4,672,12,584,102777,789,789,238779,11,22,3713,1,4,672,12,584,102777
201910,474,13020, ,Bay City  MI ,1,1,200,0,0,0,0,0,0,0,0,0,1,1,200,0,0,0,0,0,0,0,0,0
201910,474,33220, ,Midland  MI ,1,1,123,0,0,0,0,0,0,0,0,0,1,1,123,0,0,0,0,0,0,0,0,0
201910,474,40980, ,Saginaw  MI ,2,2,310,0,0,0,0,0,0,0,0,0,2,2,310,0,0,0,0,0,0,0,0,0
201910,476,41180, ,St. Louis  MO-IL ,498,498,131008,11,22,1898,2,7,1132,2,21,1570,385,385,90738,11,22,1898,1,4,804,1,16,925
201910,480,41540, ,Salisbury  MD-DE ,278,278,38538,8,16,1651,2,7,756,1,5,515,275,275,37904,8,16,1651,2,7,756,1,5,515
201910,482,36260, ,Ogden-Clearfield  UT ,226,226,61810,0,0,0,7,24,3161,8,68,8041,163,163,45936,0,0,0,7,24,3161,5,50,6312
201910,482,39340, ,Provo-Orem  UT ,465,465,133071,0,0,0,2,7,786,13,106,14359,456,456,129401,0,0,0,1,4,560,13,106,14359
201910,482,41620, ,Salt Lake City  UT ,436,436,115967,9,18,3802,2,7,1091,11,617,82933,325,325,84254,8,16,3507,0,0,0,7,562,74810
201910,484,41700,C,San Antonio-New Braunfels  TX ,984,984,231860,20,40,4844,3,12,1611,2,10,8571,900,900,216671,20,40,4844,3,12,1611,2,10,8571
201910,488,32900, ,Merced  CA ,11,11,2935,0,0,0,0,0,0,0,0,0,11,11,2935,0,0,0,0,0,0,0,0,0
201910,488,33700, ,Modesto  CA ,1,1,399,0,0,0,0,0,0,0,0,0,1,1,399,0,0,0,0,0,0,0,0,0
201910,488,41860,C,San Francisco-Oakland-Berkeley  CA ,250,250,101122,12,24,7317,10,33,8693,17,1000,251384,156,156,66279,11,22,5786,7,24,6532,6,724,189799
201910,488,41940,C,San Jose-Sunnyvale-Santa Clara  CA ,275,275,93039,4,8,2327,3,9,2419,17,560,133521,213,213,71081,4,8,2327,3,9,2419,15,421,101312
201910,488,42100, ,Santa Cruz-Watsonville  CA ,15,15,2619,0,0,0,1,3,344,2,11,1119,4,4,251,0,0,0,0,0,0,0,0,0
201910,488,42220, ,Santa Rosa-Petaluma  CA ,97,97,37567,0,0,0,0,0,0,0,0,0,95,95,35894,0,0,0,0,0,0,0,0,0
201910,488,44700, ,Stockton  CA ,197,197,64001,0,0,0,0,0,0,0,0,0,132,132,43908,0,0,0,0,0,0,0,0,0
201910,488,46700, ,Vallejo  CA ,68,68,19318,0,0,0,0,0,0,0,0,0,68,68,19318,0,0,0,0,0,0,0,0,0
201910,496,25980, ,Hinesville  GA ,24,24,5005,0,0,0,0,0,0,0,0,0,24,24,5005,0,0,0,0,0,0,0,0,0
201910,496,42340, ,Savannah  GA ,209,209,49751,0,0,0,0,0,0,0,0,0,142,142,34861,0,0,0,0,0,0,0,0,0
201910,500,14740,C,Bremerton-Silverdale-Port Orchard  WA ,70,70,21621,1,2,395,0,0,0,3,18,794,70,70,21621,1,2,395,0,0,0,3,18,794
201910,500,34580, ,Mount Vernon-Anacortes  WA ,25,25,6343,0,0,0,0,0,0,0,0,0,25,25,6343,0,0,0,0,0,0,0,0,0
201910,500,36500, ,Olympia-Lacey-Tumwater  WA ,62,62,15716,0,0,0,1,4,684,4,99,9191,57,57,14698,0,0,0,1,4,684,3,91,9078
201910,500,42660,C,Seattle-Tacoma-Bellevue  WA ,787,787,264681,31,62,13976,22,73,14083,41,1028,168545,686,686,222589,31,62,13976,20,67,12353,35,697,139808
201910,508,43340,C,Shreveport-Bossier City  LA ,93,93,18620,0,0,0,0,0,0,0,0,0,56,56,10338,0,0,0,0,0,0,0,0,0
201910,515,21140, ,Elkhart-Goshen  IN ,19,19,4486,0,0,0,0,0,0,0,0,0,19,19,4486,0,0,0,0,0,0,0,0,0
201910,515,35660, ,Niles  MI ,0,0,0,0,0,0,0,0,0,0,0,0,0,0,0,0,0,0,0,0,0,0,0,0
201910,515,43780, ,South Bend-Mishawaka  IN-MI ,25,25,6506,0,0,0,0,0,0,0,0,0,25,25,6506,0,0,0,0,0,0,0,0,0
201910,518,17660, ,Coeur dAlene  ID ,125,125,29566,0,0,0,1,3,209,2,53,5519,41,41,11998,0,0,0,0,0,0,0,0,0
201910,518,44060, ,Spokane-Spokane Valley  WA ,187,187,51570,8,16,2240,0,0,0,3,20,2758,171,171,48068,8,16,2240,0,0,0,3,20,2758
201910,522,44100, ,Springfield  IL ,8,8,2620,2,4,944,0,0,0,1,17,1093,0,0,0,0,0,0,0,0,0,0,0,0
201910,524,44300, ,State College  PA ,11,11,3519,0,0,0,0,0,0,0,0,0,2,2,675,0,0,0,0,0,0,0,0,0
201910,532,45060, ,Syracuse  NY ,25,25,4441,0,0,0,0,0,0,0,0,0,24,24,4270,0,0,0,0,0,0,0,0,0
201910,534,45780, ,Toledo  OH ,88,88,19098,0,0,0,0,0,0,1,6,900,86,86,18873,0,0,0,0,0,0,1,6,900
201910,536,46060,C,Tucson  AZ ,300,300,89747,1,2,299,0,0,0,3,87,13362,239,239,74685,0,0,0,0,0,0,0,0,0
201910,538,46140,C,Tulsa  OK ,361,361,78744,1,2,180,2,8,320,2,22,1508,355,355,77409,1,2,180,2,8,320,1,5,200
201910,540,46340, ,Tyler  TX ,24,24,5699,1,2,224,0,0,0,0,0,0,24,24,5699,1,2,224,0,0,0,0,0,0
201910,545,47260, ,Virginia Beach-Norfolk-Newport News  VA-NC ,304,304,75929,0,0,0,0,0,0,0,0,0,266,266,70753,0,0,0,0,0,0,0,0,0
201910,548,12580,C,Baltimore-Columbia-Towson  MD ,371,371,85896,0,0,0,0,0,0,2,172,25702,357,357,83619,0,0,0,0,0,0,1,8,850
201910,548,15680,C,California-Lexington Park  MD ,78,78,17574,0,0,0,0,0,0,0,0,0,78,78,17574,0,0,0,0,0,0,0,0,0
201910,548,16540,C,Chambersburg-Waynesboro  PA ,29,29,7219,0,0,0,0,0,0,1,5,651,22,22,5357,0,0,0,0,0,0,0,0,0
201910,548,25180, ,Hagerstown-Martinsburg  MD-WV ,103,103,21984,2,4,710,0,0,0,0,0,0,103,103,21984,2,4,710,0,0,0,0,0,0
201910,548,47900, ,Washington-Arlington-Alexandria  DC-VA-MD-WV ,913,913,222019,3,6,463,0,0,0,18,1346,307522,831,831,199797,2,4,220,0,0,0,13,1208,291090
201910,548,49020, ,Winchester  VA-WV ,58,58,13718,0,0,0,2,8,1132,0,0,0,58,58,13718,0,0,0,2,8,1132,0,0,0
201910,554,48140, ,Wausau-Weston  WI ,16,16,3731,1,2,500,0,0,0,0,0,0,5,5,1890,1,2,500,0,0,0,0,0,0
201910,556,48620, ,Wichita  KS ,85,85,18574,17,34,2739,0,0,0,1,15,1050,11,11,2671,0,0,0,0,0,0,0,0,0
201910,558,48700, ,Williamsport  PA ,0,0,0,0,0,0,0,0,0,0,0,0,0,0,0,0,0,0,0,0,0,0,0,0
201910,566,49660, ,Youngstown-Warren-Boardman  OH-PA ,31,31,6232,0,0,0,0,0,0,0,0,0,15,15,2596,0,0,0,0,0,0,0,0,0
201910,999,10180, ,Abilene  TX ,29,29,5942,0,0,0,0,0,0,0,0,0,29,29,5942,0,0,0,0,0,0,0,0,0
201910,999,10500, ,Albany  GA ,14,14,2109,0,0,0,0,0,0,0,0,0,14,14,2109,0,0,0,0,0,0,0,0,0
201910,999,10780, ,Alexandria  LA ,20,20,4802,0,0,0,0,0,0,0,0,0,0,0,0,0,0,0,0,0,0,0,0,0
201910,999,10900, ,Allentown-Bethlehem-Easton  PA-NJ ,40,40,9625,2,4,765,0,0,0,1,6,781,22,22,5327,2,4,765,0,0,0,0,0,0
201910,999,11260,C,Anchorage  AK ,79,79,24510,0,0,0,1,4,695,2,17,2688,2,2,389,0,0,0,0,0,0,0,0,0
201910,999,11500, ,Anniston-Oxford  AL ,7,7,979,0,0,0,0,0,0,0,0,0,6,6,899,0,0,0,0,0,0,0,0,0
201910,999,12260, ,Augusta-Richmond County  GA-SC ,257,257,51777,0,0,0,1,3,278,1,18,1102,122,122,25475,0,0,0,1,3,278,0,0,0
201910,999,12420, ,Austin-Round Rock-Georgetown  TX ,1512,1512,352016,26,52,6534,0,0,0,83,1930,295968,1237,1237,297858,23,46,6014,0,0,0,81,1909,293671
201910,999,12540, ,Bakersfield  CA ,130,130,32840,2,4,402,1,3,329,2,18,3690,26,26,4667,0,0,0,0,0,0,0,0,0
201910,999,12620, ,Bangor  ME ,17,17,4095,8,16,2640,0,0,0,0,0,0,12,12,3129,8,16,2640,0,0,0,0,0,0
201910,999,12940, ,Baton Rouge  LA ,307,307,64197,0,0,0,0,0,0,1,38,3712,103,103,29175,0,0,0,0,0,0,0,0,0
201910,999,13140, ,Beaumont-Port Arthur  TX ,77,77,16235,1,2,236,0,0,0,0,0,0,77,77,16235,1,2,236,0,0,0,0,0,0
201910,999,13220,C,Beckley  WV ,8,8,1736,0,0,0,0,0,0,0,0,0,8,8,1736,0,0,0,0,0,0,0,0,0
201910,999,13380, ,Bellingham  WA ,65,65,17588,0,0,0,0,0,0,3,107,11624,30,30,8043,0,0,0,0,0,0,3,107,11624
201910,999,13740, ,Billings  MT ,25,25,7787,0,0,0,0,0,0,0,0,0,25,25,7787,0,0,0,0,0,0,0,0,0
201910,999,13780, ,Binghamton  NY ,0,0,0,0,0,0,0,0,0,0,0,0,0,0,0,0,0,0,0,0,0,0,0,0
201910,999,13900, ,Bismarck  ND ,38,38,8360,6,12,914,0,0,0,0,0,0,33,33,6866,6,12,914,0,0,0,0,0,0
201910,999,13980, ,Blacksburg-Christiansburg  VA ,2,2,668,0,0,0,0,0,0,0,0,0,2,2,668,0,0,0,0,0,0,0,0,0
201910,999,15260, ,Brunswick  GA ,45,45,10505,0,0,0,0,0,0,0,0,0,41,41,9670,0,0,0,0,0,0,0,0,0
201910,999,16220, ,Casper  WY ,18,18,4321,1,2,176,0,0,0,0,0,0,12,12,2655,0,0,0,0,0,0,0,0,0
201910,999,16580, ,Champaign-Urbana  IL ,15,15,2783,0,0,0,0,0,0,2,243,33814,15,15,2783,0,0,0,0,0,0,2,243,33814
201910,999,16700,C,Charleston-North Charleston  SC ,375,375,104521,0,0,0,1,4,318,7,172,9401,213,213,68941,0,0,0,0,0,0,0,0,0
201910,999,16820, ,Charlottesville  VA ,62,62,17663,0,0,0,0,0,0,2,51,4541,2,2,606,0,0,0,0,0,0,0,0,0
201910,999,16940, ,Cheyenne  WY ,33,33,6707,0,0,0,2,8,965,0,0,0,33,33,6707,0,0,0,2,8,965,0,0,0
201910,999,17020, ,Chico  CA ,19,19,5013,0,0,0,0,0,0,0,0,0,19,19,5013,0,0,0,0,0,0,0,0,0
201910,999,17300,C,Clarksville  TN-KY ,152,152,24336,2,4,244,3,12,683,4,62,5450,86,86,16441,1,2,120,0,0,0,1,45,4400
201910,999,17780, ,College Station-Bryan  TX ,117,117,21318,1,2,300,0,0,0,0,0,0,109,109,19767,1,2,300,0,0,0,0,0,0
201910,999,17820,C,Colorado Springs  CO ,396,396,149854,0,0,0,0,0,0,0,0,0,396,396,149854,0,0,0,0,0,0,0,0,0
201910,999,18880,C,Crestview-Fort Walton Beach-Destin  FL ,199,199,77515,0,0,0,0,0,0,8,150,18261,177,177,70382,0,0,0,0,0,0,8,150,18261
201910,999,19060, ,Cumberland  MD-WV ,5,5,1024,0,0,0,0,0,0,0,0,0,5,5,1024,0,0,0,0,0,0,0,0,0
201910,999,19180, ,Danville  IL ,0,0,0,0,0,0,0,0,0,0,0,0,0,0,0,0,0,0,0,0,0,0,0,0
201910,999,19500, ,Decatur  IL ,7,7,1627,0,0,0,0,0,0,0,0,0,7,7,1627,0,0,0,0,0,0,0,0,0
201910,999,20220, ,Dubuque  IA ,13,13,5386,0,0,0,0,0,0,0,0,0,10,10,4612,0,0,0,0,0,0,0,0,0
201910,999,20260, ,Duluth  MN-WI ,11,11,2768,0,0,0,0,0,0,0,0,0,9,9,2312,0,0,0,0,0,0,0,0,0
201910,999,20940, ,El Centro  CA ,19,19,3937,0,0,0,0,0,0,0,0,0,3,3,819,0,0,0,0,0,0,0,0,0
201910,999,21420, ,Enid  OK ,2,2,350,0,0,0,0,0,0,0,0,0,2,2,350,0,0,0,0,0,0,0,0,0
201910,999,21660, ,Eugene-Springfield  OR ,46,46,12600,1,2,326,0,0,0,1,6,524,18,18,5636,0,0,0,0,0,0,0,0,0
201910,999,21780, ,Evansville  IN-KY ,63,63,19982,3,6,1029,0,0,0,0,0,0,63,63,19982,3,6,1029,0,0,0,0,0,0
201910,999,21820,C,Fairbanks  AK ,0,0,0,0,0,0,0,0,0,0,0,0,0,0,0,0,0,0,0,0,0,0,0,0
201910,999,22140,C,Farmington  NM ,6,6,1536,0,0,0,0,0,0,0,0,0,6,6,1536,0,0,0,0,0,0,0,0,0
201910,999,22220, ,Fayetteville-Springdale-Rogers  AR-MO ,389,389,91862,7,14,3653,0,0,0,2,34,2723,345,345,82879,7,14,3653,0,0,0,0,0,0
201910,999,22380, ,Flagstaff  AZ ,48,48,8209,3,6,686,0,0,0,1,35,4152,48,48,8209,3,6,686,0,0,0,1,35,4152
201910,999,22500, ,Florence  SC ,39,39,5585,0,0,0,0,0,0,1,5,329,0,0,0,0,0,0,0,0,0,0,0,0
201910,999,22520, ,Florence-Muscle Shoals  AL ,17,17,2300,0,0,0,0,0,0,0,0,0,4,4,763,0,0,0,0,0,0,0,0,0
201910,999,22540, ,Fond du Lac  WI ,8,8,2308,0,0,0,0,0,0,1,13,472,3,3,1166,0,0,0,0,0,0,0,0,0
201910,999,22660,C,Fort Collins  CO ,145,145,40449,1,2,450,4,16,1159,19,149,22862,145,145,40449,1,2,450,4,16,1159,19,149,22862
201910,999,22900, ,Fort Smith  AR-OK ,19,19,3994,9,18,2169,0,0,0,0,0,0,14,14,3382,9,18,2169,0,0,0,0,0,0
201910,999,23460, ,Gadsden  AL ,5,5,736,0,0,0,0,0,0,0,0,0,5,5,736,0,0,0,0,0,0,0,0,0
201910,999,24220, ,Grand Forks  ND-MN ,8,8,2327,1,2,681,0,0,0,0,0,0,8,8,2327,1,2,681,0,0,0,0,0,0
201910,999,24260, ,Grand Island  NE ,3,3,657,0,0,0,0,0,0,0,0,0,3,3,657,0,0,0,0,0,0,0,0,0
201910,999,24300,C,Grand Junction  CO ,55,55,15556,0,0,0,0,0,0,0,0,0,55,55,15556,0,0,0,0,0,0,0,0,0
201910,999,24500,C,Great Falls  MT ,20,20,3932,0,0,0,0,0,0,0,0,0,20,20,3932,0,0,0,0,0,0,0,0,0
201910,999,25060, ,Gulfport-Biloxi  MS ,199,199,36576,1,2,185,1,3,301,1,13,1101,155,155,30425,0,0,0,0,0,0,0,0,0
201910,999,25860, ,Hickory-Lenoir-Morganton  NC ,1,1,150,0,0,0,0,0,0,1,7,390,0,0,0,0,0,0,0,0,0,0,0,0
201910,999,25940, ,Hilton Head Island-Bluffton  SC ,69,69,23677,0,0,0,0,0,0,0,0,0,31,31,14075,0,0,0,0,0,0,0,0,0
201910,999,26140, ,Homosassa Springs  FL ,80,80,16212,0,0,0,0,0,0,0,0,0,0,0,0,0,0,0,0,0,0,0,0,0
201910,999,26380, ,Houma-Thibodaux  LA ,40,40,9384,1,2,156,0,0,0,0,0,0,29,29,6563,0,0,0,0,0,0,0,0,0
201910,999,27100, ,Jackson  MI ,2,2,257,0,0,0,0,0,0,0,0,0,1,1,92,0,0,0,0,0,0,0,0,0
201910,999,27340,C,Jacksonville  NC ,152,152,24200,1,2,224,0,0,0,0,0,0,152,152,24200,1,2,224,0,0,0,0,0,0
201910,999,27980,C,Kahului-Wailuku-Lahaina  HI ,22,22,8088,0,0,0,0,0,0,0,0,0,22,22,8088,0,0,0,0,0,0,0,0,0
201910,999,28660,C,Killeen-Temple  TX ,213,213,39181,8,16,1517,0,0,0,0,0,0,178,178,31014,4,8,761,0,0,0,0,0,0
201910,999,29100, ,La Crosse-Onalaska  WI-MN ,24,24,7383,2,4,1030,0,0,0,2,42,5604,24,24,7383,2,4,1030,0,0,0,2,42,5604
201910,999,29420, ,Lake Havasu City-Kingman  AZ ,134,134,24818,9,18,1991,0,0,0,0,0,0,134,134,24818,9,18,1991,0,0,0,0,0,0
201910,999,29540, ,Lancaster  PA ,8,8,1500,0,0,0,0,0,0,0,0,0,8,8,1500,0,0,0,0,0,0,0,0,0
201910,999,29620, ,Lansing-East Lansing  MI ,6,6,1224,0,0,0,0,0,0,1,5,568,2,2,562,0,0,0,0,0,0,0,0,0
201910,999,29700, ,Laredo  TX ,102,102,14211,5,10,364,1,4,156,3,21,1473,0,0,0,0,0,0,0,0,0,0,0,0
201910,999,30020, ,Lawton  OK ,4,4,905,0,0,0,0,0,0,0,0,0,4,4,905,0,0,0,0,0,0,0,0,0
201910,999,30300, ,Lewiston  ID-WA ,0,0,0,0,0,0,0,0,0,0,0,0,0,0,0,0,0,0,0,0,0,0,0,0
201910,999,30860, ,Logan  UT-ID ,13,13,2955,0,0,0,0,0,0,3,24,3622,13,13,2955,0,0,0,0,0,0,3,24,3622
201910,999,30980, ,Longview  TX ,18,18,3004,0,0,0,0,0,0,0,0,0,18,18,3004,0,0,0,0,0,0,0,0,0
201910,999,31340, ,Lynchburg  VA ,15,15,3310,0,0,0,0,0,0,0,0,0,8,8,1825,0,0,0,0,0,0,0,0,0
201910,999,31740, ,Manhattan  KS ,17,17,4852,0,0,0,0,0,0,1,35,4071,15,15,4401,0,0,0,0,0,0,1,35,4071
201910,999,33540,C,Missoula  MT ,32,32,7010,1,2,206,1,4,164,0,0,0,32,32,7010,1,2,206,1,4,164,0,0,0
201910,999,36100, ,Ocala  FL ,269,269,55103,1,2,319,0,0,0,0,0,0,269,269,55103,1,2,319,0,0,0,0,0,0
201910,999,36980, ,Owensboro  KY ,22,22,1967,0,0,0,0,0,0,0,0,0,22,22,1967,0,0,0,0,0,0,0,0,0
201910,999,37340, ,Palm Bay-Melbourne-Titusville  FL ,259,259,85769,0,0,0,0,0,0,5,76,18502,239,239,79334,0,0,0,0,0,0,5,76,18502
201910,999,37460, ,Panama City  FL ,115,115,30572,0,0,0,0,0,0,0,0,0,105,105,27291,0,0,0,0,0,0,0,0,0
201910,999,37900, ,Peoria  IL ,4,4,1411,0,0,0,0,0,0,1,5,764,0,0,0,0,0,0,0,0,0,0,0,0
201910,999,38340, ,Pittsfield  MA ,0,0,0,0,0,0,0,0,0,0,0,0,0,0,0,0,0,0,0,0,0,0,0,0
201910,999,38540, ,Pocatello  ID ,21,21,2997,0,0,0,0,0,0,0,0,0,18,18,2273,0,0,0,0,0,0,0,0,0
201910,999,39150, ,Prescott Valley-Prescott  AZ ,114,114,31018,1,2,362,0,0,0,0,0,0,73,73,21216,1,2,362,0,0,0,0,0,0
201910,999,40060, ,Richmond  VA ,379,379,77842,16,32,1100,6,19,1319,2,12,1530,367,367,75919,16,32,1100,6,19,1319,2,12,1530
201910,999,41100, ,St. George  UT ,169,169,34029,0,0,0,0,0,0,13,288,22601,169,169,34029,0,0,0,0,0,0,13,288,22601
201910,999,41500, ,Salinas  CA ,2,2,378,1,2,292,0,0,0,0,0,0,2,2,378,1,2,292,0,0,0,0,0,0
201910,999,41660,C,San Angelo  TX ,23,23,4713,0,0,0,0,0,0,0,0,0,23,23,4713,0,0,0,0,0,0,0,0,0
201910,999,41740,C,San Diego-Chula Vista-Carlsbad  CA ,310,310,96351,5,10,2905,8,26,4429,14,289,43086,286,286,91419,5,10,2905,6,20,3463,11,230,34566
201910,999,42020, ,San Luis Obispo-Paso Robles  CA ,13,13,7558,0,0,0,0,0,0,0,0,0,13,13,7558,0,0,0,0,0,0,0,0,0
201910,999,42200, ,Santa Maria-Santa Barbara  CA ,22,22,5302,0,0,0,0,0,0,0,0,0,22,22,5302,0,0,0,0,0,0,0,0,0
201910,999,42540, ,Scranton--Wilkes-Barre  PA ,9,9,2472,0,0,0,0,0,0,0,0,0,8,8,2258,0,0,0,0,0,0,0,0,0
201910,999,43100, ,Sheboygan  WI ,2,2,805,0,0,0,0,0,0,0,0,0,1,1,645,0,0,0,0,0,0,0,0,0
201910,999,43420, ,Sierra Vista-Douglas  AZ ,15,15,3570,0,0,0,0,0,0,0,0,0,15,15,3570,0,0,0,0,0,0,0,0,0
201910,999,43580, ,Sioux City  IA-NE-SD ,20,20,5145,0,0,0,0,0,0,0,0,0,9,9,2015,0,0,0,0,0,0,0,0,0
201910,999,43620, ,Sioux Falls  SD ,182,182,36592,0,0,0,1,4,508,4,126,11362,182,182,36592,0,0,0,1,4,508,4,126,11362
201910,999,44140, ,Springfield  MA ,3,3,807,0,0,0,1,3,264,0,0,0,0,0,0,0,0,0,0,0,0,0,0,0
201910,999,44180, ,Springfield  MO ,77,77,18423,1,2,291,1,4,720,1,30,3902,67,67,16102,0,0,0,1,4,720,0,0,0
201910,999,44940, ,Sumter  SC ,31,31,4094,0,0,0,0,0,0,0,0,0,31,31,4094,0,0,0,0,0,0,0,0,0
201910,999,45220, ,Tallahassee  FL ,90,90,17330,1,2,222,0,0,0,5,124,15580,25,25,4570,0,0,0,0,0,0,0,0,0
201910,999,45300,C,Tampa-St. Petersburg-Clearwater  FL ,1272,1272,349707,7,14,2153,5,19,1539,16,1176,164414,1263,1263,347199,6,12,1873,5,19,1539,14,1166,161702
201910,999,45460, ,Terre Haute  IN ,4,4,574,0,0,0,0,0,0,1,5,433,1,1,150,0,0,0,0,0,0,0,0,0
201910,999,45500, ,Texarkana  TX-AR ,2,2,430,0,0,0,0,0,0,0,0,0,0,0,0,0,0,0,0,0,0,0,0,0
201910,999,45820, ,Topeka  KS ,28,28,7185,0,0,0,0,0,0,0,0,0,27,27,7154,0,0,0,0,0,0,0,0,0
201910,999,46220, ,Tuscaloosa  AL ,56,56,15149,0,0,0,2,6,895,3,48,9020,23,23,6090,0,0,0,0,0,0,0,0,0
201910,999,46300, ,Twin Falls  ID ,29,29,6101,1,2,284,0,0,0,0,0,0,29,29,6101,1,2,284,0,0,0,0,0,0
201910,999,46520,C,Urban Honolulu  HI ,117,117,47842,0,0,0,0,0,0,1,408,73625,117,117,47842,0,0,0,0,0,0,1,408,73625
201910,999,46540, ,Utica-Rome  NY ,0,0,0,0,0,0,0,0,0,0,0,0,0,0,0,0,0,0,0,0,0,0,0,0
201910,999,46660, ,Valdosta  GA ,93,93,17365,1,2,133,0,0,0,0,0,0,44,44,9106,0,0,0,0,0,0,0,0,0
201910,999,47300, ,Visalia  CA ,140,140,35072,2,4,420,1,4,391,0,0,0,140,140,35072,2,4,420,1,4,391,0,0,0
201910,999,47380, ,Waco  TX ,84,84,17211,2,4,374,0,0,0,0,0,0,84,84,17211,2,4,374,0,0,0,0,0,0
201910,999,47940, ,Waterloo-Cedar Falls  IA ,3,3,1052,0,0,0,0,0,0,0,0,0,3,3,1052,0,0,0,0,0,0,0,0,0
201910,999,48060, ,Watertown-Fort Drum  NY ,13,13,1382,0,0,0,0,0,0,0,0,0,1,1,200,0,0,0,0,0,0,0,0,0
201910,999,48300, ,Wenatchee  WA ,69,69,14702,0,0,0,1,4,523,1,5,653,43,43,9891,0,0,0,1,4,523,1,5,653
201910,999,48540, ,Wheeling  WV-OH ,0,0,0,0,0,0,0,0,0,0,0,0,0,0,0,0,0,0,0,0,0,0,0,0
201910,999,48660, ,Wichita Falls  TX ,4,4,700,0,0,0,0,0,0,0,0,0,4,4,700,0,0,0,0,0,0,0,0,0
201910,999,48900, ,Wilmington  NC ,118,118,39211,1,2,119,1,3,293,2,59,8671,0,0,0,0,0,0,0,0,0,0,0,0
201910,999,49420, ,Yakima  WA ,31,31,7901,1,2,177,0,0,0,0,0,0,31,31,7901,1,2,177,0,0,0,0,0,0
201910,999,49740, ,Yuma  AZ ,120,120,19790,1,2,229,0,0,0,0,0,0,120,120,19790,1,2,229,0,0,0,0,0,0
