Survey,CSA,CBSA,MONCOV,CBSA,,1-unit,,,2-units,,,3-4 units,,,5+ units,,,1-unit rep,,,2-units rep,,,3-4 units rep,,,5+ units rep
Date,Code,Code,,Name,Bldgs,Units,Value,Bldgs,Units,Value,Bldgs,Units,Value,Bldgs,Units,Value,Bldgs,Units,Value,Bldgs,Units,Value,      Bldgs,Units,Value,Bldgs,Units,Value
 
202006,104,10580,C,Albany-Schenectady-Troy  NY ,117,117,32128,1,2,60,0,0,0,6,42,2790,87,87,21878,1,2,60,0,0,0,4,32,1800
202006,104,24020, ,Glens Falls  NY ,27,27,7057,0,0,0,0,0,0,0,0,0,19,19,5075,0,0,0,0,0,0,0,0,0
202006,106,10740,C,Albuquerque  NM ,203,203,49522,0,0,0,1,3,324,1,5,208,138,138,35061,0,0,0,0,0,0,0,0,0
202006,106,42140,C,Santa Fe  NM ,10,10,2259,0,0,0,0,0,0,0,0,0,10,10,2259,0,0,0,0,0,0,0,0,0
202006,107,11020, ,Altoona  PA ,0,0,0,0,0,0,0,0,0,0,0,0,0,0,0,0,0,0,0,0,0,0,0,0
202006,108,11100, ,Amarillo  TX ,25,25,5828,0,0,0,0,0,0,1,6,375,25,25,5828,0,0,0,0,0,0,1,6,375
202006,118,11540, ,Appleton  WI ,48,48,13602,0,0,0,0,0,0,5,40,3500,48,48,13602,0,0,0,0,0,0,5,40,3500
202006,118,36780, ,Oshkosh-Neenah  WI ,18,18,5088,1,2,357,0,0,0,0,0,0,18,18,5088,1,2,357,0,0,0,0,0,0
202006,120,11700, ,Asheville  NC ,171,171,52484,0,0,0,0,0,0,4,55,5371,47,47,15057,0,0,0,0,0,0,0,0,0
202006,122,12020, ,Athens-Clarke County  GA ,59,59,16821,0,0,0,0,0,0,0,0,0,59,59,16821,0,0,0,0,0,0,0,0,0
202006,122,12060, ,Atlanta-Sandy Springs-Alpharetta  GA ,2085,2085,475996,1,2,247,4,16,2882,16,294,34819,1854,1854,430017,1,2,247,4,16,2882,14,283,32007
202006,122,23580, ,Gainesville  GA ,51,51,12333,0,0,0,0,0,0,0,0,0,51,51,12333,0,0,0,0,0,0,0,0,0
202006,122,40660,C,Rome  GA ,27,27,6153,0,0,0,0,0,0,0,0,0,27,27,6153,0,0,0,0,0,0,0,0,0
202006,140,13460,C,Bend  OR ,156,156,38496,4,8,654,1,3,571,4,86,12429,156,156,38496,4,8,654,1,3,571,4,86,12429
202006,142,13820,C,Birmingham-Hoover  AL ,311,311,82433,2,4,740,0,0,0,10,213,21736,210,210,57691,2,4,740,0,0,0,8,200,20331
202006,144,14020,C,Bloomington  IN ,29,29,7770,1,2,283,0,0,0,1,37,4296,4,4,1114,0,0,0,0,0,0,0,0,0
202006,145,14010, ,Bloomington  IL ,11,11,2220,8,16,1165,0,0,0,0,0,0,11,11,2220,8,16,1165,0,0,0,0,0,0
202006,146,14100,C,Bloomsburg-Berwick  PA ,9,9,2118,0,0,0,0,0,0,0,0,0,5,5,1101,0,0,0,0,0,0,0,0,0
202006,147,14260,C,Boise City  ID ,601,601,148979,3,6,837,0,0,0,14,94,12177,581,581,144644,3,6,837,0,0,0,14,94,12177
202006,148,12700, ,Barnstable Town  MA ,8,8,3356,1,2,372,0,0,0,0,0,0,3,3,625,1,2,372,0,0,0,0,0,0
202006,148,14460,C,Boston-Cambridge-Newton  MA-NH ,397,397,126467,24,48,9163,6,20,4876,58,1125,245931,191,191,67631,16,32,5576,4,14,3876,18,720,203388
202006,148,31700, ,Manchester-Nashua  NH ,27,27,6745,0,0,0,0,0,0,0,0,0,14,14,4033,0,0,0,0,0,0,0,0,0
202006,148,39300,C,Providence-Warwick  RI-MA ,144,144,34292,3,6,309,6,22,1836,4,34,1824,90,90,22860,0,0,0,4,16,1138,2,24,1200
202006,148,49340, ,Worcester  MA-CT ,18,18,4074,1,2,180,0,0,0,0,0,0,13,13,3059,1,2,180,0,0,0,0,0,0
202006,150,14540, ,Bowling Green  KY ,69,69,16086,0,0,0,1,4,195,3,24,1134,69,69,16086,0,0,0,1,4,195,3,24,1134
202006,154,15180, ,Brownsville-Harlingen  TX ,89,89,9039,5,10,1118,0,0,0,1,11,1235,0,0,0,0,0,0,0,0,0,0,0,0
202006,160,15380,C,Buffalo-Cheektowaga  NY ,86,86,29498,1,2,350,0,0,0,2,35,6054,59,59,19189,1,2,350,0,0,0,0,0,0
202006,162,15540, ,Burlington-South Burlington  VT ,39,39,9686,2,4,514,0,0,0,0,0,0,30,30,7332,1,2,304,0,0,0,0,0,0
202006,163,15980,C,Cape Coral-Fort Myers  FL ,554,554,112847,13,26,3276,3,12,3827,7,365,41829,548,548,111434,13,26,3276,3,12,3827,6,348,40374
202006,163,34940, ,Naples-Marco Island  FL ,196,196,46026,0,0,0,0,0,0,0,0,0,196,196,46026,0,0,0,0,0,0,0,0,0
202006,164,16020, ,Cape Girardeau  MO-IL ,0,0,0,0,0,0,0,0,0,0,0,0,0,0,0,0,0,0,0,0,0,0,0,0
202006,168,16300, ,Cedar Rapids  IA ,29,29,5885,1,2,207,0,0,0,1,33,3639,29,29,5885,1,2,207,0,0,0,1,33,3639
202006,168,26980, ,Iowa City  IA ,11,11,2492,1,2,559,0,0,0,2,84,6970,8,8,1967,1,2,559,0,0,0,2,84,6970
202006,170,16620, ,Charleston  WV ,24,24,1657,0,0,0,0,0,0,2,36,4360,20,20,1114,0,0,0,0,0,0,2,36,4360
202006,170,26580, ,Huntington-Ashland  WV-KY-OH ,19,19,3061,0,0,0,0,0,0,0,0,0,12,12,1719,0,0,0,0,0,0,0,0,0
202006,172,16740, ,Charlotte-Concord-Gastonia  NC-SC ,1346,1346,347960,2,4,860,3,10,1358,41,1268,132651,1145,1145,280157,1,2,675,2,7,754,39,1240,128422
202006,174,16860, ,Chattanooga  TN-GA ,176,176,37422,8,16,1557,0,0,0,3,48,4750,136,136,28608,4,8,988,0,0,0,0,0,0
202006,174,17420, ,Cleveland  TN ,35,35,5901,1,2,191,1,4,279,1,6,504,0,0,0,0,0,0,0,0,0,0,0,0
202006,176,16980, ,Chicago-Naperville-Elgin  IL-IN-WI ,681,681,200067,15,30,6064,13,42,7515,17,337,40571,534,534,160919,15,30,6064,12,39,7350,11,268,30226
202006,176,28100, ,Kankakee  IL ,3,3,805,0,0,0,0,0,0,0,0,0,3,3,805,0,0,0,0,0,0,0,0,0
202006,176,33140, ,Michigan City-La Porte  IN ,14,14,4611,0,0,0,0,0,0,0,0,0,12,12,4242,0,0,0,0,0,0,0,0,0
202006,178,17140, ,Cincinnati  OH-KY-IN ,457,457,120284,1,2,350,2,7,2250,2,24,2522,394,394,104913,1,2,350,2,7,2250,1,19,1500
202006,184,10420, ,Akron  OH ,61,61,30914,0,0,0,0,0,0,0,0,0,21,21,5704,0,0,0,0,0,0,0,0,0
202006,184,15940, ,Canton-Massillon  OH ,37,37,8926,5,10,924,1,3,154,1,5,384,32,32,8343,5,10,924,0,0,0,0,0,0
202006,184,17460, ,Cleveland-Elyria  OH ,255,255,68521,10,20,1683,4,13,679,1,6,600,230,230,63688,8,16,1380,3,9,449,1,6,600
202006,190,17860, ,Columbia  MO ,74,74,18427,0,0,0,0,0,0,1,12,1200,73,73,18193,0,0,0,0,0,0,1,12,1200
202006,192,17900,C,Columbia  SC ,423,423,93266,0,0,0,0,0,0,2,17,2889,223,223,42831,0,0,0,0,0,0,0,0,0
202006,194,12220,C,Auburn-Opelika  AL ,103,103,29348,3,6,1296,0,0,0,0,0,0,73,73,22310,2,4,867,0,0,0,0,0,0
202006,194,17980, ,Columbus  GA-AL ,67,67,14437,0,0,0,1,3,95,1,27,3832,40,40,9343,0,0,0,0,0,0,0,0,0
202006,198,18140, ,Columbus  OH ,437,437,117583,2,4,815,9,33,3724,28,662,43505,395,395,105751,2,4,815,9,33,3724,27,657,42891
202006,204,18580, ,Corpus Christi  TX ,106,106,29807,0,0,0,0,0,0,0,0,0,0,0,0,0,0,0,0,0,0,0,0,0
202006,206,19100, ,Dallas-Fort Worth-Arlington  TX ,3463,3463,886303,19,38,4499,4,16,2733,24,1145,125588,2731,2731,693201,11,22,2486,0,0,0,10,668,80995
202006,209,19340, ,Davenport-Moline-Rock Island  IA-IL ,39,39,9498,0,0,0,2,7,947,1,15,1562,26,26,7559,0,0,0,2,7,947,0,0,0
202006,212,19430, ,Dayton-Kettering  OH ,95,95,30048,0,0,0,1,3,200,0,0,0,61,61,22611,0,0,0,1,3,200,0,0,0
202006,212,44220, ,Springfield  OH ,14,14,4020,0,0,0,0,0,0,0,0,0,14,14,4020,0,0,0,0,0,0,0,0,0
202006,216,14500, ,Boulder  CO ,58,58,20989,4,8,1349,0,0,0,3,168,19328,17,17,6705,4,8,1349,0,0,0,1,133,14926
202006,216,19740,C,Denver-Aurora-Lakewood  CO ,1071,1071,310327,15,30,3970,3,9,1476,10,549,55262,1050,1050,304167,15,30,3970,2,6,1127,10,549,55262
202006,216,24540, ,Greeley  CO ,277,277,74479,0,0,0,0,0,0,4,53,6944,113,113,29536,0,0,0,0,0,0,0,0,0
202006,218,11180, ,Ames  IA ,9,9,2395,0,0,0,0,0,0,0,0,0,9,9,2395,0,0,0,0,0,0,0,0,0
202006,218,19780, ,Des Moines-West Des Moines  IA ,468,468,133992,0,0,0,1,4,287,12,194,20074,455,455,129526,0,0,0,1,4,287,10,178,18471
202006,220,11460, ,Ann Arbor  MI ,34,34,10607,0,0,0,0,0,0,0,0,0,21,21,6946,0,0,0,0,0,0,0,0,0
202006,220,19820, ,Detroit-Warren-Dearborn  MI ,532,532,146560,0,0,0,2,6,559,8,77,12436,426,426,116681,0,0,0,0,0,0,3,31,6698
202006,220,22420, ,Flint  MI ,23,23,5738,0,0,0,3,12,2482,0,0,0,16,16,3713,0,0,0,0,0,0,0,0,0
202006,220,33780, ,Monroe  MI ,2,2,290,0,0,0,0,0,0,0,0,0,2,2,290,0,0,0,0,0,0,0,0,0
202006,222,20020, ,Dothan  AL ,27,27,7064,0,0,0,0,0,0,0,0,0,27,27,7064,0,0,0,0,0,0,0,0,0
202006,232,20740, ,Eau Claire  WI ,50,50,12203,4,8,1656,0,0,0,3,24,1930,50,50,12203,4,8,1656,0,0,0,3,24,1930
202006,236,21300, ,Elmira  NY ,0,0,0,0,0,0,0,0,0,0,0,0,0,0,0,0,0,0,0,0,0,0,0,0
202006,238,21340,C,El Paso  TX ,257,257,61449,2,4,581,2,7,837,1,27,3091,81,81,18883,0,0,0,0,0,0,0,0,0
202006,238,29740,C,Las Cruces  NM ,109,109,26603,0,0,0,0,0,0,0,0,0,93,93,21799,0,0,0,0,0,0,0,0,0
202006,240,21500, ,Erie  PA ,6,6,1925,0,0,0,0,0,0,0,0,0,6,6,1925,0,0,0,0,0,0,0,0,0
202006,244,22020, ,Fargo  ND-MN ,113,113,30572,0,0,0,0,0,0,3,97,8161,68,68,19156,0,0,0,0,0,0,2,78,5760
202006,246,22180, ,Fayetteville  NC ,173,173,31515,0,0,0,0,0,0,0,0,0,117,117,24689,0,0,0,0,0,0,0,0,0
202006,258,23060,C,Fort Wayne  IN ,126,126,34994,2,4,280,0,0,0,0,0,0,125,125,34805,2,4,280,0,0,0,0,0,0
202006,260,23420,C,Fresno  CA ,285,285,85441,3,6,1041,0,0,0,6,45,6592,142,142,40662,0,0,0,0,0,0,2,16,2966
202006,260,31460, ,Madera  CA ,56,56,16236,0,0,0,0,0,0,1,20,2126,56,56,16236,0,0,0,0,0,0,1,20,2126
202006,264,23540, ,Gainesville  FL ,54,54,14299,0,0,0,0,0,0,2,118,7718,0,0,0,0,0,0,0,0,0,0,0,0
202006,266,24340, ,Grand Rapids-Kentwood  MI ,158,158,51789,1,2,499,0,0,0,3,63,10390,129,129,44849,1,2,499,0,0,0,1,50,9112
202006,266,34740, ,Muskegon  MI ,5,5,1011,0,0,0,0,0,0,0,0,0,0,0,0,0,0,0,0,0,0,0,0,0
202006,267,24580, ,Green Bay  WI ,59,59,17270,1,2,250,0,0,0,2,10,660,39,39,11712,1,2,250,0,0,0,0,0,0
202006,268,15500, ,Burlington  NC ,66,66,11785,0,0,0,0,0,0,0,0,0,66,66,11785,0,0,0,0,0,0,0,0,0
202006,268,24660,C,Greensboro-High Point  NC ,177,177,43602,0,0,0,0,0,0,2,80,8158,101,101,19812,0,0,0,0,0,0,2,80,8158
202006,268,49180, ,Winston-Salem  NC ,231,231,78129,0,0,0,0,0,0,1,6,237,217,217,74951,0,0,0,0,0,0,0,0,0
202006,272,24780, ,Greenville  NC ,36,36,8498,0,0,0,0,0,0,0,0,0,36,36,8498,0,0,0,0,0,0,0,0,0
202006,273,24860, ,Greenville-Anderson  SC ,583,583,153935,18,36,3283,0,0,0,6,356,49440,575,575,152290,18,36,3283,0,0,0,5,347,48428
202006,273,43900, ,Spartanburg  SC ,240,240,39271,0,0,0,0,0,0,0,0,0,0,0,0,0,0,0,0,0,0,0,0,0
202006,276,23900,C,Gettysburg  PA ,21,21,4406,0,0,0,0,0,0,0,0,0,21,21,4406,0,0,0,0,0,0,0,0,0
202006,276,25420,C,Harrisburg-Carlisle  PA ,129,129,27490,1,2,139,1,3,525,3,16,1978,97,97,20151,1,2,139,1,3,525,0,0,0
202006,276,30140, ,Lebanon  PA ,23,23,4352,0,0,0,0,0,0,0,0,0,0,0,0,0,0,0,0,0,0,0,0,0
202006,276,49620, ,York-Hanover  PA ,6,6,1911,0,0,0,0,0,0,0,0,0,4,4,1298,0,0,0,0,0,0,0,0,0
202006,277,25500,C,Harrisonburg  VA ,63,63,17969,0,0,0,0,0,0,0,0,0,63,63,17969,0,0,0,0,0,0,0,0,0
202006,277,44420, ,Staunton  VA ,19,19,5078,0,0,0,0,0,0,0,0,0,19,19,5078,0,0,0,0,0,0,0,0,0
202006,278,25540,C,Hartford-East Hartford-Middletown  CT ,73,73,17068,0,0,0,1,4,530,4,55,3290,43,43,11487,0,0,0,1,4,530,1,36,1503
202006,278,35980, ,Norwich-New London  CT ,9,9,1990,0,0,0,0,0,0,0,0,0,4,4,873,0,0,0,0,0,0,0,0,0
202006,279,25620, ,Hattiesburg  MS ,8,8,1892,0,0,0,0,0,0,0,0,0,8,8,1892,0,0,0,0,0,0,0,0,0
202006,284,26300, ,Hot Springs  AR ,9,9,1853,0,0,0,0,0,0,0,0,0,9,9,1853,0,0,0,0,0,0,0,0,0
202006,288,26420, ,Houston-The Woodlands-Sugar Land  TX ,4028,4028,714261,14,28,2982,0,0,0,71,1718,224981,3235,3235,654567,14,28,2982,0,0,0,61,1525,203858
202006,290,19460, ,Decatur  AL ,14,14,2844,0,0,0,0,0,0,0,0,0,11,11,2474,0,0,0,0,0,0,0,0,0
202006,290,26620,C,Huntsville  AL ,307,307,47105,0,0,0,0,0,0,0,0,0,201,201,25833,0,0,0,0,0,0,0,0,0
202006,292,26820, ,Idaho Falls  ID ,100,100,16855,0,0,0,0,0,0,0,0,0,100,100,16855,0,0,0,0,0,0,0,0,0
202006,294,18020, ,Columbus  IN ,21,21,4883,0,0,0,0,0,0,0,0,0,21,21,4883,0,0,0,0,0,0,0,0,0
202006,294,26900, ,Indianapolis-Carmel-Anderson  IN ,709,709,198639,6,12,2796,1,4,729,10,143,8372,671,671,188896,6,12,2796,1,4,729,9,138,8269
202006,294,34620, ,Muncie  IN ,0,0,0,0,0,0,0,0,0,1,55,6901,0,0,0,0,0,0,0,0,0,1,55,6901
202006,296,27060, ,Ithaca  NY ,3,3,950,1,2,237,0,0,0,1,6,720,2,2,694,0,0,0,0,0,0,0,0,0
202006,297,27180, ,Jackson  TN ,15,15,3286,0,0,0,0,0,0,0,0,0,0,0,0,0,0,0,0,0,0,0,0,0
202006,298,27140, ,Jackson  MS ,118,118,26063,0,0,0,0,0,0,1,25,2760,113,113,25116,0,0,0,0,0,0,0,0,0
202006,300,27260,C,Jacksonville  FL ,1059,1059,254219,14,28,3461,1,4,699,10,326,40036,1042,1042,250557,14,28,3461,1,4,699,10,326,40036
202006,304,27740, ,Johnson City  TN ,33,33,4751,0,0,0,0,0,0,0,0,0,33,33,4751,0,0,0,0,0,0,0,0,0
202006,304,28700, ,Kingsport-Bristol  TN-VA ,3,3,1036,0,0,0,0,0,0,0,0,0,2,2,800,0,0,0,0,0,0,0,0,0
202006,306,27780, ,Johnstown  PA ,0,0,0,0,0,0,0,0,0,0,0,0,0,0,0,0,0,0,0,0,0,0,0,0
202006,308,27860, ,Jonesboro  AR ,44,44,6395,3,6,413,4,13,671,2,10,575,7,7,619,0,0,0,0,0,0,0,0,0
202006,309,27900, ,Joplin  MO ,13,13,2109,0,0,0,0,0,0,0,0,0,12,12,1907,0,0,0,0,0,0,0,0,0
202006,310,12980, ,Battle Creek  MI ,0,0,0,0,0,0,0,0,0,0,0,0,0,0,0,0,0,0,0,0,0,0,0,0
202006,310,28020, ,Kalamazoo-Portage  MI ,11,11,3332,0,0,0,0,0,0,0,0,0,0,0,0,0,0,0,0,0,0,0,0,0
202006,312,28140, ,Kansas City  MO-KS ,520,520,140945,12,24,6205,11,44,5491,13,279,23145,442,442,118625,11,22,5865,11,44,5491,12,253,21030
202006,312,29940, ,Lawrence  KS ,18,18,4715,0,0,0,0,0,0,1,13,1424,0,0,0,0,0,0,0,0,0,0,0,0
202006,312,41140, ,St. Joseph  MO-KS ,0,0,0,0,0,0,0,0,0,0,0,0,0,0,0,0,0,0,0,0,0,0,0,0
202006,313,28420,C,Kennewick-Richland  WA ,151,151,42119,4,8,1214,0,0,0,0,0,0,94,94,26991,2,4,673,0,0,0,0,0,0
202006,313,47460, ,Walla Walla  WA ,12,12,3637,0,0,0,0,0,0,0,0,0,11,11,3537,0,0,0,0,0,0,0,0,0
202006,315,28940, ,Knoxville  TN ,288,288,60125,0,0,0,2,7,1260,1,13,855,269,269,57293,0,0,0,2,7,1260,0,0,0
202006,316,29020, ,Kokomo  IN ,7,7,1285,0,0,0,0,0,0,0,0,0,7,7,1285,0,0,0,0,0,0,0,0,0
202006,318,29180, ,Lafayette  LA ,290,290,49825,0,0,0,0,0,0,0,0,0,269,269,45620,0,0,0,0,0,0,0,0,0
202006,320,29200, ,Lafayette-West Lafayette  IN ,47,47,11965,0,0,0,0,0,0,3,61,6122,0,0,0,0,0,0,0,0,0,0,0,0
202006,324,29340, ,Lake Charles  LA ,74,74,12692,0,0,0,0,0,0,0,0,0,37,37,5561,0,0,0,0,0,0,0,0,0
202006,332,29820,C,Las Vegas-Henderson-Paradise  NV ,686,686,189360,5,10,1780,19,67,6413,24,222,10664,686,686,189360,5,10,1780,19,67,6413,24,222,10664
202006,336,30460,C,Lexington-Fayette  KY ,135,135,35894,0,0,0,3,11,1426,3,78,7945,71,71,22226,0,0,0,2,8,1000,2,16,1200
202006,338,30620, ,Lima  OH ,2,2,702,0,0,0,0,0,0,0,0,0,2,2,702,0,0,0,0,0,0,0,0,0
202006,339,30700, ,Lincoln  NE ,114,114,26070,1,2,286,0,0,0,1,63,7065,14,14,3250,0,0,0,0,0,0,0,0,0
202006,340,30780, ,Little Rock-North Little Rock-Conway  AR ,165,165,37691,3,6,572,17,51,3823,1,10,274,116,116,30089,2,4,420,17,51,3823,0,0,0
202006,340,38220, ,Pine Bluff  AR ,1,1,166,0,0,0,0,0,0,0,0,0,0,0,0,0,0,0,0,0,0,0,0,0
202006,348,31080,C,Los Angeles-Long Beach-Anaheim  CA ,702,702,239522,26,52,11714,10,34,6631,28,672,143237,528,528,166848,22,44,9655,8,28,5325,18,587,126999
202006,348,37100, ,Oxnard-Thousand Oaks-Ventura  CA ,11,11,2577,0,0,0,0,0,0,3,30,3404,6,6,1447,0,0,0,0,0,0,0,0,0
202006,348,40140, ,Riverside-San Bernardino-Ontario  CA ,1314,1314,339007,42,84,8459,4,15,2175,14,93,13993,1253,1253,325698,42,84,8459,4,15,2175,13,88,13718
202006,350,21060, ,Elizabethtown-Fort Knox  KY ,62,62,12908,9,18,2078,1,3,210,0,0,0,46,46,9814,9,18,2078,1,3,210,0,0,0
202006,350,31140, ,Louisville-Jefferson County  KY-IN ,332,332,96137,0,0,0,1,4,620,10,202,18076,172,172,48652,0,0,0,1,4,620,1,24,1000
202006,352,31180, ,Lubbock  TX ,138,138,31104,8,16,1822,0,0,0,8,81,7389,5,5,1659,0,0,0,0,0,0,2,38,4442
202006,356,31420, ,Macon-Bibb County  GA ,36,36,7962,0,0,0,0,0,0,0,0,0,24,24,5840,0,0,0,0,0,0,0,0,0
202006,356,47580, ,Warner Robins  GA ,101,101,20157,0,0,0,0,0,0,0,0,0,101,101,20157,0,0,0,0,0,0,0,0,0
202006,357,27500, ,Janesville-Beloit  WI ,26,26,6318,1,2,575,0,0,0,0,0,0,26,26,6318,1,2,575,0,0,0,0,0,0
202006,357,31540, ,Madison  WI ,148,148,51270,5,10,2141,0,0,0,3,119,15810,111,111,41031,2,4,575,0,0,0,2,112,14000
202006,359,31860, ,Mankato  MN ,9,9,1057,0,0,0,0,0,0,0,0,0,9,9,1057,0,0,0,0,0,0,0,0,0
202006,365,32580,C,McAllen-Edinburg-Mission  TX ,371,371,74482,1,2,150,20,79,3812,1,8,371,342,342,71643,0,0,0,20,79,3812,1,8,371
202006,366,32780, ,Medford  OR ,46,46,12240,0,0,0,0,0,0,0,0,0,46,46,12240,0,0,0,0,0,0,0,0,0
202006,368,32820, ,Memphis  TN-MS-AR ,325,325,68570,0,0,0,1,3,510,1,16,1500,293,293,62578,0,0,0,1,3,510,1,16,1500
202006,370,33100, ,Miami-Fort Lauderdale-Pompano Beach  FL ,613,613,182121,33,66,17883,3,11,2500,24,971,158963,531,531,146392,33,66,17883,3,11,2500,19,920,154646
202006,370,38940, ,Port St. Lucie  FL ,392,392,85771,6,12,2156,0,0,0,0,0,0,391,391,85694,6,12,2156,0,0,0,0,0,0
202006,370,42680, ,Sebastian-Vero Beach  FL ,70,70,26492,0,0,0,0,0,0,0,0,0,70,70,26492,0,0,0,0,0,0,0,0,0
202006,372,33260, ,Midland  TX ,142,142,7597,0,0,0,0,0,0,0,0,0,142,142,7597,0,0,0,0,0,0,0,0,0
202006,372,36220,C,Odessa  TX ,69,69,16031,0,0,0,0,0,0,4,80,9581,0,0,0,0,0,0,0,0,0,0,0,0
202006,376,33340,C,Milwaukee-Waukesha  WI ,130,130,48802,19,38,7354,4,16,1861,8,53,6136,72,72,24981,16,32,6615,4,16,1861,7,46,6095
202006,376,39540, ,Racine  WI ,8,8,2503,1,2,423,0,0,0,0,0,0,8,8,2503,1,2,423,0,0,0,0,0,0
202006,378,33460, ,Minneapolis-St. Paul-Bloomington  MN-WI ,859,859,268285,5,10,1575,4,14,4365,19,1364,199859,756,756,235185,4,8,1179,3,11,2795,16,1333,196984
202006,378,41060, ,St. Cloud  MN ,1,1,277,0,0,0,0,0,0,0,0,0,0,0,0,0,0,0,0,0,0,0,0,0
202006,380,19300, ,Daphne-Fairhope-Foley  AL ,261,261,55487,2,4,1008,0,0,0,1,11,881,164,164,40742,1,2,705,0,0,0,0,0,0
202006,380,33660, ,Mobile  AL ,56,56,11100,0,0,0,0,0,0,0,0,0,56,56,11100,0,0,0,0,0,0,0,0,0
202006,384,33740, ,Monroe  LA ,25,25,5602,1,2,73,1,3,472,1,5,579,17,17,3963,0,0,0,0,0,0,0,0,0
202006,388,33860, ,Montgomery  AL ,88,88,17508,1,2,120,0,0,0,0,0,0,88,88,17508,1,2,120,0,0,0,0,0,0
202006,390,34060, ,Morgantown  WV ,1,1,194,0,0,0,0,0,0,0,0,0,1,1,194,0,0,0,0,0,0,0,0,0
202006,396,34820, ,Myrtle Beach-Conway-North Myrtle Beach  SC-NC ,538,538,98435,3,6,159,0,0,0,2,10,800,371,371,61534,3,6,159,0,0,0,1,5,550
202006,400,34980, ,Nashville-Davidson--Murfreesboro--Franklin  TN ,1191,1191,311412,0,0,0,1,3,392,14,928,105596,960,960,265493,0,0,0,1,3,392,12,898,102718
202006,406,25220, ,Hammond  LA ,73,73,14212,0,0,0,0,0,0,0,0,0,0,0,0,0,0,0,0,0,0,0,0,0
202006,406,35380, ,New Orleans-Metairie  LA ,294,294,62613,15,30,3823,0,0,0,3,220,38253,286,286,60333,15,30,3823,0,0,0,3,220,38253
202006,408,14860,C,Bridgeport-Stamford-Norwalk  CT ,71,71,38897,1,2,152,0,0,0,3,34,9722,46,46,21108,0,0,0,0,0,0,1,15,2800
202006,408,20700, ,East Stroudsburg  PA ,7,7,1988,0,0,0,0,0,0,0,0,0,5,5,1463,0,0,0,0,0,0,0,0,0
202006,408,28740, ,Kingston  NY ,3,3,835,0,0,0,0,0,0,1,6,1463,2,2,660,0,0,0,0,0,0,0,0,0
202006,408,35300, ,New Haven-Milford  CT ,14,14,2263,1,2,150,0,0,0,1,13,843,3,3,377,1,2,150,0,0,0,0,0,0
202006,408,35620,C,New York-Newark-Jersey City  NY-NJ-PA ,1033,1033,229829,60,120,16641,22,71,9430,103,4146,391547,713,713,151053,45,90,13974,14,46,6766,59,3355,298869
202006,408,39100, ,Poughkeepsie-Newburgh-Middletown  NY ,28,28,8379,0,0,0,0,0,0,3,75,9583,11,11,2515,0,0,0,0,0,0,0,0,0
202006,408,45940,C,Trenton-Princeton  NJ ,10,10,1599,0,0,0,4,15,713,2,15,889,10,10,1599,0,0,0,4,15,713,1,10,475
202006,412,35840,C,North Port-Sarasota-Bradenton  FL ,676,676,173041,8,16,1023,5,20,3075,3,78,6692,649,649,163277,8,16,1023,4,16,2560,1,30,1622
202006,412,39460, ,Punta Gorda  FL ,189,189,53226,1,2,334,1,4,1074,0,0,0,189,189,53226,1,2,334,1,4,1074,0,0,0
202006,416,36420,C,Oklahoma City  OK ,717,717,153921,20,40,3792,1,3,613,0,0,0,635,635,134633,18,36,3038,0,0,0,0,0,0
202006,420,36540, ,Omaha-Council Bluffs  NE-IA ,325,325,66682,3,6,941,0,0,0,16,188,11357,255,255,48251,2,4,716,0,0,0,16,188,11357
202006,422,19660, ,Deltona-Daytona Beach-Ormond Beach  FL ,196,196,58588,6,12,1776,0,0,0,2,42,6252,138,138,42506,6,12,1776,0,0,0,0,0,0
202006,422,29460, ,Lakeland-Winter Haven  FL ,576,576,120404,0,0,0,0,0,0,6,384,42960,437,437,83100,0,0,0,0,0,0,6,384,42960
202006,422,36740, ,Orlando-Kissimmee-Sanford  FL ,1183,1183,302769,24,48,9066,3,12,2175,8,351,45079,1017,1017,252445,24,48,9066,3,12,2175,6,312,41426
202006,422,45540,C,The Villages  FL ,238,238,64736,0,0,0,1,4,896,0,0,0,238,238,64736,0,0,0,1,4,896,0,0,0
202006,425,37620, ,Parkersburg-Vienna  WV ,9,9,1981,0,0,0,0,0,0,0,0,0,9,9,1981,0,0,0,0,0,0,0,0,0
202006,426,37860,C,Pensacola-Ferry Pass-Brent  FL ,216,216,65052,2,4,180,0,0,0,0,0,0,216,216,65052,2,4,180,0,0,0,0,0,0
202006,428,12100,C,Atlantic City-Hammonton  NJ ,56,56,11790,2,4,669,0,0,0,1,11,1314,51,51,10230,2,4,669,0,0,0,0,0,0
202006,428,20100,C,Dover  DE ,144,144,21461,0,0,0,0,0,0,0,0,0,135,135,19612,0,0,0,0,0,0,0,0,0
202006,428,36140,C,Ocean City  NJ ,30,30,12200,5,10,2439,0,0,0,0,0,0,29,29,12001,5,10,2439,0,0,0,0,0,0
202006,428,37980,C,Philadelphia-Camden-Wilmington  PA-NJ-DE-MD ,646,646,130789,18,36,5205,21,73,10293,30,407,54382,320,320,68592,4,8,1007,6,24,4271,11,84,14609
202006,428,39740, ,Reading  PA ,8,8,1286,0,0,0,0,0,0,0,0,0,6,6,670,0,0,0,0,0,0,0,0,0
202006,428,47220,C,Vineland-Bridgeton  NJ ,6,6,511,0,0,0,0,0,0,0,0,0,6,6,511,0,0,0,0,0,0,0,0,0
202006,429,38060,C,Phoenix-Mesa-Chandler  AZ ,2542,2542,680246,38,76,10812,9,31,3175,50,1636,212680,2466,2466,652769,37,74,10552,8,28,2744,49,1556,198758
202006,430,38300, ,Pittsburgh  PA ,96,96,32062,1,2,182,2,7,830,1,63,8207,53,53,21674,0,0,0,1,4,531,0,0,0
202006,430,48260, ,Weirton-Steubenville  WV-OH ,0,0,0,0,0,0,0,0,0,0,0,0,0,0,0,0,0,0,0,0,0,0,0,0
202006,438,30340, ,Lewiston-Auburn  ME ,8,8,2173,1,2,130,0,0,0,0,0,0,6,6,1850,1,2,130,0,0,0,0,0,0
202006,438,38860, ,Portland-South Portland  ME ,129,129,36633,4,8,1697,1,3,639,3,44,6132,39,39,11115,1,2,304,0,0,0,1,12,850
202006,440,10540, ,Albany-Lebanon  OR ,32,32,8313,4,8,1343,0,0,0,2,13,1251,9,9,3448,4,8,1343,0,0,0,0,0,0
202006,440,18700, ,Corvallis  OR ,3,3,777,0,0,0,0,0,0,0,0,0,3,3,777,0,0,0,0,0,0,0,0,0
202006,440,31020, ,Longview  WA ,23,23,5204,0,0,0,0,0,0,0,0,0,0,0,0,0,0,0,0,0,0,0,0,0
202006,440,38900, ,Portland-Vancouver-Hillsboro  OR-WA ,670,670,193995,7,14,2835,0,0,0,13,470,61723,495,495,140644,7,14,2835,0,0,0,13,470,61723
202006,440,41420, ,Salem  OR ,60,60,18041,2,4,810,0,0,0,2,36,3488,18,18,5558,0,0,0,0,0,0,0,0,0
202006,444,39380,C,Pueblo  CO ,48,48,7195,0,0,0,0,0,0,0,0,0,48,48,7195,0,0,0,0,0,0,0,0,0
202006,450,20500,C,Durham-Chapel Hill  NC ,354,354,81100,0,0,0,1,3,750,3,146,22120,161,161,43937,0,0,0,0,0,0,0,0,0
202006,450,39580,C,Raleigh-Cary  NC ,1043,1043,222931,1,2,251,1,4,650,5,328,32850,1027,1027,220230,1,2,251,1,4,650,4,288,28360
202006,452,39660, ,Rapid City  SD ,46,46,10703,0,0,0,1,4,595,2,30,2400,46,46,10703,0,0,0,1,4,595,2,30,2400
202006,454,39820, ,Redding  CA ,21,21,7014,0,0,0,0,0,0,0,0,0,21,21,7014,0,0,0,0,0,0,0,0,0
202006,456,16180,C,Carson City  NV ,17,17,4525,0,0,0,1,3,382,1,5,499,0,0,0,0,0,0,0,0,0,0,0,0
202006,456,39900,C,Reno  NV ,210,210,58314,2,4,414,1,3,404,8,131,17173,42,42,10700,0,0,0,0,0,0,0,0,0
202006,462,40340, ,Rochester  MN ,26,26,6243,0,0,0,0,0,0,0,0,0,26,26,6243,0,0,0,0,0,0,0,0,0
202006,464,40380, ,Rochester  NY ,135,135,29123,3,6,828,2,7,660,11,86,8822,111,111,22914,3,6,828,1,4,420,8,45,2900
202006,466,40420, ,Rockford  IL ,15,15,2209,4,8,1600,0,0,0,0,0,0,12,12,1603,4,8,1600,0,0,0,0,0,0
202006,472,40900,C,Sacramento-Roseville-Folsom  CA ,632,632,198747,2,4,942,0,0,0,18,615,66860,626,626,196386,2,4,942,0,0,0,18,615,66860
202006,474,13020, ,Bay City  MI ,0,0,0,0,0,0,0,0,0,0,0,0,0,0,0,0,0,0,0,0,0,0,0,0
202006,474,33220, ,Midland  MI ,4,4,565,0,0,0,0,0,0,0,0,0,0,0,0,0,0,0,0,0,0,0,0,0
202006,474,40980, ,Saginaw  MI ,7,7,1430,0,0,0,0,0,0,0,0,0,7,7,1430,0,0,0,0,0,0,0,0,0
202006,476,41180, ,St. Louis  MO-IL ,601,601,171184,2,4,705,1,3,658,5,59,5300,435,435,118034,1,2,301,0,0,0,0,0,0
202006,480,41540, ,Salisbury  MD-DE ,261,261,36893,9,18,2549,0,0,0,4,25,4127,252,252,35189,9,18,2549,0,0,0,4,25,4127
202006,482,36260, ,Ogden-Clearfield  UT ,282,282,77116,0,0,0,1,4,948,4,51,9311,228,228,61343,0,0,0,1,4,948,3,46,8850
202006,482,39340, ,Provo-Orem  UT ,615,615,186008,2,4,712,9,32,4848,8,66,11036,597,597,178955,2,4,712,8,29,4278,8,66,11036
202006,482,41620, ,Salt Lake City  UT ,410,410,105316,7,14,3518,3,10,2203,3,191,16576,316,316,82081,5,10,2988,2,7,1674,2,170,13791
202006,484,41700,C,San Antonio-New Braunfels  TX ,889,889,204916,2,4,494,4,16,2093,68,879,188232,856,856,197243,2,4,494,4,16,2093,67,874,187167
202006,488,32900, ,Merced  CA ,7,7,1914,0,0,0,0,0,0,0,0,0,1,1,604,0,0,0,0,0,0,0,0,0
202006,488,33700, ,Modesto  CA ,3,3,980,0,0,0,0,0,0,0,0,0,3,3,980,0,0,0,0,0,0,0,0,0
202006,488,41860,C,San Francisco-Oakland-Berkeley  CA ,380,380,137766,5,10,3673,3,11,2662,13,425,134699,208,208,76665,3,6,1391,2,7,1520,4,261,102000
202006,488,41940,C,San Jose-Sunnyvale-Santa Clara  CA ,181,181,67643,1,2,593,1,3,721,4,62,12889,111,111,43213,0,0,0,1,3,721,0,0,0
202006,488,42100, ,Santa Cruz-Watsonville  CA ,11,11,2369,0,0,0,1,3,344,2,10,1017,0,0,0,0,0,0,0,0,0,0,0,0
202006,488,42220, ,Santa Rosa-Petaluma  CA ,75,75,18487,0,0,0,0,0,0,0,0,0,57,57,14553,0,0,0,0,0,0,0,0,0
202006,488,44700, ,Stockton  CA ,205,205,57096,1,2,400,1,3,204,3,72,8837,168,168,44522,1,2,400,0,0,0,3,72,8837
202006,488,46700, ,Vallejo  CA ,98,98,29462,0,0,0,0,0,0,0,0,0,98,98,29462,0,0,0,0,0,0,0,0,0
202006,496,25980, ,Hinesville  GA ,29,29,5388,0,0,0,0,0,0,0,0,0,29,29,5388,0,0,0,0,0,0,0,0,0
202006,496,42340, ,Savannah  GA ,173,173,42277,0,0,0,0,0,0,0,0,0,115,115,29768,0,0,0,0,0,0,0,0,0
202006,500,14740,C,Bremerton-Silverdale-Port Orchard  WA ,88,88,27222,0,0,0,1,4,705,1,8,675,71,71,23075,0,0,0,1,4,705,0,0,0
202006,500,34580, ,Mount Vernon-Anacortes  WA ,27,27,6267,0,0,0,0,0,0,0,0,0,27,27,6267,0,0,0,0,0,0,0,0,0
202006,500,36500, ,Olympia-Lacey-Tumwater  WA ,46,46,12129,1,2,435,0,0,0,1,6,255,38,38,10427,1,2,435,0,0,0,0,0,0
202006,500,42660,C,Seattle-Tacoma-Bellevue  WA ,735,735,250171,26,52,15779,21,71,18378,42,904,133851,599,599,195809,24,48,14789,19,65,17413,36,751,116667
202006,508,43340,C,Shreveport-Bossier City  LA ,97,97,20838,0,0,0,0,0,0,0,0,0,60,60,14024,0,0,0,0,0,0,0,0,0
202006,515,21140, ,Elkhart-Goshen  IN ,19,19,5206,0,0,0,0,0,0,0,0,0,19,19,5206,0,0,0,0,0,0,0,0,0
202006,515,35660, ,Niles  MI ,1,1,200,0,0,0,0,0,0,0,0,0,1,1,200,0,0,0,0,0,0,0,0,0
202006,515,43780, ,South Bend-Mishawaka  IN-MI ,34,34,12750,0,0,0,0,0,0,0,0,0,34,34,12750,0,0,0,0,0,0,0,0,0
202006,518,17660, ,Coeur dAlene  ID ,119,119,30061,1,2,321,0,0,0,8,150,13214,92,92,23935,1,2,321,0,0,0,7,132,11197
202006,518,44060, ,Spokane-Spokane Valley  WA ,196,196,45233,3,6,996,0,0,0,1,8,906,164,164,36769,2,4,772,0,0,0,0,0,0
202006,522,44100, ,Springfield  IL ,10,10,2782,6,12,1560,0,0,0,0,0,0,9,9,2532,6,12,1560,0,0,0,0,0,0
202006,524,44300, ,State College  PA ,17,17,4456,0,0,0,0,0,0,0,0,0,13,13,3736,0,0,0,0,0,0,0,0,0
202006,532,45060, ,Syracuse  NY ,37,37,6651,2,4,365,0,0,0,0,0,0,29,29,5211,2,4,365,0,0,0,0,0,0
202006,534,45780, ,Toledo  OH ,86,86,21447,0,0,0,0,0,0,0,0,0,50,50,13766,0,0,0,0,0,0,0,0,0
202006,536,46060,C,Tucson  AZ ,422,422,126762,2,4,474,0,0,0,4,50,7512,328,328,102650,0,0,0,0,0,0,0,0,0
202006,538,46140,C,Tulsa  OK ,325,325,68592,0,0,0,0,0,0,1,9,692,303,303,64556,0,0,0,0,0,0,0,0,0
202006,540,46340, ,Tyler  TX ,29,29,6761,0,0,0,4,16,2093,0,0,0,29,29,6761,0,0,0,4,16,2093,0,0,0
202006,545,47260, ,Virginia Beach-Norfolk-Newport News  VA-NC ,451,451,91155,0,0,0,3,12,1557,2,154,19015,418,418,86782,0,0,0,3,12,1557,2,154,19015
202006,548,12580,C,Baltimore-Columbia-Towson  MD ,364,364,81684,0,0,0,0,0,0,5,191,26955,364,364,81684,0,0,0,0,0,0,5,191,26955
202006,548,15680,C,California-Lexington Park  MD ,93,93,13136,0,0,0,0,0,0,0,0,0,93,93,13136,0,0,0,0,0,0,0,0,0
202006,548,16540,C,Chambersburg-Waynesboro  PA ,28,28,5994,2,4,360,0,0,0,0,0,0,24,24,4944,2,4,360,0,0,0,0,0,0
202006,548,25180, ,Hagerstown-Martinsburg  MD-WV ,99,99,22465,1,2,150,0,0,0,0,0,0,89,89,20906,1,2,150,0,0,0,0,0,0
202006,548,47900, ,Washington-Arlington-Alexandria  DC-VA-MD-WV ,1118,1118,273663,2,4,494,2,8,1046,23,1302,161682,1017,1017,246762,2,4,494,2,8,1046,18,1216,144481
202006,548,49020, ,Winchester  VA-WV ,79,79,19454,0,0,0,0,0,0,0,0,0,79,79,19454,0,0,0,0,0,0,0,0,0
202006,554,48140, ,Wausau-Weston  WI ,13,13,2488,0,0,0,1,3,250,1,8,612,1,1,350,0,0,0,1,3,250,1,8,612
202006,556,48620, ,Wichita  KS ,88,88,24112,3,6,1025,0,0,0,0,0,0,88,88,24112,3,6,1025,0,0,0,0,0,0
202006,558,48700, ,Williamsport  PA ,1,1,233,0,0,0,0,0,0,0,0,0,1,1,233,0,0,0,0,0,0,0,0,0
202006,566,49660, ,Youngstown-Warren-Boardman  OH-PA ,25,25,5959,0,0,0,0,0,0,0,0,0,25,25,5959,0,0,0,0,0,0,0,0,0
202006,999,10180, ,Abilene  TX ,40,40,8363,1,2,188,5,20,1652,17,139,12842,40,40,8363,1,2,188,5,20,1652,17,139,12842
202006,999,10500, ,Albany  GA ,11,11,1091,0,0,0,0,0,0,1,17,2538,9,9,681,0,0,0,0,0,0,0,0,0
202006,999,10780, ,Alexandria  LA ,17,17,4279,0,0,0,0,0,0,0,0,0,0,0,0,0,0,0,0,0,0,0,0,0
202006,999,10900, ,Allentown-Bethlehem-Easton  PA-NJ ,40,40,10226,0,0,0,0,0,0,1,5,483,30,30,8484,0,0,0,0,0,0,0,0,0
202006,999,11260,C,Anchorage  AK ,83,83,25668,0,0,0,1,4,695,1,11,1739,3,3,637,0,0,0,0,0,0,0,0,0
202006,999,11500, ,Anniston-Oxford  AL ,7,7,969,0,0,0,0,0,0,0,0,0,7,7,969,0,0,0,0,0,0,0,0,0
202006,999,12260, ,Augusta-Richmond County  GA-SC ,271,271,54068,0,0,0,1,4,377,1,5,287,146,146,30959,0,0,0,1,4,377,0,0,0
202006,999,12420, ,Austin-Round Rock-Georgetown  TX ,1540,1540,358593,10,20,2008,1,3,218,14,691,72152,1218,1218,287534,7,14,1455,0,0,0,14,691,72152
202006,999,12540, ,Bakersfield  CA ,167,167,42429,0,0,0,0,0,0,1,5,1277,25,25,3800,0,0,0,0,0,0,0,0,0
202006,999,12620, ,Bangor  ME ,12,12,2604,5,10,1584,0,0,0,0,0,0,4,4,907,3,6,1081,0,0,0,0,0,0
202006,999,12940, ,Baton Rouge  LA ,399,399,79406,2,4,17841,0,0,0,0,0,0,234,234,49597,2,4,17841,0,0,0,0,0,0
202006,999,13140, ,Beaumont-Port Arthur  TX ,70,70,13266,1,2,275,1,4,98,0,0,0,70,70,13266,1,2,275,1,4,98,0,0,0
202006,999,13220,C,Beckley  WV ,8,8,1695,0,0,0,0,0,0,0,0,0,8,8,1695,0,0,0,0,0,0,0,0,0
202006,999,13380, ,Bellingham  WA ,54,54,13546,4,8,1800,1,4,433,3,117,14648,44,44,11001,4,8,1800,1,4,433,3,117,14648
202006,999,13740, ,Billings  MT ,35,35,8284,10,20,3275,0,0,0,0,0,0,35,35,8284,10,20,3275,0,0,0,0,0,0
202006,999,13780, ,Binghamton  NY ,0,0,0,0,0,0,0,0,0,0,0,0,0,0,0,0,0,0,0,0,0,0,0,0
202006,999,13900, ,Bismarck  ND ,44,44,12046,5,10,981,3,9,804,0,0,0,37,37,10129,5,10,981,3,9,804,0,0,0
202006,999,13980, ,Blacksburg-Christiansburg  VA ,0,0,0,0,0,0,0,0,0,16,498,102389,0,0,0,0,0,0,0,0,0,16,498,102389
202006,999,15260, ,Brunswick  GA ,18,18,4789,1,2,500,0,0,0,0,0,0,18,18,4789,1,2,500,0,0,0,0,0,0
202006,999,16220, ,Casper  WY ,15,15,2856,0,0,0,1,3,0,0,0,0,13,13,2579,0,0,0,0,0,0,0,0,0
202006,999,16580, ,Champaign-Urbana  IL ,9,9,2581,0,0,0,0,0,0,1,96,11730,9,9,2581,0,0,0,0,0,0,1,96,11730
202006,999,16700,C,Charleston-North Charleston  SC ,456,456,128993,0,0,0,0,0,0,6,149,8870,173,173,58662,0,0,0,0,0,0,0,0,0
202006,999,16820, ,Charlottesville  VA ,66,66,20033,1,2,380,0,0,0,2,26,2513,0,0,0,0,0,0,0,0,0,0,0,0
202006,999,16940, ,Cheyenne  WY ,35,35,7272,0,0,0,0,0,0,0,0,0,35,35,7272,0,0,0,0,0,0,0,0,0
202006,999,17020, ,Chico  CA ,43,43,10248,0,0,0,0,0,0,0,0,0,43,43,10248,0,0,0,0,0,0,0,0,0
202006,999,17300,C,Clarksville  TN-KY ,186,186,30655,15,30,4064,0,0,0,0,0,0,183,183,30442,15,30,4064,0,0,0,0,0,0
202006,999,17780, ,College Station-Bryan  TX ,89,89,17685,0,0,0,0,0,0,0,0,0,83,83,16460,0,0,0,0,0,0,0,0,0
202006,999,17820,C,Colorado Springs  CO ,385,385,137969,0,0,0,0,0,0,0,0,0,385,385,137969,0,0,0,0,0,0,0,0,0
202006,999,18880,C,Crestview-Fort Walton Beach-Destin  FL ,209,209,70838,0,0,0,0,0,0,0,0,0,189,189,65708,0,0,0,0,0,0,0,0,0
202006,999,19060, ,Cumberland  MD-WV ,4,4,1062,0,0,0,0,0,0,0,0,0,4,4,1062,0,0,0,0,0,0,0,0,0
202006,999,19180, ,Danville  IL ,0,0,0,0,0,0,0,0,0,0,0,0,0,0,0,0,0,0,0,0,0,0,0,0
202006,999,19500, ,Decatur  IL ,1,1,238,0,0,0,0,0,0,0,0,0,1,1,238,0,0,0,0,0,0,0,0,0
202006,999,20220, ,Dubuque  IA ,9,9,2928,0,0,0,0,0,0,0,0,0,6,6,2075,0,0,0,0,0,0,0,0,0
202006,999,20260, ,Duluth  MN-WI ,18,18,3779,0,0,0,0,0,0,0,0,0,18,18,3779,0,0,0,0,0,0,0,0,0
202006,999,20940, ,El Centro  CA ,41,41,8184,0,0,0,0,0,0,0,0,0,40,40,7980,0,0,0,0,0,0,0,0,0
202006,999,21420, ,Enid  OK ,5,5,3744,0,0,0,0,0,0,0,0,0,5,5,3744,0,0,0,0,0,0,0,0,0
202006,999,21660, ,Eugene-Springfield  OR ,43,43,9629,10,20,4314,0,0,0,0,0,0,18,18,3409,10,20,4314,0,0,0,0,0,0
202006,999,21780, ,Evansville  IN-KY ,97,97,22107,9,18,4582,0,0,0,1,30,2673,82,82,19236,8,16,4335,0,0,0,1,30,2673
202006,999,21820,C,Fairbanks  AK ,0,0,0,0,0,0,0,0,0,0,0,0,0,0,0,0,0,0,0,0,0,0,0,0
202006,999,22140,C,Farmington  NM ,6,6,1300,0,0,0,0,0,0,0,0,0,6,6,1300,0,0,0,0,0,0,0,0,0
202006,999,22220, ,Fayetteville-Springdale-Rogers  AR-MO ,392,392,106100,8,16,2489,9,35,5046,11,78,9872,323,323,90960,8,16,2489,9,35,5046,9,54,7977
202006,999,22380, ,Flagstaff  AZ ,47,47,9291,0,0,0,0,0,0,0,0,0,47,47,9291,0,0,0,0,0,0,0,0,0
202006,999,22500, ,Florence  SC ,52,52,7014,1,2,136,0,0,0,2,31,3034,0,0,0,0,0,0,0,0,0,0,0,0
202006,999,22520, ,Florence-Muscle Shoals  AL ,14,14,1768,0,0,0,0,0,0,0,0,0,1,1,231,0,0,0,0,0,0,0,0,0
202006,999,22540, ,Fond du Lac  WI ,7,7,1735,0,0,0,0,0,0,1,7,496,3,3,755,0,0,0,0,0,0,0,0,0
202006,999,22660,C,Fort Collins  CO ,166,166,47769,1,2,338,0,0,0,0,0,0,166,166,47769,1,2,338,0,0,0,0,0,0
202006,999,22900, ,Fort Smith  AR-OK ,17,17,3278,2,4,387,0,0,0,0,0,0,13,13,2870,2,4,387,0,0,0,0,0,0
202006,999,23460, ,Gadsden  AL ,7,7,1374,0,0,0,0,0,0,0,0,0,7,7,1374,0,0,0,0,0,0,0,0,0
202006,999,24220, ,Grand Forks  ND-MN ,19,19,5333,0,0,0,0,0,0,4,80,12000,19,19,5333,0,0,0,0,0,0,4,80,12000
202006,999,24260, ,Grand Island  NE ,2,2,468,0,0,0,0,0,0,0,0,0,2,2,468,0,0,0,0,0,0,0,0,0
202006,999,24300,C,Grand Junction  CO ,61,61,10074,0,0,0,0,0,0,0,0,0,61,61,10074,0,0,0,0,0,0,0,0,0
202006,999,24500,C,Great Falls  MT ,8,8,2575,1,2,321,0,0,0,0,0,0,8,8,2575,1,2,321,0,0,0,0,0,0
202006,999,25060, ,Gulfport-Biloxi  MS ,235,235,41840,1,2,245,2,7,701,1,7,593,142,142,26676,0,0,0,1,4,400,0,0,0
202006,999,25860, ,Hickory-Lenoir-Morganton  NC ,1,1,151,0,0,0,0,0,0,2,10,557,0,0,0,0,0,0,0,0,0,0,0,0
202006,999,25940, ,Hilton Head Island-Bluffton  SC ,71,71,23111,0,0,0,0,0,0,0,0,0,20,20,10714,0,0,0,0,0,0,0,0,0
202006,999,26140, ,Homosassa Springs  FL ,65,65,13400,1,2,55,0,0,0,1,5,432,0,0,0,0,0,0,0,0,0,0,0,0
202006,999,26380, ,Houma-Thibodaux  LA ,50,50,9638,1,2,156,1,3,262,0,0,0,36,36,6038,0,0,0,0,0,0,0,0,0
202006,999,27100, ,Jackson  MI ,1,1,238,0,0,0,0,0,0,0,0,0,1,1,238,0,0,0,0,0,0,0,0,0
202006,999,27340,C,Jacksonville  NC ,144,144,23401,0,0,0,0,0,0,0,0,0,144,144,23401,0,0,0,0,0,0,0,0,0
202006,999,27980,C,Kahului-Wailuku-Lahaina  HI ,36,36,35129,0,0,0,0,0,0,1,83,21510,36,36,35129,0,0,0,0,0,0,1,83,21510
202006,999,28660,C,Killeen-Temple  TX ,203,203,35047,42,84,7119,0,0,0,0,0,0,99,99,21092,40,80,6725,0,0,0,0,0,0
202006,999,29100, ,La Crosse-Onalaska  WI-MN ,14,14,3694,1,2,394,1,3,600,1,5,455,6,6,1923,0,0,0,0,0,0,0,0,0
202006,999,29420, ,Lake Havasu City-Kingman  AZ ,96,96,20943,13,26,1396,0,0,0,0,0,0,96,96,20943,13,26,1396,0,0,0,0,0,0
202006,999,29540, ,Lancaster  PA ,7,7,1148,0,0,0,0,0,0,0,0,0,6,6,988,0,0,0,0,0,0,0,0,0
202006,999,29620, ,Lansing-East Lansing  MI ,25,25,10172,0,0,0,0,0,0,0,0,0,21,21,9484,0,0,0,0,0,0,0,0,0
202006,999,29700, ,Laredo  TX ,121,121,24793,6,12,1123,1,4,445,2,13,1111,0,0,0,0,0,0,0,0,0,0,0,0
202006,999,30020, ,Lawton  OK ,6,6,1095,0,0,0,0,0,0,0,0,0,6,6,1095,0,0,0,0,0,0,0,0,0
202006,999,30300, ,Lewiston  ID-WA ,0,0,0,0,0,0,0,0,0,0,0,0,0,0,0,0,0,0,0,0,0,0,0,0
202006,999,30860, ,Logan  UT-ID ,25,25,6358,0,0,0,1,3,521,0,0,0,25,25,6358,0,0,0,1,3,521,0,0,0
202006,999,30980, ,Longview  TX ,18,18,6411,0,0,0,0,0,0,0,0,0,18,18,6411,0,0,0,0,0,0,0,0,0
202006,999,31340, ,Lynchburg  VA ,11,11,2690,0,0,0,1,3,603,0,0,0,8,8,1994,0,0,0,0,0,0,0,0,0
202006,999,31740, ,Manhattan  KS ,16,16,5105,0,0,0,0,0,0,0,0,0,14,14,4584,0,0,0,0,0,0,0,0,0
202006,999,33540,C,Missoula  MT ,29,29,8559,2,4,214,0,0,0,2,33,1109,29,29,8559,2,4,214,0,0,0,2,33,1109
202006,999,36100, ,Ocala  FL ,256,256,53560,0,0,0,0,0,0,0,0,0,256,256,53560,0,0,0,0,0,0,0,0,0
202006,999,36980, ,Owensboro  KY ,33,33,2861,0,0,0,0,0,0,0,0,0,33,33,2861,0,0,0,0,0,0,0,0,0
202006,999,37340, ,Palm Bay-Melbourne-Titusville  FL ,252,252,84532,0,0,0,0,0,0,4,179,54918,252,252,84532,0,0,0,0,0,0,4,179,54918
202006,999,37460, ,Panama City  FL ,122,122,26262,1,2,362,0,0,0,0,0,0,122,122,26262,1,2,362,0,0,0,0,0,0
202006,999,37900, ,Peoria  IL ,4,4,1420,0,0,0,0,0,0,0,0,0,0,0,0,0,0,0,0,0,0,0,0,0
202006,999,38340, ,Pittsfield  MA ,1,1,308,0,0,0,0,0,0,0,0,0,0,0,0,0,0,0,0,0,0,0,0,0
202006,999,38540, ,Pocatello  ID ,23,23,3855,2,4,231,5,20,1490,0,0,0,14,14,2958,2,4,231,5,20,1490,0,0,0
202006,999,39150, ,Prescott Valley-Prescott  AZ ,97,97,28988,3,6,942,3,12,1393,1,10,970,97,97,28988,3,6,942,3,12,1393,1,10,970
202006,999,40060, ,Richmond  VA ,442,442,91383,30,60,2063,12,48,3793,7,236,15680,426,426,88927,30,60,2063,12,48,3793,7,236,15680
202006,999,41100, ,St. George  UT ,167,167,30939,0,0,0,0,0,0,1,16,2579,166,166,30884,0,0,0,0,0,0,1,16,2579
202006,999,41500, ,Salinas  CA ,12,12,3094,0,0,0,2,8,1189,4,41,5123,12,12,3094,0,0,0,2,8,1189,4,41,5123
202006,999,41660,C,San Angelo  TX ,29,29,6063,0,0,0,0,0,0,0,0,0,29,29,6063,0,0,0,0,0,0,0,0,0
202006,999,41740,C,San Diego-Chula Vista-Carlsbad  CA ,327,327,85352,4,8,1305,8,25,3549,9,483,95455,326,326,85250,4,8,1305,8,25,3549,8,477,94812
202006,999,42020, ,San Luis Obispo-Paso Robles  CA ,12,12,6610,0,0,0,0,0,0,0,0,0,12,12,6610,0,0,0,0,0,0,0,0,0
202006,999,42200, ,Santa Maria-Santa Barbara  CA ,10,10,8906,1,2,560,0,0,0,0,0,0,10,10,8906,1,2,560,0,0,0,0,0,0
202006,999,42540, ,Scranton--Wilkes-Barre  PA ,5,5,1374,4,8,560,0,0,0,0,0,0,3,3,857,4,8,560,0,0,0,0,0,0
202006,999,43100, ,Sheboygan  WI ,2,2,554,0,0,0,0,0,0,0,0,0,0,0,0,0,0,0,0,0,0,0,0,0
202006,999,43420, ,Sierra Vista-Douglas  AZ ,71,71,11300,0,0,0,0,0,0,1,5,483,71,71,11300,0,0,0,0,0,0,0,0,0
202006,999,43580, ,Sioux City  IA-NE-SD ,13,13,3800,0,0,0,0,0,0,0,0,0,2,2,670,0,0,0,0,0,0,0,0,0
202006,999,43620, ,Sioux Falls  SD ,219,219,35528,0,0,0,0,0,0,8,187,17318,217,217,35064,0,0,0,0,0,0,8,187,17318
202006,999,44140, ,Springfield  MA ,4,4,1071,0,0,0,0,0,0,0,0,0,3,3,828,0,0,0,0,0,0,0,0,0
202006,999,44180, ,Springfield  MO ,66,66,15744,5,10,891,0,0,0,0,0,0,56,56,13867,4,8,640,0,0,0,0,0,0
202006,999,44940, ,Sumter  SC ,14,14,2411,4,8,400,0,0,0,0,0,0,14,14,2411,4,8,400,0,0,0,0,0,0
202006,999,45220, ,Tallahassee  FL ,97,97,17780,1,2,222,0,0,0,4,96,12334,34,34,5326,0,0,0,0,0,0,0,0,0
202006,999,45300,C,Tampa-St. Petersburg-Clearwater  FL ,1137,1137,326933,3,6,661,1,4,51,4,553,81307,1122,1122,322698,2,4,381,1,4,51,3,548,80875
202006,999,45460, ,Terre Haute  IN ,3,3,704,1,2,208,0,0,0,0,0,0,1,1,260,0,0,0,0,0,0,0,0,0
202006,999,45500, ,Texarkana  TX-AR ,2,2,559,0,0,0,0,0,0,0,0,0,2,2,559,0,0,0,0,0,0,0,0,0
202006,999,45820, ,Topeka  KS ,39,39,8062,0,0,0,0,0,0,0,0,0,39,39,8062,0,0,0,0,0,0,0,0,0
202006,999,46220, ,Tuscaloosa  AL ,41,41,9671,0,0,0,4,16,1025,1,51,9368,11,11,2708,0,0,0,0,0,0,0,0,0
202006,999,46300, ,Twin Falls  ID ,82,82,13522,1,2,271,0,0,0,0,0,0,79,79,13022,1,2,271,0,0,0,0,0,0
202006,999,46520,C,Urban Honolulu  HI ,87,87,35689,0,0,0,1,3,1949,3,86,16106,0,0,0,0,0,0,0,0,0,0,0,0
202006,999,46540, ,Utica-Rome  NY ,2,2,600,0,0,0,0,0,0,0,0,0,2,2,600,0,0,0,0,0,0,0,0,0
202006,999,46660, ,Valdosta  GA ,99,99,18320,1,2,133,0,0,0,0,0,0,49,49,9886,0,0,0,0,0,0,0,0,0
202006,999,47300, ,Visalia  CA ,133,133,26514,2,4,430,1,4,594,0,0,0,133,133,26514,2,4,430,1,4,594,0,0,0
202006,999,47380, ,Waco  TX ,42,42,8781,1,2,188,0,0,0,0,0,0,42,42,8781,1,2,188,0,0,0,0,0,0
202006,999,47940, ,Waterloo-Cedar Falls  IA ,10,10,2571,0,0,0,0,0,0,0,0,0,10,10,2571,0,0,0,0,0,0,0,0,0
202006,999,48060, ,Watertown-Fort Drum  NY ,13,13,1718,0,0,0,0,0,0,0,0,0,0,0,0,0,0,0,0,0,0,0,0,0
202006,999,48300, ,Wenatchee  WA ,44,44,9257,0,0,0,0,0,0,0,0,0,18,18,4623,0,0,0,0,0,0,0,0,0
202006,999,48540, ,Wheeling  WV-OH ,1,1,190,0,0,0,0,0,0,0,0,0,1,1,190,0,0,0,0,0,0,0,0,0
202006,999,48660, ,Wichita Falls  TX ,0,0,0,0,0,0,0,0,0,0,0,0,0,0,0,0,0,0,0,0,0,0,0,0
202006,999,48900, ,Wilmington  NC ,123,123,39476,0,0,0,0,0,0,6,126,15007,0,0,0,0,0,0,0,0,0,0,0,0
202006,999,49420, ,Yakima  WA ,31,31,7117,0,0,0,2,6,630,0,0,0,31,31,7117,0,0,0,2,6,630,0,0,0
202006,999,49740, ,Yuma  AZ ,128,128,20115,3,6,1164,0,0,0,0,0,0,128,128,20115,3,6,1164,0,0,0,0,0,0
