Survey,CSA,CBSA,MONCOV,CBSA,,1-unit,,,2-units,,,3-4 units,,,5+ units,,,1-unit rep,,,2-units rep,,,3-4 units rep,,,5+ units rep
Date,Code,Code,,Name,Bldgs,Units,Value,Bldgs,Units,Value,Bldgs,Units,Value,Bldgs,Units,Value,Bldgs,Units,Value,Bldgs,Units,Value,      Bldgs,Units,Value,Bldgs,Units,Value
 
202009,104,10580,C,Albany-Schenectady-Troy  NY ,122,122,38683,5,10,1363,1,4,1000,7,55,3999,84,84,27013,4,8,1065,1,4,1000,6,50,3800
202009,104,24020, ,Glens Falls  NY ,19,19,4986,0,0,0,0,0,0,0,0,0,11,11,3003,0,0,0,0,0,0,0,0,0
202009,106,10740,C,Albuquerque  NM ,150,150,39323,0,0,0,0,0,0,1,5,208,77,77,22986,0,0,0,0,0,0,0,0,0
202009,106,42140,C,Santa Fe  NM ,21,21,8372,0,0,0,0,0,0,2,37,5500,21,21,8372,0,0,0,0,0,0,2,37,5500
202009,107,11020, ,Altoona  PA ,0,0,0,0,0,0,0,0,0,0,0,0,0,0,0,0,0,0,0,0,0,0,0,0
202009,108,11100, ,Amarillo  TX ,45,45,10491,0,0,0,0,0,0,0,0,0,45,45,10491,0,0,0,0,0,0,0,0,0
202009,118,11540, ,Appleton  WI ,44,44,13041,5,10,2324,0,0,0,0,0,0,44,44,13041,5,10,2324,0,0,0,0,0,0
202009,118,36780, ,Oshkosh-Neenah  WI ,16,16,4749,6,12,2090,1,3,450,0,0,0,16,16,4749,6,12,2090,1,3,450,0,0,0
202009,120,11700, ,Asheville  NC ,181,181,53266,0,0,0,0,0,0,3,51,4880,38,38,10117,0,0,0,0,0,0,0,0,0
202009,122,12020, ,Athens-Clarke County  GA ,53,53,13498,85,170,25132,0,0,0,0,0,0,53,53,13498,85,170,25132,0,0,0,0,0,0
202009,122,12060, ,Atlanta-Sandy Springs-Alpharetta  GA ,2810,2810,620355,3,6,467,4,14,1974,14,423,45876,2577,2577,566633,3,6,467,4,14,1974,13,418,44376
202009,122,23580, ,Gainesville  GA ,68,68,15988,0,0,0,0,0,0,1,10,750,8,8,1624,0,0,0,0,0,0,1,10,750
202009,122,40660,C,Rome  GA ,15,15,3628,0,0,0,0,0,0,0,0,0,15,15,3628,0,0,0,0,0,0,0,0,0
202009,140,13460,C,Bend  OR ,115,115,34742,5,10,805,0,0,0,2,38,4225,115,115,34742,5,10,805,0,0,0,2,38,4225
202009,142,13820,C,Birmingham-Hoover  AL ,345,345,91319,0,0,0,0,0,0,1,7,706,187,187,44099,0,0,0,0,0,0,0,0,0
202009,144,14020,C,Bloomington  IN ,31,31,8257,1,2,283,0,0,0,1,39,4528,0,0,0,0,0,0,0,0,0,0,0,0
202009,145,14010, ,Bloomington  IL ,11,11,1974,1,2,164,0,0,0,0,0,0,11,11,1974,1,2,164,0,0,0,0,0,0
202009,146,14100,C,Bloomsburg-Berwick  PA ,11,11,3087,0,0,0,0,0,0,0,0,0,7,7,2014,0,0,0,0,0,0,0,0,0
202009,147,14260,C,Boise City  ID ,779,779,183624,5,10,1026,22,88,9384,2,68,9025,756,756,178585,5,10,1026,22,88,9384,2,68,9025
202009,148,12700, ,Barnstable Town  MA ,13,13,6246,0,0,0,0,0,0,0,0,0,10,10,4060,0,0,0,0,0,0,0,0,0
202009,148,14460,C,Boston-Cambridge-Newton  MA-NH ,417,417,130416,12,24,5996,4,12,2301,74,773,88490,189,189,62858,5,10,2142,2,6,1220,9,374,52239
202009,148,31700, ,Manchester-Nashua  NH ,35,35,8780,0,0,0,0,0,0,0,0,0,19,19,5396,0,0,0,0,0,0,0,0,0
202009,148,39300,C,Providence-Warwick  RI-MA ,148,148,38663,18,36,3310,1,4,756,3,15,1274,79,79,23074,16,32,3104,1,4,756,1,5,650
202009,148,49340, ,Worcester  MA-CT ,20,20,4664,0,0,0,0,0,0,0,0,0,16,16,3838,0,0,0,0,0,0,0,0,0
202009,150,14540, ,Bowling Green  KY ,65,65,15153,0,0,0,1,4,375,4,48,1725,65,65,15153,0,0,0,1,4,375,4,48,1725
202009,154,15180, ,Brownsville-Harlingen  TX ,113,113,10653,4,8,385,0,0,0,0,0,0,81,81,7345,4,8,385,0,0,0,0,0,0
202009,160,15380,C,Buffalo-Cheektowaga  NY ,107,107,34884,0,0,0,2,7,1627,3,26,5041,94,94,31695,0,0,0,2,7,1627,0,0,0
202009,162,15540, ,Burlington-South Burlington  VT ,24,24,12054,3,6,1213,1,3,373,1,6,811,11,11,9009,2,4,986,0,0,0,0,0,0
202009,163,15980,C,Cape Coral-Fort Myers  FL ,718,718,147162,46,92,7810,2,8,2512,4,148,25221,718,718,147162,46,92,7810,2,8,2512,4,148,25221
202009,163,34940, ,Naples-Marco Island  FL ,238,238,50070,0,0,0,3,12,1982,8,87,10874,238,238,50070,0,0,0,3,12,1982,8,87,10874
202009,164,16020, ,Cape Girardeau  MO-IL ,0,0,0,0,0,0,0,0,0,0,0,0,0,0,0,0,0,0,0,0,0,0,0,0
202009,168,16300, ,Cedar Rapids  IA ,37,37,6355,4,8,334,0,0,0,0,0,0,36,36,6180,4,8,334,0,0,0,0,0,0
202009,168,26980, ,Iowa City  IA ,21,21,4691,0,0,0,0,0,0,1,50,4257,19,19,4416,0,0,0,0,0,0,1,50,4257
202009,170,16620, ,Charleston  WV ,30,30,1914,0,0,0,0,0,0,0,0,0,26,26,1328,0,0,0,0,0,0,0,0,0
202009,170,26580, ,Huntington-Ashland  WV-KY-OH ,15,15,2949,0,0,0,0,0,0,0,0,0,0,0,0,0,0,0,0,0,0,0,0,0
202009,172,16740, ,Charlotte-Concord-Gastonia  NC-SC ,1625,1625,422165,2,4,465,1,3,524,2,27,4035,1280,1280,303397,1,2,280,0,0,0,0,0,0
202009,174,16860, ,Chattanooga  TN-GA ,183,183,35666,3,6,426,1,3,174,2,45,4454,136,136,25309,0,0,0,0,0,0,0,0,0
202009,174,17420, ,Cleveland  TN ,39,39,7414,0,0,0,0,0,0,0,0,0,18,18,3632,0,0,0,0,0,0,0,0,0
202009,176,16980, ,Chicago-Naperville-Elgin  IL-IN-WI ,885,885,247201,17,34,5386,6,21,2637,28,532,51967,721,721,203266,16,32,4992,5,18,2471,23,491,44855
202009,176,28100, ,Kankakee  IL ,1,1,236,0,0,0,0,0,0,0,0,0,1,1,236,0,0,0,0,0,0,0,0,0
202009,176,33140, ,Michigan City-La Porte  IN ,14,14,4235,0,0,0,0,0,0,0,0,0,11,11,3597,0,0,0,0,0,0,0,0,0
202009,178,17140, ,Cincinnati  OH-KY-IN ,511,511,129740,5,10,2077,3,10,1320,5,33,4497,378,378,96177,5,10,2077,3,10,1320,5,33,4497
202009,184,10420, ,Akron  OH ,62,62,32707,0,0,0,0,0,0,0,0,0,17,17,4345,0,0,0,0,0,0,0,0,0
202009,184,15940, ,Canton-Massillon  OH ,43,43,9360,3,6,621,1,3,154,1,5,384,36,36,8287,3,6,621,0,0,0,0,0,0
202009,184,17460, ,Cleveland-Elyria  OH ,281,281,91985,1,2,292,2,6,380,2,29,19380,219,219,75701,0,0,0,0,0,0,2,29,19380
202009,190,17860, ,Columbia  MO ,85,85,24616,0,0,0,0,0,0,0,0,0,85,85,24616,0,0,0,0,0,0,0,0,0
202009,192,17900,C,Columbia  SC ,566,566,128385,0,0,0,0,0,0,1,5,451,536,536,121532,0,0,0,0,0,0,0,0,0
202009,194,12220,C,Auburn-Opelika  AL ,91,91,24542,1,2,429,1,3,837,0,0,0,56,56,16330,0,0,0,1,3,837,0,0,0
202009,194,17980, ,Columbus  GA-AL ,62,62,12874,0,0,0,0,0,0,7,102,14509,30,30,6838,0,0,0,0,0,0,6,72,10250
202009,198,18140, ,Columbus  OH ,587,587,162213,5,10,1735,0,0,0,6,436,41736,537,537,147953,5,10,1735,0,0,0,5,430,41000
202009,204,18580, ,Corpus Christi  TX ,123,123,34582,0,0,0,0,0,0,0,0,0,0,0,0,0,0,0,0,0,0,0,0,0
202009,206,19100, ,Dallas-Fort Worth-Arlington  TX ,4193,4193,1073172,20,40,5954,4,15,1962,28,879,103809,3753,3753,959598,20,40,5954,4,15,1962,27,874,103374
202009,209,19340, ,Davenport-Moline-Rock Island  IA-IL ,39,39,8347,0,0,0,1,4,460,1,15,1562,16,16,4755,0,0,0,1,4,460,0,0,0
202009,212,19430, ,Dayton-Kettering  OH ,83,83,27202,0,0,0,2,7,1171,9,64,9334,44,44,18673,0,0,0,2,7,1171,9,64,9334
202009,212,44220, ,Springfield  OH ,10,10,2479,0,0,0,0,0,0,1,6,505,10,10,2479,0,0,0,0,0,0,1,6,505
202009,216,14500, ,Boulder  CO ,59,59,24466,0,0,0,0,0,0,4,63,10296,9,9,4569,0,0,0,0,0,0,1,12,2425
202009,216,19740,C,Denver-Aurora-Lakewood  CO ,964,964,292520,13,26,4686,4,14,2115,15,1058,134746,937,937,284326,13,26,4686,3,11,1766,15,1058,134746
202009,216,24540, ,Greeley  CO ,340,340,91182,0,0,0,0,0,0,2,15,1511,165,165,41328,0,0,0,0,0,0,0,0,0
202009,218,11180, ,Ames  IA ,14,14,4457,0,0,0,0,0,0,0,0,0,14,14,4457,0,0,0,0,0,0,0,0,0
202009,218,19780, ,Des Moines-West Des Moines  IA ,594,594,165909,2,4,892,0,0,0,6,182,22239,570,570,157501,2,4,892,0,0,0,4,165,20532
202009,220,11460, ,Ann Arbor  MI ,47,47,13859,18,36,2904,0,0,0,1,7,923,20,20,6454,18,36,2904,0,0,0,0,0,0
202009,220,19820, ,Detroit-Warren-Dearborn  MI ,548,548,161448,2,4,1180,13,49,9426,11,117,17076,408,408,127860,2,4,1180,10,40,8628,3,60,8271
202009,220,22420, ,Flint  MI ,22,22,5375,0,0,0,4,16,3310,0,0,0,14,14,3061,0,0,0,0,0,0,0,0,0
202009,220,33780, ,Monroe  MI ,1,1,240,0,0,0,0,0,0,0,0,0,1,1,240,0,0,0,0,0,0,0,0,0
202009,222,20020, ,Dothan  AL ,19,19,4544,0,0,0,0,0,0,0,0,0,19,19,4544,0,0,0,0,0,0,0,0,0
202009,232,20740, ,Eau Claire  WI ,61,61,16586,13,26,3375,0,0,0,3,40,2738,60,60,16396,13,26,3375,0,0,0,3,40,2738
202009,236,21300, ,Elmira  NY ,1,1,280,0,0,0,0,0,0,0,0,0,1,1,280,0,0,0,0,0,0,0,0,0
202009,238,21340,C,El Paso  TX ,265,265,61311,4,8,1014,4,16,2148,1,27,3091,1,1,65,0,0,0,0,0,0,0,0,0
202009,238,29740,C,Las Cruces  NM ,117,117,29824,0,0,0,2,8,632,0,0,0,86,86,21519,0,0,0,2,8,632,0,0,0
202009,240,21500, ,Erie  PA ,5,5,1245,0,0,0,0,0,0,0,0,0,5,5,1245,0,0,0,0,0,0,0,0,0
202009,244,22020, ,Fargo  ND-MN ,213,213,53114,0,0,0,0,0,0,1,28,2900,211,211,52528,0,0,0,0,0,0,1,28,2900
202009,246,22180, ,Fayetteville  NC ,149,149,25495,0,0,0,0,0,0,0,0,0,85,85,17693,0,0,0,0,0,0,0,0,0
202009,258,23060,C,Fort Wayne  IN ,197,197,54514,0,0,0,0,0,0,6,45,4027,197,197,54514,0,0,0,0,0,0,6,45,4027
202009,260,23420,C,Fresno  CA ,330,330,100883,3,6,1041,0,0,0,4,25,3137,177,177,51363,0,0,0,0,0,0,0,0,0
202009,260,31460, ,Madera  CA ,49,49,13517,0,0,0,0,0,0,0,0,0,49,49,13517,0,0,0,0,0,0,0,0,0
202009,264,23540, ,Gainesville  FL ,63,63,16682,0,0,0,0,0,0,2,115,7847,0,0,0,0,0,0,0,0,0,0,0,0
202009,266,24340, ,Grand Rapids-Kentwood  MI ,213,213,44450,1,2,268,2,8,800,2,35,4777,194,194,38877,1,2,268,2,8,800,1,22,3300
202009,266,34740, ,Muskegon  MI ,5,5,1011,0,0,0,0,0,0,0,0,0,0,0,0,0,0,0,0,0,0,0,0,0
202009,267,24580, ,Green Bay  WI ,87,87,23411,1,2,350,0,0,0,3,25,1660,49,49,11656,1,2,350,0,0,0,1,15,1000
202009,268,15500, ,Burlington  NC ,74,74,11781,0,0,0,0,0,0,0,0,0,74,74,11781,0,0,0,0,0,0,0,0,0
202009,268,24660,C,Greensboro-High Point  NC ,246,246,57238,0,0,0,0,0,0,3,110,14130,163,163,30122,0,0,0,0,0,0,3,110,14130
202009,268,49180, ,Winston-Salem  NC ,215,215,38758,0,0,0,0,0,0,1,6,237,198,198,34900,0,0,0,0,0,0,0,0,0
202009,272,24780, ,Greenville  NC ,31,31,6697,0,0,0,0,0,0,0,0,0,31,31,6697,0,0,0,0,0,0,0,0,0
202009,273,24860, ,Greenville-Anderson  SC ,562,562,146363,4,8,577,0,0,0,2,14,1484,452,452,123099,1,2,130,0,0,0,0,0,0
202009,273,43900, ,Spartanburg  SC ,279,279,45653,0,0,0,0,0,0,0,0,0,0,0,0,0,0,0,0,0,0,0,0,0
202009,276,23900,C,Gettysburg  PA ,17,17,3945,0,0,0,0,0,0,0,0,0,17,17,3945,0,0,0,0,0,0,0,0,0
202009,276,25420,C,Harrisburg-Carlisle  PA ,119,119,27332,1,2,292,2,7,993,12,115,10240,79,79,18375,1,2,292,2,7,993,11,110,9746
202009,276,30140, ,Lebanon  PA ,24,24,4542,0,0,0,0,0,0,0,0,0,0,0,0,0,0,0,0,0,0,0,0,0
202009,276,49620, ,York-Hanover  PA ,12,12,2940,1,2,185,1,3,293,2,10,900,10,10,2416,1,2,185,1,3,293,2,10,900
202009,277,25500,C,Harrisonburg  VA ,30,30,10137,0,0,0,0,0,0,0,0,0,30,30,10137,0,0,0,0,0,0,0,0,0
202009,277,44420, ,Staunton  VA ,33,33,5335,0,0,0,0,0,0,0,0,0,33,33,5335,0,0,0,0,0,0,0,0,0
202009,278,25540,C,Hartford-East Hartford-Middletown  CT ,92,92,19389,1,2,200,2,8,1127,7,69,7103,66,66,13525,0,0,0,2,8,1127,2,44,4875
202009,278,35980, ,Norwich-New London  CT ,61,61,11958,0,0,0,0,0,0,0,0,0,57,57,11296,0,0,0,0,0,0,0,0,0
202009,279,25620, ,Hattiesburg  MS ,1,1,250,0,0,0,0,0,0,0,0,0,1,1,250,0,0,0,0,0,0,0,0,0
202009,284,26300, ,Hot Springs  AR ,3,3,735,0,0,0,0,0,0,0,0,0,3,3,735,0,0,0,0,0,0,0,0,0
202009,288,26420, ,Houston-The Woodlands-Sugar Land  TX ,4570,4570,825601,20,40,3662,3,11,3591,64,2526,216452,3653,3653,756305,20,40,3662,3,11,3591,56,2344,196564
202009,290,19460, ,Decatur  AL ,19,19,3733,0,0,0,0,0,0,0,0,0,16,16,3363,0,0,0,0,0,0,0,0,0
202009,290,26620,C,Huntsville  AL ,435,435,46044,0,0,0,0,0,0,0,0,0,299,299,18146,0,0,0,0,0,0,0,0,0
202009,292,26820, ,Idaho Falls  ID ,111,111,16642,0,0,0,0,0,0,0,0,0,110,110,16462,0,0,0,0,0,0,0,0,0
202009,294,18020, ,Columbus  IN ,17,17,3676,0,0,0,0,0,0,0,0,0,17,17,3676,0,0,0,0,0,0,0,0,0
202009,294,26900, ,Indianapolis-Carmel-Anderson  IN ,743,743,225001,8,16,2700,2,7,1346,24,309,31842,661,661,200366,7,14,2044,2,7,1346,22,289,30563
202009,294,34620, ,Muncie  IN ,5,5,2354,0,0,0,0,0,0,0,0,0,5,5,2354,0,0,0,0,0,0,0,0,0
202009,296,27060, ,Ithaca  NY ,1,1,323,0,0,0,0,0,0,1,6,720,0,0,0,0,0,0,0,0,0,0,0,0
202009,297,27180, ,Jackson  TN ,17,17,3724,0,0,0,0,0,0,0,0,0,0,0,0,0,0,0,0,0,0,0,0,0
202009,298,27140, ,Jackson  MS ,100,100,26078,0,0,0,0,0,0,1,24,2650,67,67,16127,0,0,0,0,0,0,0,0,0
202009,300,27260,C,Jacksonville  FL ,1209,1209,285974,4,8,769,0,0,0,0,0,0,1202,1202,284693,4,8,769,0,0,0,0,0,0
202009,304,27740, ,Johnson City  TN ,23,23,4323,0,0,0,0,0,0,5,100,2660,23,23,4323,0,0,0,0,0,0,5,100,2660
202009,304,28700, ,Kingsport-Bristol  TN-VA ,2,2,586,0,0,0,0,0,0,0,0,0,1,1,350,0,0,0,0,0,0,0,0,0
202009,306,27780, ,Johnstown  PA ,0,0,0,0,0,0,0,0,0,0,0,0,0,0,0,0,0,0,0,0,0,0,0,0
202009,308,27860, ,Jonesboro  AR ,45,45,7035,3,6,413,4,13,671,1,6,345,1,1,165,0,0,0,0,0,0,0,0,0
202009,309,27900, ,Joplin  MO ,14,14,2270,1,2,258,0,0,0,0,0,0,14,14,2270,1,2,258,0,0,0,0,0,0
202009,310,12980, ,Battle Creek  MI ,1,1,150,0,0,0,0,0,0,0,0,0,1,1,150,0,0,0,0,0,0,0,0,0
202009,310,28020, ,Kalamazoo-Portage  MI ,8,8,2395,0,0,0,0,0,0,0,0,0,4,4,1485,0,0,0,0,0,0,0,0,0
202009,312,28140, ,Kansas City  MO-KS ,716,716,194461,12,24,2360,5,20,3316,6,468,48940,639,639,169603,11,22,2167,5,20,3316,6,468,48940
202009,312,29940, ,Lawrence  KS ,19,19,6255,0,0,0,0,0,0,0,0,0,19,19,6255,0,0,0,0,0,0,0,0,0
202009,312,41140, ,St. Joseph  MO-KS ,0,0,0,0,0,0,0,0,0,0,0,0,0,0,0,0,0,0,0,0,0,0,0,0
202009,313,28420,C,Kennewick-Richland  WA ,152,152,43592,1,2,174,0,0,0,0,0,0,78,78,24843,0,0,0,0,0,0,0,0,0
202009,313,47460, ,Walla Walla  WA ,5,5,1768,0,0,0,0,0,0,0,0,0,4,4,1668,0,0,0,0,0,0,0,0,0
202009,315,28940, ,Knoxville  TN ,323,323,73029,3,6,1050,0,0,0,1,12,789,250,250,57485,3,6,1050,0,0,0,0,0,0
202009,316,29020, ,Kokomo  IN ,12,12,3330,1,2,300,0,0,0,0,0,0,12,12,3330,1,2,300,0,0,0,0,0,0
202009,318,29180, ,Lafayette  LA ,186,186,37887,0,0,0,0,0,0,0,0,0,97,97,16448,0,0,0,0,0,0,0,0,0
202009,320,29200, ,Lafayette-West Lafayette  IN ,50,50,13400,1,2,291,0,0,0,1,60,6900,3,3,765,0,0,0,0,0,0,1,60,6900
202009,324,29340, ,Lake Charles  LA ,54,54,9837,0,0,0,0,0,0,0,0,0,11,11,1550,0,0,0,0,0,0,0,0,0
202009,332,29820,C,Las Vegas-Henderson-Paradise  NV ,1028,1028,283685,34,68,2922,4,16,2680,23,436,29800,1028,1028,283685,34,68,2922,4,16,2680,23,436,29800
202009,336,30460,C,Lexington-Fayette  KY ,116,116,26156,0,0,0,1,4,568,1,62,6745,36,36,8986,0,0,0,0,0,0,0,0,0
202009,338,30620, ,Lima  OH ,2,2,1005,0,0,0,0,0,0,0,0,0,2,2,1005,0,0,0,0,0,0,0,0,0
202009,339,30700, ,Lincoln  NE ,115,115,26267,2,4,573,0,0,0,2,66,7401,1,1,250,0,0,0,0,0,0,0,0,0
202009,340,30780, ,Little Rock-North Little Rock-Conway  AR ,170,170,38594,1,2,152,0,0,0,2,31,1192,121,121,30361,0,0,0,0,0,0,1,24,1000
202009,340,38220, ,Pine Bluff  AR ,0,0,0,0,0,0,0,0,0,0,0,0,0,0,0,0,0,0,0,0,0,0,0,0
202009,348,31080,C,Los Angeles-Long Beach-Anaheim  CA ,892,892,244633,62,124,25549,7,25,5004,26,1033,170051,753,753,177101,56,112,22299,4,16,3537,20,991,161757
202009,348,37100, ,Oxnard-Thousand Oaks-Ventura  CA ,1,1,383,0,0,0,1,3,926,2,24,8616,1,1,383,0,0,0,1,3,926,2,24,8616
202009,348,40140, ,Riverside-San Bernardino-Ontario  CA ,1284,1284,330658,1,2,360,6,24,4598,29,375,47628,1234,1234,318781,1,2,360,6,24,4598,27,365,47004
202009,350,21060, ,Elizabethtown-Fort Knox  KY ,46,46,8454,1,2,210,0,0,0,4,112,6080,46,46,8454,1,2,210,0,0,0,4,112,6080
202009,350,31140, ,Louisville-Jefferson County  KY-IN ,364,364,106117,4,8,760,0,0,0,8,191,17605,194,194,53636,4,8,760,0,0,0,1,24,1600
202009,352,31180, ,Lubbock  TX ,172,172,39048,9,18,1744,0,0,0,1,206,36000,171,171,38875,9,18,1744,0,0,0,1,206,36000
202009,356,31420, ,Macon-Bibb County  GA ,32,32,5037,0,0,0,0,0,0,0,0,0,0,0,0,0,0,0,0,0,0,0,0,0
202009,356,47580, ,Warner Robins  GA ,107,107,24478,0,0,0,0,0,0,4,90,7500,84,84,18769,0,0,0,0,0,0,4,90,7500
202009,357,27500, ,Janesville-Beloit  WI ,27,27,5089,2,4,550,0,0,0,0,0,0,27,27,5089,2,4,550,0,0,0,0,0,0
202009,357,31540, ,Madison  WI ,150,150,53218,10,20,4241,0,0,0,7,405,59329,114,114,43169,7,14,2885,0,0,0,6,397,57260
202009,359,31860, ,Mankato  MN ,23,23,5688,0,0,0,0,0,0,0,0,0,23,23,5688,0,0,0,0,0,0,0,0,0
202009,365,32580,C,McAllen-Edinburg-Mission  TX ,347,347,63235,17,34,8609,8,32,1440,1,31,2365,274,274,55841,4,8,547,8,32,1440,0,0,0
202009,366,32780, ,Medford  OR ,45,45,11439,0,0,0,0,0,0,0,0,0,45,45,11439,0,0,0,0,0,0,0,0,0
202009,368,32820, ,Memphis  TN-MS-AR ,314,314,70329,0,0,0,0,0,0,0,0,0,197,197,46425,0,0,0,0,0,0,0,0,0
202009,370,33100, ,Miami-Fort Lauderdale-Pompano Beach  FL ,668,668,250574,15,30,5347,19,74,15661,15,1425,249284,565,565,209333,14,28,5064,18,71,14201,10,1366,243038
202009,370,38940, ,Port St. Lucie  FL ,320,320,66540,3,6,728,0,0,0,1,6,2960,320,320,66540,3,6,728,0,0,0,1,6,2960
202009,370,42680, ,Sebastian-Vero Beach  FL ,137,137,52004,0,0,0,0,0,0,0,0,0,137,137,52004,0,0,0,0,0,0,0,0,0
202009,372,33260, ,Midland  TX ,62,62,12350,0,0,0,0,0,0,0,0,0,62,62,12350,0,0,0,0,0,0,0,0,0
202009,372,36220,C,Odessa  TX ,43,43,10025,0,0,0,0,0,0,8,288,34519,43,43,10025,0,0,0,0,0,0,8,288,34519
202009,376,33340,C,Milwaukee-Waukesha  WI ,171,171,70604,23,46,7152,0,0,0,9,62,8783,105,105,46265,18,36,6261,0,0,0,7,50,8171
202009,376,39540, ,Racine  WI ,9,9,4671,1,2,415,0,0,0,0,0,0,9,9,4671,1,2,415,0,0,0,0,0,0
202009,378,33460, ,Minneapolis-St. Paul-Bloomington  MN-WI ,1109,1109,332461,10,20,4818,7,27,6036,16,667,86701,928,928,276736,8,16,3929,7,27,6036,13,640,84187
202009,378,41060, ,St. Cloud  MN ,0,0,0,0,0,0,0,0,0,0,0,0,0,0,0,0,0,0,0,0,0,0,0,0
202009,380,19300, ,Daphne-Fairhope-Foley  AL ,204,204,42309,1,2,304,0,0,0,1,11,881,49,49,15754,0,0,0,0,0,0,0,0,0
202009,380,33660, ,Mobile  AL ,87,87,17682,0,0,0,0,0,0,0,0,0,44,44,7488,0,0,0,0,0,0,0,0,0
202009,384,33740, ,Monroe  LA ,34,34,7671,0,0,0,1,3,472,1,5,579,25,25,5828,0,0,0,0,0,0,0,0,0
202009,388,33860, ,Montgomery  AL ,67,67,14484,0,0,0,0,0,0,0,0,0,67,67,14484,0,0,0,0,0,0,0,0,0
202009,390,34060, ,Morgantown  WV ,2,2,1197,0,0,0,0,0,0,0,0,0,2,2,1197,0,0,0,0,0,0,0,0,0
202009,396,34820, ,Myrtle Beach-Conway-North Myrtle Beach  SC-NC ,692,692,118794,0,0,0,0,0,0,0,0,0,564,564,89945,0,0,0,0,0,0,0,0,0
202009,400,34980, ,Nashville-Davidson--Murfreesboro--Franklin  TN ,1241,1241,351529,5,10,1268,2,7,954,13,849,96700,962,962,286803,4,8,1009,1,4,354,11,838,95947
202009,406,25220, ,Hammond  LA ,86,86,16730,0,0,0,0,0,0,0,0,0,0,0,0,0,0,0,0,0,0,0,0,0
202009,406,35380, ,New Orleans-Metairie  LA ,331,331,60484,6,12,1379,1,4,301,1,11,908,150,150,20437,5,10,1097,1,4,301,1,11,908
202009,408,14860,C,Bridgeport-Stamford-Norwalk  CT ,65,65,37667,0,0,0,0,0,0,5,303,57829,40,40,20469,0,0,0,0,0,0,3,286,51459
202009,408,20700, ,East Stroudsburg  PA ,11,11,2849,0,0,0,0,0,0,0,0,0,7,7,1792,0,0,0,0,0,0,0,0,0
202009,408,28740, ,Kingston  NY ,4,4,566,1,2,200,0,0,0,1,6,1463,4,4,566,1,2,200,0,0,0,0,0,0
202009,408,35300, ,New Haven-Milford  CT ,32,32,5375,0,0,0,0,0,0,2,10,649,20,20,3585,0,0,0,0,0,0,0,0,0
202009,408,35620,C,New York-Newark-Jersey City  NY-NJ-PA ,1007,1007,242741,70,140,16853,20,65,6921,199,3910,411037,739,739,171445,62,124,14607,15,50,5293,146,3259,334503
202009,408,39100, ,Poughkeepsie-Newburgh-Middletown  NY ,32,32,9986,0,0,0,0,0,0,0,0,0,17,17,4572,0,0,0,0,0,0,0,0,0
202009,408,45940,C,Trenton-Princeton  NJ ,30,30,1850,0,0,0,0,0,0,4,125,10760,30,30,1850,0,0,0,0,0,0,3,120,10347
202009,412,35840,C,North Port-Sarasota-Bradenton  FL ,760,760,199790,2,4,411,4,16,3223,1,8,3195,760,760,199790,2,4,411,4,16,3223,1,8,3195
202009,412,39460, ,Punta Gorda  FL ,218,218,60801,10,20,3424,6,24,7028,0,0,0,218,218,60801,10,20,3424,6,24,7028,0,0,0
202009,416,36420,C,Oklahoma City  OK ,661,661,158298,9,18,1615,0,0,0,24,246,16782,626,626,150812,9,18,1615,0,0,0,24,246,16782
202009,420,36540, ,Omaha-Council Bluffs  NE-IA ,329,329,73435,2,4,636,0,0,0,3,239,19736,265,265,57319,1,2,411,0,0,0,3,239,19736
202009,422,19660, ,Deltona-Daytona Beach-Ormond Beach  FL ,299,299,84348,14,28,5060,0,0,0,2,40,5957,283,283,80646,14,28,5060,0,0,0,0,0,0
202009,422,29460, ,Lakeland-Winter Haven  FL ,733,733,152060,0,0,0,1,4,499,2,188,18404,568,568,108155,0,0,0,1,4,499,2,188,18404
202009,422,36740, ,Orlando-Kissimmee-Sanford  FL ,1489,1489,372828,6,12,2372,4,16,1357,8,354,70061,1290,1290,317206,6,12,2372,4,16,1357,6,315,66396
202009,422,45540,C,The Villages  FL ,252,252,65865,0,0,0,0,0,0,1,8,1772,251,251,65673,0,0,0,0,0,0,1,8,1772
202009,425,37620, ,Parkersburg-Vienna  WV ,6,6,1298,0,0,0,0,0,0,0,0,0,6,6,1298,0,0,0,0,0,0,0,0,0
202009,426,37860,C,Pensacola-Ferry Pass-Brent  FL ,269,269,49347,0,0,0,0,0,0,10,240,20065,269,269,49347,0,0,0,0,0,0,10,240,20065
202009,428,12100,C,Atlantic City-Hammonton  NJ ,39,39,7603,0,0,0,0,0,0,2,17,1508,36,36,7219,0,0,0,0,0,0,0,0,0
202009,428,20100,C,Dover  DE ,163,163,20858,7,14,1282,0,0,0,0,0,0,161,161,20427,7,14,1282,0,0,0,0,0,0
202009,428,36140,C,Ocean City  NJ ,54,54,25388,7,14,2481,0,0,0,1,5,20,54,54,25388,7,14,2481,0,0,0,1,5,20
202009,428,37980,C,Philadelphia-Camden-Wilmington  PA-NJ-DE-MD ,743,743,116229,2,4,870,2,6,667,31,262,22496,502,502,79418,2,4,870,0,0,0,13,129,12224
202009,428,39740, ,Reading  PA ,6,6,952,0,0,0,0,0,0,0,0,0,4,4,420,0,0,0,0,0,0,0,0,0
202009,428,47220,C,Vineland-Bridgeton  NJ ,8,8,939,0,0,0,0,0,0,0,0,0,8,8,939,0,0,0,0,0,0,0,0,0
202009,429,38060,C,Phoenix-Mesa-Chandler  AZ ,3109,3109,810341,8,16,3302,2,6,982,9,156,32194,3050,3050,795188,7,14,3042,2,6,982,7,73,18134
202009,430,38300, ,Pittsburgh  PA ,125,125,42192,1,2,182,1,3,310,1,55,7165,84,84,32901,0,0,0,0,0,0,0,0,0
202009,430,48260, ,Weirton-Steubenville  WV-OH ,0,0,0,0,0,0,0,0,0,0,0,0,0,0,0,0,0,0,0,0,0,0,0,0
202009,438,30340, ,Lewiston-Auburn  ME ,7,7,1600,0,0,0,0,0,0,4,48,5305,5,5,1224,0,0,0,0,0,0,4,48,5305
202009,438,38860, ,Portland-South Portland  ME ,130,130,35915,3,6,1310,0,0,0,5,64,24452,47,47,11941,1,2,400,0,0,0,3,54,23600
202009,440,10540, ,Albany-Lebanon  OR ,23,23,5681,0,0,0,0,0,0,0,0,0,19,19,5360,0,0,0,0,0,0,0,0,0
202009,440,18700, ,Corvallis  OR ,3,3,617,0,0,0,0,0,0,0,0,0,3,3,617,0,0,0,0,0,0,0,0,0
202009,440,31020, ,Longview  WA ,26,26,5883,0,0,0,0,0,0,0,0,0,0,0,0,0,0,0,0,0,0,0,0,0
202009,440,38900, ,Portland-Vancouver-Hillsboro  OR-WA ,706,706,202872,0,0,0,2,7,1146,12,149,13912,540,540,150973,0,0,0,2,7,1146,10,137,12537
202009,440,41420, ,Salem  OR ,61,61,14879,3,6,1183,0,0,0,3,34,3294,15,15,1281,1,2,373,0,0,0,0,0,0
202009,444,39380,C,Pueblo  CO ,60,60,10428,0,0,0,0,0,0,0,0,0,60,60,10428,0,0,0,0,0,0,0,0,0
202009,450,20500,C,Durham-Chapel Hill  NC ,345,345,78305,0,0,0,3,11,2650,3,137,20757,110,110,32674,0,0,0,2,7,1650,0,0,0
202009,450,39580,C,Raleigh-Cary  NC ,1174,1174,237559,0,0,0,0,0,0,4,113,15807,1169,1169,236544,0,0,0,0,0,0,4,113,15807
202009,452,39660, ,Rapid City  SD ,76,76,16834,0,0,0,0,0,0,3,168,13141,76,76,16834,0,0,0,0,0,0,3,168,13141
202009,454,39820, ,Redding  CA ,21,21,6142,0,0,0,0,0,0,0,0,0,21,21,6142,0,0,0,0,0,0,0,0,0
202009,456,16180,C,Carson City  NV ,15,15,4476,0,0,0,0,0,0,0,0,0,15,15,4476,0,0,0,0,0,0,0,0,0
202009,456,39900,C,Reno  NV ,239,239,64732,2,4,414,2,6,809,8,129,16911,50,50,11014,0,0,0,0,0,0,0,0,0
202009,462,40340, ,Rochester  MN ,39,39,10994,0,0,0,0,0,0,2,15,2370,39,39,10994,0,0,0,0,0,0,2,15,2370
202009,464,40380, ,Rochester  NY ,100,100,25009,2,4,574,1,4,840,4,40,5332,77,77,18745,2,4,574,1,4,840,0,0,0
202009,466,40420, ,Rockford  IL ,6,6,1131,2,4,800,0,0,0,0,0,0,4,4,727,2,4,800,0,0,0,0,0,0
202009,472,40900,C,Sacramento-Roseville-Folsom  CA ,828,828,249682,0,0,0,0,0,0,3,144,31021,818,818,246891,0,0,0,0,0,0,3,144,31021
202009,474,13020, ,Bay City  MI ,2,2,551,0,0,0,0,0,0,0,0,0,0,0,0,0,0,0,0,0,0,0,0,0
202009,474,33220, ,Midland  MI ,6,6,806,1,2,255,0,0,0,0,0,0,1,1,100,0,0,0,0,0,0,0,0,0
202009,474,40980, ,Saginaw  MI ,2,2,860,0,0,0,0,0,0,0,0,0,2,2,860,0,0,0,0,0,0,0,0,0
202009,476,41180, ,St. Louis  MO-IL ,485,485,137890,10,20,3280,2,8,1020,3,34,3435,358,358,92664,10,20,3280,2,8,1020,0,0,0
202009,480,41540, ,Salisbury  MD-DE ,475,475,70970,6,12,1140,0,0,0,2,21,3400,473,473,70748,6,12,1140,0,0,0,2,21,3400
202009,482,36260, ,Ogden-Clearfield  UT ,385,385,98383,0,0,0,3,12,2207,5,82,7088,336,336,85501,0,0,0,3,12,2207,3,72,6080
202009,482,39340, ,Provo-Orem  UT ,637,637,191235,1,2,356,0,0,0,6,61,8746,618,618,182101,1,2,356,0,0,0,6,61,8746
202009,482,41620, ,Salt Lake City  UT ,549,549,138851,10,20,5535,8,25,6002,6,63,8409,425,425,107470,8,16,5005,6,19,4944,4,40,5016
202009,484,41700,C,San Antonio-New Braunfels  TX ,905,905,207504,6,12,1467,2,7,200,10,220,26832,853,853,194708,6,12,1467,1,4,200,10,220,26832
202009,488,32900, ,Merced  CA ,22,22,5059,0,0,0,0,0,0,0,0,0,14,14,3313,0,0,0,0,0,0,0,0,0
202009,488,33700, ,Modesto  CA ,2,2,491,0,0,0,0,0,0,0,0,0,2,2,491,0,0,0,0,0,0,0,0,0
202009,488,41860,C,San Francisco-Oakland-Berkeley  CA ,333,333,118805,4,8,1693,1,4,983,14,377,97227,204,204,70276,4,8,1693,0,0,0,2,210,64500
202009,488,41940,C,San Jose-Sunnyvale-Santa Clara  CA ,247,247,95472,1,2,593,2,6,1779,5,395,47350,156,156,59655,0,0,0,0,0,0,2,336,35573
202009,488,42100, ,Santa Cruz-Watsonville  CA ,13,13,2799,0,0,0,1,3,344,1,7,712,0,0,0,0,0,0,0,0,0,0,0,0
202009,488,42220, ,Santa Rosa-Petaluma  CA ,86,86,30370,0,0,0,0,0,0,0,0,0,83,83,29208,0,0,0,0,0,0,0,0,0
202009,488,44700, ,Stockton  CA ,262,262,81720,0,0,0,1,3,204,3,72,9587,219,219,67107,0,0,0,0,0,0,3,72,9587
202009,488,46700, ,Vallejo  CA ,141,141,42393,0,0,0,0,0,0,0,0,0,141,141,42393,0,0,0,0,0,0,0,0,0
202009,496,25980, ,Hinesville  GA ,53,53,9448,0,0,0,0,0,0,0,0,0,53,53,9448,0,0,0,0,0,0,0,0,0
202009,496,42340, ,Savannah  GA ,226,226,56424,0,0,0,0,0,0,4,77,6651,156,156,37227,0,0,0,0,0,0,3,72,6226
202009,500,14740,C,Bremerton-Silverdale-Port Orchard  WA ,96,96,30566,1,2,331,0,0,0,4,96,9459,76,76,25687,1,2,331,0,0,0,3,85,8531
202009,500,34580, ,Mount Vernon-Anacortes  WA ,13,13,3320,0,0,0,0,0,0,0,0,0,13,13,3320,0,0,0,0,0,0,0,0,0
202009,500,36500, ,Olympia-Lacey-Tumwater  WA ,77,77,19014,0,0,0,0,0,0,6,71,9300,69,69,17311,0,0,0,0,0,0,5,66,9088
202009,500,42660,C,Seattle-Tacoma-Bellevue  WA ,797,797,272822,32,64,16600,17,61,8729,45,1707,177552,654,654,215611,29,58,15337,16,57,7393,39,1547,160390
202009,508,43340,C,Shreveport-Bossier City  LA ,103,103,20107,0,0,0,0,0,0,0,0,0,62,62,12631,0,0,0,0,0,0,0,0,0
202009,515,21140, ,Elkhart-Goshen  IN ,21,21,6158,0,0,0,0,0,0,0,0,0,21,21,6158,0,0,0,0,0,0,0,0,0
202009,515,35660, ,Niles  MI ,2,2,598,0,0,0,0,0,0,0,0,0,0,0,0,0,0,0,0,0,0,0,0,0
202009,515,43780, ,South Bend-Mishawaka  IN-MI ,19,19,5616,0,0,0,0,0,0,0,0,0,19,19,5616,0,0,0,0,0,0,0,0,0
202009,518,17660, ,Coeur dAlene  ID ,137,137,33934,0,0,0,0,0,0,1,17,1905,107,107,27127,0,0,0,0,0,0,0,0,0
202009,518,44060, ,Spokane-Spokane Valley  WA ,172,172,38972,4,8,1502,0,0,0,6,140,17765,142,142,30991,4,8,1502,0,0,0,5,132,16860
202009,522,44100, ,Springfield  IL ,8,8,2977,4,8,1125,0,0,0,0,0,0,7,7,2727,4,8,1125,0,0,0,0,0,0
202009,524,44300, ,State College  PA ,19,19,5867,0,0,0,0,0,0,0,0,0,14,14,4967,0,0,0,0,0,0,0,0,0
202009,532,45060, ,Syracuse  NY ,25,25,6097,0,0,0,0,0,0,0,0,0,23,23,5791,0,0,0,0,0,0,0,0,0
202009,534,45780, ,Toledo  OH ,70,70,19215,0,0,0,1,4,360,1,10,900,52,52,14256,0,0,0,1,4,360,1,10,900
202009,536,46060,C,Tucson  AZ ,397,397,123263,2,4,474,0,0,0,4,48,7212,290,290,95817,0,0,0,0,0,0,0,0,0
202009,538,46140,C,Tulsa  OK ,345,345,76819,0,0,0,0,0,0,1,7,538,333,333,74189,0,0,0,0,0,0,0,0,0
202009,540,46340, ,Tyler  TX ,44,44,10258,0,0,0,2,6,785,2,12,1438,44,44,10258,0,0,0,2,6,785,2,12,1438
202009,545,47260, ,Virginia Beach-Norfolk-Newport News  VA-NC ,422,422,79048,0,0,0,0,0,0,7,121,16359,397,397,76912,0,0,0,0,0,0,7,121,16359
202009,548,12580,C,Baltimore-Columbia-Towson  MD ,561,561,129416,0,0,0,0,0,0,3,30,5470,552,552,127601,0,0,0,0,0,0,1,10,1471
202009,548,15680,C,California-Lexington Park  MD ,61,61,12875,0,0,0,0,0,0,1,5,896,1,1,347,0,0,0,0,0,0,0,0,0
202009,548,16540,C,Chambersburg-Waynesboro  PA ,31,31,8918,0,0,0,0,0,0,0,0,0,30,30,8657,0,0,0,0,0,0,0,0,0
202009,548,25180, ,Hagerstown-Martinsburg  MD-WV ,145,145,32381,0,0,0,0,0,0,0,0,0,134,134,30705,0,0,0,0,0,0,0,0,0
202009,548,47900, ,Washington-Arlington-Alexandria  DC-VA-MD-WV ,1227,1227,288861,2,4,494,7,27,3531,21,988,123809,1135,1135,264217,2,4,494,7,27,3531,18,911,108169
202009,548,49020, ,Winchester  VA-WV ,80,80,19827,0,0,0,0,0,0,0,0,0,80,80,19827,0,0,0,0,0,0,0,0,0
202009,554,48140, ,Wausau-Weston  WI ,22,22,3917,0,0,0,0,0,0,0,0,0,6,6,867,0,0,0,0,0,0,0,0,0
202009,556,48620, ,Wichita  KS ,102,102,30045,22,44,4038,0,0,0,0,0,0,93,93,27485,18,36,3183,0,0,0,0,0,0
202009,558,48700, ,Williamsport  PA ,3,3,852,0,0,0,0,0,0,0,0,0,3,3,852,0,0,0,0,0,0,0,0,0
202009,566,49660, ,Youngstown-Warren-Boardman  OH-PA ,16,16,4190,2,4,424,0,0,0,0,0,0,16,16,4190,2,4,424,0,0,0,0,0,0
202009,999,10180, ,Abilene  TX ,30,30,6272,1,2,188,0,0,0,0,0,0,30,30,6272,1,2,188,0,0,0,0,0,0
202009,999,10500, ,Albany  GA ,10,10,1661,0,0,0,0,0,0,6,63,4591,8,8,1251,0,0,0,0,0,0,5,46,2053
202009,999,10780, ,Alexandria  LA ,21,21,5570,0,0,0,0,0,0,0,0,0,14,14,3724,0,0,0,0,0,0,0,0,0
202009,999,10900, ,Allentown-Bethlehem-Easton  PA-NJ ,49,49,9213,0,0,0,0,0,0,0,0,0,41,41,7960,0,0,0,0,0,0,0,0,0
202009,999,11260,C,Anchorage  AK ,94,94,29104,0,0,0,1,4,695,1,11,1739,4,4,910,0,0,0,0,0,0,0,0,0
202009,999,11500, ,Anniston-Oxford  AL ,5,5,715,0,0,0,0,0,0,0,0,0,4,4,635,0,0,0,0,0,0,0,0,0
202009,999,12260, ,Augusta-Richmond County  GA-SC ,337,337,68108,3,6,623,2,7,545,0,0,0,156,156,31549,0,0,0,2,7,545,0,0,0
202009,999,12420, ,Austin-Round Rock-Georgetown  TX ,1843,1843,416166,12,24,2400,2,6,552,33,2443,238305,1470,1470,333394,11,22,2227,0,0,0,33,2443,238305
202009,999,12540, ,Bakersfield  CA ,171,171,44930,0,0,0,0,0,0,1,5,1277,19,19,2825,0,0,0,0,0,0,0,0,0
202009,999,12620, ,Bangor  ME ,14,14,3344,1,2,380,0,0,0,0,0,0,9,9,1941,0,0,0,0,0,0,0,0,0
202009,999,12940, ,Baton Rouge  LA ,340,340,69977,2,4,443,0,0,0,0,0,0,132,132,32210,2,4,443,0,0,0,0,0,0
202009,999,13140, ,Beaumont-Port Arthur  TX ,45,45,9457,0,0,0,0,0,0,2,14,1197,20,20,4669,0,0,0,0,0,0,0,0,0
202009,999,13220,C,Beckley  WV ,8,8,1324,0,0,0,0,0,0,0,0,0,7,7,1267,0,0,0,0,0,0,0,0,0
202009,999,13380, ,Bellingham  WA ,59,59,16678,2,4,874,0,0,0,1,5,493,12,12,3572,1,2,442,0,0,0,0,0,0
202009,999,13740, ,Billings  MT ,40,40,10320,2,4,693,0,0,0,0,0,0,40,40,10320,2,4,693,0,0,0,0,0,0
202009,999,13780, ,Binghamton  NY ,0,0,0,0,0,0,0,0,0,0,0,0,0,0,0,0,0,0,0,0,0,0,0,0
202009,999,13900, ,Bismarck  ND ,58,58,15754,24,48,5565,3,9,606,1,52,7500,57,57,15615,24,48,5565,3,9,606,1,52,7500
202009,999,13980, ,Blacksburg-Christiansburg  VA ,5,5,1447,0,0,0,0,0,0,1,10,1135,0,0,0,0,0,0,0,0,0,0,0,0
202009,999,15260, ,Brunswick  GA ,51,51,11686,4,8,1025,0,0,0,1,18,12000,51,51,11686,4,8,1025,0,0,0,1,18,12000
202009,999,16220,C,Casper  WY ,16,16,3750,2,4,253,0,0,0,0,0,0,16,16,3750,2,4,253,0,0,0,0,0,0
202009,999,16580, ,Champaign-Urbana  IL ,14,14,3674,1,2,515,0,0,0,1,60,7687,5,5,1312,1,2,515,0,0,0,0,0,0
202009,999,16700,C,Charleston-North Charleston  SC ,479,479,132171,0,0,0,1,3,238,5,141,8403,174,174,68411,0,0,0,0,0,0,0,0,0
202009,999,16820, ,Charlottesville  VA ,77,77,23426,1,2,380,0,0,0,1,19,1836,0,0,0,0,0,0,0,0,0,0,0,0
202009,999,16940, ,Cheyenne  WY ,47,47,9459,0,0,0,0,0,0,0,0,0,30,30,5844,0,0,0,0,0,0,0,0,0
202009,999,17020, ,Chico  CA ,29,29,7370,0,0,0,0,0,0,2,15,2354,29,29,7370,0,0,0,0,0,0,2,15,2354
202009,999,17300,C,Clarksville  TN-KY ,221,221,36322,2,4,360,0,0,0,1,5,575,129,129,18852,2,4,360,0,0,0,0,0,0
202009,999,17780, ,College Station-Bryan  TX ,118,118,20338,0,0,0,0,0,0,0,0,0,111,111,18909,0,0,0,0,0,0,0,0,0
202009,999,17820,C,Colorado Springs  CO ,523,523,190630,58,116,12579,0,0,0,4,40,5032,522,522,190530,58,116,12579,0,0,0,4,40,5032
202009,999,18880,C,Crestview-Fort Walton Beach-Destin  FL ,216,216,83262,0,0,0,0,0,0,1,7,1444,213,213,81383,0,0,0,0,0,0,1,7,1444
202009,999,19060, ,Cumberland  MD-WV ,0,0,0,0,0,0,0,0,0,0,0,0,0,0,0,0,0,0,0,0,0,0,0,0
202009,999,19180, ,Danville  IL ,0,0,0,0,0,0,0,0,0,0,0,0,0,0,0,0,0,0,0,0,0,0,0,0
202009,999,19500, ,Decatur  IL ,3,3,1000,1,2,280,0,0,0,0,0,0,3,3,1000,1,2,280,0,0,0,0,0,0
202009,999,20220, ,Dubuque  IA ,6,6,1736,0,0,0,0,0,0,0,0,0,6,6,1736,0,0,0,0,0,0,0,0,0
202009,999,20260, ,Duluth  MN-WI ,17,17,2801,0,0,0,0,0,0,0,0,0,17,17,2801,0,0,0,0,0,0,0,0,0
202009,999,20940, ,El Centro  CA ,36,36,8625,0,0,0,0,0,0,3,24,3188,36,36,8625,0,0,0,0,0,0,3,24,3188
202009,999,21420, ,Enid  OK ,4,4,960,0,0,0,0,0,0,0,0,0,4,4,960,0,0,0,0,0,0,0,0,0
202009,999,21660, ,Eugene-Springfield  OR ,52,52,13645,12,24,4785,0,0,0,1,24,4855,24,24,6658,12,24,4785,0,0,0,1,24,4855
202009,999,21780, ,Evansville  IN-KY ,79,79,20751,2,4,847,2,8,800,1,8,800,62,62,17497,1,2,600,2,8,800,1,8,800
202009,999,21820,C,Fairbanks  AK ,1,1,335,0,0,0,0,0,0,0,0,0,1,1,335,0,0,0,0,0,0,0,0,0
202009,999,22140,C,Farmington  NM ,9,9,2210,0,0,0,0,0,0,0,0,0,9,9,2210,0,0,0,0,0,0,0,0,0
202009,999,22220, ,Fayetteville-Springdale-Rogers  AR-MO ,529,529,133574,10,20,2594,0,0,0,6,213,18999,384,384,97607,7,14,1091,0,0,0,1,81,8193
202009,999,22380, ,Flagstaff  AZ ,71,71,12291,0,0,0,0,0,0,0,0,0,71,71,12291,0,0,0,0,0,0,0,0,0
202009,999,22500, ,Florence  SC ,35,35,4945,1,2,136,0,0,0,1,10,1157,10,10,1510,0,0,0,0,0,0,0,0,0
202009,999,22520, ,Florence-Muscle Shoals  AL ,18,18,2202,0,0,0,0,0,0,0,0,0,3,3,429,0,0,0,0,0,0,0,0,0
202009,999,22540, ,Fond du Lac  WI ,7,7,1583,1,2,504,1,3,600,1,9,637,2,2,358,1,2,504,0,0,0,0,0,0
202009,999,22660,C,Fort Collins  CO ,161,161,49418,1,2,222,0,0,0,2,40,3779,161,161,49418,1,2,222,0,0,0,2,40,3779
202009,999,22900, ,Fort Smith  AR-OK ,22,22,4037,6,12,938,0,0,0,0,0,0,18,18,3629,5,10,768,0,0,0,0,0,0
202009,999,23460, ,Gadsden  AL ,5,5,1352,0,0,0,0,0,0,0,0,0,5,5,1352,0,0,0,0,0,0,0,0,0
202009,999,24220, ,Grand Forks  ND-MN ,24,24,5850,0,0,0,0,0,0,0,0,0,24,24,5850,0,0,0,0,0,0,0,0,0
202009,999,24260, ,Grand Island  NE ,8,8,1874,0,0,0,0,0,0,0,0,0,8,8,1874,0,0,0,0,0,0,0,0,0
202009,999,24300,C,Grand Junction  CO ,80,80,11350,0,0,0,0,0,0,0,0,0,80,80,11350,0,0,0,0,0,0,0,0,0
202009,999,24500,C,Great Falls  MT ,10,10,1471,1,2,600,0,0,0,0,0,0,10,10,1471,1,2,600,0,0,0,0,0,0
202009,999,25060, ,Gulfport-Biloxi  MS ,266,266,47994,1,2,185,1,4,401,1,6,508,148,148,27694,0,0,0,0,0,0,0,0,0
202009,999,25860, ,Hickory-Lenoir-Morganton  NC ,1,1,151,0,0,0,0,0,0,1,6,334,0,0,0,0,0,0,0,0,0,0,0,0
202009,999,25940, ,Hilton Head Island-Bluffton  SC ,103,103,31535,0,0,0,0,0,0,0,0,0,69,69,14202,0,0,0,0,0,0,0,0,0
202009,999,26140, ,Homosassa Springs  FL ,75,75,15462,1,2,55,0,0,0,1,5,432,0,0,0,0,0,0,0,0,0,0,0,0
202009,999,26380, ,Houma-Thibodaux  LA ,42,42,9991,2,4,268,0,0,0,0,0,0,27,27,5900,1,2,112,0,0,0,0,0,0
202009,999,27100, ,Jackson  MI ,0,0,0,0,0,0,0,0,0,0,0,0,0,0,0,0,0,0,0,0,0,0,0,0
202009,999,27340,C,Jacksonville  NC ,149,149,22951,0,0,0,0,0,0,0,0,0,149,149,22951,0,0,0,0,0,0,0,0,0
202009,999,27980,C,Kahului-Wailuku-Lahaina  HI ,30,30,9821,0,0,0,0,0,0,0,0,0,30,30,9821,0,0,0,0,0,0,0,0,0
202009,999,28660,C,Killeen-Temple  TX ,325,325,64164,14,28,2696,0,0,0,0,0,0,286,286,54662,10,20,1832,0,0,0,0,0,0
202009,999,29100, ,La Crosse-Onalaska  WI-MN ,21,21,5127,2,4,786,0,0,0,2,10,1405,12,12,3134,1,2,392,0,0,0,1,5,950
202009,999,29420, ,Lake Havasu City-Kingman  AZ ,152,152,30129,6,12,1597,1,4,254,0,0,0,152,152,30129,6,12,1597,1,4,254,0,0,0
202009,999,29540, ,Lancaster  PA ,8,8,1866,0,0,0,0,0,0,0,0,0,8,8,1866,0,0,0,0,0,0,0,0,0
202009,999,29620, ,Lansing-East Lansing  MI ,8,8,1953,0,0,0,0,0,0,1,5,568,1,1,342,0,0,0,0,0,0,0,0,0
202009,999,29700, ,Laredo  TX ,141,141,28891,7,14,1310,0,0,0,2,12,1026,0,0,0,0,0,0,0,0,0,0,0,0
202009,999,30020, ,Lawton  OK ,6,6,922,0,0,0,0,0,0,0,0,0,6,6,922,0,0,0,0,0,0,0,0,0
202009,999,30300, ,Lewiston  ID-WA ,0,0,0,0,0,0,0,0,0,0,0,0,0,0,0,0,0,0,0,0,0,0,0,0
202009,999,30860, ,Logan  UT-ID ,7,7,2549,0,0,0,2,6,900,0,0,0,7,7,2549,0,0,0,2,6,900,0,0,0
202009,999,30980, ,Longview  TX ,8,8,4376,0,0,0,0,0,0,0,0,0,8,8,4376,0,0,0,0,0,0,0,0,0
202009,999,31340, ,Lynchburg  VA ,17,17,2968,0,0,0,1,3,603,1,12,950,13,13,2040,0,0,0,0,0,0,1,12,950
202009,999,31740, ,Manhattan  KS ,17,17,5024,0,0,0,0,0,0,0,0,0,16,16,4764,0,0,0,0,0,0,0,0,0
202009,999,33540,C,Missoula  MT ,29,29,6430,0,0,0,0,0,0,3,64,3489,29,29,6430,0,0,0,0,0,0,3,64,3489
202009,999,36100, ,Ocala  FL ,366,366,76809,2,4,765,1,4,280,0,0,0,366,366,76809,2,4,765,1,4,280,0,0,0
202009,999,36980, ,Owensboro  KY ,41,41,4383,5,10,1000,0,0,0,0,0,0,41,41,4383,5,10,1000,0,0,0,0,0,0
202009,999,37340, ,Palm Bay-Melbourne-Titusville  FL ,325,325,102799,0,0,0,5,20,2960,8,125,20373,325,325,102799,0,0,0,5,20,2960,8,125,20373
202009,999,37460, ,Panama City  FL ,75,75,19210,0,0,0,0,0,0,5,30,909,4,4,948,0,0,0,0,0,0,0,0,0
202009,999,37900, ,Peoria  IL ,4,4,1420,0,0,0,0,0,0,0,0,0,0,0,0,0,0,0,0,0,0,0,0,0
202009,999,38340, ,Pittsfield  MA ,1,1,308,0,0,0,0,0,0,0,0,0,0,0,0,0,0,0,0,0,0,0,0,0
202009,999,38540, ,Pocatello  ID ,40,40,6779,0,0,0,3,12,840,0,0,0,30,30,5782,0,0,0,3,12,840,0,0,0
202009,999,39150, ,Prescott Valley-Prescott  AZ ,136,136,41868,6,12,1495,0,0,0,2,12,1075,136,136,41868,6,12,1495,0,0,0,2,12,1075
202009,999,40060, ,Richmond  VA ,430,430,86878,2,4,1150,6,23,2823,7,295,39523,420,420,85512,2,4,1150,6,23,2823,6,290,39092
202009,999,41100, ,St. George  UT ,215,215,48105,0,0,0,0,0,0,0,0,0,214,214,48050,0,0,0,0,0,0,0,0,0
202009,999,41500, ,Salinas  CA ,47,47,11884,0,0,0,0,0,0,4,30,1976,46,46,11670,0,0,0,0,0,0,4,30,1976
202009,999,41660,C,San Angelo  TX ,45,45,9408,0,0,0,0,0,0,0,0,0,45,45,9408,0,0,0,0,0,0,0,0,0
202009,999,41740,C,San Diego-Chula Vista-Carlsbad  CA ,232,232,54045,1,2,328,4,16,3646,22,306,59178,231,231,53981,1,2,328,4,16,3646,20,286,57241
202009,999,42020, ,San Luis Obispo-Paso Robles  CA ,17,17,382,0,0,0,0,0,0,0,0,0,17,17,382,0,0,0,0,0,0,0,0,0
202009,999,42200, ,Santa Maria-Santa Barbara  CA ,13,13,7397,0,0,0,0,0,0,0,0,0,13,13,7397,0,0,0,0,0,0,0,0,0
202009,999,42540, ,Scranton--Wilkes-Barre  PA ,5,5,1534,2,4,240,0,0,0,0,0,0,4,4,1260,2,4,240,0,0,0,0,0,0
202009,999,43100, ,Sheboygan  WI ,1,1,174,0,0,0,0,0,0,0,0,0,0,0,0,0,0,0,0,0,0,0,0,0
202009,999,43420, ,Sierra Vista-Douglas  AZ ,22,22,3822,0,0,0,0,0,0,0,0,0,22,22,3822,0,0,0,0,0,0,0,0,0
202009,999,43580, ,Sioux City  IA-NE-SD ,13,13,3699,0,0,0,1,3,0,0,0,0,0,0,0,0,0,0,0,0,0,0,0,0
202009,999,43620, ,Sioux Falls  SD ,174,174,36784,6,12,1721,4,15,2043,7,109,13580,174,174,36784,6,12,1721,4,15,2043,7,109,13580
202009,999,44140, ,Springfield  MA ,3,3,660,0,0,0,0,0,0,0,0,0,0,0,0,0,0,0,0,0,0,0,0,0
202009,999,44180, ,Springfield  MO ,93,93,26113,6,12,1202,0,0,0,1,5,465,81,81,23860,4,8,700,0,0,0,0,0,0
202009,999,44940, ,Sumter  SC ,23,23,4706,4,8,591,0,0,0,0,0,0,23,23,4706,4,8,591,0,0,0,0,0,0
202009,999,45220, ,Tallahassee  FL ,95,95,18353,1,2,222,0,0,0,4,94,12077,22,22,3920,0,0,0,0,0,0,0,0,0
202009,999,45300,C,Tampa-St. Petersburg-Clearwater  FL ,1470,1470,405244,2,4,433,0,0,0,5,298,48629,1462,1462,403787,2,4,433,0,0,0,4,293,48198
202009,999,45460, ,Terre Haute  IN ,3,3,624,2,4,584,0,0,0,0,0,0,1,1,180,1,2,376,0,0,0,0,0,0
202009,999,45500, ,Texarkana  TX-AR ,5,5,812,0,0,0,0,0,0,0,0,0,4,4,616,0,0,0,0,0,0,0,0,0
202009,999,45820, ,Topeka  KS ,36,36,8431,0,0,0,0,0,0,0,0,0,36,36,8431,0,0,0,0,0,0,0,0,0
202009,999,46220, ,Tuscaloosa  AL ,52,52,12362,0,0,0,4,16,1025,1,53,9735,0,0,0,0,0,0,0,0,0,0,0,0
202009,999,46300, ,Twin Falls  ID ,49,49,11254,6,12,1721,1,4,271,4,21,1603,49,49,11254,6,12,1721,1,4,271,4,21,1603
202009,999,46520,C,Urban Honolulu  HI ,51,51,25108,0,0,0,0,0,0,0,0,0,51,51,25108,0,0,0,0,0,0,0,0,0
202009,999,46540, ,Utica-Rome  NY ,0,0,0,0,0,0,0,0,0,0,0,0,0,0,0,0,0,0,0,0,0,0,0,0
202009,999,46660, ,Valdosta  GA ,106,106,20358,1,2,133,0,0,0,0,0,0,47,47,10406,0,0,0,0,0,0,0,0,0
202009,999,47300, ,Visalia  CA ,92,92,20471,0,0,0,0,0,0,0,0,0,74,74,15702,0,0,0,0,0,0,0,0,0
202009,999,47380, ,Waco  TX ,58,58,12126,11,22,2065,0,0,0,0,0,0,58,58,12126,11,22,2065,0,0,0,0,0,0
202009,999,47940, ,Waterloo-Cedar Falls  IA ,16,16,5220,0,0,0,0,0,0,0,0,0,16,16,5220,0,0,0,0,0,0,0,0,0
202009,999,48060, ,Watertown-Fort Drum  NY ,14,14,1918,0,0,0,0,0,0,0,0,0,1,1,200,0,0,0,0,0,0,0,0,0
202009,999,48300, ,Wenatchee  WA ,62,62,13542,0,0,0,0,0,0,0,0,0,32,32,8196,0,0,0,0,0,0,0,0,0
202009,999,48540, ,Wheeling  WV-OH ,0,0,0,0,0,0,0,0,0,0,0,0,0,0,0,0,0,0,0,0,0,0,0,0
202009,999,48660, ,Wichita Falls  TX ,1,1,103,0,0,0,0,0,0,0,0,0,1,1,103,0,0,0,0,0,0,0,0,0
202009,999,48900, ,Wilmington  NC ,118,118,40655,1,2,694,0,0,0,4,92,9521,116,116,40010,1,2,694,0,0,0,4,92,9521
202009,999,49420, ,Yakima  WA ,30,30,7712,2,4,632,1,3,247,1,21,1737,13,13,4543,0,0,0,0,0,0,0,0,0
202009,999,49740, ,Yuma  AZ ,86,86,13642,0,0,0,0,0,0,0,0,0,86,86,13642,0,0,0,0,0,0,0,0,0
