Survey,CSA,CBSA,MONCOV,CBSA,,1-unit,,,2-units,,,3-4 units,,,5+ units,,,1-unit rep,,,2-units rep,,,3-4 units rep,,,5+ units rep
Date,Code,Code,,Name,Bldgs,Units,Value,Bldgs,Units,Value,Bldgs,Units,Value,Bldgs,Units,Value,Bldgs,Units,Value,Bldgs,Units,Value,      Bldgs,Units,Value,Bldgs,Units,Value
 
202011,104,10580,C,Albany-Schenectady-Troy  NY ,148,148,39211,4,8,1787,2,7,1380,5,38,2051,112,112,30030,3,6,1387,1,4,1020,3,26,1480
202011,104,24020, ,Glens Falls  NY ,18,18,4837,0,0,0,0,0,0,0,0,0,11,11,3102,0,0,0,0,0,0,0,0,0
202011,106,10740,C,Albuquerque  NM ,176,176,43255,0,0,0,1,3,324,1,5,208,116,116,30022,0,0,0,0,0,0,0,0,0
202011,106,42140,C,Santa Fe  NM ,30,30,6862,0,0,0,0,0,0,1,18,2207,0,0,0,0,0,0,0,0,0,0,0,0
202011,107,11020, ,Altoona  PA ,0,0,0,0,0,0,0,0,0,0,0,0,0,0,0,0,0,0,0,0,0,0,0,0
202011,108,11100, ,Amarillo  TX ,36,36,8393,0,0,0,0,0,0,32,243,29125,36,36,8393,0,0,0,0,0,0,32,243,29125
202011,118,11540, ,Appleton  WI ,20,20,7272,1,2,560,0,0,0,0,0,0,20,20,7272,1,2,560,0,0,0,0,0,0
202011,118,36780, ,Oshkosh-Neenah  WI ,12,12,3304,0,0,0,0,0,0,1,71,9523,12,12,3304,0,0,0,0,0,0,1,71,9523
202011,120,11700, ,Asheville  NC ,192,192,57442,0,0,0,0,0,0,4,49,4737,67,67,19677,0,0,0,0,0,0,0,0,0
202011,122,12020, ,Athens-Clarke County  GA ,37,37,14091,0,0,0,0,0,0,0,0,0,37,37,14091,0,0,0,0,0,0,0,0,0
202011,122,12060, ,Atlanta-Sandy Springs-Alpharetta  GA ,2540,2540,579742,2,4,1153,3,10,1273,14,283,33229,2283,2283,523416,2,4,1153,3,10,1273,12,244,28723
202011,122,23580, ,Gainesville  GA ,57,57,13860,0,0,0,0,0,0,3,223,29060,4,4,1172,0,0,0,0,0,0,3,223,29060
202011,122,40660,C,Rome  GA ,30,30,4531,0,0,0,0,0,0,0,0,0,30,30,4531,0,0,0,0,0,0,0,0,0
202011,140,13460,C,Bend  OR ,210,210,55857,4,8,979,0,0,0,3,36,4689,210,210,55857,4,8,979,0,0,0,3,36,4689
202011,142,13820,C,Birmingham-Hoover  AL ,296,296,90942,1,2,247,0,0,0,1,7,706,176,176,55961,0,0,0,0,0,0,0,0,0
202011,144,14020,C,Bloomington  IN ,22,22,5860,1,2,283,0,0,0,1,45,5224,0,0,0,0,0,0,0,0,0,0,0,0
202011,145,14010, ,Bloomington  IL ,4,4,1021,0,0,0,0,0,0,0,0,0,4,4,1021,0,0,0,0,0,0,0,0,0
202011,146,14100,C,Bloomsburg-Berwick  PA ,5,5,1021,0,0,0,0,0,0,0,0,0,2,2,290,0,0,0,0,0,0,0,0,0
202011,147,14260,C,Boise City  ID ,674,674,170960,10,20,3346,6,23,3482,5,165,19406,553,553,152639,8,16,3098,5,19,3185,2,125,16127
202011,148,12700, ,Barnstable Town  MA ,6,6,2646,0,0,0,0,0,0,0,0,0,3,3,916,0,0,0,0,0,0,0,0,0
202011,148,14460,C,Boston-Cambridge-Newton  MA-NH ,390,390,126821,32,64,12408,7,24,2530,56,1257,233413,200,200,72910,22,44,8171,5,18,1530,12,893,194225
202011,148,31700, ,Manchester-Nashua  NH ,22,22,5132,0,0,0,0,0,0,0,0,0,10,10,2635,0,0,0,0,0,0,0,0,0
202011,148,39300,C,Providence-Warwick  RI-MA ,137,137,35280,9,18,1519,1,4,230,2,12,739,70,70,20242,4,8,720,0,0,0,0,0,0
202011,148,49340, ,Worcester  MA-CT ,20,20,4946,0,0,0,0,0,0,0,0,0,15,15,3930,0,0,0,0,0,0,0,0,0
202011,150,14540, ,Bowling Green  KY ,78,78,18184,0,0,0,0,0,0,1,8,482,78,78,18184,0,0,0,0,0,0,1,8,482
202011,154,15180, ,Brownsville-Harlingen  TX ,91,91,9241,3,6,671,0,0,0,1,10,1122,0,0,0,0,0,0,0,0,0,0,0,0
202011,160,15380,C,Buffalo-Cheektowaga  NY ,89,89,27726,3,6,999,1,4,810,4,46,6432,73,73,23480,3,6,999,1,4,810,3,24,1500
202011,162,15540, ,Burlington-South Burlington  VT ,20,20,5593,2,4,633,0,0,0,4,59,6476,1,1,250,0,0,0,0,0,0,1,44,4964
202011,163,15980,C,Cape Coral-Fort Myers  FL ,636,636,124103,20,40,4197,0,0,0,4,26,2328,636,636,124103,20,40,4197,0,0,0,4,26,2328
202011,163,34940, ,Naples-Marco Island  FL ,235,235,58101,0,0,0,5,16,5845,1,16,1174,235,235,58101,0,0,0,5,16,5845,1,16,1174
202011,164,16020, ,Cape Girardeau  MO-IL ,0,0,0,0,0,0,0,0,0,0,0,0,0,0,0,0,0,0,0,0,0,0,0,0
202011,168,16300, ,Cedar Rapids  IA ,21,21,3179,7,14,1174,0,0,0,0,0,0,18,18,2297,7,14,1174,0,0,0,0,0,0
202011,168,26980, ,Iowa City  IA ,38,38,11711,1,2,612,1,4,810,0,0,0,36,36,11436,1,2,612,1,4,810,0,0,0
202011,170,16620, ,Charleston  WV ,16,16,1639,0,0,0,1,4,240,0,0,0,12,12,1539,0,0,0,1,4,240,0,0,0
202011,170,26580, ,Huntington-Ashland  WV-KY-OH ,14,14,2947,0,0,0,0,0,0,0,0,0,0,0,0,0,0,0,0,0,0,0,0,0
202011,172,16740, ,Charlotte-Concord-Gastonia  NC-SC ,1539,1539,398265,0,0,0,0,0,0,19,696,48071,1218,1218,286389,0,0,0,0,0,0,17,670,44149
202011,174,16860, ,Chattanooga  TN-GA ,143,143,31645,2,4,284,0,0,0,3,43,4256,102,102,22610,0,0,0,0,0,0,0,0,0
202011,174,17420, ,Cleveland  TN ,35,35,6564,0,0,0,1,4,680,0,0,0,16,16,3142,0,0,0,1,4,680,0,0,0
202011,176,16980, ,Chicago-Naperville-Elgin  IL-IN-WI ,721,721,220466,13,26,4758,7,25,4399,34,468,90719,595,595,187705,12,24,4554,6,22,3949,25,383,79178
202011,176,28100, ,Kankakee  IL ,0,0,0,0,0,0,0,0,0,0,0,0,0,0,0,0,0,0,0,0,0,0,0,0
202011,176,33140, ,Michigan City-La Porte  IN ,11,11,2896,0,0,0,0,0,0,0,0,0,8,8,2258,0,0,0,0,0,0,0,0,0
202011,178,17140, ,Cincinnati  OH-KY-IN ,421,421,109437,2,4,394,1,3,719,10,188,18779,316,316,83792,2,4,394,0,0,0,9,183,17758
202011,184,10420, ,Akron  OH ,52,52,26370,0,0,0,0,0,0,0,0,0,19,19,5571,0,0,0,0,0,0,0,0,0
202011,184,15940, ,Canton-Massillon  OH ,20,20,5382,0,0,0,0,0,0,1,6,461,16,16,4916,0,0,0,0,0,0,0,0,0
202011,184,17460, ,Cleveland-Elyria  OH ,240,240,69357,1,2,292,1,3,173,1,125,5500,184,184,55272,0,0,0,0,0,0,1,125,5500
202011,190,17860, ,Columbia  MO ,60,60,18159,1,2,125,0,0,0,0,0,0,59,59,17925,1,2,125,0,0,0,0,0,0
202011,192,17900,C,Columbia  SC ,396,396,86518,0,0,0,0,0,0,2,16,2686,193,193,35201,0,0,0,0,0,0,0,0,0
202011,194,12220,C,Auburn-Opelika  AL ,85,85,23298,0,0,0,0,0,0,1,5,537,56,56,16495,0,0,0,0,0,0,0,0,0
202011,194,17980, ,Columbus  GA-AL ,60,60,11988,0,0,0,1,3,95,1,28,3974,32,32,6706,0,0,0,0,0,0,0,0,0
202011,198,18140, ,Columbus  OH ,446,446,138503,4,8,1472,1,3,389,20,410,19877,405,405,126603,4,8,1472,1,3,389,19,403,19018
202011,204,18580, ,Corpus Christi  TX ,132,132,30354,0,0,0,0,0,0,0,0,0,126,126,29374,0,0,0,0,0,0,0,0,0
202011,206,19100, ,Dallas-Fort Worth-Arlington  TX ,3641,3641,948165,21,42,4612,9,35,2053,53,1672,217652,3151,3151,816431,20,40,4316,8,32,1890,48,1625,212109
202011,209,19340, ,Davenport-Moline-Rock Island  IA-IL ,47,47,9799,0,0,0,0,0,0,0,0,0,47,47,9799,0,0,0,0,0,0,0,0,0
202011,212,19430, ,Dayton-Kettering  OH ,80,80,28705,1,2,156,3,9,1950,0,0,0,51,51,22363,0,0,0,3,9,1950,0,0,0
202011,212,44220, ,Springfield  OH ,9,9,2843,0,0,0,0,0,0,0,0,0,9,9,2843,0,0,0,0,0,0,0,0,0
202011,216,14500, ,Boulder  CO ,51,51,21187,1,2,435,0,0,0,3,59,9219,9,9,4076,1,2,435,0,0,0,0,0,0
202011,216,19740,C,Denver-Aurora-Lakewood  CO ,954,954,271718,33,66,10537,8,29,5205,3,108,16045,932,932,264720,33,66,10537,7,26,4707,3,108,16045
202011,216,24540, ,Greeley  CO ,255,255,72768,0,0,0,1,4,958,5,45,3797,162,162,47493,0,0,0,1,4,958,4,40,3191
202011,218,11180, ,Ames  IA ,7,7,2499,0,0,0,0,0,0,0,0,0,7,7,2499,0,0,0,0,0,0,0,0,0
202011,218,19780, ,Des Moines-West Des Moines  IA ,401,401,115912,1,2,301,0,0,0,6,212,24620,391,391,112833,1,2,301,0,0,0,4,194,22809
202011,220,11460, ,Ann Arbor  MI ,36,36,10696,23,46,4310,1,3,608,0,0,0,25,25,7612,23,46,4310,0,0,0,0,0,0
202011,220,19820, ,Detroit-Warren-Dearborn  MI ,476,476,139938,9,18,4883,1,3,238,13,305,41238,357,357,108755,9,18,4883,0,0,0,6,248,32107
202011,220,22420, ,Flint  MI ,15,15,3917,0,0,0,3,10,2069,0,0,0,9,9,2181,0,0,0,0,0,0,0,0,0
202011,220,33780, ,Monroe  MI ,0,0,0,0,0,0,0,0,0,0,0,0,0,0,0,0,0,0,0,0,0,0,0,0
202011,222,20020, ,Dothan  AL ,13,13,3076,0,0,0,0,0,0,0,0,0,13,13,3076,0,0,0,0,0,0,0,0,0
202011,232,20740, ,Eau Claire  WI ,19,19,5571,8,16,2581,0,0,0,5,70,13949,18,18,5381,8,16,2581,0,0,0,5,70,13949
202011,236,21300, ,Elmira  NY ,0,0,0,0,0,0,0,0,0,0,0,0,0,0,0,0,0,0,0,0,0,0,0,0
202011,238,21340,C,El Paso  TX ,245,245,58420,2,4,581,0,0,0,1,24,2748,67,67,15452,0,0,0,0,0,0,0,0,0
202011,238,29740,C,Las Cruces  NM ,81,81,21653,0,0,0,0,0,0,0,0,0,70,70,19199,0,0,0,0,0,0,0,0,0
202011,240,21500, ,Erie  PA ,5,5,1128,0,0,0,1,4,100,0,0,0,5,5,1128,0,0,0,1,4,100,0,0,0
202011,244,22020, ,Fargo  ND-MN ,52,52,18519,0,0,0,0,0,0,1,136,15500,49,49,17624,0,0,0,0,0,0,1,136,15500
202011,246,22180, ,Fayetteville  NC ,158,158,28243,0,0,0,0,0,0,0,0,0,102,102,21417,0,0,0,0,0,0,0,0,0
202011,258,23060,C,Fort Wayne  IN ,134,134,37945,0,0,0,0,0,0,0,0,0,134,134,37945,0,0,0,0,0,0,0,0,0
202011,260,23420,C,Fresno  CA ,170,170,51056,4,8,1388,0,0,0,6,31,3877,30,30,7312,0,0,0,0,0,0,0,0,0
202011,260,31460, ,Madera  CA ,41,41,11385,0,0,0,0,0,0,0,0,0,41,41,11385,0,0,0,0,0,0,0,0,0
202011,264,23540, ,Gainesville  FL ,54,54,14299,0,0,0,0,0,0,2,109,7411,0,0,0,0,0,0,0,0,0,0,0,0
202011,266,24340, ,Grand Rapids-Kentwood  MI ,136,136,33261,3,6,829,0,0,0,14,336,34598,123,123,29477,2,4,359,0,0,0,13,321,32893
202011,266,34740, ,Muskegon  MI ,4,4,809,0,0,0,0,0,0,0,0,0,0,0,0,0,0,0,0,0,0,0,0,0
202011,267,24580, ,Green Bay  WI ,65,65,18939,0,0,0,0,0,0,4,26,2229,44,44,13043,0,0,0,0,0,0,2,15,1499
202011,268,15500, ,Burlington  NC ,48,48,9090,0,0,0,0,0,0,0,0,0,48,48,9090,0,0,0,0,0,0,0,0,0
202011,268,24660,C,Greensboro-High Point  NC ,201,201,44387,1,2,98,0,0,0,4,152,20319,126,126,20614,0,0,0,0,0,0,4,152,20319
202011,268,49180, ,Winston-Salem  NC ,191,191,34255,0,0,0,0,0,0,1,6,237,177,177,31077,0,0,0,0,0,0,0,0,0
202011,272,24780, ,Greenville  NC ,25,25,5970,0,0,0,0,0,0,0,0,0,25,25,5970,0,0,0,0,0,0,0,0,0
202011,273,24860, ,Greenville-Anderson  SC ,429,429,105766,8,16,2557,0,0,0,16,340,27700,347,347,89163,8,16,2557,0,0,0,14,324,26067
202011,273,43900, ,Spartanburg  SC ,244,244,39926,0,0,0,0,0,0,0,0,0,0,0,0,0,0,0,0,0,0,0,0,0
202011,276,23900,C,Gettysburg  PA ,32,32,9045,0,0,0,0,0,0,0,0,0,32,32,9045,0,0,0,0,0,0,0,0,0
202011,276,25420,C,Harrisburg-Carlisle  PA ,84,84,18244,2,4,681,0,0,0,2,10,1167,46,46,9846,2,4,681,0,0,0,0,0,0
202011,276,30140, ,Lebanon  PA ,22,22,4163,0,0,0,0,0,0,0,0,0,0,0,0,0,0,0,0,0,0,0,0,0
202011,276,49620, ,York-Hanover  PA ,17,17,5001,0,0,0,0,0,0,0,0,0,14,14,4174,0,0,0,0,0,0,0,0,0
202011,277,25500,C,Harrisonburg  VA ,67,67,16120,0,0,0,0,0,0,0,0,0,67,67,16120,0,0,0,0,0,0,0,0,0
202011,277,44420, ,Staunton  VA ,19,19,5955,0,0,0,0,0,0,0,0,0,19,19,5955,0,0,0,0,0,0,0,0,0
202011,278,25540,C,Hartford-East Hartford-Middletown  CT ,85,85,20507,2,4,350,0,0,0,6,33,3359,54,54,13801,1,2,150,0,0,0,2,10,1250
202011,278,35980, ,Norwich-New London  CT ,10,10,2203,0,0,0,0,0,0,1,9,875,4,4,1010,0,0,0,0,0,0,0,0,0
202011,279,25620, ,Hattiesburg  MS ,5,5,868,0,0,0,0,0,0,0,0,0,5,5,868,0,0,0,0,0,0,0,0,0
202011,284,26300, ,Hot Springs  AR ,13,13,2952,0,0,0,0,0,0,0,0,0,13,13,2952,0,0,0,0,0,0,0,0,0
202011,288,26420, ,Houston-The Woodlands-Sugar Land  TX ,3630,3630,687333,31,62,6572,0,0,0,26,833,74863,2663,2663,576653,31,62,6572,0,0,0,16,659,54632
202011,290,19460, ,Decatur  AL ,14,14,2958,0,0,0,0,0,0,0,0,0,11,11,2588,0,0,0,0,0,0,0,0,0
202011,290,26620,C,Huntsville  AL ,309,309,44661,0,0,0,0,0,0,0,0,0,185,185,19051,0,0,0,0,0,0,0,0,0
202011,292,26820, ,Idaho Falls  ID ,79,79,13313,0,0,0,0,0,0,0,0,0,79,79,13313,0,0,0,0,0,0,0,0,0
202011,294,18020, ,Columbus  IN ,11,11,3136,0,0,0,0,0,0,0,0,0,11,11,3136,0,0,0,0,0,0,0,0,0
202011,294,26900, ,Indianapolis-Carmel-Anderson  IN ,661,661,211978,12,24,3320,3,10,1610,4,40,3827,538,538,179582,10,20,2753,3,10,1610,3,32,3157
202011,294,34620, ,Muncie  IN ,0,0,0,0,0,0,0,0,0,0,0,0,0,0,0,0,0,0,0,0,0,0,0,0
202011,296,27060, ,Ithaca  NY ,1,1,323,1,2,237,0,0,0,1,6,720,0,0,0,0,0,0,0,0,0,0,0,0
202011,297,27180, ,Jackson  TN ,15,15,3286,0,0,0,0,0,0,0,0,0,0,0,0,0,0,0,0,0,0,0,0,0
202011,298,27140, ,Jackson  MS ,90,90,26319,0,0,0,0,0,0,1,22,2429,78,78,23980,0,0,0,0,0,0,0,0,0
202011,300,27260,C,Jacksonville  FL ,1115,1115,260077,0,0,0,1,4,699,0,0,0,970,970,224549,0,0,0,1,4,699,0,0,0
202011,304,27740, ,Johnson City  TN ,19,19,2681,0,0,0,0,0,0,2,16,1007,19,19,2681,0,0,0,0,0,0,2,16,1007
202011,304,28700, ,Kingsport-Bristol  TN-VA ,1,1,236,0,0,0,0,0,0,0,0,0,0,0,0,0,0,0,0,0,0,0,0,0
202011,306,27780, ,Johnstown  PA ,0,0,0,0,0,0,0,0,0,0,0,0,0,0,0,0,0,0,0,0,0,0,0,0
202011,308,27860, ,Jonesboro  AR ,38,38,5933,3,6,413,3,9,464,1,5,288,0,0,0,0,0,0,0,0,0,0,0,0
202011,309,27900, ,Joplin  MO ,11,11,2126,0,0,0,0,0,0,1,8,375,11,11,2126,0,0,0,0,0,0,1,8,375
202011,310,12980, ,Battle Creek  MI ,0,0,0,0,0,0,0,0,0,0,0,0,0,0,0,0,0,0,0,0,0,0,0,0
202011,310,28020, ,Kalamazoo-Portage  MI ,8,8,2412,0,0,0,0,0,0,0,0,0,0,0,0,0,0,0,0,0,0,0,0,0
202011,312,28140, ,Kansas City  MO-KS ,552,552,148949,6,12,1566,6,23,2361,2,56,5607,507,507,134103,6,12,1566,5,20,1900,1,51,5026
202011,312,29940, ,Lawrence  KS ,14,14,4587,0,0,0,0,0,0,0,0,0,14,14,4587,0,0,0,0,0,0,0,0,0
202011,312,41140, ,St. Joseph  MO-KS ,0,0,0,0,0,0,0,0,0,0,0,0,0,0,0,0,0,0,0,0,0,0,0,0
202011,313,28420,C,Kennewick-Richland  WA ,160,160,48721,1,2,174,0,0,0,0,0,0,118,118,37780,0,0,0,0,0,0,0,0,0
202011,313,47460, ,Walla Walla  WA ,6,6,1526,1,2,406,0,0,0,0,0,0,5,5,1426,1,2,406,0,0,0,0,0,0
202011,315,28940, ,Knoxville  TN ,236,236,61628,0,0,0,0,0,0,14,293,80781,153,153,45224,0,0,0,0,0,0,13,282,80057
202011,316,29020, ,Kokomo  IN ,14,14,3465,0,0,0,0,0,0,0,0,0,14,14,3465,0,0,0,0,0,0,0,0,0
202011,318,29180, ,Lafayette  LA ,183,183,36543,0,0,0,0,0,0,0,0,0,162,162,32338,0,0,0,0,0,0,0,0,0
202011,320,29200, ,Lafayette-West Lafayette  IN ,39,39,9950,0,0,0,0,0,0,2,30,2126,0,0,0,0,0,0,0,0,0,0,0,0
202011,324,29340, ,Lake Charles  LA ,66,66,10786,6,12,552,0,0,0,0,0,0,29,29,3655,5,10,455,0,0,0,0,0,0
202011,332,29820,C,Las Vegas-Henderson-Paradise  NV ,779,779,214126,5,10,1308,31,98,10443,19,580,59101,779,779,214126,5,10,1308,31,98,10443,19,580,59101
202011,336,30460,C,Lexington-Fayette  KY ,108,108,26089,0,0,0,0,0,0,3,63,6659,34,34,9977,0,0,0,0,0,0,1,5,548
202011,338,30620, ,Lima  OH ,0,0,0,0,0,0,0,0,0,0,0,0,0,0,0,0,0,0,0,0,0,0,0,0
202011,339,30700, ,Lincoln  NE ,90,90,20703,2,4,573,0,0,0,2,77,8635,5,5,1300,0,0,0,0,0,0,0,0,0
202011,340,30780, ,Little Rock-North Little Rock-Conway  AR ,164,164,38803,1,2,175,0,0,0,1,7,192,117,117,31265,1,2,175,0,0,0,0,0,0
202011,340,38220, ,Pine Bluff  AR ,2,2,437,0,0,0,0,0,0,0,0,0,1,1,272,0,0,0,0,0,0,0,0,0
202011,348,31080,C,Los Angeles-Long Beach-Anaheim  CA ,834,834,216712,51,102,21147,7,23,5164,41,1103,216319,711,711,166244,43,86,17354,2,6,1985,31,965,194719
202011,348,37100, ,Oxnard-Thousand Oaks-Ventura  CA ,2,2,702,8,16,1785,0,0,0,3,15,1518,2,2,702,8,16,1785,0,0,0,3,15,1518
202011,348,40140, ,Riverside-San Bernardino-Ontario  CA ,1014,1014,253543,44,88,10508,3,9,355,10,104,12167,920,920,230106,44,88,10508,3,9,355,9,99,11891
202011,350,21060, ,Elizabethtown-Fort Knox  KY ,51,51,9966,1,2,200,0,0,0,0,0,0,51,51,9966,1,2,200,0,0,0,0,0,0
202011,350,31140, ,Louisville-Jefferson County  KY-IN ,281,281,80032,2,4,398,1,3,600,12,256,21325,122,122,32650,1,2,190,1,3,600,4,96,6000
202011,352,31180, ,Lubbock  TX ,179,179,44481,10,20,1714,0,0,0,9,75,5359,177,177,44025,10,20,1714,0,0,0,8,70,5000
202011,356,31420, ,Macon-Bibb County  GA ,28,28,4434,0,0,0,0,0,0,0,0,0,0,0,0,0,0,0,0,0,0,0,0,0
202011,356,47580, ,Warner Robins  GA ,71,71,13430,0,0,0,0,0,0,0,0,0,71,71,13430,0,0,0,0,0,0,0,0,0
202011,357,27500, ,Janesville-Beloit  WI ,10,10,2529,0,0,0,0,0,0,1,48,8062,9,9,2322,0,0,0,0,0,0,1,48,8062
202011,357,31540, ,Madison  WI ,128,128,45155,1,2,420,1,3,611,3,54,7910,105,105,38759,0,0,0,0,0,0,2,47,6100
202011,359,31860, ,Mankato  MN ,12,12,1350,0,0,0,0,0,0,0,0,0,12,12,1350,0,0,0,0,0,0,0,0,0
202011,365,32580,C,McAllen-Edinburg-Mission  TX ,333,333,67886,19,38,6867,17,66,3307,1,29,2212,263,263,59959,11,22,1592,15,60,2769,0,0,0
202011,366,32780, ,Medford  OR ,46,46,14420,0,0,0,0,0,0,0,0,0,46,46,14420,0,0,0,0,0,0,0,0,0
202011,368,32820, ,Memphis  TN-MS-AR ,335,335,71495,0,0,0,0,0,0,0,0,0,239,239,50961,0,0,0,0,0,0,0,0,0
202011,370,33100, ,Miami-Fort Lauderdale-Pompano Beach  FL ,561,561,164521,10,20,3448,7,27,3297,38,558,62870,469,469,127185,10,20,3448,7,27,3297,30,487,56029
202011,370,38940, ,Port St. Lucie  FL ,315,315,67631,4,8,469,0,0,0,0,0,0,314,314,67554,4,8,469,0,0,0,0,0,0
202011,370,42680, ,Sebastian-Vero Beach  FL ,67,67,27456,0,0,0,0,0,0,0,0,0,67,67,27456,0,0,0,0,0,0,0,0,0
202011,372,33260, ,Midland  TX ,44,44,8391,0,0,0,0,0,0,0,0,0,44,44,8391,0,0,0,0,0,0,0,0,0
202011,372,36220,C,Odessa  TX ,70,70,16264,0,0,0,0,0,0,3,72,8623,0,0,0,0,0,0,0,0,0,0,0,0
202011,376,33340,C,Milwaukee-Waukesha  WI ,140,140,54074,8,16,2210,0,0,0,4,151,15234,93,93,37063,5,10,1871,0,0,0,3,142,15180
202011,376,39540, ,Racine  WI ,6,6,1889,0,0,0,0,0,0,0,0,0,6,6,1889,0,0,0,0,0,0,0,0,0
202011,378,33460, ,Minneapolis-St. Paul-Bloomington  MN-WI ,856,856,265920,10,20,4435,2,7,1244,19,1158,130422,731,731,227878,9,18,4005,2,7,1244,12,1089,123305
202011,378,41060, ,St. Cloud  MN ,1,1,277,0,0,0,0,0,0,0,0,0,0,0,0,0,0,0,0,0,0,0,0,0
202011,380,19300, ,Daphne-Fairhope-Foley  AL ,185,185,39533,0,0,0,0,0,0,1,10,801,87,87,24648,0,0,0,0,0,0,0,0,0
202011,380,33660, ,Mobile  AL ,85,85,19017,0,0,0,0,0,0,0,0,0,85,85,19017,0,0,0,0,0,0,0,0,0
202011,384,33740, ,Monroe  LA ,18,18,3970,0,0,0,1,3,472,1,5,579,10,10,2331,0,0,0,0,0,0,0,0,0
202011,388,33860, ,Montgomery  AL ,73,73,16494,0,0,0,0,0,0,0,0,0,48,48,12652,0,0,0,0,0,0,0,0,0
202011,390,34060, ,Morgantown  WV ,1,1,900,0,0,0,0,0,0,0,0,0,1,1,900,0,0,0,0,0,0,0,0,0
202011,396,34820, ,Myrtle Beach-Conway-North Myrtle Beach  SC-NC ,581,581,109668,4,8,1235,0,0,0,8,201,14847,416,416,69058,3,6,1005,0,0,0,7,196,14597
202011,400,34980, ,Nashville-Davidson--Murfreesboro--Franklin  TN ,1156,1156,327840,0,0,0,2,6,1235,27,999,110348,940,940,280056,0,0,0,2,6,1235,26,976,107713
202011,406,25220, ,Hammond  LA ,53,53,12534,0,0,0,0,0,0,0,0,0,45,45,11102,0,0,0,0,0,0,0,0,0
202011,406,35380, ,New Orleans-Metairie  LA ,280,280,71567,11,22,2291,0,0,0,1,35,6513,210,210,55415,2,4,288,0,0,0,0,0,0
202011,408,14860,C,Bridgeport-Stamford-Norwalk  CT ,78,78,43479,4,8,1952,1,4,1200,1,15,4143,59,59,25215,3,6,1800,1,4,1200,0,0,0
202011,408,20700, ,East Stroudsburg  PA ,12,12,3063,0,0,0,0,0,0,0,0,0,10,10,2535,0,0,0,0,0,0,0,0,0
202011,408,28740, ,Kingston  NY ,10,10,3606,0,0,0,0,0,0,1,6,1463,10,10,3606,0,0,0,0,0,0,0,0,0
202011,408,35300, ,New Haven-Milford  CT ,21,21,4095,0,0,0,0,0,0,1,13,843,9,9,2375,0,0,0,0,0,0,0,0,0
202011,408,35620,C,New York-Newark-Jersey City  NY-NJ-PA ,865,865,274836,113,226,26942,20,69,7923,120,3663,393977,588,588,195702,93,186,21554,12,42,5031,68,2939,301311
202011,408,39100, ,Poughkeepsie-Newburgh-Middletown  NY ,22,22,7816,0,0,0,1,4,1132,1,18,3125,10,10,2977,0,0,0,1,4,1132,1,18,3125
202011,408,45940,C,Trenton-Princeton  NJ ,26,26,5639,0,0,0,0,0,0,4,142,12297,23,23,4928,0,0,0,0,0,0,3,137,11884
202011,412,35840,C,North Port-Sarasota-Bradenton  FL ,709,709,194883,0,0,0,2,8,958,1,8,735,709,709,194883,0,0,0,2,8,958,1,8,735
202011,412,39460, ,Punta Gorda  FL ,170,170,46525,1,2,228,0,0,0,1,16,3145,170,170,46525,1,2,228,0,0,0,1,16,3145
202011,416,36420,C,Oklahoma City  OK ,542,542,133140,5,10,1025,0,0,0,0,0,0,484,484,117530,5,10,1025,0,0,0,0,0,0
202011,420,36540, ,Omaha-Council Bluffs  NE-IA ,295,295,59283,4,8,1313,0,0,0,3,389,30532,246,246,46073,3,6,1088,0,0,0,3,389,30532
202011,422,19660, ,Deltona-Daytona Beach-Ormond Beach  FL ,248,248,70082,16,32,4517,0,0,0,2,39,5785,188,188,53435,16,32,4517,0,0,0,0,0,0
202011,422,29460, ,Lakeland-Winter Haven  FL ,672,672,135354,0,0,0,0,0,0,10,240,3326,531,531,97512,0,0,0,0,0,0,10,240,3326
202011,422,36740, ,Orlando-Kissimmee-Sanford  FL ,1321,1321,337175,10,20,3644,5,19,2179,7,104,14831,1164,1164,291595,10,20,3644,5,19,2179,4,69,11541
202011,422,45540,C,The Villages  FL ,240,240,64146,0,0,0,0,0,0,0,0,0,239,239,63954,0,0,0,0,0,0,0,0,0
202011,425,37620, ,Parkersburg-Vienna  WV ,1,1,75,0,0,0,0,0,0,0,0,0,1,1,75,0,0,0,0,0,0,0,0,0
202011,426,37860,C,Pensacola-Ferry Pass-Brent  FL ,287,287,66908,0,0,0,0,0,0,0,0,0,287,287,66908,0,0,0,0,0,0,0,0,0
202011,428,12100,C,Atlantic City-Hammonton  NJ ,41,41,15643,1,2,293,0,0,0,1,12,1434,37,37,13453,1,2,293,0,0,0,0,0,0
202011,428,20100,C,Dover  DE ,97,97,14834,4,8,346,0,0,0,0,0,0,88,88,12985,4,8,346,0,0,0,0,0,0
202011,428,36140,C,Ocean City  NJ ,56,56,27236,11,22,7084,0,0,0,0,0,0,54,54,26021,11,22,7084,0,0,0,0,0,0
202011,428,37980,C,Philadelphia-Camden-Wilmington  PA-NJ-DE-MD ,844,844,175163,13,26,3649,27,96,12541,42,830,73980,584,584,132214,12,24,3643,26,92,12172,22,585,60171
202011,428,39740, ,Reading  PA ,2,2,534,0,0,0,0,0,0,0,0,0,1,1,268,0,0,0,0,0,0,0,0,0
202011,428,47220,C,Vineland-Bridgeton  NJ ,12,12,1102,0,0,0,0,0,0,0,0,0,0,0,0,0,0,0,0,0,0,0,0,0
202011,429,38060,C,Phoenix-Mesa-Chandler  AZ ,2655,2655,689218,25,50,3735,5,15,3030,45,965,139394,2547,2547,662892,24,48,3475,5,15,3030,43,871,123420
202011,430,38300, ,Pittsburgh  PA ,86,86,26516,1,2,182,2,6,610,2,73,9401,51,51,18783,0,0,0,0,0,0,0,0,0
202011,430,48260, ,Weirton-Steubenville  WV-OH ,0,0,0,0,0,0,0,0,0,0,0,0,0,0,0,0,0,0,0,0,0,0,0,0
202011,438,30340, ,Lewiston-Auburn  ME ,5,5,861,0,0,0,0,0,0,0,0,0,3,3,538,0,0,0,0,0,0,0,0,0
202011,438,38860, ,Portland-South Portland  ME ,133,133,39122,1,2,269,1,3,250,3,16,2395,70,70,22247,0,0,0,0,0,0,1,6,1600
202011,440,10540, ,Albany-Lebanon  OR ,33,33,7812,1,2,341,0,0,0,1,15,1443,5,5,1138,1,2,341,0,0,0,0,0,0
202011,440,18700, ,Corvallis  OR ,10,10,2470,0,0,0,0,0,0,0,0,0,10,10,2470,0,0,0,0,0,0,0,0,0
202011,440,31020, ,Longview  WA ,18,18,4785,0,0,0,0,0,0,0,0,0,18,18,4785,0,0,0,0,0,0,0,0,0
202011,440,38900, ,Portland-Vancouver-Hillsboro  OR-WA ,618,618,175446,2,4,743,0,0,0,14,308,33861,432,432,118870,2,4,743,0,0,0,11,243,24351
202011,440,41420, ,Salem  OR ,33,33,10544,4,8,2369,0,0,0,6,72,6881,33,33,10544,4,8,2369,0,0,0,6,72,6881
202011,444,39380,C,Pueblo  CO ,43,43,6952,0,0,0,0,0,0,0,0,0,0,0,0,0,0,0,0,0,0,0,0,0
202011,450,20500,C,Durham-Chapel Hill  NC ,310,310,72086,0,0,0,1,3,750,4,155,23213,62,62,17337,0,0,0,0,0,0,0,0,0
202011,450,39580,C,Raleigh-Cary  NC ,1027,1027,235954,0,0,0,0,0,0,14,957,121111,1023,1023,235142,0,0,0,0,0,0,14,957,121111
202011,452,39660, ,Rapid City  SD ,31,31,7694,1,2,209,3,12,1320,1,6,590,31,31,7694,1,2,209,3,12,1320,1,6,590
202011,454,39820, ,Redding  CA ,17,17,4957,0,0,0,0,0,0,0,0,0,17,17,4957,0,0,0,0,0,0,0,0,0
202011,456,16180,C,Carson City  NV ,15,15,3993,0,0,0,1,3,382,1,5,499,0,0,0,0,0,0,0,0,0,0,0,0
202011,456,39900,C,Reno  NV ,222,222,59913,3,6,621,1,4,539,9,146,19139,64,64,15008,0,0,0,0,0,0,0,0,0
202011,462,40340, ,Rochester  MN ,29,29,7234,0,0,0,0,0,0,0,0,0,28,28,7024,0,0,0,0,0,0,0,0,0
202011,464,40380, ,Rochester  NY ,86,86,20932,2,4,800,1,4,720,5,62,8375,73,73,18351,2,4,800,1,4,720,2,22,2550
202011,466,40420, ,Rockford  IL ,6,6,1671,0,0,0,0,0,0,0,0,0,6,6,1671,0,0,0,0,0,0,0,0,0
202011,472,40900,C,Sacramento-Roseville-Folsom  CA ,528,528,138193,6,12,1252,3,12,2051,2,164,27436,516,516,133934,6,12,1252,3,12,2051,1,159,26152
202011,474,13020, ,Bay City  MI ,2,2,470,0,0,0,0,0,0,0,0,0,0,0,0,0,0,0,0,0,0,0,0,0
202011,474,33220, ,Midland  MI ,3,3,423,0,0,0,0,0,0,0,0,0,0,0,0,0,0,0,0,0,0,0,0,0
202011,474,40980, ,Saginaw  MI ,1,1,110,0,0,0,0,0,0,0,0,0,1,1,110,0,0,0,0,0,0,0,0,0
202011,476,41180, ,St. Louis  MO-IL ,418,418,132247,3,6,1220,0,0,0,22,496,72458,322,322,98910,3,6,1220,0,0,0,18,449,67734
202011,480,41540, ,Salisbury  MD-DE ,315,315,49878,11,22,2101,0,0,0,0,0,0,314,314,49760,11,22,2101,0,0,0,0,0,0
202011,482,36260, ,Ogden-Clearfield  UT ,374,374,91261,0,0,0,2,8,1566,4,20,2452,329,329,79538,0,0,0,0,0,0,0,0,0
202011,482,39340, ,Provo-Orem  UT ,543,543,162660,2,4,862,14,56,5128,6,66,7498,537,537,159166,2,4,862,14,56,5128,6,66,7498
202011,482,41620, ,Salt Lake City  UT ,474,474,123757,17,34,3501,4,14,2481,7,612,42005,387,387,102233,14,28,2707,2,7,1246,6,590,39087
202011,484,41700,C,San Antonio-New Braunfels  TX ,870,870,195655,10,20,1922,0,0,0,11,344,27007,758,758,175087,10,20,1922,0,0,0,10,339,25942
202011,488,32900, ,Merced  CA ,10,10,2561,0,0,0,0,0,0,0,0,0,4,4,1251,0,0,0,0,0,0,0,0,0
202011,488,33700, ,Modesto  CA ,2,2,561,0,0,0,0,0,0,0,0,0,2,2,561,0,0,0,0,0,0,0,0,0
202011,488,41860,C,San Francisco-Oakland-Berkeley  CA ,295,295,102707,0,0,0,3,11,3909,32,648,100246,226,226,77431,0,0,0,2,8,3052,24,564,83326
202011,488,41940,C,San Jose-Sunnyvale-Santa Clara  CA ,202,202,80976,6,12,2857,3,11,2246,5,207,16474,131,131,53549,4,8,1672,2,7,1186,2,140,3015
202011,488,42100, ,Santa Cruz-Watsonville  CA ,11,11,2369,0,0,0,1,4,459,1,7,712,0,0,0,0,0,0,0,0,0,0,0,0
202011,488,42220, ,Santa Rosa-Petaluma  CA ,113,113,29981,0,0,0,0,0,0,0,0,0,96,96,26266,0,0,0,0,0,0,0,0,0
202011,488,44700, ,Stockton  CA ,162,162,47717,0,0,0,1,4,272,1,12,1538,81,81,20861,0,0,0,0,0,0,0,0,0
202011,488,46700, ,Vallejo  CA ,61,61,16730,0,0,0,0,0,0,0,0,0,61,61,16730,0,0,0,0,0,0,0,0,0
202011,496,25980, ,Hinesville  GA ,27,27,6276,0,0,0,0,0,0,0,0,0,22,22,5376,0,0,0,0,0,0,0,0,0
202011,496,42340, ,Savannah  GA ,163,163,42918,0,0,0,0,0,0,0,0,0,117,117,32531,0,0,0,0,0,0,0,0,0
202011,500,14740,C,Bremerton-Silverdale-Port Orchard  WA ,56,56,17886,4,8,1377,0,0,0,0,0,0,56,56,17886,4,8,1377,0,0,0,0,0,0
202011,500,34580, ,Mount Vernon-Anacortes  WA ,6,6,2749,0,0,0,0,0,0,0,0,0,6,6,2749,0,0,0,0,0,0,0,0,0
202011,500,36500, ,Olympia-Lacey-Tumwater  WA ,36,36,9547,2,4,724,0,0,0,7,115,11991,29,29,8058,2,4,724,0,0,0,6,110,11779
202011,500,42660,C,Seattle-Tacoma-Bellevue  WA ,610,610,213414,32,64,12843,17,57,10144,44,1028,139829,486,486,165099,29,58,11382,16,54,9494,36,832,118407
202011,508,43340,C,Shreveport-Bossier City  LA ,84,84,18818,0,0,0,0,0,0,0,0,0,47,47,12004,0,0,0,0,0,0,0,0,0
202011,515,21140, ,Elkhart-Goshen  IN ,11,11,2946,0,0,0,0,0,0,0,0,0,11,11,2946,0,0,0,0,0,0,0,0,0
202011,515,35660, ,Niles  MI ,2,2,598,0,0,0,0,0,0,0,0,0,0,0,0,0,0,0,0,0,0,0,0,0
202011,515,43780, ,South Bend-Mishawaka  IN-MI ,18,18,4846,0,0,0,0,0,0,0,0,0,18,18,4846,0,0,0,0,0,0,0,0,0
202011,518,17660, ,Coeur dAlene  ID ,119,119,31485,1,2,422,0,0,0,6,139,15914,94,94,25812,0,0,0,0,0,0,5,120,13785
202011,518,44060, ,Spokane-Spokane Valley  WA ,154,154,35646,11,22,3764,6,21,3036,4,28,3851,124,124,27715,9,18,3316,6,21,3036,3,20,2945
202011,522,44100, ,Springfield  IL ,7,7,2250,0,0,0,0,0,0,0,0,0,7,7,2250,0,0,0,0,0,0,0,0,0
202011,524,44300, ,State College  PA ,8,8,2665,0,0,0,0,0,0,0,0,0,5,5,2126,0,0,0,0,0,0,0,0,0
202011,532,45060, ,Syracuse  NY ,23,23,5338,0,0,0,0,0,0,0,0,0,23,23,5338,0,0,0,0,0,0,0,0,0
202011,534,45780, ,Toledo  OH ,57,57,15348,1,2,600,1,3,213,5,59,3604,27,27,7489,1,2,600,0,0,0,3,18,1350
202011,536,46060,C,Tucson  AZ ,342,342,105306,5,10,1834,0,0,0,4,55,8264,253,253,82476,2,4,1123,0,0,0,0,0,0
202011,538,46140,C,Tulsa  OK ,336,336,75749,0,0,0,0,0,0,2,98,8777,308,308,68419,0,0,0,0,0,0,1,93,8392
202011,540,46340, ,Tyler  TX ,36,36,8393,0,0,0,0,0,0,0,0,0,36,36,8393,0,0,0,0,0,0,0,0,0
202011,545,47260, ,Virginia Beach-Norfolk-Newport News  VA-NC ,403,403,84208,0,0,0,1,4,600,4,197,18545,359,359,77916,0,0,0,1,4,600,4,197,18545
202011,548,12580,C,Baltimore-Columbia-Towson  MD ,376,376,87644,0,0,0,1,3,463,8,332,50831,356,356,84051,0,0,0,0,0,0,5,287,43300
202011,548,15680,C,California-Lexington Park  MD ,65,65,15275,0,0,0,0,0,0,1,7,1254,12,12,4209,0,0,0,0,0,0,0,0,0
202011,548,16540,C,Chambersburg-Waynesboro  PA ,18,18,3841,6,12,1200,0,0,0,0,0,0,17,17,3579,6,12,1200,0,0,0,0,0,0
202011,548,25180, ,Hagerstown-Martinsburg  MD-WV ,124,124,26539,0,0,0,0,0,0,0,0,0,118,118,25448,0,0,0,0,0,0,0,0,0
202011,548,47900, ,Washington-Arlington-Alexandria  DC-VA-MD-WV ,1058,1058,206129,0,0,0,3,12,1570,18,743,90439,971,971,183838,0,0,0,3,12,1570,16,698,85146
202011,548,49020, ,Winchester  VA-WV ,54,54,12236,0,0,0,0,0,0,0,0,0,54,54,12236,0,0,0,0,0,0,0,0,0
202011,554,48140, ,Wausau-Weston  WI ,14,14,2876,0,0,0,0,0,0,0,0,0,2,2,573,0,0,0,0,0,0,0,0,0
202011,556,48620, ,Wichita  KS ,72,72,20916,4,8,1190,0,0,0,0,0,0,72,72,20916,4,8,1190,0,0,0,0,0,0
202011,558,48700, ,Williamsport  PA ,0,0,0,0,0,0,0,0,0,0,0,0,0,0,0,0,0,0,0,0,0,0,0,0
202011,566,49660, ,Youngstown-Warren-Boardman  OH-PA ,23,23,4771,0,0,0,1,3,381,0,0,0,23,23,4771,0,0,0,1,3,381,0,0,0
202011,999,10180, ,Abilene  TX ,29,29,6063,3,6,563,0,0,0,0,0,0,29,29,6063,3,6,563,0,0,0,0,0,0
202011,999,10500, ,Albany  GA ,11,11,1436,0,0,0,0,0,0,1,16,2388,9,9,1025,0,0,0,0,0,0,0,0,0
202011,999,10780, ,Alexandria  LA ,15,15,3516,0,0,0,0,0,0,0,0,0,8,8,1670,0,0,0,0,0,0,0,0,0
202011,999,10900, ,Allentown-Bethlehem-Easton  PA-NJ ,52,52,11255,1,2,782,0,0,0,1,6,580,43,43,9849,0,0,0,0,0,0,0,0,0
202011,999,11260,C,Anchorage  AK ,77,77,23836,1,2,346,2,6,1042,2,12,1897,2,2,372,1,2,346,0,0,0,0,0,0
202011,999,11500, ,Anniston-Oxford  AL ,5,5,790,0,0,0,0,0,0,0,0,0,5,5,790,0,0,0,0,0,0,0,0,0
202011,999,12260, ,Augusta-Richmond County  GA-SC ,207,207,41911,0,0,0,2,8,599,1,5,287,89,89,20168,0,0,0,2,8,599,0,0,0
202011,999,12420, ,Austin-Round Rock-Georgetown  TX ,1974,1974,412144,13,26,1454,0,0,0,38,1587,387998,1654,1654,341876,11,22,1096,0,0,0,38,1587,387998
202011,999,12540, ,Bakersfield  CA ,150,150,38744,2,4,380,0,0,0,0,0,0,24,24,3842,1,2,145,0,0,0,0,0,0
202011,999,12620, ,Bangor  ME ,9,9,2320,1,2,280,0,0,0,0,0,0,6,6,1475,1,2,280,0,0,0,0,0,0
202011,999,12940, ,Baton Rouge  LA ,291,291,64768,0,0,0,0,0,0,0,0,0,178,178,46116,0,0,0,0,0,0,0,0,0
202011,999,13140, ,Beaumont-Port Arthur  TX ,53,53,10951,0,0,0,0,0,0,0,0,0,43,43,9206,0,0,0,0,0,0,0,0,0
202011,999,13220,C,Beckley  WV ,2,2,122,0,0,0,0,0,0,0,0,0,2,2,122,0,0,0,0,0,0,0,0,0
202011,999,13380, ,Bellingham  WA ,40,40,10699,2,4,666,2,7,1154,0,0,0,30,30,8154,2,4,666,1,4,606,0,0,0
202011,999,13740, ,Billings  MT ,21,21,5751,8,16,3453,0,0,0,0,0,0,21,21,5751,8,16,3453,0,0,0,0,0,0
202011,999,13780, ,Binghamton  NY ,0,0,0,0,0,0,0,0,0,0,0,0,0,0,0,0,0,0,0,0,0,0,0,0
202011,999,13900, ,Bismarck  ND ,16,16,4212,4,8,889,0,0,0,0,0,0,16,16,4212,4,8,889,0,0,0,0,0,0
202011,999,13980, ,Blacksburg-Christiansburg  VA ,4,4,2098,0,0,0,0,0,0,1,12,1500,4,4,2098,0,0,0,0,0,0,1,12,1500
202011,999,15260, ,Brunswick  GA ,38,38,11532,2,4,500,1,3,201,0,0,0,38,38,11532,2,4,500,1,3,201,0,0,0
202011,999,16220,C,Casper  WY ,14,14,4655,0,0,0,0,0,0,0,0,0,14,14,4655,0,0,0,0,0,0,0,0,0
202011,999,16580, ,Champaign-Urbana  IL ,8,8,1913,0,0,0,0,0,0,1,71,9097,2,2,338,0,0,0,0,0,0,0,0,0
202011,999,16700,C,Charleston-North Charleston  SC ,505,505,134237,0,0,0,1,3,238,14,344,35875,219,219,61885,0,0,0,0,0,0,9,216,28314
202011,999,16820, ,Charlottesville  VA ,68,68,20679,1,2,380,0,0,0,1,19,1836,0,0,0,0,0,0,0,0,0,0,0,0
202011,999,16940, ,Cheyenne  WY ,40,40,7793,0,0,0,0,0,0,0,0,0,40,40,7793,0,0,0,0,0,0,0,0,0
202011,999,17020, ,Chico  CA ,18,18,3324,0,0,0,0,0,0,0,0,0,18,18,3324,0,0,0,0,0,0,0,0,0
202011,999,17300,C,Clarksville  TN-KY ,224,224,30523,3,6,378,2,7,525,1,8,542,6,6,1055,2,4,250,0,0,0,0,0,0
202011,999,17780, ,College Station-Bryan  TX ,144,144,27379,1,2,238,0,0,0,0,0,0,144,144,27379,1,2,238,0,0,0,0,0,0
202011,999,17820,C,Colorado Springs  CO ,462,462,164090,0,0,0,0,0,0,7,523,71676,462,462,164090,0,0,0,0,0,0,7,523,71676
202011,999,18880,C,Crestview-Fort Walton Beach-Destin  FL ,215,215,80911,1,2,350,3,12,1867,0,0,0,212,212,79033,0,0,0,3,12,1867,0,0,0
202011,999,19060, ,Cumberland  MD-WV ,1,1,325,0,0,0,0,0,0,0,0,0,1,1,325,0,0,0,0,0,0,0,0,0
202011,999,19180, ,Danville  IL ,0,0,0,0,0,0,0,0,0,0,0,0,0,0,0,0,0,0,0,0,0,0,0,0
202011,999,19500, ,Decatur  IL ,0,0,0,0,0,0,0,0,0,0,0,0,0,0,0,0,0,0,0,0,0,0,0,0
202011,999,20220, ,Dubuque  IA ,4,4,1323,0,0,0,0,0,0,0,0,0,2,2,755,0,0,0,0,0,0,0,0,0
202011,999,20260, ,Duluth  MN-WI ,1,1,300,0,0,0,0,0,0,0,0,0,1,1,300,0,0,0,0,0,0,0,0,0
202011,999,20940, ,El Centro  CA ,1,1,151,0,0,0,1,4,300,2,56,4720,1,1,151,0,0,0,1,4,300,2,56,4720
202011,999,21420, ,Enid  OK ,0,0,0,0,0,0,0,0,0,0,0,0,0,0,0,0,0,0,0,0,0,0,0,0
202011,999,21660, ,Eugene-Springfield  OR ,66,66,17273,1,2,221,0,0,0,1,9,1377,43,43,11530,1,2,221,0,0,0,1,9,1377
202011,999,21780, ,Evansville  IN-KY ,76,76,22089,2,4,200,0,0,0,0,0,0,64,64,19793,2,4,200,0,0,0,0,0,0
202011,999,21820,C,Fairbanks  AK ,0,0,0,0,0,0,0,0,0,0,0,0,0,0,0,0,0,0,0,0,0,0,0,0
202011,999,22140,C,Farmington  NM ,10,10,2135,0,0,0,0,0,0,0,0,0,10,10,2135,0,0,0,0,0,0,0,0,0
202011,999,22220, ,Fayetteville-Springdale-Rogers  AR-MO ,388,388,94807,16,32,5179,5,15,2514,18,457,59505,268,268,64693,14,28,4176,5,15,2514,12,331,49191
202011,999,22380, ,Flagstaff  AZ ,37,37,7278,0,0,0,0,0,0,0,0,0,37,37,7278,0,0,0,0,0,0,0,0,0
202011,999,22500, ,Florence  SC ,53,53,7152,0,0,0,0,0,0,2,27,2629,0,0,0,0,0,0,0,0,0,0,0,0
202011,999,22520, ,Florence-Muscle Shoals  AL ,18,18,2251,0,0,0,0,0,0,0,0,0,5,5,714,0,0,0,0,0,0,0,0,0
202011,999,22540, ,Fond du Lac  WI ,2,2,1089,0,0,0,0,0,0,0,0,0,2,2,1089,0,0,0,0,0,0,0,0,0
202011,999,22660,C,Fort Collins  CO ,153,153,46890,0,0,0,1,4,692,3,26,3140,153,153,46890,0,0,0,1,4,692,3,26,3140
202011,999,22900, ,Fort Smith  AR-OK ,22,22,4020,5,10,870,0,0,0,0,0,0,17,17,3510,4,8,700,0,0,0,0,0,0
202011,999,23460, ,Gadsden  AL ,1,1,129,0,0,0,0,0,0,0,0,0,1,1,129,0,0,0,0,0,0,0,0,0
202011,999,24220, ,Grand Forks  ND-MN ,11,11,2797,0,0,0,0,0,0,0,0,0,11,11,2797,0,0,0,0,0,0,0,0,0
202011,999,24260, ,Grand Island  NE ,2,2,521,31,62,9756,0,0,0,1,5,673,2,2,521,31,62,9756,0,0,0,1,5,673
202011,999,24300,C,Grand Junction  CO ,64,64,10567,0,0,0,0,0,0,0,0,0,64,64,10567,0,0,0,0,0,0,0,0,0
202011,999,24500,C,Great Falls  MT ,7,7,2150,0,0,0,0,0,0,0,0,0,7,7,2150,0,0,0,0,0,0,0,0,0
202011,999,25060, ,Gulfport-Biloxi  MS ,170,170,35039,0,0,0,0,0,0,1,8,677,78,78,20229,0,0,0,0,0,0,0,0,0
202011,999,25860, ,Hickory-Lenoir-Morganton  NC ,1,1,151,0,0,0,0,0,0,2,10,557,0,0,0,0,0,0,0,0,0,0,0,0
202011,999,25940, ,Hilton Head Island-Bluffton  SC ,79,79,26019,0,0,0,0,0,0,0,0,0,3,3,524,0,0,0,0,0,0,0,0,0
202011,999,26140, ,Homosassa Springs  FL ,66,66,13606,0,0,0,0,0,0,1,5,432,0,0,0,0,0,0,0,0,0,0,0,0
202011,999,26380, ,Houma-Thibodaux  LA ,39,39,7884,0,0,0,0,0,0,0,0,0,26,26,4339,0,0,0,0,0,0,0,0,0
202011,999,27100, ,Jackson  MI ,1,1,146,0,0,0,0,0,0,0,0,0,0,0,0,0,0,0,0,0,0,0,0,0
202011,999,27340,C,Jacksonville  NC ,90,90,14065,0,0,0,0,0,0,0,0,0,90,90,14065,0,0,0,0,0,0,0,0,0
202011,999,27980,C,Kahului-Wailuku-Lahaina  HI ,27,27,7717,0,0,0,8,32,8000,1,89,36956,27,27,7717,0,0,0,8,32,8000,1,89,36956
202011,999,28660,C,Killeen-Temple  TX ,168,168,32763,16,32,2871,0,0,0,0,0,0,136,136,24892,12,24,2007,0,0,0,0,0,0
202011,999,29100, ,La Crosse-Onalaska  WI-MN ,11,11,2757,3,6,1115,0,0,0,0,0,0,11,11,2757,3,6,1115,0,0,0,0,0,0
202011,999,29420, ,Lake Havasu City-Kingman  AZ ,87,87,17626,4,8,980,1,4,360,0,0,0,87,87,17626,4,8,980,1,4,360,0,0,0
202011,999,29540, ,Lancaster  PA ,4,4,719,0,0,0,0,0,0,0,0,0,4,4,719,0,0,0,0,0,0,0,0,0
202011,999,29620, ,Lansing-East Lansing  MI ,12,12,3031,0,0,0,0,0,0,1,5,568,2,2,406,0,0,0,0,0,0,0,0,0
202011,999,29700, ,Laredo  TX ,123,123,25202,4,8,749,0,0,0,2,10,855,0,0,0,0,0,0,0,0,0,0,0,0
202011,999,30020, ,Lawton  OK ,5,5,1781,0,0,0,0,0,0,0,0,0,5,5,1781,0,0,0,0,0,0,0,0,0
202011,999,30300, ,Lewiston  ID-WA ,0,0,0,0,0,0,0,0,0,1,5,404,0,0,0,0,0,0,0,0,0,0,0,0
202011,999,30860, ,Logan  UT-ID ,37,37,9138,0,0,0,0,0,0,0,0,0,37,37,9138,0,0,0,0,0,0,0,0,0
202011,999,30980, ,Longview  TX ,7,7,1464,0,0,0,0,0,0,0,0,0,7,7,1464,0,0,0,0,0,0,0,0,0
202011,999,31340, ,Lynchburg  VA ,11,11,2038,0,0,0,0,0,0,0,0,0,11,11,2038,0,0,0,0,0,0,0,0,0
202011,999,31740, ,Manhattan  KS ,22,22,6720,0,0,0,0,0,0,0,0,0,20,20,6200,0,0,0,0,0,0,0,0,0
202011,999,33540,C,Missoula  MT ,28,28,6192,1,2,111,0,0,0,0,0,0,28,28,6192,1,2,111,0,0,0,0,0,0
202011,999,36100, ,Ocala  FL ,287,287,59951,1,2,155,0,0,0,0,0,0,287,287,59951,1,2,155,0,0,0,0,0,0
202011,999,36980, ,Owensboro  KY ,27,27,2928,0,0,0,0,0,0,0,0,0,27,27,2928,0,0,0,0,0,0,0,0,0
202011,999,37340, ,Palm Bay-Melbourne-Titusville  FL ,229,229,73501,5,10,1308,0,0,0,7,393,40590,229,229,73501,5,10,1308,0,0,0,7,393,40590
202011,999,37460, ,Panama City  FL ,70,70,18675,0,0,0,0,0,0,6,30,909,8,8,2728,0,0,0,0,0,0,0,0,0
202011,999,37900, ,Peoria  IL ,3,3,1065,0,0,0,0,0,0,0,0,0,0,0,0,0,0,0,0,0,0,0,0,0
202011,999,38340, ,Pittsfield  MA ,1,1,308,0,0,0,0,0,0,0,0,0,0,0,0,0,0,0,0,0,0,0,0,0
202011,999,38540, ,Pocatello  ID ,29,29,5655,1,2,150,1,3,174,0,0,0,20,20,4758,1,2,150,0,0,0,0,0,0
202011,999,39150, ,Prescott Valley-Prescott  AZ ,109,109,32356,8,16,1953,0,0,0,0,0,0,109,109,32356,8,16,1953,0,0,0,0,0,0
202011,999,40060, ,Richmond  VA ,486,486,93571,5,10,688,0,0,0,8,139,13749,467,467,90748,5,10,688,0,0,0,7,134,13319
202011,999,41100, ,St. George  UT ,222,222,47083,0,0,0,0,0,0,0,0,0,221,221,47028,0,0,0,0,0,0,0,0,0
202011,999,41500, ,Salinas  CA ,17,17,5098,0,0,0,1,3,942,1,5,1360,4,4,273,0,0,0,0,0,0,0,0,0
202011,999,41660,C,San Angelo  TX ,84,84,17562,0,0,0,0,0,0,0,0,0,84,84,17562,0,0,0,0,0,0,0,0,0
202011,999,41740,C,San Diego-Chula Vista-Carlsbad  CA ,136,136,35123,3,6,1834,6,19,3920,23,469,71176,133,133,34452,3,6,1834,6,19,3920,20,441,68274
202011,999,42020, ,San Luis Obispo-Paso Robles  CA ,39,39,11894,0,0,0,0,0,0,0,0,0,39,39,11894,0,0,0,0,0,0,0,0,0
202011,999,42200, ,Santa Maria-Santa Barbara  CA ,11,11,2565,0,0,0,0,0,0,0,0,0,11,11,2565,0,0,0,0,0,0,0,0,0
202011,999,42540, ,Scranton--Wilkes-Barre  PA ,2,2,444,0,0,0,0,0,0,0,0,0,1,1,170,0,0,0,0,0,0,0,0,0
202011,999,43100, ,Sheboygan  WI ,0,0,0,0,0,0,0,0,0,0,0,0,0,0,0,0,0,0,0,0,0,0,0,0
202011,999,43420, ,Sierra Vista-Douglas  AZ ,31,31,5429,0,0,0,0,0,0,0,0,0,30,30,5355,0,0,0,0,0,0,0,0,0
202011,999,43580, ,Sioux City  IA-NE-SD ,11,11,3011,0,0,0,0,0,0,0,0,0,2,2,450,0,0,0,0,0,0,0,0,0
202011,999,43620, ,Sioux Falls  SD ,131,131,27681,1,2,322,3,12,1692,20,551,52509,130,130,27546,1,2,322,3,12,1692,20,551,52509
202011,999,44140, ,Springfield  MA ,2,2,510,0,0,0,0,0,0,0,0,0,0,0,0,0,0,0,0,0,0,0,0,0
202011,999,44180, ,Springfield  MO ,53,53,16541,1,2,251,0,0,0,0,0,0,44,44,14851,0,0,0,0,0,0,0,0,0
202011,999,44940, ,Sumter  SC ,26,26,3204,0,0,0,0,0,0,0,0,0,26,26,3204,0,0,0,0,0,0,0,0,0
202011,999,45220, ,Tallahassee  FL ,99,99,17667,1,2,222,0,0,0,4,89,11435,35,35,4982,0,0,0,0,0,0,0,0,0
202011,999,45300,C,Tampa-St. Petersburg-Clearwater  FL ,1393,1393,384069,1,2,382,1,3,1200,2,124,19575,1377,1377,380703,1,2,382,1,3,1200,1,119,19075
202011,999,45460, ,Terre Haute  IN ,5,5,1079,1,2,208,0,0,0,0,0,0,3,3,635,0,0,0,0,0,0,0,0,0
202011,999,45500, ,Texarkana  TX-AR ,3,3,628,0,0,0,0,0,0,0,0,0,0,0,0,0,0,0,0,0,0,0,0,0
202011,999,45820, ,Topeka  KS ,17,17,5972,0,0,0,0,0,0,2,18,1235,17,17,5972,0,0,0,0,0,0,2,18,1235
202011,999,46220, ,Tuscaloosa  AL ,45,45,11358,1,2,475,3,12,769,1,46,8449,14,14,4162,0,0,0,0,0,0,0,0,0
202011,999,46300, ,Twin Falls  ID ,71,71,12715,3,6,923,0,0,0,0,0,0,71,71,12715,3,6,923,0,0,0,0,0,0
202011,999,46520,C,Urban Honolulu  HI ,81,81,33227,0,0,0,1,4,2598,4,95,17791,0,0,0,0,0,0,0,0,0,0,0,0
202011,999,46540, ,Utica-Rome  NY ,2,2,765,0,0,0,0,0,0,0,0,0,2,2,765,0,0,0,0,0,0,0,0,0
202011,999,46660, ,Valdosta  GA ,73,73,13672,0,0,0,0,0,0,0,0,0,22,22,5069,0,0,0,0,0,0,0,0,0
202011,999,47300, ,Visalia  CA ,79,79,19770,0,0,0,0,0,0,0,0,0,79,79,19770,0,0,0,0,0,0,0,0,0
202011,999,47380, ,Waco  TX ,39,39,8154,6,12,1126,0,0,0,0,0,0,39,39,8154,6,12,1126,0,0,0,0,0,0
202011,999,47940, ,Waterloo-Cedar Falls  IA ,8,8,2541,0,0,0,0,0,0,0,0,0,8,8,2541,0,0,0,0,0,0,0,0,0
202011,999,48060, ,Watertown-Fort Drum  NY ,13,13,1618,0,0,0,0,0,0,0,0,0,0,0,0,0,0,0,0,0,0,0,0,0
202011,999,48300, ,Wenatchee  WA ,43,43,9619,0,0,0,0,0,0,0,0,0,19,19,5342,0,0,0,0,0,0,0,0,0
202011,999,48540, ,Wheeling  WV-OH ,0,0,0,0,0,0,0,0,0,0,0,0,0,0,0,0,0,0,0,0,0,0,0,0
202011,999,48660, ,Wichita Falls  TX ,5,5,176,0,0,0,0,0,0,0,0,0,5,5,176,0,0,0,0,0,0,0,0,0
202011,999,48900, ,Wilmington  NC ,131,131,44201,3,6,1583,0,0,0,6,320,31322,130,130,43878,3,6,1583,0,0,0,6,320,31322
202011,999,49420, ,Yakima  WA ,36,36,9435,3,6,947,1,3,247,2,25,2068,23,23,7011,0,0,0,0,0,0,0,0,0
202011,999,49740, ,Yuma  AZ ,84,84,14933,10,20,4765,0,0,0,0,0,0,54,54,10457,10,20,4765,0,0,0,0,0,0
