Survey,CSA,CBSA,MONCOV,CBSA,,1-unit,,,2-units,,,3-4 units,,,5+ units,,,1-unit rep,,,2-units rep,,,3-4 units rep,,,5+ units rep
Date,Code,Code,,Name,Bldgs,Units,Value,Bldgs,Units,Value,Bldgs,Units,Value,Bldgs,Units,Value,Bldgs,Units,Value,Bldgs,Units,Value,      Bldgs,Units,Value,Bldgs,Units,Value
 
202010,104,10580,C,Albany-Schenectady-Troy  NY ,133,133,36689,1,2,220,1,4,1020,1,6,239,109,109,29714,1,2,220,1,4,1020,0,0,0
202010,104,24020, ,Glens Falls  NY ,23,23,5997,0,0,0,0,0,0,1,72,17000,15,15,4015,0,0,0,0,0,0,1,72,17000
202010,106,10740,C,Albuquerque  NM ,174,174,43997,0,0,0,1,3,324,1,5,208,101,101,27812,0,0,0,0,0,0,0,0,0
202010,106,42140,C,Santa Fe  NM ,22,22,6504,0,0,0,0,0,0,0,0,0,22,22,6504,0,0,0,0,0,0,0,0,0
202010,107,11020, ,Altoona  PA ,0,0,0,0,0,0,0,0,0,0,0,0,0,0,0,0,0,0,0,0,0,0,0,0
202010,108,11100, ,Amarillo  TX ,51,51,11890,0,0,0,0,0,0,0,0,0,51,51,11890,0,0,0,0,0,0,0,0,0
202010,118,11540, ,Appleton  WI ,33,33,10313,4,8,1593,0,0,0,12,140,14000,33,33,10313,4,8,1593,0,0,0,12,140,14000
202010,118,36780, ,Oshkosh-Neenah  WI ,18,18,4383,0,0,0,0,0,0,4,23,1840,18,18,4383,0,0,0,0,0,0,4,23,1840
202010,120,11700, ,Asheville  NC ,231,231,71250,0,0,0,0,0,0,3,43,4102,83,83,26690,0,0,0,0,0,0,0,0,0
202010,122,12020, ,Athens-Clarke County  GA ,36,36,15013,0,0,0,0,0,0,0,0,0,36,36,15013,0,0,0,0,0,0,0,0,0
202010,122,12060, ,Atlanta-Sandy Springs-Alpharetta  GA ,2928,2928,677334,0,0,0,5,18,3057,15,306,48538,2638,2638,616461,0,0,0,5,18,3057,12,267,43186
202010,122,23580, ,Gainesville  GA ,77,77,17364,0,0,0,0,0,0,3,81,8479,15,15,2521,0,0,0,0,0,0,3,81,8479
202010,122,40660,C,Rome  GA ,33,33,4347,0,0,0,0,0,0,0,0,0,33,33,4347,0,0,0,0,0,0,0,0,0
202010,140,13460,C,Bend  OR ,181,181,50705,19,38,5288,1,4,773,6,132,19361,181,181,50705,19,38,5288,1,4,773,6,132,19361
202010,142,13820,C,Birmingham-Hoover  AL ,392,392,109191,1,2,247,0,0,0,1,6,605,223,223,59491,0,0,0,0,0,0,0,0,0
202010,144,14020,C,Bloomington  IN ,31,31,8588,1,2,301,0,0,0,0,0,0,27,27,7518,1,2,301,0,0,0,0,0,0
202010,145,14010, ,Bloomington  IL ,30,30,6493,0,0,0,0,0,0,3,20,1610,30,30,6493,0,0,0,0,0,0,3,20,1610
202010,146,14100,C,Bloomsburg-Berwick  PA ,9,9,2334,0,0,0,0,0,0,0,0,0,6,6,1400,0,0,0,0,0,0,0,0,0
202010,147,14260,C,Boise City  ID ,773,773,184544,10,20,3940,3,11,790,3,47,4219,626,626,162460,9,18,3816,1,4,270,1,12,1350
202010,148,12700, ,Barnstable Town  MA ,10,10,2847,0,0,0,0,0,0,0,0,0,8,8,1390,0,0,0,0,0,0,0,0,0
202010,148,14460,C,Boston-Cambridge-Newton  MA-NH ,424,424,131701,21,42,8327,9,29,6826,49,428,60974,188,188,61582,7,14,2329,6,19,5050,5,79,25364
202010,148,31700, ,Manchester-Nashua  NH ,26,26,6715,1,2,100,0,0,0,0,0,0,9,9,3520,1,2,100,0,0,0,0,0,0
202010,148,39300,C,Providence-Warwick  RI-MA ,139,139,34273,14,28,2065,2,7,470,3,16,1926,74,74,19384,10,20,1653,1,3,240,1,6,780
202010,148,49340, ,Worcester  MA-CT ,29,29,6417,0,0,0,0,0,0,0,0,0,21,21,4501,0,0,0,0,0,0,0,0,0
202010,150,14540, ,Bowling Green  KY ,55,55,12106,0,0,0,0,0,0,4,32,1925,55,55,12106,0,0,0,0,0,0,4,32,1925
202010,154,15180, ,Brownsville-Harlingen  TX ,93,93,9208,6,12,551,1,3,392,3,48,5753,60,60,5802,5,10,428,1,3,392,3,48,5753
202010,160,15380,C,Buffalo-Cheektowaga  NY ,75,75,27147,2,4,600,1,4,952,9,89,8683,63,63,24211,2,4,600,1,4,952,8,72,4872
202010,162,15540, ,Burlington-South Burlington  VT ,25,25,7696,2,4,650,0,0,0,1,5,372,16,16,5421,0,0,0,0,0,0,0,0,0
202010,163,15980,C,Cape Coral-Fort Myers  FL ,679,679,141856,26,52,5684,1,4,1314,1,6,752,679,679,141856,26,52,5684,1,4,1314,1,6,752
202010,163,34940, ,Naples-Marco Island  FL ,351,351,76182,0,0,0,0,0,0,1,8,1200,351,351,76182,0,0,0,0,0,0,1,8,1200
202010,164,16020, ,Cape Girardeau  MO-IL ,0,0,0,0,0,0,0,0,0,0,0,0,0,0,0,0,0,0,0,0,0,0,0,0
202010,168,16300, ,Cedar Rapids  IA ,48,48,7046,1,2,200,0,0,0,0,0,0,48,48,7046,1,2,200,0,0,0,0,0,0
202010,168,26980, ,Iowa City  IA ,36,36,9442,0,0,0,1,4,808,1,32,3800,34,34,9167,0,0,0,1,4,808,1,32,3800
202010,170,16620, ,Charleston  WV ,23,23,1878,0,0,0,0,0,0,0,0,0,18,18,1753,0,0,0,0,0,0,0,0,0
202010,170,26580, ,Huntington-Ashland  WV-KY-OH ,24,24,4338,0,0,0,0,0,0,0,0,0,11,11,1546,0,0,0,0,0,0,0,0,0
202010,172,16740, ,Charlotte-Concord-Gastonia  NC-SC ,1631,1631,430667,3,6,395,1,3,524,24,683,74186,1392,1392,349880,3,6,395,0,0,0,22,660,70686
202010,174,16860, ,Chattanooga  TN-GA ,163,163,33949,8,16,1128,1,3,174,2,37,3662,115,115,23372,3,6,418,0,0,0,0,0,0
202010,174,17420, ,Cleveland  TN ,24,24,4109,1,2,191,1,4,279,1,5,420,5,5,1166,0,0,0,0,0,0,0,0,0
202010,176,16980, ,Chicago-Naperville-Elgin  IL-IN-WI ,903,903,254833,11,22,3891,7,22,4918,31,517,69922,756,756,211325,9,18,3096,7,22,4918,23,457,63464
202010,176,28100, ,Kankakee  IL ,5,5,1478,0,0,0,0,0,0,0,0,0,5,5,1478,0,0,0,0,0,0,0,0,0
202010,176,33140, ,Michigan City-La Porte  IN ,13,13,3195,0,0,0,0,0,0,0,0,0,0,0,0,0,0,0,0,0,0,0,0,0
202010,178,17140, ,Cincinnati  OH-KY-IN ,524,524,140130,1,2,415,0,0,0,24,265,24726,374,374,104556,1,2,415,0,0,0,23,260,24182
202010,184,10420, ,Akron  OH ,53,53,30387,0,0,0,0,0,0,0,0,0,10,10,3286,0,0,0,0,0,0,0,0,0
202010,184,15940, ,Canton-Massillon  OH ,45,45,12736,0,0,0,1,3,154,1,5,384,39,39,12036,0,0,0,0,0,0,0,0,0
202010,184,17460, ,Cleveland-Elyria  OH ,245,245,71778,1,2,11,4,12,1418,1,45,7871,174,174,53733,0,0,0,3,9,1245,1,45,7871
202010,190,17860, ,Columbia  MO ,82,82,22503,2,4,400,0,0,0,4,110,19501,81,81,22268,2,4,400,0,0,0,4,110,19501
202010,192,17900,C,Columbia  SC ,470,470,107225,0,0,0,0,0,0,2,13,2077,238,238,48432,0,0,0,0,0,0,0,0,0
202010,194,12220,C,Auburn-Opelika  AL ,113,113,34771,0,0,0,0,0,0,0,0,0,78,78,26560,0,0,0,0,0,0,0,0,0
202010,194,17980, ,Columbus  GA-AL ,59,59,11173,0,0,0,0,0,0,1,25,3549,26,26,4948,0,0,0,0,0,0,0,0,0
202010,198,18140, ,Columbus  OH ,586,586,169482,6,12,2500,0,0,0,44,1128,98073,495,495,142895,5,10,2000,0,0,0,41,1112,96704
202010,204,18580, ,Corpus Christi  TX ,127,127,35735,0,0,0,0,0,0,0,0,0,0,0,0,0,0,0,0,0,0,0,0,0
202010,206,19100, ,Dallas-Fort Worth-Arlington  TX ,4243,4243,1074039,191,382,46357,11,42,3719,16,683,78672,3673,3673,923235,187,374,45390,9,36,3271,10,553,58852
202010,209,19340, ,Davenport-Moline-Rock Island  IA-IL ,25,25,7191,0,0,0,1,4,540,0,0,0,25,25,7191,0,0,0,1,4,540,0,0,0
202010,212,19430, ,Dayton-Kettering  OH ,122,122,43991,0,0,0,0,0,0,0,0,0,85,85,35899,0,0,0,0,0,0,0,0,0
202010,212,44220, ,Springfield  OH ,18,18,4695,0,0,0,0,0,0,0,0,0,18,18,4695,0,0,0,0,0,0,0,0,0
202010,216,14500, ,Boulder  CO ,64,64,29824,1,2,435,0,0,0,3,50,7830,14,14,9306,1,2,435,0,0,0,0,0,0
202010,216,19740,C,Denver-Aurora-Lakewood  CO ,1108,1108,314682,16,32,7774,2,8,1227,17,1050,135822,1043,1043,295408,16,32,7774,2,8,1227,16,1045,134995
202010,216,24540, ,Greeley  CO ,314,314,84094,0,0,0,1,3,698,3,20,2225,129,129,32397,0,0,0,0,0,0,0,0,0
202010,218,11180, ,Ames  IA ,13,13,4267,0,0,0,0,0,0,0,0,0,13,13,4267,0,0,0,0,0,0,0,0,0
202010,218,19780, ,Des Moines-West Des Moines  IA ,474,474,134290,0,0,0,1,4,870,6,112,10584,449,449,126051,0,0,0,1,4,870,4,93,8669
202010,220,11460, ,Ann Arbor  MI ,47,47,13920,0,0,0,1,3,608,0,0,0,33,33,9970,0,0,0,0,0,0,0,0,0
202010,220,19820, ,Detroit-Warren-Dearborn  MI ,623,623,168322,4,8,1101,3,11,1312,19,208,29808,532,532,145385,3,6,823,2,7,994,8,111,14880
202010,220,22420, ,Flint  MI ,31,31,8686,0,0,0,4,13,2689,0,0,0,23,23,6372,0,0,0,0,0,0,0,0,0
202010,220,33780, ,Monroe  MI ,0,0,0,0,0,0,0,0,0,0,0,0,0,0,0,0,0,0,0,0,0,0,0,0
202010,222,20020, ,Dothan  AL ,22,22,6236,0,0,0,0,0,0,0,0,0,22,22,6236,0,0,0,0,0,0,0,0,0
202010,232,20740, ,Eau Claire  WI ,44,44,16368,10,20,3150,0,0,0,9,92,9880,44,44,16368,10,20,3150,0,0,0,9,92,9880
202010,236,21300, ,Elmira  NY ,0,0,0,0,0,0,0,0,0,0,0,0,0,0,0,0,0,0,0,0,0,0,0,0
202010,238,21340,C,El Paso  TX ,269,269,64325,6,12,1657,2,8,970,1,21,2404,59,59,13755,2,4,494,0,0,0,0,0,0
202010,238,29740,C,Las Cruces  NM ,92,92,24232,0,0,0,0,0,0,7,64,4500,61,61,15927,0,0,0,0,0,0,7,64,4500
202010,240,21500, ,Erie  PA ,5,5,1291,0,0,0,0,0,0,0,0,0,5,5,1291,0,0,0,0,0,0,0,0,0
202010,244,22020, ,Fargo  ND-MN ,116,116,33057,0,0,0,0,0,0,1,50,3849,113,113,32116,0,0,0,0,0,0,1,50,3849
202010,246,22180, ,Fayetteville  NC ,141,141,25722,0,0,0,1,4,600,0,0,0,75,75,17677,0,0,0,1,4,600,0,0,0
202010,258,23060,C,Fort Wayne  IN ,149,149,41374,65,130,7392,0,0,0,0,0,0,149,149,41374,65,130,7392,0,0,0,0,0,0
202010,260,23420,C,Fresno  CA ,251,251,81546,3,6,1041,0,0,0,5,27,3375,93,93,31194,0,0,0,0,0,0,0,0,0
202010,260,31460, ,Madera  CA ,59,59,17671,0,0,0,0,0,0,4,52,10470,59,59,17671,0,0,0,0,0,0,4,52,10470
202010,264,23540, ,Gainesville  FL ,72,72,24007,0,0,0,0,0,0,1,68,2315,58,58,22132,0,0,0,0,0,0,0,0,0
202010,266,24340, ,Grand Rapids-Kentwood  MI ,161,161,45654,3,6,1327,0,0,0,4,86,9511,123,123,36367,3,6,1327,0,0,0,3,69,7579
202010,266,34740, ,Muskegon  MI ,5,5,1011,0,0,0,0,0,0,0,0,0,0,0,0,0,0,0,0,0,0,0,0,0
202010,267,24580, ,Green Bay  WI ,77,77,22547,0,0,0,0,0,0,3,30,2712,53,53,15801,0,0,0,0,0,0,2,24,2340
202010,268,15500, ,Burlington  NC ,62,62,11591,0,0,0,0,0,0,0,0,0,62,62,11591,0,0,0,0,0,0,0,0,0
202010,268,24660,C,Greensboro-High Point  NC ,192,192,47498,0,0,0,0,0,0,0,0,0,108,108,19801,0,0,0,0,0,0,0,0,0
202010,268,49180, ,Winston-Salem  NC ,187,187,62426,0,0,0,0,0,0,1,5,197,169,169,58340,0,0,0,0,0,0,0,0,0
202010,272,24780, ,Greenville  NC ,17,17,4506,0,0,0,0,0,0,0,0,0,17,17,4506,0,0,0,0,0,0,0,0,0
202010,273,24860, ,Greenville-Anderson  SC ,564,564,150392,2,4,271,0,0,0,32,393,24995,559,559,149909,2,4,271,0,0,0,32,393,24995
202010,273,43900, ,Spartanburg  SC ,287,287,46962,0,0,0,0,0,0,0,0,0,0,0,0,0,0,0,0,0,0,0,0,0
202010,276,23900,C,Gettysburg  PA ,17,17,4298,0,0,0,0,0,0,0,0,0,17,17,4298,0,0,0,0,0,0,0,0,0
202010,276,25420,C,Harrisburg-Carlisle  PA ,84,84,19370,0,0,0,1,3,771,2,10,574,50,50,12196,0,0,0,0,0,0,1,5,80
202010,276,30140, ,Lebanon  PA ,23,23,4352,0,0,0,0,0,0,0,0,0,0,0,0,0,0,0,0,0,0,0,0,0
202010,276,49620, ,York-Hanover  PA ,6,6,1823,0,0,0,5,18,1634,0,0,0,4,4,1333,0,0,0,5,18,1634,0,0,0
202010,277,25500,C,Harrisonburg  VA ,45,45,12922,0,0,0,0,0,0,0,0,0,45,45,12922,0,0,0,0,0,0,0,0,0
202010,277,44420, ,Staunton  VA ,19,19,4570,0,0,0,0,0,0,0,0,0,19,19,4570,0,0,0,0,0,0,0,0,0
202010,278,25540,C,Hartford-East Hartford-Middletown  CT ,74,74,16822,5,10,899,2,8,1162,4,37,3580,43,43,11311,3,6,479,2,8,1162,1,20,2038
202010,278,35980, ,Norwich-New London  CT ,9,9,1969,0,0,0,0,0,0,0,0,0,4,4,997,0,0,0,0,0,0,0,0,0
202010,279,25620, ,Hattiesburg  MS ,0,0,0,0,0,0,0,0,0,0,0,0,0,0,0,0,0,0,0,0,0,0,0,0
202010,284,26300, ,Hot Springs  AR ,6,6,1650,0,0,0,0,0,0,0,0,0,6,6,1650,0,0,0,0,0,0,0,0,0
202010,288,26420, ,Houston-The Woodlands-Sugar Land  TX ,4492,4492,885455,53,106,8538,4,16,1491,35,1247,197329,3405,3405,760239,53,106,8538,4,16,1491,28,1100,180198
202010,290,19460, ,Decatur  AL ,17,17,3164,0,0,0,0,0,0,0,0,0,17,17,3164,0,0,0,0,0,0,0,0,0
202010,290,26620,C,Huntsville  AL ,388,388,66502,0,0,0,0,0,0,0,0,0,368,368,61763,0,0,0,0,0,0,0,0,0
202010,292,26820, ,Idaho Falls  ID ,69,69,13031,0,0,0,0,0,0,0,0,0,69,69,13031,0,0,0,0,0,0,0,0,0
202010,294,18020, ,Columbus  IN ,15,15,4038,0,0,0,0,0,0,0,0,0,15,15,4038,0,0,0,0,0,0,0,0,0
202010,294,26900, ,Indianapolis-Carmel-Anderson  IN ,816,816,241925,7,14,2351,2,8,1428,2,11,1253,740,740,222292,6,12,1920,2,8,1428,1,6,1150
202010,294,34620, ,Muncie  IN ,9,9,1020,0,0,0,0,0,0,0,0,0,9,9,1020,0,0,0,0,0,0,0,0,0
202010,296,27060, ,Ithaca  NY ,2,2,579,1,2,237,0,0,0,1,5,600,0,0,0,0,0,0,0,0,0,0,0,0
202010,297,27180, ,Jackson  TN ,18,18,3943,0,0,0,0,0,0,0,0,0,0,0,0,0,0,0,0,0,0,0,0,0
202010,298,27140, ,Jackson  MS ,107,107,29428,0,0,0,0,0,0,1,19,2098,72,72,19640,0,0,0,0,0,0,0,0,0
202010,300,27260,C,Jacksonville  FL ,1296,1296,322359,0,0,0,1,4,913,23,843,91824,1267,1267,315045,0,0,0,1,4,913,23,843,91824
202010,304,27740, ,Johnson City  TN ,6,6,3132,0,0,0,0,0,0,2,14,680,6,6,3132,0,0,0,0,0,0,2,14,680
202010,304,28700, ,Kingsport-Bristol  TN-VA ,2,2,471,0,0,0,0,0,0,0,0,0,0,0,0,0,0,0,0,0,0,0,0,0
202010,306,27780, ,Johnstown  PA ,1,1,250,0,0,0,0,0,0,0,0,0,1,1,250,0,0,0,0,0,0,0,0,0
202010,308,27860, ,Jonesboro  AR ,50,50,7526,5,10,689,5,19,981,1,5,288,5,5,500,0,0,0,0,0,0,0,0,0
202010,309,27900, ,Joplin  MO ,23,23,4404,2,4,114,0,0,0,0,0,0,23,23,4404,2,4,114,0,0,0,0,0,0
202010,310,12980, ,Battle Creek  MI ,0,0,0,0,0,0,0,0,0,0,0,0,0,0,0,0,0,0,0,0,0,0,0,0
202010,310,28020, ,Kalamazoo-Portage  MI ,12,12,3678,0,0,0,0,0,0,0,0,0,0,0,0,0,0,0,0,0,0,0,0,0
202010,312,28140, ,Kansas City  MO-KS ,630,630,181928,16,32,3606,10,40,3977,8,50,5330,566,566,161238,15,30,3413,10,40,3977,7,45,4749
202010,312,29940, ,Lawrence  KS ,21,21,5500,0,0,0,1,4,557,1,21,2301,0,0,0,0,0,0,0,0,0,0,0,0
202010,312,41140, ,St. Joseph  MO-KS ,0,0,0,0,0,0,0,0,0,0,0,0,0,0,0,0,0,0,0,0,0,0,0,0
202010,313,28420,C,Kennewick-Richland  WA ,196,196,55806,2,4,532,0,0,0,0,0,0,125,125,37852,1,2,358,0,0,0,0,0,0
202010,313,47460, ,Walla Walla  WA ,19,19,5802,1,2,323,1,4,522,0,0,0,18,18,5702,1,2,323,1,4,522,0,0,0
202010,315,28940, ,Knoxville  TN ,271,271,63092,0,0,0,0,0,0,1,9,592,171,171,43216,0,0,0,0,0,0,0,0,0
202010,316,29020, ,Kokomo  IN ,5,5,878,0,0,0,0,0,0,0,0,0,5,5,878,0,0,0,0,0,0,0,0,0
202010,318,29180, ,Lafayette  LA ,213,213,41462,0,0,0,0,0,0,0,0,0,187,187,36310,0,0,0,0,0,0,0,0,0
202010,320,29200, ,Lafayette-West Lafayette  IN ,69,69,18936,0,0,0,0,0,0,7,175,19775,63,63,18124,0,0,0,0,0,0,4,142,17436
202010,324,29340, ,Lake Charles  LA ,92,92,16290,1,2,200,0,0,0,0,0,0,47,47,7641,1,2,200,0,0,0,0,0,0
202010,332,29820,C,Las Vegas-Henderson-Paradise  NV ,735,735,172108,0,0,0,18,55,4915,9,189,24461,735,735,172108,0,0,0,18,55,4915,9,189,24461
202010,336,30460,C,Lexington-Fayette  KY ,117,117,29138,5,10,1147,2,8,1288,2,55,5786,35,35,11517,5,10,1147,1,4,720,0,0,0
202010,338,30620, ,Lima  OH ,0,0,0,0,0,0,0,0,0,0,0,0,0,0,0,0,0,0,0,0,0,0,0,0
202010,339,30700, ,Lincoln  NE ,114,114,26137,2,4,573,0,0,0,3,86,9644,4,4,1000,0,0,0,0,0,0,0,0,0
202010,340,30780, ,Little Rock-North Little Rock-Conway  AR ,183,183,41369,3,6,712,0,0,0,3,53,2137,128,128,32700,2,4,560,0,0,0,2,48,2000
202010,340,38220, ,Pine Bluff  AR ,1,1,166,0,0,0,0,0,0,0,0,0,0,0,0,0,0,0,0,0,0,0,0,0
202010,348,31080,C,Los Angeles-Long Beach-Anaheim  CA ,1011,1011,276527,64,128,27707,20,69,14719,33,684,163609,846,846,205519,58,116,24575,15,52,11540,23,527,140671
202010,348,37100, ,Oxnard-Thousand Oaks-Ventura  CA ,2,2,1205,0,0,0,0,0,0,1,10,1305,1,1,1011,0,0,0,0,0,0,0,0,0
202010,348,40140, ,Riverside-San Bernardino-Ontario  CA ,1180,1180,306549,0,0,0,22,82,12847,10,94,12987,1135,1135,296723,0,0,0,22,82,12847,9,89,12711
202010,350,21060, ,Elizabethtown-Fort Knox  KY ,38,38,7657,0,0,0,0,0,0,0,0,0,27,27,5359,0,0,0,0,0,0,0,0,0
202010,350,31140, ,Louisville-Jefferson County  KY-IN ,379,379,88051,10,20,2540,4,16,3312,17,389,46724,327,327,73343,10,20,2540,4,16,3312,16,384,46478
202010,352,31180, ,Lubbock  TX ,246,246,47746,27,54,7092,0,0,0,8,77,5239,245,245,47573,27,54,7092,0,0,0,7,72,4880
202010,356,31420, ,Macon-Bibb County  GA ,33,33,5214,0,0,0,0,0,0,0,0,0,0,0,0,0,0,0,0,0,0,0,0,0
202010,356,47580, ,Warner Robins  GA ,89,89,18296,0,0,0,0,0,0,0,0,0,66,66,12586,0,0,0,0,0,0,0,0,0
202010,357,27500, ,Janesville-Beloit  WI ,14,14,3689,0,0,0,0,0,0,0,0,0,14,14,3689,0,0,0,0,0,0,0,0,0
202010,357,31540, ,Madison  WI ,174,174,61074,6,12,2532,0,0,0,9,232,26659,137,137,51007,4,8,1466,0,0,0,8,227,25367
202010,359,31860, ,Mankato  MN ,5,5,1069,1,2,150,2,7,2250,0,0,0,5,5,1069,1,2,150,2,7,2250,0,0,0
202010,365,32580,C,McAllen-Edinburg-Mission  TX ,417,417,82706,26,52,12439,40,160,18018,10,176,12718,360,360,76932,8,16,1081,40,160,18018,9,152,10887
202010,366,32780, ,Medford  OR ,59,59,15108,0,0,0,0,0,0,3,31,3333,59,59,15108,0,0,0,0,0,0,3,31,3333
202010,368,32820, ,Memphis  TN-MS-AR ,366,366,81659,0,0,0,0,0,0,1,23,3368,152,152,35316,0,0,0,0,0,0,0,0,0
202010,370,33100, ,Miami-Fort Lauderdale-Pompano Beach  FL ,878,878,278817,10,20,4836,0,0,0,30,974,126225,771,771,223963,10,20,4836,0,0,0,27,935,122924
202010,370,38940, ,Port St. Lucie  FL ,469,469,134341,8,16,966,0,0,0,14,74,972,469,469,134341,8,16,966,0,0,0,14,74,972
202010,370,42680, ,Sebastian-Vero Beach  FL ,68,68,28524,0,0,0,0,0,0,0,0,0,68,68,28524,0,0,0,0,0,0,0,0,0
202010,372,33260, ,Midland  TX ,63,63,11761,0,0,0,0,0,0,0,0,0,63,63,11761,0,0,0,0,0,0,0,0,0
202010,372,36220,C,Odessa  TX ,83,83,19284,1,2,300,0,0,0,3,66,7904,0,0,0,0,0,0,0,0,0,0,0,0
202010,376,33340,C,Milwaukee-Waukesha  WI ,154,154,58387,8,16,2730,2,8,1620,9,85,11039,115,115,42090,6,12,2630,2,8,1620,6,65,9727
202010,376,39540, ,Racine  WI ,12,12,4827,1,2,415,0,0,0,0,0,0,12,12,4827,1,2,415,0,0,0,0,0,0
202010,378,33460, ,Minneapolis-St. Paul-Bloomington  MN-WI ,1093,1093,328191,5,10,2234,1,3,608,27,945,126010,921,921,277739,4,8,1877,0,0,0,22,895,120880
202010,378,41060, ,St. Cloud  MN ,0,0,0,0,0,0,0,0,0,0,0,0,0,0,0,0,0,0,0,0,0,0,0,0
202010,380,19300, ,Daphne-Fairhope-Foley  AL ,222,222,49661,1,2,304,0,0,0,1,9,721,105,105,31883,0,0,0,0,0,0,0,0,0
202010,380,33660, ,Mobile  AL ,81,81,18515,0,0,0,0,0,0,0,0,0,81,81,18515,0,0,0,0,0,0,0,0,0
202010,384,33740, ,Monroe  LA ,28,28,6244,1,2,73,2,6,943,1,5,579,18,18,4196,0,0,0,0,0,0,0,0,0
202010,388,33860, ,Montgomery  AL ,65,65,15764,0,0,0,0,0,0,0,0,0,65,65,15764,0,0,0,0,0,0,0,0,0
202010,390,34060, ,Morgantown  WV ,1,1,350,0,0,0,0,0,0,0,0,0,1,1,350,0,0,0,0,0,0,0,0,0
202010,396,34820, ,Myrtle Beach-Conway-North Myrtle Beach  SC-NC ,784,784,144889,0,0,0,0,0,0,0,0,0,645,645,113590,0,0,0,0,0,0,0,0,0
202010,400,34980, ,Nashville-Davidson--Murfreesboro--Franklin  TN ,1363,1363,369511,30,60,5408,4,14,1721,20,889,98688,1055,1055,307532,29,58,5149,3,11,1456,18,865,96404
202010,406,25220, ,Hammond  LA ,88,88,17123,1,2,180,0,0,0,0,0,0,0,0,0,0,0,0,0,0,0,0,0,0
202010,406,35380, ,New Orleans-Metairie  LA ,331,331,71030,24,48,4839,0,0,0,1,29,5397,254,254,53864,7,14,1127,0,0,0,0,0,0
202010,408,14860,C,Bridgeport-Stamford-Norwalk  CT ,63,63,42971,2,4,746,0,0,0,8,138,14823,32,32,19027,1,2,594,0,0,0,6,121,11303
202010,408,20700, ,East Stroudsburg  PA ,14,14,5508,0,0,0,0,0,0,0,0,0,10,10,4451,0,0,0,0,0,0,0,0,0
202010,408,28740, ,Kingston  NY ,5,5,1291,0,0,0,0,0,0,1,5,1220,4,4,1116,0,0,0,0,0,0,0,0,0
202010,408,35300, ,New Haven-Milford  CT ,21,21,3701,3,6,575,1,3,311,2,51,5330,4,4,1172,0,0,0,0,0,0,0,0,0
202010,408,35620,C,New York-Newark-Jersey City  NY-NJ-PA ,1072,1072,279065,84,168,24179,19,64,5569,109,2972,304572,769,769,198134,61,122,18373,11,39,3056,73,2464,250152
202010,408,39100, ,Poughkeepsie-Newburgh-Middletown  NY ,23,23,7831,0,0,0,0,0,0,0,0,0,14,14,3715,0,0,0,0,0,0,0,0,0
202010,408,45940,C,Trenton-Princeton  NJ ,25,25,5503,0,0,0,1,3,292,1,5,414,25,25,5503,0,0,0,0,0,0,0,0,0
202010,412,35840,C,North Port-Sarasota-Bradenton  FL ,853,853,244124,1,2,448,4,16,3742,2,42,1941,853,853,244124,1,2,448,4,16,3742,2,42,1941
202010,412,39460, ,Punta Gorda  FL ,238,238,66556,5,10,1548,0,0,0,3,20,4843,238,238,66556,5,10,1548,0,0,0,3,20,4843
202010,416,36420,C,Oklahoma City  OK ,650,650,157646,19,38,3822,0,0,0,0,0,0,257,257,73443,9,18,1655,0,0,0,0,0,0
202010,420,36540, ,Omaha-Council Bluffs  NE-IA ,349,349,80478,4,8,549,3,11,1981,19,417,44284,285,285,63009,4,8,549,3,11,1981,19,417,44284
202010,422,19660, ,Deltona-Daytona Beach-Ormond Beach  FL ,398,398,109543,0,0,0,0,0,0,1,16,1978,332,332,89343,0,0,0,0,0,0,0,0,0
202010,422,29460, ,Lakeland-Winter Haven  FL ,721,721,150268,2,4,494,0,0,0,11,312,36049,554,554,105441,2,4,494,0,0,0,11,312,36049
202010,422,36740, ,Orlando-Kissimmee-Sanford  FL ,1468,1468,372125,6,12,2348,4,16,1357,14,607,62310,1270,1270,312169,6,12,2348,4,16,1357,12,579,59694
202010,422,45540,C,The Villages  FL ,279,279,74358,0,0,0,0,0,0,2,198,21333,278,278,74166,0,0,0,0,0,0,2,198,21333
202010,425,37620, ,Parkersburg-Vienna  WV ,8,8,2413,0,0,0,0,0,0,0,0,0,8,8,2413,0,0,0,0,0,0,0,0,0
202010,426,37860,C,Pensacola-Ferry Pass-Brent  FL ,352,352,82061,2,4,143,0,0,0,0,0,0,352,352,82061,2,4,143,0,0,0,0,0,0
202010,428,12100,C,Atlantic City-Hammonton  NJ ,54,54,24471,0,0,0,0,0,0,2,14,1237,54,54,24471,0,0,0,0,0,0,0,0,0
202010,428,20100,C,Dover  DE ,178,178,25232,5,10,934,0,0,0,2,11,1058,173,173,24352,5,10,934,0,0,0,1,6,719
202010,428,36140,C,Ocean City  NJ ,57,57,28573,8,16,3225,5,19,2379,0,0,0,54,54,27698,8,16,3225,5,19,2379,0,0,0
202010,428,37980,C,Philadelphia-Camden-Wilmington  PA-NJ-DE-MD ,797,797,143664,26,52,8463,20,66,8206,30,501,39360,442,442,80997,8,16,3274,1,3,464,9,185,6148
202010,428,39740, ,Reading  PA ,3,3,716,0,0,0,0,0,0,0,0,0,2,2,450,0,0,0,0,0,0,0,0,0
202010,428,47220,C,Vineland-Bridgeton  NJ ,28,28,12984,0,0,0,0,0,0,0,0,0,27,27,12873,0,0,0,0,0,0,0,0,0
202010,429,38060,C,Phoenix-Mesa-Chandler  AZ ,3171,3171,839831,43,86,15139,6,18,3628,23,1061,132237,3018,3018,785246,42,84,14605,5,15,2931,21,942,112604
202010,430,38300, ,Pittsburgh  PA ,98,98,31593,1,2,182,2,7,1082,1,50,6514,63,63,23868,0,0,0,1,4,771,0,0,0
202010,430,48260, ,Weirton-Steubenville  WV-OH ,0,0,0,0,0,0,0,0,0,0,0,0,0,0,0,0,0,0,0,0,0,0,0,0
202010,438,30340, ,Lewiston-Auburn  ME ,6,6,1373,3,6,450,0,0,0,0,0,0,5,5,1185,3,6,450,0,0,0,0,0,0
202010,438,38860, ,Portland-South Portland  ME ,167,167,45496,11,22,3667,2,7,781,4,39,5184,82,82,22544,6,12,1845,1,4,531,1,24,3862
202010,440,10540, ,Albany-Lebanon  OR ,36,36,7392,0,0,0,0,0,0,5,60,5901,9,9,1753,0,0,0,0,0,0,4,48,4746
202010,440,18700, ,Corvallis  OR ,6,6,1787,0,0,0,0,0,0,0,0,0,6,6,1787,0,0,0,0,0,0,0,0,0
202010,440,31020, ,Longview  WA ,26,26,5883,0,0,0,0,0,0,0,0,0,0,0,0,0,0,0,0,0,0,0,0,0
202010,440,38900, ,Portland-Vancouver-Hillsboro  OR-WA ,736,736,214666,2,4,648,1,4,742,10,162,16527,726,726,212215,2,4,648,1,4,742,9,155,15657
202010,440,41420, ,Salem  OR ,76,76,20083,2,4,741,0,0,0,0,0,0,76,76,20083,2,4,741,0,0,0,0,0,0
202010,444,39380,C,Pueblo  CO ,50,50,8847,0,0,0,0,0,0,0,0,0,50,50,8847,0,0,0,0,0,0,0,0,0
202010,450,20500,C,Durham-Chapel Hill  NC ,258,258,65361,3,6,379,0,0,0,2,186,13745,184,184,42394,3,6,379,0,0,0,1,165,10800
202010,450,39580,C,Raleigh-Cary  NC ,1241,1241,292432,0,0,0,0,0,0,5,138,17089,1018,1018,252345,0,0,0,0,0,0,5,138,17089
202010,452,39660, ,Rapid City  SD ,59,59,13342,0,0,0,0,0,0,3,147,16225,59,59,13342,0,0,0,0,0,0,3,147,16225
202010,454,39820, ,Redding  CA ,21,21,6142,0,0,0,1,4,518,0,0,0,21,21,6142,0,0,0,1,4,518,0,0,0
202010,456,16180,C,Carson City  NV ,17,17,4675,0,0,0,0,0,0,0,0,0,17,17,4675,0,0,0,0,0,0,0,0,0
202010,456,39900,C,Reno  NV ,284,284,76594,3,6,621,1,4,539,8,127,16649,96,96,23162,0,0,0,0,0,0,0,0,0
202010,462,40340, ,Rochester  MN ,62,62,10133,0,0,0,0,0,0,1,30,4900,61,61,9913,0,0,0,0,0,0,1,30,4900
202010,464,40380, ,Rochester  NY ,106,106,28799,5,10,1433,7,22,2183,2,10,882,76,76,21458,5,10,1433,5,16,1732,1,5,400
202010,466,40420, ,Rockford  IL ,8,8,1413,4,8,672,0,0,0,0,0,0,8,8,1413,4,8,672,0,0,0,0,0,0
202010,472,40900,C,Sacramento-Roseville-Folsom  CA ,761,761,239825,2,4,800,0,0,0,3,63,20200,754,754,237958,1,2,318,0,0,0,3,63,20200
202010,474,13020, ,Bay City  MI ,1,1,229,0,0,0,0,0,0,0,0,0,0,0,0,0,0,0,0,0,0,0,0,0
202010,474,33220, ,Midland  MI ,5,5,706,0,0,0,0,0,0,0,0,0,0,0,0,0,0,0,0,0,0,0,0,0
202010,474,40980, ,Saginaw  MI ,1,1,170,0,0,0,0,0,0,0,0,0,1,1,170,0,0,0,0,0,0,0,0,0
202010,476,41180, ,St. Louis  MO-IL ,541,541,153666,1,2,843,2,7,1517,3,46,4118,432,432,123407,1,2,843,1,4,859,0,0,0
202010,480,41540, ,Salisbury  MD-DE ,532,532,79451,12,24,1746,4,16,1554,0,0,0,531,531,79333,12,24,1746,4,16,1554,0,0,0
202010,482,36260, ,Ogden-Clearfield  UT ,297,297,82564,0,0,0,4,13,1893,4,40,3746,248,248,69931,0,0,0,2,6,1110,1,24,2090
202010,482,39340, ,Provo-Orem  UT ,724,724,197955,6,12,2678,20,68,10583,3,25,4387,705,705,188659,6,12,2678,20,68,10583,3,25,4387
202010,482,41620, ,Salt Lake City  UT ,540,540,140433,3,6,794,23,89,18235,14,352,47826,419,419,109869,0,0,0,21,83,17177,13,332,45173
202010,484,41700,C,San Antonio-New Braunfels  TX ,1064,1064,240233,24,48,5449,0,0,0,24,440,47718,955,955,220316,24,48,5449,0,0,0,23,435,46653
202010,488,32900, ,Merced  CA ,3,3,818,0,0,0,0,0,0,0,0,0,3,3,818,0,0,0,0,0,0,0,0,0
202010,488,33700, ,Modesto  CA ,2,2,491,0,0,0,0,0,0,0,0,0,2,2,491,0,0,0,0,0,0,0,0,0
202010,488,41860,C,San Francisco-Oakland-Berkeley  CA ,450,450,140918,4,8,2788,2,8,1635,19,203,50882,344,344,100292,2,4,1178,1,4,493,10,123,35540
202010,488,41940,C,San Jose-Sunnyvale-Santa Clara  CA ,207,207,78246,1,2,593,1,3,745,6,203,54530,120,120,43341,0,0,0,0,0,0,3,144,42753
202010,488,42100, ,Santa Cruz-Watsonville  CA ,22,22,4852,0,0,0,1,3,344,1,7,712,9,9,2053,0,0,0,0,0,0,0,0,0
202010,488,42220, ,Santa Rosa-Petaluma  CA ,121,121,39734,0,0,0,0,0,0,1,54,2807,100,100,35145,0,0,0,0,0,0,1,54,2807
202010,488,44700, ,Stockton  CA ,258,258,75590,0,0,0,1,3,204,2,20,2450,128,128,32580,0,0,0,0,0,0,0,0,0
202010,488,46700, ,Vallejo  CA ,65,65,18775,0,0,0,0,0,0,0,0,0,65,65,18775,0,0,0,0,0,0,0,0,0
202010,496,25980, ,Hinesville  GA ,30,30,5916,0,0,0,0,0,0,0,0,0,30,30,5916,0,0,0,0,0,0,0,0,0
202010,496,42340, ,Savannah  GA ,225,225,65640,0,0,0,1,4,240,0,0,0,153,153,45965,0,0,0,1,4,240,0,0,0
202010,500,14740,C,Bremerton-Silverdale-Port Orchard  WA ,109,109,35295,1,2,510,0,0,0,1,27,2577,109,109,35295,1,2,510,0,0,0,1,27,2577
202010,500,34580, ,Mount Vernon-Anacortes  WA ,28,28,8447,0,0,0,0,0,0,1,15,3876,28,28,8447,0,0,0,0,0,0,1,15,3876
202010,500,36500, ,Olympia-Lacey-Tumwater  WA ,57,57,13978,1,2,339,0,0,0,1,5,213,49,49,12276,1,2,339,0,0,0,0,0,0
202010,500,42660,C,Seattle-Tacoma-Bellevue  WA ,723,723,251255,18,36,8450,11,39,7077,28,810,98239,569,569,190311,15,30,6940,10,36,6427,21,640,79656
202010,508,43340,C,Shreveport-Bossier City  LA ,119,119,25238,0,0,0,0,0,0,0,0,0,8,8,1842,0,0,0,0,0,0,0,0,0
202010,515,21140, ,Elkhart-Goshen  IN ,38,38,8769,0,0,0,0,0,0,0,0,0,38,38,8769,0,0,0,0,0,0,0,0,0
202010,515,35660, ,Niles  MI ,3,3,875,0,0,0,0,0,0,0,0,0,3,3,875,0,0,0,0,0,0,0,0,0
202010,515,43780, ,South Bend-Mishawaka  IN-MI ,34,34,10832,0,0,0,0,0,0,0,0,0,34,34,10832,0,0,0,0,0,0,0,0,0
202010,518,17660, ,Coeur dAlene  ID ,114,114,30901,2,4,1194,0,0,0,9,173,20306,84,84,24094,1,2,772,0,0,0,8,156,18401
202010,518,44060, ,Spokane-Spokane Valley  WA ,193,193,50769,12,24,3759,0,0,0,3,51,5947,55,55,14746,8,16,2510,0,0,0,1,33,3930
202010,522,44100, ,Springfield  IL ,9,9,3596,3,6,1130,0,0,0,0,0,0,8,8,3346,3,6,1130,0,0,0,0,0,0
202010,524,44300, ,State College  PA ,9,9,3729,0,0,0,0,0,0,0,0,0,9,9,3729,0,0,0,0,0,0,0,0,0
202010,532,45060, ,Syracuse  NY ,20,20,3845,0,0,0,0,0,0,0,0,0,13,13,2849,0,0,0,0,0,0,0,0,0
202010,534,45780, ,Toledo  OH ,74,74,21883,1,2,200,2,8,600,1,10,750,72,72,21658,1,2,200,2,8,600,1,10,750
202010,536,46060,C,Tucson  AZ ,393,393,119226,3,6,711,0,0,0,4,48,7212,286,286,91914,0,0,0,0,0,0,0,0,0
202010,538,46140,C,Tulsa  OK ,348,348,77972,3,6,860,0,0,0,1,5,385,341,341,76445,3,6,860,0,0,0,0,0,0
202010,540,46340, ,Tyler  TX ,27,27,6294,0,0,0,3,11,1439,0,0,0,27,27,6294,0,0,0,3,11,1439,0,0,0
202010,545,47260, ,Virginia Beach-Norfolk-Newport News  VA-NC ,353,353,73351,2,4,426,0,0,0,1,10,840,244,244,55994,2,4,426,0,0,0,0,0,0
202010,548,12580,C,Baltimore-Columbia-Towson  MD ,476,476,100008,1,2,700,1,3,2600,9,393,52029,472,472,99084,1,2,700,0,0,0,8,380,48750
202010,548,15680,C,California-Lexington Park  MD ,73,73,16475,1,2,325,0,0,0,1,5,896,10,10,3321,0,0,0,0,0,0,0,0,0
202010,548,16540,C,Chambersburg-Waynesboro  PA ,24,24,5439,0,0,0,0,0,0,0,0,0,22,22,4915,0,0,0,0,0,0,0,0,0
202010,548,25180, ,Hagerstown-Martinsburg  MD-WV ,169,169,35402,1,2,233,0,0,0,0,0,0,157,157,33544,0,0,0,0,0,0,0,0,0
202010,548,47900, ,Washington-Arlington-Alexandria  DC-VA-MD-WV ,1230,1230,298845,1,2,110,2,7,916,16,1152,138421,1114,1114,265433,1,2,110,2,7,916,13,1104,132743
202010,548,49020, ,Winchester  VA-WV ,72,72,17883,0,0,0,0,0,0,0,0,0,72,72,17883,0,0,0,0,0,0,0,0,0
202010,554,48140, ,Wausau-Weston  WI ,32,32,8179,0,0,0,0,0,0,3,25,3100,23,23,5889,0,0,0,0,0,0,3,25,3100
202010,556,48620, ,Wichita  KS ,122,122,37513,14,28,2596,1,4,600,0,0,0,122,122,37513,14,28,2596,1,4,600,0,0,0
202010,558,48700, ,Williamsport  PA ,0,0,0,0,0,0,0,0,0,0,0,0,0,0,0,0,0,0,0,0,0,0,0,0
202010,566,49660, ,Youngstown-Warren-Boardman  OH-PA ,24,24,5499,0,0,0,0,0,0,0,0,0,24,24,5499,0,0,0,0,0,0,0,0,0
202010,999,10180, ,Abilene  TX ,28,28,5854,2,4,375,0,0,0,0,0,0,28,28,5854,2,4,375,0,0,0,0,0,0
202010,999,10500, ,Albany  GA ,18,18,2394,0,0,0,0,0,0,1,13,1941,16,16,1984,0,0,0,0,0,0,0,0,0
202010,999,10780, ,Alexandria  LA ,19,19,4622,0,0,0,0,0,0,0,0,0,11,11,2512,0,0,0,0,0,0,0,0,0
202010,999,10900, ,Allentown-Bethlehem-Easton  PA-NJ ,34,34,7111,1,2,782,0,0,0,2,13,1577,26,26,5877,0,0,0,0,0,0,1,8,1094
202010,999,11260,C,Anchorage  AK ,97,97,29967,0,0,0,2,8,1289,1,11,1739,8,8,2087,0,0,0,1,4,595,0,0,0
202010,999,11500, ,Anniston-Oxford  AL ,5,5,959,0,0,0,0,0,0,0,0,0,5,5,959,0,0,0,0,0,0,0,0,0
202010,999,12260, ,Augusta-Richmond County  GA-SC ,288,288,60692,4,8,831,3,10,851,1,5,287,62,62,16738,0,0,0,3,10,851,0,0,0
202010,999,12420, ,Austin-Round Rock-Georgetown  TX ,2019,2019,449581,20,40,3754,1,3,334,13,713,71780,1648,1648,367681,20,40,3754,0,0,0,13,713,71780
202010,999,12540, ,Bakersfield  CA ,188,188,47928,1,2,234,0,0,0,1,5,1277,36,36,5824,0,0,0,0,0,0,0,0,0
202010,999,12620, ,Bangor  ME ,8,8,2025,2,4,762,0,0,0,0,0,0,3,3,745,1,2,515,0,0,0,0,0,0
202010,999,12940, ,Baton Rouge  LA ,312,312,64907,0,0,0,0,0,0,0,0,0,180,180,43170,0,0,0,0,0,0,0,0,0
202010,999,13140, ,Beaumont-Port Arthur  TX ,99,99,19992,2,4,467,0,0,0,0,0,0,99,99,19992,2,4,467,0,0,0,0,0,0
202010,999,13220,C,Beckley  WV ,9,9,1558,0,0,0,0,0,0,0,0,0,8,8,1502,0,0,0,0,0,0,0,0,0
202010,999,13380, ,Bellingham  WA ,85,85,21366,3,6,1433,1,3,548,0,0,0,38,38,8261,2,4,1002,0,0,0,0,0,0
202010,999,13740, ,Billings  MT ,37,37,9659,6,12,2314,0,0,0,0,0,0,37,37,9659,6,12,2314,0,0,0,0,0,0
202010,999,13780, ,Binghamton  NY ,0,0,0,0,0,0,0,0,0,0,0,0,0,0,0,0,0,0,0,0,0,0,0,0
202010,999,13900, ,Bismarck  ND ,45,45,13797,20,40,4231,0,0,0,0,0,0,44,44,13658,20,40,4231,0,0,0,0,0,0
202010,999,13980, ,Blacksburg-Christiansburg  VA ,4,4,1481,0,0,0,0,0,0,0,0,0,4,4,1481,0,0,0,0,0,0,0,0,0
202010,999,15260, ,Brunswick  GA ,47,47,14564,1,2,277,0,0,0,0,0,0,0,0,0,0,0,0,0,0,0,0,0,0
202010,999,16220,C,Casper  WY ,13,13,3364,0,0,0,0,0,0,0,0,0,13,13,3364,0,0,0,0,0,0,0,0,0
202010,999,16580, ,Champaign-Urbana  IL ,13,13,4264,0,0,0,1,3,816,2,79,10122,4,4,1902,0,0,0,0,0,0,0,0,0
202010,999,16700,C,Charleston-North Charleston  SC ,539,539,149667,0,0,0,1,3,238,5,120,7162,201,201,64736,0,0,0,0,0,0,0,0,0
202010,999,16820, ,Charlottesville  VA ,79,79,23980,1,2,380,0,0,0,1,18,1740,0,0,0,0,0,0,0,0,0,0,0,0
202010,999,16940, ,Cheyenne  WY ,27,27,5932,0,0,0,0,0,0,0,0,0,27,27,5932,0,0,0,0,0,0,0,0,0
202010,999,17020, ,Chico  CA ,24,24,5000,0,0,0,0,0,0,1,5,703,24,24,5000,0,0,0,0,0,0,1,5,703
202010,999,17300,C,Clarksville  TN-KY ,374,374,29031,0,0,0,1,4,387,1,24,1200,277,277,10720,0,0,0,0,0,0,1,24,1200
202010,999,17780, ,College Station-Bryan  TX ,144,144,24631,0,0,0,0,0,0,0,0,0,144,144,24631,0,0,0,0,0,0,0,0,0
202010,999,17820,C,Colorado Springs  CO ,499,499,181611,81,162,15767,0,0,0,2,215,40460,488,488,178722,81,162,15767,0,0,0,2,215,40460
202010,999,18880,C,Crestview-Fort Walton Beach-Destin  FL ,218,218,86710,0,0,0,1,3,375,1,7,1453,211,211,83445,0,0,0,0,0,0,1,7,1453
202010,999,19060, ,Cumberland  MD-WV ,8,8,2097,0,0,0,0,0,0,0,0,0,8,8,2097,0,0,0,0,0,0,0,0,0
202010,999,19180, ,Danville  IL ,0,0,0,0,0,0,0,0,0,0,0,0,0,0,0,0,0,0,0,0,0,0,0,0
202010,999,19500, ,Decatur  IL ,0,0,0,0,0,0,0,0,0,0,0,0,0,0,0,0,0,0,0,0,0,0,0,0
202010,999,20220, ,Dubuque  IA ,8,8,2551,0,0,0,0,0,0,2,56,7630,5,5,1699,0,0,0,0,0,0,2,56,7630
202010,999,20260, ,Duluth  MN-WI ,11,11,1885,0,0,0,0,0,0,0,0,0,11,11,1885,0,0,0,0,0,0,0,0,0
202010,999,20940, ,El Centro  CA ,26,26,5544,0,0,0,0,0,0,0,0,0,26,26,5544,0,0,0,0,0,0,0,0,0
202010,999,21420, ,Enid  OK ,1,1,250,0,0,0,0,0,0,0,0,0,1,1,250,0,0,0,0,0,0,0,0,0
202010,999,21660, ,Eugene-Springfield  OR ,89,89,18971,3,6,1014,0,0,0,3,24,2990,61,61,11985,3,6,1014,0,0,0,3,24,2990
202010,999,21780, ,Evansville  IN-KY ,72,72,15106,1,2,247,1,4,260,0,0,0,55,55,11852,0,0,0,1,4,260,0,0,0
202010,999,21820,C,Fairbanks  AK ,0,0,0,0,0,0,0,0,0,0,0,0,0,0,0,0,0,0,0,0,0,0,0,0
202010,999,22140,C,Farmington  NM ,9,9,2624,0,0,0,0,0,0,0,0,0,9,9,2624,0,0,0,0,0,0,0,0,0
202010,999,22220, ,Fayetteville-Springdale-Rogers  AR-MO ,491,491,123104,20,40,7087,2,6,855,18,184,19105,322,322,80447,16,32,5083,1,3,434,12,72,9864
202010,999,22380, ,Flagstaff  AZ ,56,56,14857,0,0,0,0,0,0,0,0,0,56,56,14857,0,0,0,0,0,0,0,0,0
202010,999,22500, ,Florence  SC ,63,63,8501,1,2,193,0,0,0,2,24,2340,0,0,0,0,0,0,0,0,0,0,0,0
202010,999,22520, ,Florence-Muscle Shoals  AL ,20,20,2327,0,0,0,0,0,0,0,0,0,4,4,436,0,0,0,0,0,0,0,0,0
202010,999,22540, ,Fond du Lac  WI ,7,7,1875,0,0,0,1,3,600,1,7,496,2,2,650,0,0,0,0,0,0,0,0,0
202010,999,22660,C,Fort Collins  CO ,194,194,59418,0,0,0,0,0,0,2,32,3569,194,194,59418,0,0,0,0,0,0,2,32,3569
202010,999,22900, ,Fort Smith  AR-OK ,32,32,4291,0,0,0,1,3,255,0,0,0,27,27,3781,0,0,0,0,0,0,0,0,0
202010,999,23460, ,Gadsden  AL ,7,7,1008,0,0,0,0,0,0,0,0,0,7,7,1008,0,0,0,0,0,0,0,0,0
202010,999,24220, ,Grand Forks  ND-MN ,11,11,2358,0,0,0,0,0,0,0,0,0,11,11,2358,0,0,0,0,0,0,0,0,0
202010,999,24260, ,Grand Island  NE ,7,7,1760,0,0,0,0,0,0,2,12,1101,7,7,1760,0,0,0,0,0,0,2,12,1101
202010,999,24300,C,Grand Junction  CO ,74,74,12548,5,10,1201,0,0,0,0,0,0,74,74,12548,5,10,1201,0,0,0,0,0,0
202010,999,24500,C,Great Falls  MT ,11,11,4175,0,0,0,0,0,0,0,0,0,11,11,4175,0,0,0,0,0,0,0,0,0
202010,999,25060, ,Gulfport-Biloxi  MS ,207,207,43573,6,12,935,1,4,401,1,5,423,106,106,27818,5,10,750,0,0,0,0,0,0
202010,999,25860, ,Hickory-Lenoir-Morganton  NC ,1,1,151,1,2,360,0,0,0,1,5,279,0,0,0,0,0,0,0,0,0,0,0,0
202010,999,25940, ,Hilton Head Island-Bluffton  SC ,129,129,39166,0,0,0,0,0,0,0,0,0,129,129,39166,0,0,0,0,0,0,0,0,0
202010,999,26140, ,Homosassa Springs  FL ,77,77,15874,1,2,55,0,0,0,0,0,0,0,0,0,0,0,0,0,0,0,0,0,0
202010,999,26380, ,Houma-Thibodaux  LA ,49,49,11831,1,2,156,0,0,0,0,0,0,34,34,7740,0,0,0,0,0,0,0,0,0
202010,999,27100, ,Jackson  MI ,1,1,238,0,0,0,0,0,0,0,0,0,1,1,238,0,0,0,0,0,0,0,0,0
202010,999,27340,C,Jacksonville  NC ,120,120,19743,0,0,0,0,0,0,0,0,0,120,120,19743,0,0,0,0,0,0,0,0,0
202010,999,27980,C,Kahului-Wailuku-Lahaina  HI ,21,21,6480,1,2,427,0,0,0,0,0,0,21,21,6480,1,2,427,0,0,0,0,0,0
202010,999,28660,C,Killeen-Temple  TX ,284,284,61042,15,30,2985,0,0,0,0,0,0,238,238,49225,9,18,1689,0,0,0,0,0,0
202010,999,29100, ,La Crosse-Onalaska  WI-MN ,23,23,7259,5,10,1914,2,8,950,1,6,545,14,14,5267,4,8,1520,2,8,950,0,0,0
202010,999,29420, ,Lake Havasu City-Kingman  AZ ,118,118,24863,1,2,157,0,0,0,0,0,0,95,95,18341,1,2,157,0,0,0,0,0,0
202010,999,29540, ,Lancaster  PA ,5,5,1077,2,4,536,0,0,0,0,0,0,2,2,333,1,2,320,0,0,0,0,0,0
202010,999,29620, ,Lansing-East Lansing  MI ,15,15,3780,0,0,0,0,0,0,1,5,568,10,10,2953,0,0,0,0,0,0,0,0,0
202010,999,29700, ,Laredo  TX ,145,145,29710,10,20,1871,1,4,445,2,10,855,0,0,0,0,0,0,0,0,0,0,0,0
202010,999,30020, ,Lawton  OK ,8,8,2674,0,0,0,0,0,0,0,0,0,6,6,2340,0,0,0,0,0,0,0,0,0
202010,999,30300, ,Lewiston  ID-WA ,0,0,0,0,0,0,0,0,0,0,0,0,0,0,0,0,0,0,0,0,0,0,0,0
202010,999,30860, ,Logan  UT-ID ,25,25,6783,1,2,430,0,0,0,8,239,23300,25,25,6783,1,2,430,0,0,0,8,239,23300
202010,999,30980, ,Longview  TX ,15,15,3136,0,0,0,0,0,0,0,0,0,15,15,3136,0,0,0,0,0,0,0,0,0
202010,999,31340, ,Lynchburg  VA ,21,21,4345,0,0,0,0,0,0,0,0,0,17,17,3417,0,0,0,0,0,0,0,0,0
202010,999,31740, ,Manhattan  KS ,17,17,4001,11,22,3073,0,0,0,0,0,0,15,15,3521,11,22,3073,0,0,0,0,0,0
202010,999,33540,C,Missoula  MT ,53,53,13869,0,0,0,0,0,0,1,9,359,53,53,13869,0,0,0,0,0,0,1,9,359
202010,999,36100, ,Ocala  FL ,424,424,64589,0,0,0,2,6,906,0,0,0,424,424,64589,0,0,0,2,6,906,0,0,0
202010,999,36980, ,Owensboro  KY ,27,27,2656,0,0,0,0,0,0,0,0,0,26,26,2451,0,0,0,0,0,0,0,0,0
202010,999,37340, ,Palm Bay-Melbourne-Titusville  FL ,336,336,108291,0,0,0,0,0,0,1,27,13539,336,336,108291,0,0,0,0,0,0,1,27,13539
202010,999,37460, ,Panama City  FL ,124,124,34933,1,2,1042,0,0,0,6,36,1163,124,124,34933,1,2,1042,0,0,0,6,36,1163
202010,999,37900, ,Peoria  IL ,4,4,1420,0,0,0,0,0,0,0,0,0,0,0,0,0,0,0,0,0,0,0,0,0
202010,999,38340, ,Pittsfield  MA ,0,0,0,0,0,0,0,0,0,0,0,0,0,0,0,0,0,0,0,0,0,0,0,0
202010,999,38540, ,Pocatello  ID ,30,30,6848,0,0,0,4,16,934,1,24,1095,20,20,5851,0,0,0,4,16,934,1,24,1095
202010,999,39150, ,Prescott Valley-Prescott  AZ ,142,142,40673,14,28,2945,0,0,0,0,0,0,96,96,26689,14,28,2945,0,0,0,0,0,0
202010,999,40060, ,Richmond  VA ,529,529,100598,0,0,0,0,0,0,3,25,3059,509,509,97547,0,0,0,0,0,0,2,20,2628
202010,999,41100, ,St. George  UT ,220,220,46386,0,0,0,0,0,0,0,0,0,219,219,46331,0,0,0,0,0,0,0,0,0
202010,999,41500, ,Salinas  CA ,8,8,947,0,0,0,0,0,0,1,30,2323,8,8,947,0,0,0,0,0,0,1,30,2323
202010,999,41660,C,San Angelo  TX ,115,115,24044,0,0,0,0,0,0,0,0,0,115,115,24044,0,0,0,0,0,0,0,0,0
202010,999,41740,C,San Diego-Chula Vista-Carlsbad  CA ,257,257,75352,4,8,1393,11,36,7851,22,597,70706,256,256,75249,4,8,1393,11,36,7851,21,588,69742
202010,999,42020, ,San Luis Obispo-Paso Robles  CA ,34,34,13751,0,0,0,0,0,0,0,0,0,34,34,13751,0,0,0,0,0,0,0,0,0
202010,999,42200, ,Santa Maria-Santa Barbara  CA ,14,14,2730,0,0,0,0,0,0,0,0,0,14,14,2730,0,0,0,0,0,0,0,0,0
202010,999,42540, ,Scranton--Wilkes-Barre  PA ,5,5,1245,0,0,0,0,0,0,0,0,0,5,5,1245,0,0,0,0,0,0,0,0,0
202010,999,43100, ,Sheboygan  WI ,3,3,725,0,0,0,0,0,0,0,0,0,3,3,725,0,0,0,0,0,0,0,0,0
202010,999,43420, ,Sierra Vista-Douglas  AZ ,18,18,2956,0,0,0,0,0,0,0,0,0,18,18,2956,0,0,0,0,0,0,0,0,0
202010,999,43580, ,Sioux City  IA-NE-SD ,14,14,3999,0,0,0,0,0,0,0,0,0,1,1,300,0,0,0,0,0,0,0,0,0
202010,999,43620, ,Sioux Falls  SD ,141,141,33011,0,0,0,0,0,0,19,384,39799,141,141,33011,0,0,0,0,0,0,19,384,39799
202010,999,44140, ,Springfield  MA ,1,1,267,0,0,0,0,0,0,0,0,0,0,0,0,0,0,0,0,0,0,0,0,0
202010,999,44180, ,Springfield  MO ,87,87,7114,1,2,251,0,0,0,1,5,465,76,76,5048,0,0,0,0,0,0,0,0,0
202010,999,44940, ,Sumter  SC ,35,35,4314,0,0,0,0,0,0,0,0,0,35,35,4314,0,0,0,0,0,0,0,0,0
202010,999,45220, ,Tallahassee  FL ,123,123,23189,1,2,222,0,0,0,3,79,10150,47,47,8173,0,0,0,0,0,0,0,0,0
202010,999,45300,C,Tampa-St. Petersburg-Clearwater  FL ,1557,1557,444206,14,28,2806,0,0,0,12,508,54301,1522,1522,433653,12,24,2140,0,0,0,11,503,52021
202010,999,45460, ,Terre Haute  IN ,4,4,1044,6,12,1529,0,0,0,0,0,0,2,2,600,5,10,1321,0,0,0,0,0,0
202010,999,45500, ,Texarkana  TX-AR ,3,3,648,0,0,0,0,0,0,0,0,0,3,3,648,0,0,0,0,0,0,0,0,0
202010,999,45820, ,Topeka  KS ,33,33,8422,0,0,0,0,0,0,0,0,0,33,33,8422,0,0,0,0,0,0,0,0,0
202010,999,46220, ,Tuscaloosa  AL ,40,40,9750,1,2,475,6,23,1473,1,44,8082,4,4,1394,0,0,0,0,0,0,0,0,0
202010,999,46300, ,Twin Falls  ID ,56,56,11266,0,0,0,0,0,0,0,0,0,52,52,10599,0,0,0,0,0,0,0,0,0
202010,999,46520,C,Urban Honolulu  HI ,98,98,40201,0,0,0,1,3,1949,3,82,15357,0,0,0,0,0,0,0,0,0,0,0,0
202010,999,46540, ,Utica-Rome  NY ,1,1,300,0,0,0,0,0,0,0,0,0,1,1,300,0,0,0,0,0,0,0,0,0
202010,999,46660, ,Valdosta  GA ,115,115,21550,1,2,133,0,0,0,0,0,0,55,55,11429,0,0,0,0,0,0,0,0,0
202010,999,47300, ,Visalia  CA ,123,123,29598,0,0,0,0,0,0,0,0,0,123,123,29598,0,0,0,0,0,0,0,0,0
202010,999,47380, ,Waco  TX ,36,36,7527,0,0,0,0,0,0,2,90,9126,36,36,7527,0,0,0,0,0,0,2,90,9126
202010,999,47940, ,Waterloo-Cedar Falls  IA ,7,7,1726,0,0,0,0,0,0,0,0,0,7,7,1726,0,0,0,0,0,0,0,0,0
202010,999,48060, ,Watertown-Fort Drum  NY ,13,13,1736,0,0,0,0,0,0,0,0,0,1,1,150,0,0,0,0,0,0,0,0,0
202010,999,48300, ,Wenatchee  WA ,66,66,15276,1,2,400,0,0,0,5,78,9883,66,66,15276,1,2,400,0,0,0,5,78,9883
202010,999,48540, ,Wheeling  WV-OH ,0,0,0,0,0,0,0,0,0,0,0,0,0,0,0,0,0,0,0,0,0,0,0,0
202010,999,48660, ,Wichita Falls  TX ,3,3,300,0,0,0,0,0,0,0,0,0,3,3,300,0,0,0,0,0,0,0,0,0
202010,999,48900, ,Wilmington  NC ,88,88,31076,0,0,0,0,0,0,2,34,4826,87,87,30753,0,0,0,0,0,0,2,34,4826
202010,999,49420, ,Yakima  WA ,34,34,7496,4,8,1195,1,3,247,1,21,1737,18,18,4513,2,4,564,0,0,0,0,0,0
202010,999,49740, ,Yuma  AZ ,83,83,13549,1,2,156,0,0,0,0,0,0,83,83,13549,1,2,156,0,0,0,0,0,0
