Survey,CSA,CBSA,MONCOV,CBSA,,1-unit,,,2-units,,,3-4 units,,,5+ units,,,1-unit rep,,,2-units rep,,,3-4 units rep,,,5+ units rep
Date,Code,Code,,Name,Bldgs,Units,Value,Bldgs,Units,Value,Bldgs,Units,Value,Bldgs,Units,Value,Bldgs,Units,Value,Bldgs,Units,Value,      Bldgs,Units,Value,Bldgs,Units,Value
 
202005,104,10580,C,Albany-Schenectady-Troy  NY ,100,100,28343,1,2,330,11,44,5500,4,39,13874,75,75,21194,1,2,330,11,44,5500,1,24,12900
202005,104,24020, ,Glens Falls  NY ,15,15,3876,0,0,0,0,0,0,0,0,0,8,8,2142,0,0,0,0,0,0,0,0,0
202005,106,10740,C,Albuquerque  NM ,104,104,25981,0,0,0,0,0,0,1,5,208,52,52,14739,0,0,0,0,0,0,0,0,0
202005,106,42140,C,Santa Fe  NM ,28,28,6975,0,0,0,0,0,0,0,0,0,28,28,6975,0,0,0,0,0,0,0,0,0
202005,107,11020, ,Altoona  PA ,1,1,115,0,0,0,0,0,0,0,0,0,0,0,0,0,0,0,0,0,0,0,0,0
202005,108,11100, ,Amarillo  TX ,32,32,7460,0,0,0,0,0,0,0,0,0,32,32,7460,0,0,0,0,0,0,0,0,0
202005,118,11540, ,Appleton  WI ,33,33,9782,3,6,825,0,0,0,0,0,0,30,30,9121,3,6,825,0,0,0,0,0,0
202005,118,36780, ,Oshkosh-Neenah  WI ,15,15,4947,3,6,695,0,0,0,0,0,0,15,15,4947,3,6,695,0,0,0,0,0,0
202005,120,11700, ,Asheville  NC ,141,141,44021,0,0,0,0,0,0,3,55,5166,39,39,13190,0,0,0,0,0,0,0,0,0
202005,122,12020, ,Athens-Clarke County  GA ,39,39,9902,0,0,0,0,0,0,0,0,0,39,39,9902,0,0,0,0,0,0,0,0,0
202005,122,12060, ,Atlanta-Sandy Springs-Alpharetta  GA ,1628,1628,374377,1,2,415,1,4,892,12,336,44302,1275,1275,300906,0,0,0,0,0,0,7,161,20380
202005,122,23580, ,Gainesville  GA ,53,53,11380,0,0,0,0,0,0,0,0,0,53,53,11380,0,0,0,0,0,0,0,0,0
202005,122,40660,C,Rome  GA ,21,21,2517,0,0,0,0,0,0,0,0,0,21,21,2517,0,0,0,0,0,0,0,0,0
202005,140,13460,C,Bend  OR ,123,123,32368,3,6,1245,0,0,0,2,153,31118,123,123,32368,3,6,1245,0,0,0,2,153,31118
202005,142,13820,C,Birmingham-Hoover  AL ,249,249,69239,0,0,0,0,0,0,1,8,807,138,138,35073,0,0,0,0,0,0,0,0,0
202005,144,14020,C,Bloomington  IN ,21,21,5628,1,2,283,0,0,0,1,37,4296,3,3,835,0,0,0,0,0,0,0,0,0
202005,145,14010, ,Bloomington  IL ,7,7,1521,0,0,0,0,0,0,0,0,0,7,7,1521,0,0,0,0,0,0,0,0,0
202005,146,14100,C,Bloomsburg-Berwick  PA ,11,11,2295,0,0,0,0,0,0,0,0,0,9,9,1847,0,0,0,0,0,0,0,0,0
202005,147,14260,C,Boise City  ID ,487,487,117407,3,6,891,20,64,11288,2,20,2200,419,419,107033,3,6,891,19,60,10989,1,12,1300
202005,148,12700, ,Barnstable Town  MA ,8,8,3867,0,0,0,0,0,0,0,0,0,7,7,3595,0,0,0,0,0,0,0,0,0
202005,148,14460,C,Boston-Cambridge-Newton  MA-NH ,312,312,100907,12,24,4649,5,16,3050,41,828,103340,137,137,47112,7,14,2324,4,13,2445,6,560,75006
202005,148,31700, ,Manchester-Nashua  NH ,22,22,4395,2,4,470,0,0,0,0,0,0,19,19,3772,1,2,150,0,0,0,0,0,0
202005,148,39300,C,Providence-Warwick  RI-MA ,131,131,30022,4,8,932,1,4,317,2,17,1469,79,79,18084,4,8,932,1,4,317,1,12,610
202005,148,49340, ,Worcester  MA-CT ,16,16,3309,0,0,0,0,0,0,1,5,90,10,10,2085,0,0,0,0,0,0,0,0,0
202005,150,14540, ,Bowling Green  KY ,57,57,13288,0,0,0,0,0,0,0,0,0,57,57,13288,0,0,0,0,0,0,0,0,0
202005,154,15180, ,Brownsville-Harlingen  TX ,75,75,7617,5,10,1018,0,0,0,2,16,1796,0,0,0,0,0,0,0,0,0,0,0,0
202005,160,15380,C,Buffalo-Cheektowaga  NY ,66,66,23640,1,2,650,0,0,0,2,20,3712,44,44,15120,1,2,650,0,0,0,0,0,0
202005,162,15540, ,Burlington-South Burlington  VT ,19,19,6059,1,2,301,0,0,0,0,0,0,12,12,4202,0,0,0,0,0,0,0,0,0
202005,163,15980,C,Cape Coral-Fort Myers  FL ,392,392,84780,3,6,760,1,4,1256,6,58,5070,392,392,84780,3,6,760,1,4,1256,6,58,5070
202005,163,34940, ,Naples-Marco Island  FL ,206,206,48267,0,0,0,0,0,0,5,169,133985,206,206,48267,0,0,0,0,0,0,5,169,133985
202005,164,16020, ,Cape Girardeau  MO-IL ,0,0,0,0,0,0,0,0,0,0,0,0,0,0,0,0,0,0,0,0,0,0,0,0
202005,168,16300, ,Cedar Rapids  IA ,30,30,4723,0,0,0,1,3,450,0,0,0,30,30,4723,0,0,0,1,3,450,0,0,0
202005,168,26980, ,Iowa City  IA ,17,17,3385,0,0,0,1,4,520,0,0,0,15,15,3110,0,0,0,1,4,520,0,0,0
202005,170,16620, ,Charleston  WV ,22,22,1976,0,0,0,0,0,0,0,0,0,19,19,1536,0,0,0,0,0,0,0,0,0
202005,170,26580, ,Huntington-Ashland  WV-KY-OH ,12,12,2457,1,2,159,0,0,0,0,0,0,1,1,215,1,2,159,0,0,0,0,0,0
202005,172,16740, ,Charlotte-Concord-Gastonia  NC-SC ,1227,1227,310725,1,2,185,0,0,0,5,432,29863,1055,1055,252545,0,0,0,0,0,0,3,404,25634
202005,174,16860, ,Chattanooga  TN-GA ,134,134,28639,4,8,568,0,0,0,2,49,4849,100,100,21147,0,0,0,0,0,0,0,0,0
202005,174,17420, ,Cleveland  TN ,32,32,6143,0,0,0,2,8,990,0,0,0,16,16,3261,0,0,0,2,8,990,0,0,0
202005,176,16980, ,Chicago-Naperville-Elgin  IL-IN-WI ,533,533,155877,23,46,7597,13,44,7255,22,409,65478,415,415,124396,22,44,7269,12,41,6881,14,345,56093
202005,176,28100, ,Kankakee  IL ,3,3,785,0,0,0,0,0,0,0,0,0,3,3,785,0,0,0,0,0,0,0,0,0
202005,176,33140, ,Michigan City-La Porte  IN ,6,6,1348,0,0,0,0,0,0,0,0,0,3,3,710,0,0,0,0,0,0,0,0,0
202005,178,17140, ,Cincinnati  OH-KY-IN ,451,451,112919,1,2,275,0,0,0,6,40,3816,346,346,87617,1,2,275,0,0,0,4,30,2250
202005,184,10420, ,Akron  OH ,38,38,17890,0,0,0,0,0,0,0,0,0,38,38,17890,0,0,0,0,0,0,0,0,0
202005,184,15940, ,Canton-Massillon  OH ,45,45,12815,1,2,303,0,0,0,1,5,384,42,42,12465,1,2,303,0,0,0,0,0,0
202005,184,17460, ,Cleveland-Elyria  OH ,172,172,50062,1,2,11,0,0,0,3,26,2947,129,129,39081,0,0,0,0,0,0,2,13,1990
202005,190,17860, ,Columbia  MO ,50,50,11755,0,0,0,0,0,0,0,0,0,49,49,11521,0,0,0,0,0,0,0,0,0
202005,192,17900,C,Columbia  SC ,305,305,68242,0,0,0,0,0,0,1,5,451,282,282,63006,0,0,0,0,0,0,0,0,0
202005,194,12220,C,Auburn-Opelika  AL ,87,87,24169,0,0,0,1,4,800,2,13,3140,87,87,24169,0,0,0,1,4,800,2,13,3140
202005,194,17980, ,Columbus  GA-AL ,55,55,11229,0,0,0,1,3,95,1,31,4400,24,24,5745,0,0,0,0,0,0,0,0,0
202005,198,18140, ,Columbus  OH ,317,317,98929,10,20,3590,5,16,1488,12,616,48644,276,276,86586,9,18,3090,3,10,969,11,610,47908
202005,204,18580, ,Corpus Christi  TX ,72,72,16436,0,0,0,0,0,0,0,0,0,67,67,15620,0,0,0,0,0,0,0,0,0
202005,206,19100, ,Dallas-Fort Worth-Arlington  TX ,2799,2799,760285,5,10,1255,4,16,3813,40,1779,245510,2464,2464,670787,5,10,1255,4,16,3813,37,1755,241149
202005,209,19340, ,Davenport-Moline-Rock Island  IA-IL ,36,36,8267,0,0,0,0,0,0,1,15,1562,10,10,2412,0,0,0,0,0,0,0,0,0
202005,212,19430, ,Dayton-Kettering  OH ,78,78,24474,0,0,0,0,0,0,0,0,0,53,53,19007,0,0,0,0,0,0,0,0,0
202005,212,44220, ,Springfield  OH ,29,29,7874,0,0,0,0,0,0,0,0,0,29,29,7874,0,0,0,0,0,0,0,0,0
202005,216,14500, ,Boulder  CO ,55,55,21735,0,0,0,0,0,0,3,63,9577,17,17,8053,0,0,0,0,0,0,0,0,0
202005,216,19740,C,Denver-Aurora-Lakewood  CO ,724,724,218175,6,12,1501,3,10,1704,4,113,10901,678,678,204917,6,12,1501,3,10,1704,3,97,8818
202005,216,24540, ,Greeley  CO ,205,205,56280,0,0,0,0,0,0,3,41,3164,116,116,31861,0,0,0,0,0,0,1,26,1908
202005,218,11180, ,Ames  IA ,3,3,864,0,0,0,0,0,0,0,0,0,3,3,864,0,0,0,0,0,0,0,0,0
202005,218,19780, ,Des Moines-West Des Moines  IA ,309,309,85405,1,2,413,0,0,0,2,66,7065,291,291,79782,0,0,0,0,0,0,2,66,7065
202005,220,11460, ,Ann Arbor  MI ,45,45,11623,0,0,0,0,0,0,1,8,1054,27,27,6633,0,0,0,0,0,0,0,0,0
202005,220,19820, ,Detroit-Warren-Dearborn  MI ,330,330,97206,1,2,259,2,7,388,8,75,14064,231,231,70244,0,0,0,0,0,0,3,30,7158
202005,220,22420, ,Flint  MI ,15,15,3309,0,0,0,3,11,2275,0,0,0,10,10,1862,0,0,0,0,0,0,0,0,0
202005,220,33780, ,Monroe  MI ,0,0,0,0,0,0,0,0,0,0,0,0,0,0,0,0,0,0,0,0,0,0,0,0
202005,222,20020, ,Dothan  AL ,22,22,5064,0,0,0,0,0,0,0,0,0,22,22,5064,0,0,0,0,0,0,0,0,0
202005,232,20740, ,Eau Claire  WI ,42,42,10094,8,16,1790,2,8,1430,6,46,4300,42,42,10094,8,16,1790,2,8,1430,6,46,4300
202005,236,21300, ,Elmira  NY ,0,0,0,0,0,0,0,0,0,0,0,0,0,0,0,0,0,0,0,0,0,0,0,0
202005,238,21340,C,El Paso  TX ,182,182,42665,3,6,723,6,24,3119,1,27,3091,12,12,2798,0,0,0,0,0,0,0,0,0
202005,238,29740,C,Las Cruces  NM ,69,69,17922,0,0,0,0,0,0,0,0,0,58,58,14619,0,0,0,0,0,0,0,0,0
202005,240,21500, ,Erie  PA ,9,9,2602,0,0,0,0,0,0,0,0,0,9,9,2602,0,0,0,0,0,0,0,0,0
202005,244,22020, ,Fargo  ND-MN ,104,104,26181,0,0,0,0,0,0,2,56,7944,103,103,25914,0,0,0,0,0,0,2,56,7944
202005,246,22180, ,Fayetteville  NC ,111,111,16893,0,0,0,0,0,0,0,0,0,65,65,11286,0,0,0,0,0,0,0,0,0
202005,258,23060,C,Fort Wayne  IN ,75,75,20607,0,0,0,3,12,1120,4,30,3020,75,75,20607,0,0,0,3,12,1120,4,30,3020
202005,260,23420,C,Fresno  CA ,127,127,41098,0,0,0,0,0,0,0,0,0,114,114,35377,0,0,0,0,0,0,0,0,0
202005,260,31460, ,Madera  CA ,72,72,22205,0,0,0,0,0,0,0,0,0,72,72,22205,0,0,0,0,0,0,0,0,0
202005,264,23540, ,Gainesville  FL ,45,45,11915,1,2,450,0,0,0,2,124,8385,0,0,0,0,0,0,0,0,0,0,0,0
202005,266,24340, ,Grand Rapids-Kentwood  MI ,139,139,51866,3,6,1510,1,4,625,2,45,3877,118,118,46997,2,4,1040,1,4,625,1,32,2400
202005,266,34740, ,Muskegon  MI ,4,4,809,0,0,0,0,0,0,0,0,0,0,0,0,0,0,0,0,0,0,0,0,0
202005,267,24580, ,Green Bay  WI ,46,46,13611,5,10,1550,0,0,0,5,50,3355,26,26,7378,5,10,1550,0,0,0,3,40,2695
202005,268,15500, ,Burlington  NC ,44,44,11647,0,0,0,0,0,0,0,0,0,44,44,11647,0,0,0,0,0,0,0,0,0
202005,268,24660,C,Greensboro-High Point  NC ,164,164,31445,1,2,195,0,0,0,9,220,14637,159,159,30879,1,2,195,0,0,0,9,220,14637
202005,268,49180, ,Winston-Salem  NC ,164,164,30134,0,0,0,0,0,0,1,7,276,152,152,27410,0,0,0,0,0,0,0,0,0
202005,272,24780, ,Greenville  NC ,33,33,8680,1,2,256,0,0,0,0,0,0,33,33,8680,1,2,256,0,0,0,0,0,0
202005,273,24860, ,Greenville-Anderson  SC ,423,423,112664,14,28,2412,2,8,614,18,262,12850,415,415,111057,14,28,2412,2,8,614,17,253,11839
202005,273,43900, ,Spartanburg  SC ,176,176,26226,0,0,0,0,0,0,0,0,0,176,176,26226,0,0,0,0,0,0,0,0,0
202005,276,23900,C,Gettysburg  PA ,18,18,5557,0,0,0,0,0,0,0,0,0,0,0,0,0,0,0,0,0,0,0,0,0
202005,276,25420,C,Harrisburg-Carlisle  PA ,83,83,17224,1,2,214,3,9,1511,0,0,0,56,56,11087,1,2,214,2,6,741,0,0,0
202005,276,30140, ,Lebanon  PA ,20,20,3907,0,0,0,0,0,0,0,0,0,20,20,3907,0,0,0,0,0,0,0,0,0
202005,276,49620, ,York-Hanover  PA ,14,14,3750,0,0,0,0,0,0,0,0,0,13,13,3450,0,0,0,0,0,0,0,0,0
202005,277,25500,C,Harrisonburg  VA ,27,27,9516,0,0,0,0,0,0,1,9,882,27,27,9516,0,0,0,0,0,0,1,9,882
202005,277,44420, ,Staunton  VA ,13,13,3005,0,0,0,1,3,243,1,15,1620,0,0,0,0,0,0,0,0,0,0,0,0
202005,278,25540,C,Hartford-East Hartford-Middletown  CT ,58,58,13315,3,6,392,0,0,0,2,10,857,30,30,6923,3,6,392,0,0,0,0,0,0
202005,278,35980, ,Norwich-New London  CT ,10,10,2327,0,0,0,0,0,0,3,65,2405,5,5,1300,0,0,0,0,0,0,2,60,1919
202005,279,25620, ,Hattiesburg  MS ,2,2,500,0,0,0,0,0,0,0,0,0,2,2,500,0,0,0,0,0,0,0,0,0
202005,284,26300, ,Hot Springs  AR ,3,3,55,0,0,0,0,0,0,0,0,0,3,3,55,0,0,0,0,0,0,0,0,0
202005,288,26420, ,Houston-The Woodlands-Sugar Land  TX ,3035,3035,635875,28,56,5448,0,0,0,26,1703,251220,2797,2797,580241,28,56,5448,0,0,0,24,1692,250526
202005,290,19460, ,Decatur  AL ,21,21,3910,0,0,0,0,0,0,1,8,800,21,21,3910,0,0,0,0,0,0,1,8,800
202005,290,26620,C,Huntsville  AL ,238,238,39095,0,0,0,0,0,0,0,0,0,108,108,8753,0,0,0,0,0,0,0,0,0
202005,292,26820, ,Idaho Falls  ID ,82,82,13719,0,0,0,1,4,419,0,0,0,82,82,13719,0,0,0,1,4,419,0,0,0
202005,294,18020, ,Columbus  IN ,8,8,2479,0,0,0,0,0,0,0,0,0,8,8,2479,0,0,0,0,0,0,0,0,0
202005,294,26900, ,Indianapolis-Carmel-Anderson  IN ,555,555,163308,19,38,7875,17,66,5882,18,569,85415,494,494,147482,19,38,7875,17,66,5882,16,559,84945
202005,294,34620, ,Muncie  IN ,3,3,306,0,0,0,0,0,0,0,0,0,3,3,306,0,0,0,0,0,0,0,0,0
202005,296,27060, ,Ithaca  NY ,1,1,256,0,0,0,0,0,0,1,5,600,0,0,0,0,0,0,0,0,0,0,0,0
202005,297,27180, ,Jackson  TN ,20,20,4460,0,0,0,0,0,0,0,0,0,20,20,4460,0,0,0,0,0,0,0,0,0
202005,298,27140, ,Jackson  MS ,60,60,14622,0,0,0,0,0,0,1,26,2871,49,49,12112,0,0,0,0,0,0,0,0,0
202005,300,27260,C,Jacksonville  FL ,872,872,204878,0,0,0,0,0,0,9,304,37918,769,769,179797,0,0,0,0,0,0,9,304,37918
202005,304,27740, ,Johnson City  TN ,10,10,1271,0,0,0,1,3,203,0,0,0,10,10,1271,0,0,0,1,3,203,0,0,0
202005,304,28700, ,Kingsport-Bristol  TN-VA ,1,1,236,0,0,0,0,0,0,0,0,0,0,0,0,0,0,0,0,0,0,0,0,0
202005,306,27780, ,Johnstown  PA ,0,0,0,0,0,0,0,0,0,0,0,0,0,0,0,0,0,0,0,0,0,0,0,0
202005,308,27860, ,Jonesboro  AR ,43,43,6369,3,6,413,3,12,619,1,6,345,12,12,1529,0,0,0,0,0,0,0,0,0
202005,309,27900, ,Joplin  MO ,8,8,1443,2,4,266,0,0,0,0,0,0,8,8,1443,2,4,266,0,0,0,0,0,0
202005,310,12980, ,Battle Creek  MI ,0,0,0,0,0,0,0,0,0,0,0,0,0,0,0,0,0,0,0,0,0,0,0,0
202005,310,28020, ,Kalamazoo-Portage  MI ,8,8,2412,0,0,0,0,0,0,0,0,0,0,0,0,0,0,0,0,0,0,0,0,0
202005,312,28140, ,Kansas City  MO-KS ,396,396,114097,10,20,3944,5,19,3702,13,372,52052,349,349,99283,9,18,3750,4,16,3439,12,367,51471
202005,312,29940, ,Lawrence  KS ,14,14,4426,0,0,0,0,0,0,0,0,0,14,14,4426,0,0,0,0,0,0,0,0,0
202005,312,41140, ,St. Joseph  MO-KS ,1,1,300,0,0,0,0,0,0,0,0,0,1,1,300,0,0,0,0,0,0,0,0,0
202005,313,28420,C,Kennewick-Richland  WA ,113,113,34423,1,2,321,0,0,0,0,0,0,81,81,26087,1,2,321,0,0,0,0,0,0
202005,313,47460, ,Walla Walla  WA ,7,7,2500,0,0,0,0,0,0,0,0,0,6,6,2400,0,0,0,0,0,0,0,0,0
202005,315,28940, ,Knoxville  TN ,201,201,45194,1,2,180,1,4,230,2,34,1793,91,91,22123,1,2,180,1,4,230,1,20,872
202005,316,29020, ,Kokomo  IN ,9,9,1701,0,0,0,0,0,0,1,16,1000,9,9,1701,0,0,0,0,0,0,1,16,1000
202005,318,29180, ,Lafayette  LA ,158,158,25750,0,0,0,0,0,0,0,0,0,132,132,21077,0,0,0,0,0,0,0,0,0
202005,320,29200, ,Lafayette-West Lafayette  IN ,58,58,15622,0,0,0,0,0,0,4,70,7556,55,55,15216,0,0,0,0,0,0,3,48,5997
202005,324,29340, ,Lake Charles  LA ,51,51,9300,1,2,97,0,0,0,0,0,0,21,21,3518,0,0,0,0,0,0,0,0,0
202005,332,29820,C,Las Vegas-Henderson-Paradise  NV ,379,379,104889,6,12,2136,4,12,2033,14,342,35196,377,377,104221,6,12,2136,4,12,2033,14,342,35196
202005,336,30460,C,Lexington-Fayette  KY ,100,100,23542,0,0,0,0,0,0,1,63,6854,44,44,11413,0,0,0,0,0,0,0,0,0
202005,338,30620, ,Lima  OH ,1,1,288,0,0,0,0,0,0,0,0,0,0,0,0,0,0,0,0,0,0,0,0,0
202005,339,30700, ,Lincoln  NE ,79,79,17997,1,2,286,0,0,0,1,63,7065,4,4,911,0,0,0,0,0,0,0,0,0
202005,340,30780, ,Little Rock-North Little Rock-Conway  AR ,164,164,27740,1,2,152,0,0,0,10,165,14196,131,131,22154,0,0,0,0,0,0,9,160,14059
202005,340,38220, ,Pine Bluff  AR ,1,1,166,0,0,0,0,0,0,0,0,0,0,0,0,0,0,0,0,0,0,0,0,0
202005,348,31080,C,Los Angeles-Long Beach-Anaheim  CA ,513,513,155418,35,70,15409,4,13,3183,27,624,129703,410,410,111661,31,62,13237,1,3,804,16,527,109123
202005,348,37100, ,Oxnard-Thousand Oaks-Ventura  CA ,2,2,272,0,0,0,0,0,0,1,17,2218,1,1,78,0,0,0,0,0,0,0,0,0
202005,348,40140, ,Riverside-San Bernardino-Ontario  CA ,683,683,171877,1,2,51,1,4,510,5,34,3894,647,647,163431,1,2,51,1,4,510,3,24,3270
202005,350,21060, ,Elizabethtown-Fort Knox  KY ,31,31,6388,2,4,400,4,12,1121,4,24,1977,31,31,6388,2,4,400,4,12,1121,4,24,1977
202005,350,31140, ,Louisville-Jefferson County  KY-IN ,252,252,68304,1,2,320,3,12,675,12,278,24665,122,122,29464,1,2,320,3,12,675,4,96,7200
202005,352,31180, ,Lubbock  TX ,111,111,24618,8,16,1822,0,0,0,6,47,3238,1,1,324,0,0,0,0,0,0,0,0,0
202005,356,31420, ,Macon-Bibb County  GA ,27,27,6107,0,0,0,0,0,0,0,0,0,17,17,4339,0,0,0,0,0,0,0,0,0
202005,356,47580, ,Warner Robins  GA ,88,88,17669,0,0,0,0,0,0,0,0,0,88,88,17669,0,0,0,0,0,0,0,0,0
202005,357,27500, ,Janesville-Beloit  WI ,12,12,3168,0,0,0,0,0,0,0,0,0,7,7,1832,0,0,0,0,0,0,0,0,0
202005,357,31540, ,Madison  WI ,126,126,40054,1,2,235,0,0,0,5,341,40520,118,118,38061,1,2,235,0,0,0,5,341,40520
202005,359,31860, ,Mankato  MN ,8,8,2695,0,0,0,0,0,0,1,62,10000,8,8,2695,0,0,0,0,0,0,1,62,10000
202005,365,32580,C,McAllen-Edinburg-Mission  TX ,185,185,33968,0,0,0,13,51,4493,2,24,1500,133,133,24945,0,0,0,2,7,405,1,12,756
202005,366,32780, ,Medford  OR ,39,39,10505,0,0,0,0,0,0,1,18,2239,39,39,10505,0,0,0,0,0,0,1,18,2239
202005,368,32820, ,Memphis  TN-MS-AR ,274,274,59398,2,4,602,0,0,0,17,332,37168,225,225,48864,2,4,602,0,0,0,17,332,37168
202005,370,33100, ,Miami-Fort Lauderdale-Pompano Beach  FL ,529,529,184903,15,30,3552,6,21,5753,21,1471,168338,461,461,155717,14,28,3402,5,18,4293,16,1387,159526
202005,370,38940, ,Port St. Lucie  FL ,275,275,58756,20,40,1592,0,0,0,0,0,0,275,275,58756,20,40,1592,0,0,0,0,0,0
202005,370,42680, ,Sebastian-Vero Beach  FL ,31,31,15566,0,0,0,0,0,0,0,0,0,31,31,15566,0,0,0,0,0,0,0,0,0
202005,372,33260, ,Midland  TX ,137,137,10214,0,0,0,0,0,0,0,0,0,137,137,10214,0,0,0,0,0,0,0,0,0
202005,372,36220,C,Odessa  TX ,89,89,20748,0,0,0,0,0,0,0,0,0,89,89,20748,0,0,0,0,0,0,0,0,0
202005,376,33340,C,Milwaukee-Waukesha  WI ,106,106,38621,8,16,3268,0,0,0,3,40,3248,62,62,21424,4,8,2155,0,0,0,2,32,3200
202005,376,39540, ,Racine  WI ,10,10,4255,2,4,796,0,0,0,0,0,0,10,10,4255,2,4,796,0,0,0,0,0,0
202005,378,33460, ,Minneapolis-St. Paul-Bloomington  MN-WI ,642,642,196192,10,20,3059,3,12,2303,16,1056,201739,563,563,173692,9,18,2693,3,12,2303,13,1033,199312
202005,378,41060, ,St. Cloud  MN ,0,0,0,0,0,0,0,0,0,0,0,0,0,0,0,0,0,0,0,0,0,0,0,0
202005,380,19300, ,Daphne-Fairhope-Foley  AL ,186,186,36893,1,2,304,0,0,0,1,12,961,79,79,18480,0,0,0,0,0,0,0,0,0
202005,380,33660, ,Mobile  AL ,78,78,15472,0,0,0,0,0,0,0,0,0,45,45,7755,0,0,0,0,0,0,0,0,0
202005,384,33740, ,Monroe  LA ,16,16,3901,0,0,0,0,0,0,0,0,0,16,16,3901,0,0,0,0,0,0,0,0,0
202005,388,33860, ,Montgomery  AL ,68,68,17234,0,0,0,0,0,0,0,0,0,68,68,17234,0,0,0,0,0,0,0,0,0
202005,390,34060, ,Morgantown  WV ,2,2,583,0,0,0,0,0,0,0,0,0,2,2,583,0,0,0,0,0,0,0,0,0
202005,396,34820, ,Myrtle Beach-Conway-North Myrtle Beach  SC-NC ,472,472,86774,2,4,407,0,0,0,1,5,250,105,105,23474,0,0,0,0,0,0,0,0,0
202005,400,34980, ,Nashville-Davidson--Murfreesboro--Franklin  TN ,945,945,242681,2,4,161,0,0,0,16,775,44863,772,772,201518,2,4,161,0,0,0,13,740,41360
202005,406,25220, ,Hammond  LA ,40,40,6753,1,2,180,0,0,0,0,0,0,33,33,5500,0,0,0,0,0,0,0,0,0
202005,406,35380, ,New Orleans-Metairie  LA ,252,252,52785,11,22,2365,1,3,722,1,43,8002,198,198,40738,0,0,0,0,0,0,0,0,0
202005,408,14860,C,Bridgeport-Stamford-Norwalk  CT ,38,38,28009,1,2,152,0,0,0,1,9,2486,31,31,22591,0,0,0,0,0,0,0,0,0
202005,408,20700, ,East Stroudsburg  PA ,5,5,1373,0,0,0,0,0,0,0,0,0,2,2,579,0,0,0,0,0,0,0,0,0
202005,408,28740, ,Kingston  NY ,4,4,798,0,0,0,0,0,0,0,0,0,4,4,798,0,0,0,0,0,0,0,0,0
202005,408,35300, ,New Haven-Milford  CT ,16,16,2278,2,4,460,0,0,0,3,314,26579,1,1,111,2,4,460,0,0,0,2,305,25995
202005,408,35620,C,New York-Newark-Jersey City  NY-NJ-PA ,603,603,148589,26,52,6322,11,34,4717,84,2197,209049,351,351,91623,13,26,3689,2,6,953,26,1074,135728
202005,408,39100, ,Poughkeepsie-Newburgh-Middletown  NY ,12,12,5143,1,2,160,0,0,0,3,54,6984,4,4,3365,0,0,0,0,0,0,0,0,0
202005,408,45940,C,Trenton-Princeton  NJ ,13,13,2640,0,0,0,0,0,0,2,12,706,5,5,961,0,0,0,0,0,0,0,0,0
202005,412,35840,C,North Port-Sarasota-Bradenton  FL ,576,576,155433,11,22,1479,11,36,6775,6,184,21650,572,572,152942,11,22,1479,11,36,6775,6,184,21650
202005,412,39460, ,Punta Gorda  FL ,122,122,36708,1,2,334,1,4,1074,0,0,0,122,122,36708,1,2,334,1,4,1074,0,0,0
202005,416,36420,C,Oklahoma City  OK ,382,382,84537,13,26,2920,1,3,613,1,5,500,327,327,70504,12,24,2740,0,0,0,0,0,0
202005,420,36540, ,Omaha-Council Bluffs  NE-IA ,271,271,55333,1,2,155,1,3,600,0,0,0,240,240,47174,1,2,155,0,0,0,0,0,0
202005,422,19660, ,Deltona-Daytona Beach-Ormond Beach  FL ,292,292,82386,1,2,380,0,0,0,1,21,2596,282,282,78798,1,2,380,0,0,0,0,0,0
202005,422,29460, ,Lakeland-Winter Haven  FL ,373,373,91410,1,2,120,13,52,8289,2,12,1913,258,258,60551,1,2,120,13,52,8289,2,12,1913
202005,422,36740, ,Orlando-Kissimmee-Sanford  FL ,1105,1105,285091,18,36,6558,1,4,945,25,560,56097,993,993,253902,18,36,6558,1,4,945,23,522,52540
202005,422,45540,C,The Villages  FL ,164,164,43008,0,0,0,0,0,0,0,0,0,164,164,43008,0,0,0,0,0,0,0,0,0
202005,425,37620, ,Parkersburg-Vienna  WV ,1,1,125,0,0,0,0,0,0,0,0,0,1,1,125,0,0,0,0,0,0,0,0,0
202005,426,37860,C,Pensacola-Ferry Pass-Brent  FL ,387,387,82061,2,4,155,1,3,115,1,6,719,387,387,82061,2,4,155,1,3,115,1,6,719
202005,428,12100,C,Atlantic City-Hammonton  NJ ,18,18,4488,0,0,0,0,0,0,1,8,956,17,17,3569,0,0,0,0,0,0,0,0,0
202005,428,20100,C,Dover  DE ,109,109,15976,2,4,337,1,4,523,0,0,0,108,108,15761,2,4,337,1,4,523,0,0,0
202005,428,36140,C,Ocean City  NJ ,34,34,7527,6,12,2002,0,0,0,0,0,0,33,33,6557,6,12,2002,0,0,0,0,0,0
202005,428,37980,C,Philadelphia-Camden-Wilmington  PA-NJ-DE-MD ,594,594,115775,8,16,2306,16,57,5982,32,402,44525,317,317,64688,0,0,0,7,26,2091,13,146,14129
202005,428,39740, ,Reading  PA ,2,2,366,0,0,0,0,0,0,0,0,0,1,1,100,0,0,0,0,0,0,0,0,0
202005,428,47220,C,Vineland-Bridgeton  NJ ,4,4,407,0,0,0,0,0,0,0,0,0,4,4,407,0,0,0,0,0,0,0,0,0
202005,429,38060,C,Phoenix-Mesa-Chandler  AZ ,1757,1757,474262,12,24,3095,3,12,3725,13,547,45070,1722,1722,466960,11,22,2835,3,12,3725,11,455,29444
202005,430,38300, ,Pittsburgh  PA ,111,111,33722,3,6,1667,0,0,0,0,0,0,93,93,28911,3,6,1667,0,0,0,0,0,0
202005,430,48260, ,Weirton-Steubenville  WV-OH ,0,0,0,0,0,0,0,0,0,0,0,0,0,0,0,0,0,0,0,0,0,0,0,0
202005,438,30340, ,Lewiston-Auburn  ME ,8,8,1638,0,0,0,0,0,0,0,0,0,6,6,1315,0,0,0,0,0,0,0,0,0
202005,438,38860, ,Portland-South Portland  ME ,110,110,29797,6,12,1577,0,0,0,3,55,5903,42,42,10922,5,10,1110,0,0,0,1,42,4803
202005,440,10540, ,Albany-Lebanon  OR ,22,22,2687,1,2,341,0,0,0,0,0,0,22,22,2687,1,2,341,0,0,0,0,0,0
202005,440,18700, ,Corvallis  OR ,3,3,539,0,0,0,0,0,0,0,0,0,3,3,539,0,0,0,0,0,0,0,0,0
202005,440,31020, ,Longview  WA ,24,24,6343,0,0,0,0,0,0,0,0,0,24,24,6343,0,0,0,0,0,0,0,0,0
202005,440,38900, ,Portland-Vancouver-Hillsboro  OR-WA ,500,500,149048,4,8,1636,0,0,0,6,174,22065,367,367,109023,4,8,1636,0,0,0,6,174,22065
202005,440,41420, ,Salem  OR ,42,42,11461,0,0,0,2,8,952,0,0,0,42,42,11461,0,0,0,2,8,952,0,0,0
202005,444,39380,C,Pueblo  CO ,42,42,6396,0,0,0,0,0,0,0,0,0,42,42,6396,0,0,0,0,0,0,0,0,0
202005,450,20500,C,Durham-Chapel Hill  NC ,287,287,64919,0,0,0,1,3,750,2,149,22575,88,88,24312,0,0,0,0,0,0,0,0,0
202005,450,39580,C,Raleigh-Cary  NC ,957,957,224580,0,0,0,0,0,0,1,41,4602,943,943,222193,0,0,0,0,0,0,0,0,0
202005,452,39660, ,Rapid City  SD ,26,26,5910,0,0,0,0,0,0,1,12,1000,26,26,5910,0,0,0,0,0,0,1,12,1000
202005,454,39820, ,Redding  CA ,18,18,5239,0,0,0,0,0,0,0,0,0,18,18,5239,0,0,0,0,0,0,0,0,0
202005,456,16180,C,Carson City  NV ,12,12,3194,0,0,0,0,0,0,1,5,499,0,0,0,0,0,0,0,0,0,0,0,0
202005,456,39900,C,Reno  NV ,150,150,41056,2,4,414,1,4,539,7,143,18746,29,29,6668,0,0,0,0,0,0,0,0,0
202005,462,40340, ,Rochester  MN ,23,23,6261,0,0,0,0,0,0,0,0,0,23,23,6261,0,0,0,0,0,0,0,0,0
202005,464,40380, ,Rochester  NY ,87,87,21974,0,0,0,2,6,780,3,27,2980,78,78,20630,0,0,0,1,3,540,1,8,650
202005,466,40420, ,Rockford  IL ,4,4,976,0,0,0,0,0,0,0,0,0,4,4,976,0,0,0,0,0,0,0,0,0
202005,472,40900,C,Sacramento-Roseville-Folsom  CA ,331,331,105846,0,0,0,1,4,819,18,738,119877,324,324,103662,0,0,0,1,4,819,18,738,119877
202005,474,13020, ,Bay City  MI ,0,0,0,0,0,0,0,0,0,0,0,0,0,0,0,0,0,0,0,0,0,0,0,0
202005,474,33220, ,Midland  MI ,4,4,428,0,0,0,0,0,0,0,0,0,4,4,428,0,0,0,0,0,0,0,0,0
202005,474,40980, ,Saginaw  MI ,1,1,200,0,0,0,0,0,0,0,0,0,1,1,200,0,0,0,0,0,0,0,0,0
202005,476,41180, ,St. Louis  MO-IL ,427,427,115300,2,4,711,0,0,0,5,104,10093,346,346,86516,2,4,711,0,0,0,4,89,8630
202005,480,41540, ,Salisbury  MD-DE ,215,215,29782,3,6,880,5,20,2080,0,0,0,209,209,28608,3,6,880,5,20,2080,0,0,0
202005,482,36260, ,Ogden-Clearfield  UT ,235,235,63144,2,4,589,4,16,2433,6,110,13415,199,199,53030,2,4,589,3,12,1649,3,95,11430
202005,482,39340, ,Provo-Orem  UT ,461,461,136561,0,0,0,3,9,357,4,23,3770,381,381,113482,0,0,0,3,9,357,4,23,3770
202005,482,41620, ,Salt Lake City  UT ,372,372,102625,1,2,150,1,4,705,8,400,69721,295,295,86407,0,0,0,0,0,0,7,395,68715
202005,484,41700,C,San Antonio-New Braunfels  TX ,787,787,178304,1,2,247,4,16,2093,4,379,19406,697,697,161391,1,2,247,4,16,2093,4,379,19406
202005,488,32900, ,Merced  CA ,10,10,2775,0,0,0,0,0,0,0,0,0,10,10,2775,0,0,0,0,0,0,0,0,0
202005,488,33700, ,Modesto  CA ,1,1,184,0,0,0,0,0,0,0,0,0,0,0,0,0,0,0,0,0,0,0,0,0
202005,488,41860,C,San Francisco-Oakland-Berkeley  CA ,231,231,91917,1,2,576,3,9,3474,17,1265,339950,97,97,46503,0,0,0,3,9,3474,9,1158,318341
202005,488,41940,C,San Jose-Sunnyvale-Santa Clara  CA ,125,125,43971,1,2,593,1,3,745,3,67,13898,59,59,19566,0,0,0,0,0,0,0,0,0
202005,488,42100, ,Santa Cruz-Watsonville  CA ,8,8,1723,0,0,0,0,0,0,1,8,814,0,0,0,0,0,0,0,0,0,0,0,0
202005,488,42220, ,Santa Rosa-Petaluma  CA ,100,100,20561,0,0,0,0,0,0,1,41,10000,85,85,16945,0,0,0,0,0,0,1,41,10000
202005,488,44700, ,Stockton  CA ,135,135,40734,0,0,0,0,0,0,0,0,0,108,108,31559,0,0,0,0,0,0,0,0,0
202005,488,46700, ,Vallejo  CA ,43,43,12262,0,0,0,0,0,0,0,0,0,43,43,12262,0,0,0,0,0,0,0,0,0
202005,496,25980, ,Hinesville  GA ,29,29,6304,0,0,0,0,0,0,0,0,0,29,29,6304,0,0,0,0,0,0,0,0,0
202005,496,42340, ,Savannah  GA ,201,201,44026,0,0,0,0,0,0,0,0,0,126,126,25138,0,0,0,0,0,0,0,0,0
202005,500,14740,C,Bremerton-Silverdale-Port Orchard  WA ,113,113,32130,0,0,0,0,0,0,0,0,0,113,113,32130,0,0,0,0,0,0,0,0,0
202005,500,34580, ,Mount Vernon-Anacortes  WA ,33,33,8922,0,0,0,0,0,0,0,0,0,33,33,8922,0,0,0,0,0,0,0,0,0
202005,500,36500, ,Olympia-Lacey-Tumwater  WA ,57,57,15755,1,2,435,0,0,0,1,5,213,52,52,14691,1,2,435,0,0,0,0,0,0
202005,500,42660,C,Seattle-Tacoma-Bellevue  WA ,689,689,225517,32,64,15788,18,66,13132,32,2085,280320,580,580,183190,29,58,14291,17,63,12130,23,1888,258886
202005,508,43340,C,Shreveport-Bossier City  LA ,102,102,19103,0,0,0,0,0,0,0,0,0,78,78,13559,0,0,0,0,0,0,0,0,0
202005,515,21140, ,Elkhart-Goshen  IN ,24,24,5569,0,0,0,0,0,0,0,0,0,24,24,5569,0,0,0,0,0,0,0,0,0
202005,515,35660, ,Niles  MI ,2,2,598,0,0,0,0,0,0,0,0,0,0,0,0,0,0,0,0,0,0,0,0,0
202005,515,43780, ,South Bend-Mishawaka  IN-MI ,17,17,4598,0,0,0,0,0,0,0,0,0,17,17,4598,0,0,0,0,0,0,0,0,0
202005,518,17660, ,Coeur dAlene  ID ,97,97,27977,4,8,1137,1,3,270,3,48,4360,97,97,27977,4,8,1137,1,3,270,3,48,4360
202005,518,44060, ,Spokane-Spokane Valley  WA ,121,121,32536,4,8,1463,0,0,0,11,312,45884,102,102,27481,4,8,1463,0,0,0,10,304,44979
202005,522,44100, ,Springfield  IL ,5,5,1534,2,4,714,0,0,0,1,7,292,0,0,0,0,0,0,0,0,0,0,0,0
202005,524,44300, ,State College  PA ,33,33,10369,0,0,0,0,0,0,0,0,0,33,33,10369,0,0,0,0,0,0,0,0,0
202005,532,45060, ,Syracuse  NY ,26,26,6636,0,0,0,0,0,0,0,0,0,23,23,5844,0,0,0,0,0,0,0,0,0
202005,534,45780, ,Toledo  OH ,51,51,12316,0,0,0,2,8,720,1,53,6231,50,50,12203,0,0,0,2,8,720,1,53,6231
202005,536,46060,C,Tucson  AZ ,313,313,95532,1,2,237,0,0,0,3,54,8113,245,245,78089,0,0,0,0,0,0,0,0,0
202005,538,46140,C,Tulsa  OK ,253,253,53743,1,2,360,0,0,0,1,5,385,249,249,52827,1,2,360,0,0,0,0,0,0
202005,540,46340, ,Tyler  TX ,18,18,4196,2,4,494,0,0,0,1,5,599,18,18,4196,2,4,494,0,0,0,1,5,599
202005,545,47260, ,Virginia Beach-Norfolk-Newport News  VA-NC ,372,372,80239,0,0,0,1,4,675,1,6,1015,356,356,78969,0,0,0,1,4,675,1,6,1015
202005,548,12580,C,Baltimore-Columbia-Towson  MD ,329,329,68913,0,0,0,0,0,0,3,333,65257,328,328,68510,0,0,0,0,0,0,3,333,65257
202005,548,15680,C,California-Lexington Park  MD ,52,52,11775,0,0,0,0,0,0,1,5,896,9,9,2797,0,0,0,0,0,0,0,0,0
202005,548,16540,C,Chambersburg-Waynesboro  PA ,22,22,5176,6,12,922,1,4,531,1,5,645,21,21,4913,6,12,922,1,4,531,0,0,0
202005,548,25180, ,Hagerstown-Martinsburg  MD-WV ,108,108,22757,0,0,0,0,0,0,0,0,0,100,100,21562,0,0,0,0,0,0,0,0,0
202005,548,47900, ,Washington-Arlington-Alexandria  DC-VA-MD-WV ,832,832,204031,3,6,741,0,0,0,16,905,164661,675,675,163639,3,6,741,0,0,0,12,844,157455
202005,548,49020, ,Winchester  VA-WV ,45,45,8257,0,0,0,0,0,0,0,0,0,45,45,8257,0,0,0,0,0,0,0,0,0
202005,554,48140, ,Wausau-Weston  WI ,16,16,3390,0,0,0,0,0,0,1,8,500,5,5,1363,0,0,0,0,0,0,1,8,500
202005,556,48620, ,Wichita  KS ,78,78,17996,10,20,1692,1,4,700,1,14,980,28,28,8625,1,2,270,1,4,700,0,0,0
202005,558,48700, ,Williamsport  PA ,0,0,0,0,0,0,0,0,0,0,0,0,0,0,0,0,0,0,0,0,0,0,0,0
202005,566,49660, ,Youngstown-Warren-Boardman  OH-PA ,18,18,3696,0,0,0,0,0,0,0,0,0,18,18,3696,0,0,0,0,0,0,0,0,0
202005,999,10180, ,Abilene  TX ,20,20,4182,0,0,0,0,0,0,0,0,0,20,20,4182,0,0,0,0,0,0,0,0,0
202005,999,10500, ,Albany  GA ,8,8,1183,0,0,0,0,0,0,1,18,2687,6,6,773,0,0,0,0,0,0,0,0,0
202005,999,10780, ,Alexandria  LA ,18,18,4536,0,0,0,0,0,0,0,0,0,12,12,2954,0,0,0,0,0,0,0,0,0
202005,999,10900, ,Allentown-Bethlehem-Easton  PA-NJ ,43,43,9878,0,0,0,0,0,0,3,21,2671,34,34,8328,0,0,0,0,0,0,2,16,2188
202005,999,11260,C,Anchorage  AK ,58,58,18054,2,4,691,1,3,521,1,12,1897,1,1,198,2,4,691,0,0,0,0,0,0
202005,999,11500, ,Anniston-Oxford  AL ,4,4,604,0,0,0,0,0,0,0,0,0,4,4,604,0,0,0,0,0,0,0,0,0
202005,999,12260, ,Augusta-Richmond County  GA-SC ,211,211,42969,0,0,0,2,8,477,0,0,0,85,85,17896,0,0,0,2,8,477,0,0,0
202005,999,12420, ,Austin-Round Rock-Georgetown  TX ,1412,1412,318755,13,26,861,8,24,1706,32,1473,134581,1162,1162,266322,11,22,485,6,18,1487,32,1473,134581
202005,999,12540, ,Bakersfield  CA ,105,105,28663,0,0,0,1,3,213,0,0,0,8,8,1794,0,0,0,0,0,0,0,0,0
202005,999,12620, ,Bangor  ME ,10,10,2448,1,2,304,1,3,375,0,0,0,8,8,1884,1,2,304,0,0,0,0,0,0
202005,999,12940, ,Baton Rouge  LA ,268,268,56674,0,0,0,0,0,0,0,0,0,125,125,30640,0,0,0,0,0,0,0,0,0
202005,999,13140, ,Beaumont-Port Arthur  TX ,54,54,10815,0,0,0,0,0,0,0,0,0,46,46,9419,0,0,0,0,0,0,0,0,0
202005,999,13220,C,Beckley  WV ,7,7,1111,0,0,0,0,0,0,0,0,0,7,7,1111,0,0,0,0,0,0,0,0,0
202005,999,13380, ,Bellingham  WA ,52,52,14397,1,2,431,1,4,744,3,159,16177,21,21,5755,0,0,0,1,4,744,3,159,16177
202005,999,13740, ,Billings  MT ,22,22,6233,3,6,1277,10,38,4365,11,61,5820,22,22,6233,3,6,1277,10,38,4365,11,61,5820
202005,999,13780, ,Binghamton  NY ,3,3,745,0,0,0,0,0,0,0,0,0,3,3,745,0,0,0,0,0,0,0,0,0
202005,999,13900, ,Bismarck  ND ,40,40,11856,0,0,0,0,0,0,0,0,0,39,39,11718,0,0,0,0,0,0,0,0,0
202005,999,13980, ,Blacksburg-Christiansburg  VA ,0,0,0,0,0,0,0,0,0,4,447,87945,0,0,0,0,0,0,0,0,0,4,447,87945
202005,999,15260, ,Brunswick  GA ,30,30,10393,0,0,0,0,0,0,0,0,0,27,27,9766,0,0,0,0,0,0,0,0,0
202005,999,16220, ,Casper  WY ,7,7,1648,0,0,0,0,0,0,0,0,0,6,6,1527,0,0,0,0,0,0,0,0,0
202005,999,16580, ,Champaign-Urbana  IL ,6,6,1575,0,0,0,0,0,0,1,59,7559,0,0,0,0,0,0,0,0,0,0,0,0
202005,999,16700,C,Charleston-North Charleston  SC ,371,371,114224,0,0,0,1,3,238,7,151,8955,111,111,52838,0,0,0,0,0,0,0,0,0
202005,999,16820, ,Charlottesville  VA ,63,63,12616,2,4,925,0,0,0,0,0,0,58,58,10885,1,2,545,0,0,0,0,0,0
202005,999,16940, ,Cheyenne  WY ,35,35,6728,0,0,0,0,0,0,0,0,0,23,23,4175,0,0,0,0,0,0,0,0,0
202005,999,17020, ,Chico  CA ,21,21,5326,1,2,314,0,0,0,0,0,0,21,21,5326,1,2,314,0,0,0,0,0,0
202005,999,17300,C,Clarksville  TN-KY ,289,289,33208,5,10,445,1,4,387,1,5,575,222,222,20551,5,10,445,0,0,0,0,0,0
202005,999,17780, ,College Station-Bryan  TX ,95,95,19832,0,0,0,0,0,0,2,78,6788,95,95,19832,0,0,0,0,0,0,2,78,6788
202005,999,17820,C,Colorado Springs  CO ,363,363,134273,0,0,0,0,0,0,0,0,0,356,356,132500,0,0,0,0,0,0,0,0,0
202005,999,18880,C,Crestview-Fort Walton Beach-Destin  FL ,136,136,57869,1,2,500,0,0,0,4,120,17615,122,122,54128,1,2,500,0,0,0,4,120,17615
202005,999,19060, ,Cumberland  MD-WV ,5,5,1045,0,0,0,0,0,0,0,0,0,5,5,1045,0,0,0,0,0,0,0,0,0
202005,999,19180, ,Danville  IL ,0,0,0,0,0,0,0,0,0,0,0,0,0,0,0,0,0,0,0,0,0,0,0,0
202005,999,19500, ,Decatur  IL ,2,2,555,0,0,0,0,0,0,0,0,0,2,2,555,0,0,0,0,0,0,0,0,0
202005,999,20220, ,Dubuque  IA ,8,8,3034,2,4,560,0,0,0,1,24,1495,6,6,2466,2,4,560,0,0,0,1,24,1495
202005,999,20260, ,Duluth  MN-WI ,7,7,849,0,0,0,0,0,0,0,0,0,7,7,849,0,0,0,0,0,0,0,0,0
202005,999,20940, ,El Centro  CA ,22,22,4435,0,0,0,0,0,0,1,6,280,9,9,1886,0,0,0,0,0,0,1,6,280
202005,999,21420, ,Enid  OK ,0,0,0,0,0,0,0,0,0,0,0,0,0,0,0,0,0,0,0,0,0,0,0,0
202005,999,21660, ,Eugene-Springfield  OR ,44,44,10788,0,0,0,0,0,0,0,0,0,26,26,6289,0,0,0,0,0,0,0,0,0
202005,999,21780, ,Evansville  IN-KY ,53,53,12288,1,2,247,0,0,0,0,0,0,42,42,10183,0,0,0,0,0,0,0,0,0
202005,999,21820,C,Fairbanks  AK ,1,1,348,0,0,0,0,0,0,0,0,0,0,0,0,0,0,0,0,0,0,0,0,0
202005,999,22140,C,Farmington  NM ,3,3,653,0,0,0,0,0,0,0,0,0,3,3,653,0,0,0,0,0,0,0,0,0
202005,999,22220, ,Fayetteville-Springdale-Rogers  AR-MO ,305,305,76290,23,46,4888,2,8,1530,6,51,5361,245,245,62556,23,46,4888,2,8,1530,3,17,2543
202005,999,22380, ,Flagstaff  AZ ,29,29,8738,0,0,0,0,0,0,0,0,0,29,29,8738,0,0,0,0,0,0,0,0,0
202005,999,22500, ,Florence  SC ,45,45,6056,0,0,0,0,0,0,3,32,3120,1,1,120,0,0,0,0,0,0,0,0,0
202005,999,22520, ,Florence-Muscle Shoals  AL ,16,16,1828,0,0,0,0,0,0,0,0,0,5,5,527,0,0,0,0,0,0,0,0,0
202005,999,22540, ,Fond du Lac  WI ,4,4,975,0,0,0,0,0,0,1,7,496,1,1,240,0,0,0,0,0,0,0,0,0
202005,999,22660,C,Fort Collins  CO ,146,146,42453,0,0,0,0,0,0,4,54,10940,146,146,42453,0,0,0,0,0,0,4,54,10940
202005,999,22900, ,Fort Smith  AR-OK ,17,17,3013,4,8,624,10,30,2927,0,0,0,14,14,2707,3,6,454,10,30,2927,0,0,0
202005,999,23460, ,Gadsden  AL ,4,4,696,0,0,0,0,0,0,0,0,0,4,4,696,0,0,0,0,0,0,0,0,0
202005,999,24220, ,Grand Forks  ND-MN ,28,28,7017,0,0,0,0,0,0,0,0,0,28,28,7017,0,0,0,0,0,0,0,0,0
202005,999,24260, ,Grand Island  NE ,8,8,1363,0,0,0,0,0,0,0,0,0,8,8,1363,0,0,0,0,0,0,0,0,0
202005,999,24300,C,Grand Junction  CO ,53,53,8480,1,2,120,0,0,0,0,0,0,53,53,8480,1,2,120,0,0,0,0,0,0
202005,999,24500,C,Great Falls  MT ,10,10,2627,0,0,0,0,0,0,1,12,925,10,10,2627,0,0,0,0,0,0,1,12,925
202005,999,25060, ,Gulfport-Biloxi  MS ,194,194,35065,1,2,245,1,4,401,12,273,22410,124,124,24129,0,0,0,0,0,0,11,264,21648
202005,999,25860, ,Hickory-Lenoir-Morganton  NC ,1,1,151,0,0,0,0,0,0,2,10,557,0,0,0,0,0,0,0,0,0,0,0,0
202005,999,25940, ,Hilton Head Island-Bluffton  SC ,47,47,18250,0,0,0,0,0,0,0,0,0,23,23,6015,0,0,0,0,0,0,0,0,0
202005,999,26140, ,Homosassa Springs  FL ,54,54,11133,0,0,0,0,0,0,1,5,432,0,0,0,0,0,0,0,0,0,0,0,0
202005,999,26380, ,Houma-Thibodaux  LA ,27,27,6788,0,0,0,0,0,0,0,0,0,16,16,3788,0,0,0,0,0,0,0,0,0
202005,999,27100, ,Jackson  MI ,8,8,1902,0,0,0,0,0,0,0,0,0,8,8,1902,0,0,0,0,0,0,0,0,0
202005,999,27340,C,Jacksonville  NC ,100,100,15252,0,0,0,0,0,0,0,0,0,100,100,15252,0,0,0,0,0,0,0,0,0
202005,999,27980,C,Kahului-Wailuku-Lahaina  HI ,26,26,8717,0,0,0,0,0,0,0,0,0,26,26,8717,0,0,0,0,0,0,0,0,0
202005,999,28660,C,Killeen-Temple  TX ,180,180,33636,18,36,3186,8,32,2644,4,76,7021,174,174,32297,18,36,3186,8,32,2644,4,76,7021
202005,999,29100, ,La Crosse-Onalaska  WI-MN ,18,18,5680,1,2,260,0,0,0,0,0,0,18,18,5680,1,2,260,0,0,0,0,0,0
202005,999,29420, ,Lake Havasu City-Kingman  AZ ,128,128,21569,1,2,311,0,0,0,0,0,0,128,128,21569,1,2,311,0,0,0,0,0,0
202005,999,29540, ,Lancaster  PA ,7,7,1948,1,2,216,0,0,0,0,0,0,5,5,1452,0,0,0,0,0,0,0,0,0
202005,999,29620, ,Lansing-East Lansing  MI ,11,11,2870,0,0,0,0,0,0,1,5,568,1,1,113,0,0,0,0,0,0,0,0,0
202005,999,29700, ,Laredo  TX ,95,95,14204,1,2,90,0,0,0,0,0,0,95,95,14204,1,2,90,0,0,0,0,0,0
202005,999,30020, ,Lawton  OK ,5,5,1955,0,0,0,0,0,0,0,0,0,5,5,1955,0,0,0,0,0,0,0,0,0
202005,999,30300, ,Lewiston  ID-WA ,0,0,0,0,0,0,0,0,0,0,0,0,0,0,0,0,0,0,0,0,0,0,0,0
202005,999,30860, ,Logan  UT-ID ,28,28,7025,0,0,0,0,0,0,0,0,0,28,28,7025,0,0,0,0,0,0,0,0,0
202005,999,30980, ,Longview  TX ,12,12,2357,0,0,0,0,0,0,0,0,0,0,0,0,0,0,0,0,0,0,0,0,0
202005,999,31340, ,Lynchburg  VA ,16,16,4056,0,0,0,0,0,0,1,28,1750,13,13,3360,0,0,0,0,0,0,1,28,1750
202005,999,31740, ,Manhattan  KS ,14,14,4181,0,0,0,0,0,0,1,50,7800,13,13,3921,0,0,0,0,0,0,1,50,7800
202005,999,33540,C,Missoula  MT ,24,24,5314,0,0,0,0,0,0,0,0,0,24,24,5314,0,0,0,0,0,0,0,0,0
202005,999,36100, ,Ocala  FL ,232,232,48485,0,0,0,0,0,0,0,0,0,232,232,48485,0,0,0,0,0,0,0,0,0
202005,999,36980, ,Owensboro  KY ,21,21,2345,0,0,0,1,3,185,0,0,0,21,21,2345,0,0,0,1,3,185,0,0,0
202005,999,37340, ,Palm Bay-Melbourne-Titusville  FL ,207,207,64986,0,0,0,0,0,0,0,0,0,207,207,64986,0,0,0,0,0,0,0,0,0
202005,999,37460, ,Panama City  FL ,67,67,18718,0,0,0,0,0,0,5,33,1000,16,16,5601,0,0,0,0,0,0,0,0,0
202005,999,37900, ,Peoria  IL ,4,4,1500,0,0,0,0,0,0,0,0,0,1,1,435,0,0,0,0,0,0,0,0,0
202005,999,38340, ,Pittsfield  MA ,0,0,0,0,0,0,0,0,0,0,0,0,0,0,0,0,0,0,0,0,0,0,0,0
202005,999,38540, ,Pocatello  ID ,18,18,3404,0,0,0,0,0,0,1,24,1450,12,12,2806,0,0,0,0,0,0,1,24,1450
202005,999,39150, ,Prescott Valley-Prescott  AZ ,75,75,25077,2,4,667,0,0,0,0,0,0,75,75,25077,2,4,667,0,0,0,0,0,0
202005,999,40060, ,Richmond  VA ,363,363,70319,18,36,1724,8,31,3395,7,647,56301,352,352,68636,18,36,1724,8,31,3395,6,642,55870
202005,999,41100, ,St. George  UT ,158,158,28017,0,0,0,0,0,0,10,160,25120,158,158,28017,0,0,0,0,0,0,10,160,25120
202005,999,41500, ,Salinas  CA ,13,13,3106,0,0,0,0,0,0,1,49,1100,12,12,2892,0,0,0,0,0,0,1,49,1100
202005,999,41660,C,San Angelo  TX ,11,11,2300,0,0,0,0,0,0,0,0,0,11,11,2300,0,0,0,0,0,0,0,0,0
202005,999,41740,C,San Diego-Chula Vista-Carlsbad  CA ,141,141,36167,0,0,0,0,0,0,11,234,38800,124,124,32387,0,0,0,0,0,0,8,191,34526
202005,999,42020, ,San Luis Obispo-Paso Robles  CA ,17,17,6565,0,0,0,0,0,0,0,0,0,17,17,6565,0,0,0,0,0,0,0,0,0
202005,999,42200, ,Santa Maria-Santa Barbara  CA ,16,16,9210,0,0,0,0,0,0,0,0,0,16,16,9210,0,0,0,0,0,0,0,0,0
202005,999,42540, ,Scranton--Wilkes-Barre  PA ,2,2,394,0,0,0,0,0,0,0,0,0,1,1,150,0,0,0,0,0,0,0,0,0
202005,999,43100, ,Sheboygan  WI ,2,2,554,0,0,0,0,0,0,0,0,0,0,0,0,0,0,0,0,0,0,0,0,0
202005,999,43420, ,Sierra Vista-Douglas  AZ ,20,20,3360,0,0,0,0,0,0,0,0,0,20,20,3360,0,0,0,0,0,0,0,0,0
202005,999,43580, ,Sioux City  IA-NE-SD ,10,10,2801,0,0,0,1,3,0,0,0,0,1,1,240,0,0,0,0,0,0,0,0,0
202005,999,43620, ,Sioux Falls  SD ,117,117,25803,0,0,0,1,4,205,2,172,15509,116,116,25571,0,0,0,1,4,205,2,172,15509
202005,999,44140, ,Springfield  MA ,3,3,610,0,0,0,0,0,0,0,0,0,1,1,215,0,0,0,0,0,0,0,0,0
202005,999,44180, ,Springfield  MO ,63,63,14635,3,6,611,0,0,0,0,0,0,55,55,13133,2,4,360,0,0,0,0,0,0
202005,999,44940, ,Sumter  SC ,14,14,1897,0,0,0,0,0,0,0,0,0,14,14,1897,0,0,0,0,0,0,0,0,0
202005,999,45220, ,Tallahassee  FL ,83,83,15105,0,0,0,0,0,0,4,102,13105,30,30,4630,0,0,0,0,0,0,0,0,0
202005,999,45300,C,Tampa-St. Petersburg-Clearwater  FL ,1177,1177,337257,4,8,918,2,8,1573,15,88,15297,1164,1164,333727,3,6,533,2,8,1573,13,78,12586
202005,999,45460, ,Terre Haute  IN ,2,2,380,0,0,0,0,0,0,0,0,0,2,2,380,0,0,0,0,0,0,0,0,0
202005,999,45500, ,Texarkana  TX-AR ,3,3,847,0,0,0,0,0,0,0,0,0,3,3,847,0,0,0,0,0,0,0,0,0
202005,999,45820, ,Topeka  KS ,24,24,5375,0,0,0,0,0,0,0,0,0,24,24,5375,0,0,0,0,0,0,0,0,0
202005,999,46220, ,Tuscaloosa  AL ,36,36,8810,1,2,475,4,15,961,1,56,10286,11,11,3007,0,0,0,0,0,0,0,0,0
202005,999,46300, ,Twin Falls  ID ,51,51,7697,3,6,545,0,0,0,2,16,1342,45,45,6198,3,6,545,0,0,0,2,16,1342
202005,999,46520,C,Urban Honolulu  HI ,62,62,25433,0,0,0,0,0,0,3,94,17604,0,0,0,0,0,0,0,0,0,0,0,0
202005,999,46540, ,Utica-Rome  NY ,1,1,185,1,2,200,0,0,0,0,0,0,1,1,185,1,2,200,0,0,0,0,0,0
202005,999,46660, ,Valdosta  GA ,80,80,15077,1,2,133,0,0,0,0,0,0,38,38,7993,0,0,0,0,0,0,0,0,0
202005,999,47300, ,Visalia  CA ,70,70,18714,2,4,430,3,11,1398,0,0,0,70,70,18714,2,4,430,3,11,1398,0,0,0
202005,999,47380, ,Waco  TX ,29,29,6063,2,4,375,0,0,0,0,0,0,29,29,6063,2,4,375,0,0,0,0,0,0
202005,999,47940, ,Waterloo-Cedar Falls  IA ,7,7,1722,0,0,0,0,0,0,0,0,0,7,7,1722,0,0,0,0,0,0,0,0,0
202005,999,48060, ,Watertown-Fort Drum  NY ,15,15,429,0,0,0,0,0,0,0,0,0,14,14,249,0,0,0,0,0,0,0,0,0
202005,999,48300, ,Wenatchee  WA ,30,30,6497,0,0,0,0,0,0,1,5,315,11,11,3111,0,0,0,0,0,0,1,5,315
202005,999,48540, ,Wheeling  WV-OH ,0,0,0,0,0,0,0,0,0,0,0,0,0,0,0,0,0,0,0,0,0,0,0,0
202005,999,48660, ,Wichita Falls  TX ,0,0,0,3,6,700,0,0,0,0,0,0,0,0,0,3,6,700,0,0,0,0,0,0
202005,999,48900, ,Wilmington  NC ,102,102,32736,0,0,0,0,0,0,5,129,15364,0,0,0,0,0,0,0,0,0,0,0,0
202005,999,49420, ,Yakima  WA ,37,37,9487,1,2,344,1,3,403,0,0,0,37,37,9487,1,2,344,1,3,403,0,0,0
202005,999,49740, ,Yuma  AZ ,80,80,12793,2,4,962,0,0,0,0,0,0,77,77,12243,2,4,962,0,0,0,0,0,0
