Survey,CSA,CBSA,MONCOV,CBSA,,1-unit,,,2-units,,,3-4 units,,,5+ units,,,1-unit rep,,,2-units rep,,,3-4 units rep,,,5+ units rep
Date,Code,Code,,Name,Bldgs,Units,Value,Bldgs,Units,Value,Bldgs,Units,Value,Bldgs,Units,Value,Bldgs,Units,Value,Bldgs,Units,Value,      Bldgs,Units,Value,Bldgs,Units,Value
 
202003,104,10580,C,Albany-Schenectady-Troy  NY ,93,93,25114,0,0,0,1,3,450,9,106,9223,44,44,11571,0,0,0,0,0,0,5,85,6672
202003,104,24020, ,Glens Falls  NY ,11,11,2619,0,0,0,0,0,0,0,0,0,4,4,975,0,0,0,0,0,0,0,0,0
202003,106,10740,C,Albuquerque  NM ,184,184,46229,0,0,0,0,0,0,1,7,292,125,125,33179,0,0,0,0,0,0,0,0,0
202003,106,42140,C,Santa Fe  NM ,35,35,9110,0,0,0,0,0,0,0,0,0,35,35,9110,0,0,0,0,0,0,0,0,0
202003,107,11020, ,Altoona  PA ,0,0,0,0,0,0,0,0,0,0,0,0,0,0,0,0,0,0,0,0,0,0,0,0
202003,108,11100, ,Amarillo  TX ,29,29,6886,0,0,0,0,0,0,0,0,0,29,29,6886,0,0,0,0,0,0,0,0,0
202003,118,11540, ,Appleton  WI ,26,26,6595,5,10,2100,0,0,0,0,0,0,19,19,4809,5,10,2100,0,0,0,0,0,0
202003,118,36780, ,Oshkosh-Neenah  WI ,19,19,5041,0,0,0,0,0,0,5,60,3618,19,19,5041,0,0,0,0,0,0,5,60,3618
202003,120,11700, ,Asheville  NC ,195,195,55278,0,0,0,0,0,0,3,19,3180,57,57,14096,0,0,0,0,0,0,0,0,0
202003,122,12020, ,Athens-Clarke County  GA ,40,40,11923,7,14,1859,23,87,8858,0,0,0,40,40,11923,7,14,1859,23,87,8858,0,0,0
202003,122,12060, ,Atlanta-Sandy Springs-Alpharetta  GA ,2100,2100,483275,3,6,1225,7,22,4391,11,88,9849,1678,1678,397827,3,6,1225,7,22,4391,8,44,6067
202003,122,23580, ,Gainesville  GA ,70,70,17716,0,0,0,0,0,0,0,0,0,70,70,17716,0,0,0,0,0,0,0,0,0
202003,122,40660,C,Rome  GA ,23,23,4949,0,0,0,0,0,0,0,0,0,23,23,4949,0,0,0,0,0,0,0,0,0
202003,140,13460,C,Bend  OR ,147,147,36639,2,4,306,0,0,0,1,14,1100,147,147,36639,2,4,306,0,0,0,1,14,1100
202003,142,13820,C,Birmingham-Hoover  AL ,266,266,72365,2,4,495,0,0,0,2,18,1910,108,108,25406,0,0,0,0,0,0,0,0,0
202003,144,14020,C,Bloomington  IN ,24,24,6289,2,4,538,0,0,0,1,9,1036,7,7,1895,0,0,0,0,0,0,0,0,0
202003,145,14010, ,Bloomington  IL ,7,7,1544,0,0,0,0,0,0,0,0,0,7,7,1544,0,0,0,0,0,0,0,0,0
202003,146,14100,C,Bloomsburg-Berwick  PA ,7,7,1756,0,0,0,0,0,0,1,5,659,5,5,1200,0,0,0,0,0,0,0,0,0
202003,147,14260,C,Boise City  ID ,628,628,148784,9,18,2355,2,7,296,7,110,10643,428,428,97716,9,18,2355,1,4,80,0,0,0
202003,148,12700, ,Barnstable Town  MA ,5,5,1992,0,0,0,0,0,0,0,0,0,1,1,73,0,0,0,0,0,0,0,0,0
202003,148,14460,C,Boston-Cambridge-Newton  MA-NH ,391,391,109266,64,128,20118,10,32,5099,34,505,105642,147,147,44561,54,108,15909,5,17,2577,10,263,71515
202003,148,31700, ,Manchester-Nashua  NH ,22,22,4618,1,2,277,0,0,0,1,5,631,8,8,2373,0,0,0,0,0,0,0,0,0
202003,148,39300,C,Providence-Warwick  RI-MA ,135,135,31439,4,8,952,4,14,1285,0,0,0,67,67,17195,1,2,180,3,11,985,0,0,0
202003,148,49340, ,Worcester  MA-CT ,13,13,3066,0,0,0,0,0,0,1,5,90,6,6,1700,0,0,0,0,0,0,0,0,0
202003,150,14540, ,Bowling Green  KY ,54,54,12823,0,0,0,0,0,0,0,0,0,54,54,12823,0,0,0,0,0,0,0,0,0
202003,154,15180, ,Brownsville-Harlingen  TX ,97,97,9830,0,0,0,0,0,0,0,0,0,0,0,0,0,0,0,0,0,0,0,0,0
202003,160,15380,C,Buffalo-Cheektowaga  NY ,82,82,26472,2,4,668,1,4,995,1,15,3365,48,48,15170,1,2,318,1,4,995,0,0,0
202003,162,15540, ,Burlington-South Burlington  VT ,23,23,5433,1,2,215,0,0,0,6,104,11113,11,11,2774,0,0,0,0,0,0,4,90,10120
202003,163,15980,C,Cape Coral-Fort Myers  FL ,511,511,117633,14,28,3422,2,8,809,18,589,57216,511,511,117633,14,28,3422,2,8,809,18,589,57216
202003,163,34940, ,Naples-Marco Island  FL ,233,233,55634,0,0,0,0,0,0,8,166,21136,233,233,55634,0,0,0,0,0,0,8,166,21136
202003,164,16020, ,Cape Girardeau  MO-IL ,0,0,0,0,0,0,0,0,0,0,0,0,0,0,0,0,0,0,0,0,0,0,0,0
202003,168,16300, ,Cedar Rapids  IA ,43,43,7459,10,20,2902,0,0,0,2,48,6158,43,43,7459,10,20,2902,0,0,0,2,48,6158
202003,168,26980, ,Iowa City  IA ,22,22,6162,2,4,907,0,0,0,1,45,5850,14,14,4328,1,2,500,0,0,0,1,45,5850
202003,170,16620, ,Charleston  WV ,24,24,1713,0,0,0,0,0,0,0,0,0,23,23,1605,0,0,0,0,0,0,0,0,0
202003,170,26580, ,Huntington-Ashland  WV-KY-OH ,14,14,2944,0,0,0,1,3,153,0,0,0,4,4,905,0,0,0,1,3,153,0,0,0
202003,172,16740, ,Charlotte-Concord-Gastonia  NC-SC ,1484,1484,381264,6,12,1461,0,0,0,3,37,4132,1106,1106,252860,3,6,657,0,0,0,0,0,0
202003,174,16860, ,Chattanooga  TN-GA ,152,152,33382,4,8,611,0,0,0,1,13,1472,108,108,22896,0,0,0,0,0,0,0,0,0
202003,174,17420, ,Cleveland  TN ,34,34,5753,2,4,345,1,4,360,0,0,0,0,0,0,0,0,0,0,0,0,0,0,0
202003,176,16980, ,Chicago-Naperville-Elgin  IL-IN-WI ,627,627,170419,13,26,4169,10,32,8429,23,1019,69779,421,421,114395,9,18,2986,9,29,7730,14,902,54505
202003,176,28100, ,Kankakee  IL ,2,2,567,0,0,0,0,0,0,0,0,0,2,2,567,0,0,0,0,0,0,0,0,0
202003,176,33140, ,Michigan City-La Porte  IN ,9,9,2041,0,0,0,0,0,0,0,0,0,0,0,0,0,0,0,0,0,0,0,0,0
202003,178,17140, ,Cincinnati  OH-KY-IN ,359,359,93623,8,16,2250,0,0,0,1,24,2762,262,262,71135,8,16,2250,0,0,0,0,0,0
202003,184,10420, ,Akron  OH ,51,51,25058,0,0,0,0,0,0,0,0,0,12,12,2554,0,0,0,0,0,0,0,0,0
202003,184,15940, ,Canton-Massillon  OH ,33,33,6985,0,0,0,0,0,0,1,5,384,29,29,6518,0,0,0,0,0,0,0,0,0
202003,184,17460, ,Cleveland-Elyria  OH ,232,232,64403,3,6,592,2,8,590,1,8,640,169,169,53477,1,2,350,2,8,590,1,8,640
202003,190,17860, ,Columbia  MO ,92,92,24692,0,0,0,0,0,0,0,0,0,92,92,24692,0,0,0,0,0,0,0,0,0
202003,192,17900,C,Columbia  SC ,378,378,85314,0,0,0,0,0,0,2,13,1124,195,195,39033,0,0,0,0,0,0,1,8,635
202003,194,12220,C,Auburn-Opelika  AL ,149,149,36680,0,0,0,1,3,400,0,0,0,124,124,30679,0,0,0,1,3,400,0,0,0
202003,194,17980, ,Columbus  GA-AL ,76,76,14375,0,0,0,1,4,246,2,12,2254,35,35,6893,0,0,0,0,0,0,0,0,0
202003,198,18140, ,Columbus  OH ,369,369,114724,2,4,750,1,3,900,4,86,12225,297,297,95786,2,4,750,1,3,900,3,81,12000
202003,204,18580, ,Corpus Christi  TX ,100,100,23319,0,0,0,0,0,0,0,0,0,95,95,22558,0,0,0,0,0,0,0,0,0
202003,206,19100, ,Dallas-Fort Worth-Arlington  TX ,3506,3506,923604,23,46,5917,3,12,1125,36,1582,176526,2908,2908,750663,21,42,5355,3,12,1125,28,1287,139236
202003,209,19340, ,Davenport-Moline-Rock Island  IA-IL ,22,22,5448,0,0,0,0,0,0,0,0,0,17,17,4485,0,0,0,0,0,0,0,0,0
202003,212,19430, ,Dayton-Kettering  OH ,86,86,27672,0,0,0,0,0,0,0,0,0,58,58,21612,0,0,0,0,0,0,0,0,0
202003,212,44220, ,Springfield  OH ,3,3,719,0,0,0,0,0,0,0,0,0,3,3,719,0,0,0,0,0,0,0,0,0
202003,216,14500, ,Boulder  CO ,33,33,12611,1,2,820,1,3,531,5,196,26920,26,26,8742,0,0,0,0,0,0,4,140,19219
202003,216,19740,C,Denver-Aurora-Lakewood  CO ,784,784,235874,2,4,1012,1,3,360,6,204,18983,750,750,225460,2,4,1012,0,0,0,5,195,17479
202003,216,24540, ,Greeley  CO ,222,222,57338,2,4,800,1,3,781,4,62,3662,129,129,32679,2,4,800,1,3,781,1,6,824
202003,218,11180, ,Ames  IA ,5,5,1390,0,0,0,1,3,440,0,0,0,5,5,1390,0,0,0,1,3,440,0,0,0
202003,218,19780, ,Des Moines-West Des Moines  IA ,336,336,91400,0,0,0,0,0,0,4,131,17995,273,273,75210,0,0,0,0,0,0,2,101,15253
202003,220,11460, ,Ann Arbor  MI ,27,27,8676,1,2,646,0,0,0,0,0,0,16,16,5748,1,2,646,0,0,0,0,0,0
202003,220,19820, ,Detroit-Warren-Dearborn  MI ,426,426,102435,1,2,180,4,14,2018,2,10,1185,259,259,58957,1,2,180,3,11,1697,1,5,450
202003,220,22420, ,Flint  MI ,15,15,4169,0,0,0,1,3,573,0,0,0,9,9,2625,0,0,0,0,0,0,0,0,0
202003,220,33780, ,Monroe  MI ,0,0,0,0,0,0,0,0,0,0,0,0,0,0,0,0,0,0,0,0,0,0,0,0
202003,222,20020, ,Dothan  AL ,24,24,5152,0,0,0,0,0,0,0,0,0,24,24,5152,0,0,0,0,0,0,0,0,0
202003,232,20740, ,Eau Claire  WI ,21,21,4772,9,18,3070,0,0,0,1,8,800,21,21,4772,9,18,3070,0,0,0,1,8,800
202003,236,21300, ,Elmira  NY ,0,0,0,0,0,0,0,0,0,0,0,0,0,0,0,0,0,0,0,0,0,0,0,0
202003,238,21340,C,El Paso  TX ,188,188,42215,10,20,2410,1,4,525,4,39,6811,20,20,4749,0,0,0,0,0,0,0,0,0
202003,238,29740,C,Las Cruces  NM ,91,91,22052,0,0,0,0,0,0,0,0,0,76,76,17911,0,0,0,0,0,0,0,0,0
202003,240,21500, ,Erie  PA ,4,4,780,0,0,0,1,4,300,0,0,0,4,4,780,0,0,0,1,4,300,0,0,0
202003,244,22020, ,Fargo  ND-MN ,80,80,19694,0,0,0,0,0,0,2,90,9489,39,39,10035,0,0,0,0,0,0,1,81,8138
202003,246,22180, ,Fayetteville  NC ,165,165,28117,1,2,343,0,0,0,0,0,0,111,111,21510,0,0,0,0,0,0,0,0,0
202003,258,23060,C,Fort Wayne  IN ,122,122,33029,0,0,0,0,0,0,3,41,1663,122,122,33029,0,0,0,0,0,0,2,36,1200
202003,260,23420,C,Fresno  CA ,161,161,47013,4,8,1195,4,16,1398,6,66,6597,65,65,18551,1,2,8,4,16,1398,2,30,2677
202003,260,31460, ,Madera  CA ,40,40,9839,0,0,0,0,0,0,0,0,0,0,0,0,0,0,0,0,0,0,0,0,0
202003,264,23540, ,Gainesville  FL ,49,49,14745,0,0,0,0,0,0,1,66,2247,0,0,0,0,0,0,0,0,0,0,0,0
202003,266,24340, ,Grand Rapids-Kentwood  MI ,117,117,27733,3,6,1100,1,3,90,1,44,6238,70,70,17418,2,4,830,0,0,0,0,0,0
202003,266,34740, ,Muskegon  MI ,1,1,222,0,0,0,0,0,0,0,0,0,0,0,0,0,0,0,0,0,0,0,0,0
202003,267,24580, ,Green Bay  WI ,53,53,16283,0,0,0,0,0,0,1,5,463,25,25,8491,0,0,0,0,0,0,0,0,0
202003,268,15500, ,Burlington  NC ,94,94,16646,0,0,0,0,0,0,0,0,0,44,44,8390,0,0,0,0,0,0,0,0,0
202003,268,24660,C,Greensboro-High Point  NC ,229,229,56271,1,2,84,0,0,0,1,24,3080,165,165,35695,0,0,0,0,0,0,1,24,3080
202003,268,49180, ,Winston-Salem  NC ,226,226,41778,1,2,796,0,0,0,2,51,10514,211,211,38619,1,2,796,0,0,0,1,28,9608
202003,272,24780, ,Greenville  NC ,33,33,6651,2,4,480,0,0,0,0,0,0,33,33,6651,2,4,480,0,0,0,0,0,0
202003,273,24860, ,Greenville-Anderson  SC ,532,532,131981,1,2,253,0,0,0,1,5,176,425,425,112013,0,0,0,0,0,0,0,0,0
202003,273,43900, ,Spartanburg  SC ,261,261,43039,0,0,0,0,0,0,0,0,0,0,0,0,0,0,0,0,0,0,0,0,0
202003,276,23900,C,Gettysburg  PA ,19,19,4202,0,0,0,0,0,0,0,0,0,0,0,0,0,0,0,0,0,0,0,0,0
202003,276,25420,C,Harrisburg-Carlisle  PA ,122,122,24998,4,8,1116,4,12,1773,1,19,2507,67,67,14592,4,8,1116,3,9,1408,0,0,0
202003,276,30140, ,Lebanon  PA ,19,19,3534,0,0,0,0,0,0,0,0,0,0,0,0,0,0,0,0,0,0,0,0,0
202003,276,49620, ,York-Hanover  PA ,10,10,3100,0,0,0,0,0,0,0,0,0,4,4,1635,0,0,0,0,0,0,0,0,0
202003,277,25500,C,Harrisonburg  VA ,55,55,17825,0,0,0,0,0,0,0,0,0,55,55,17825,0,0,0,0,0,0,0,0,0
202003,277,44420, ,Staunton  VA ,47,47,6601,0,0,0,0,0,0,0,0,0,47,47,6601,0,0,0,0,0,0,0,0,0
202003,278,25540,C,Hartford-East Hartford-Middletown  CT ,63,63,12525,1,2,400,0,0,0,6,34,2679,36,36,6905,1,2,400,0,0,0,0,0,0
202003,278,35980, ,Norwich-New London  CT ,11,11,2520,1,2,292,0,0,0,0,0,0,4,4,1365,0,0,0,0,0,0,0,0,0
202003,279,25620, ,Hattiesburg  MS ,2,2,440,0,0,0,0,0,0,0,0,0,2,2,440,0,0,0,0,0,0,0,0,0
202003,284,26300, ,Hot Springs  AR ,8,8,1861,0,0,0,0,0,0,0,0,0,8,8,1861,0,0,0,0,0,0,0,0,0
202003,288,26420, ,Houston-The Woodlands-Sugar Land  TX ,4116,4116,771443,20,40,3995,3,11,600,62,2638,331143,2904,2904,640968,17,34,3608,1,4,200,58,2599,327609
202003,290,19460, ,Decatur  AL ,13,13,2346,0,0,0,0,0,0,0,0,0,0,0,0,0,0,0,0,0,0,0,0,0
202003,290,26620,C,Huntsville  AL ,356,356,52790,0,0,0,0,0,0,0,0,0,251,251,32713,0,0,0,0,0,0,0,0,0
202003,292,26820, ,Idaho Falls  ID ,70,70,12227,0,0,0,4,16,2400,0,0,0,70,70,12227,0,0,0,4,16,2400,0,0,0
202003,294,18020, ,Columbus  IN ,14,14,3073,0,0,0,0,0,0,0,0,0,0,0,0,0,0,0,0,0,0,0,0,0
202003,294,26900, ,Indianapolis-Carmel-Anderson  IN ,611,611,188826,7,14,2792,3,12,1827,5,42,6101,522,522,158666,7,14,2792,3,12,1827,4,23,3594
202003,294,34620, ,Muncie  IN ,2,2,305,0,0,0,0,0,0,0,0,0,0,0,0,0,0,0,0,0,0,0,0,0
202003,296,27060, ,Ithaca  NY ,2,2,304,1,2,237,0,0,0,1,5,600,0,0,0,0,0,0,0,0,0,0,0,0
202003,297,27180, ,Jackson  TN ,16,16,3348,0,0,0,0,0,0,0,0,0,0,0,0,0,0,0,0,0,0,0,0,0
202003,298,27140, ,Jackson  MS ,117,117,25856,0,0,0,0,0,0,0,0,0,77,77,16742,0,0,0,0,0,0,0,0,0
202003,300,27260,C,Jacksonville  FL ,951,951,230116,2,4,515,0,0,0,3,475,53365,924,924,222233,2,4,515,0,0,0,2,456,51184
202003,304,27740, ,Johnson City  TN ,20,20,3535,0,0,0,0,0,0,0,0,0,20,20,3535,0,0,0,0,0,0,0,0,0
202003,304,28700, ,Kingsport-Bristol  TN-VA ,0,0,0,0,0,0,0,0,0,0,0,0,0,0,0,0,0,0,0,0,0,0,0,0
202003,306,27780, ,Johnstown  PA ,0,0,0,0,0,0,0,0,0,0,0,0,0,0,0,0,0,0,0,0,0,0,0,0
202003,308,27860, ,Jonesboro  AR ,51,51,7974,3,6,409,3,12,636,1,6,325,11,11,1631,0,0,0,0,0,0,0,0,0
202003,309,27900, ,Joplin  MO ,14,14,2192,1,2,230,0,0,0,0,0,0,0,0,0,0,0,0,0,0,0,0,0,0
202003,310,12980, ,Battle Creek  MI ,0,0,0,0,0,0,0,0,0,0,0,0,0,0,0,0,0,0,0,0,0,0,0,0
202003,310,28020, ,Kalamazoo-Portage  MI ,9,9,2778,0,0,0,0,0,0,0,0,0,0,0,0,0,0,0,0,0,0,0,0,0
202003,312,28140, ,Kansas City  MO-KS ,408,408,115455,14,28,3136,4,14,2299,3,20,2434,350,350,99503,13,26,2943,4,14,2299,2,15,1950
202003,312,29940, ,Lawrence  KS ,20,20,5812,0,0,0,0,0,0,0,0,0,20,20,5812,0,0,0,0,0,0,0,0,0
202003,312,41140, ,St. Joseph  MO-KS ,0,0,0,0,0,0,0,0,0,0,0,0,0,0,0,0,0,0,0,0,0,0,0,0
202003,313,28420,C,Kennewick-Richland  WA ,137,137,40146,4,8,1470,0,0,0,1,24,2409,63,63,20291,2,4,755,0,0,0,0,0,0
202003,313,47460, ,Walla Walla  WA ,14,14,4502,0,0,0,0,0,0,0,0,0,13,13,4402,0,0,0,0,0,0,0,0,0
202003,315,28940, ,Knoxville  TN ,317,317,67651,0,0,0,0,0,0,8,192,24610,114,114,25252,0,0,0,0,0,0,8,192,24610
202003,316,29020, ,Kokomo  IN ,15,15,3272,0,0,0,0,0,0,0,0,0,15,15,3272,0,0,0,0,0,0,0,0,0
202003,318,29180, ,Lafayette  LA ,224,224,39874,0,0,0,0,0,0,0,0,0,114,114,15834,0,0,0,0,0,0,0,0,0
202003,320,29200, ,Lafayette-West Lafayette  IN ,34,34,8154,0,0,0,0,0,0,2,64,7277,0,0,0,0,0,0,0,0,0,1,53,6000
202003,324,29340, ,Lake Charles  LA ,91,91,15256,2,4,400,0,0,0,0,0,0,51,51,7730,2,4,400,0,0,0,0,0,0
202003,332,29820,C,Las Vegas-Henderson-Paradise  NV ,885,885,243429,32,64,3026,9,27,737,6,244,10689,878,878,241789,32,64,3026,9,27,737,6,244,10689
202003,336,30460,C,Lexington-Fayette  KY ,124,124,27637,1,2,219,2,7,1184,3,71,5752,46,46,11460,0,0,0,1,4,681,0,0,0
202003,338,30620, ,Lima  OH ,0,0,0,0,0,0,0,0,0,0,0,0,0,0,0,0,0,0,0,0,0,0,0,0
202003,339,30700, ,Lincoln  NE ,75,75,17862,1,2,262,1,3,480,1,43,5187,0,0,0,0,0,0,0,0,0,0,0,0
202003,340,30780, ,Little Rock-North Little Rock-Conway  AR ,157,157,33550,1,2,152,1,3,225,1,5,141,114,114,26126,0,0,0,1,3,225,0,0,0
202003,340,38220, ,Pine Bluff  AR ,2,2,262,0,0,0,0,0,0,0,0,0,1,1,140,0,0,0,0,0,0,0,0,0
202003,348,31080,C,Los Angeles-Long Beach-Anaheim  CA ,783,783,286069,66,132,24725,14,47,11740,47,1752,326731,669,669,235931,65,130,24058,11,37,9051,38,1637,306869
202003,348,37100, ,Oxnard-Thousand Oaks-Ventura  CA ,40,40,9400,1,2,205,0,0,0,1,5,970,34,34,8109,0,0,0,0,0,0,0,0,0
202003,348,40140, ,Riverside-San Bernardino-Ontario  CA ,822,822,207060,3,6,813,8,26,3518,3,20,1595,760,760,193281,3,6,813,8,26,3518,0,0,0
202003,350,21060, ,Elizabethtown-Fort Knox  KY ,24,24,5719,2,4,285,9,36,2206,0,0,0,24,24,5719,2,4,285,9,36,2206,0,0,0
202003,350,31140, ,Louisville-Jefferson County  KY-IN ,251,251,65012,2,4,360,1,3,650,1,24,1500,191,191,49148,2,4,360,1,3,650,1,24,1500
202003,352,31180, ,Lubbock  TX ,193,193,42975,1,2,221,1,4,400,31,241,26290,192,192,42802,1,2,221,1,4,400,31,241,26290
202003,356,31420, ,Macon-Bibb County  GA ,27,27,2609,0,0,0,0,0,0,0,0,0,0,0,0,0,0,0,0,0,0,0,0,0
202003,356,47580, ,Warner Robins  GA ,97,97,19788,0,0,0,0,0,0,0,0,0,74,74,14305,0,0,0,0,0,0,0,0,0
202003,357,27500, ,Janesville-Beloit  WI ,19,19,4791,0,0,0,0,0,0,1,92,11200,18,18,4619,0,0,0,0,0,0,1,92,11200
202003,357,31540, ,Madison  WI ,145,145,50200,2,4,693,0,0,0,5,342,38746,98,98,36299,0,0,0,0,0,0,3,310,35900
202003,359,31860, ,Mankato  MN ,11,11,2255,0,0,0,0,0,0,1,7,827,0,0,0,0,0,0,0,0,0,0,0,0
202003,365,32580,C,McAllen-Edinburg-Mission  TX ,246,246,43752,30,60,3166,29,116,5202,4,52,3700,157,157,32240,3,6,404,22,88,2105,3,24,800
202003,366,32780, ,Medford  OR ,41,41,11309,0,0,0,0,0,0,0,0,0,41,41,11309,0,0,0,0,0,0,0,0,0
202003,368,32820, ,Memphis  TN-MS-AR ,320,320,65392,0,0,0,0,0,0,1,30,2700,227,227,49483,0,0,0,0,0,0,1,30,2700
202003,370,33100, ,Miami-Fort Lauderdale-Pompano Beach  FL ,696,696,202413,18,36,6118,1,3,514,31,862,127260,571,571,157252,17,34,5971,0,0,0,26,783,119773
202003,370,38940, ,Port St. Lucie  FL ,329,329,76565,6,12,1311,0,0,0,6,36,948,329,329,76565,6,12,1311,0,0,0,6,36,948
202003,370,42680, ,Sebastian-Vero Beach  FL ,94,94,39894,0,0,0,0,0,0,0,0,0,94,94,39894,0,0,0,0,0,0,0,0,0
202003,372,33260, ,Midland  TX ,158,158,28209,0,0,0,0,0,0,0,0,0,158,158,28209,0,0,0,0,0,0,0,0,0
202003,372,36220,C,Odessa  TX ,115,115,27308,0,0,0,0,0,0,0,0,0,115,115,27308,0,0,0,0,0,0,0,0,0
202003,376,33340,C,Milwaukee-Waukesha  WI ,107,107,42132,3,6,1273,0,0,0,0,0,0,57,57,24300,2,4,1020,0,0,0,0,0,0
202003,376,39540, ,Racine  WI ,14,14,3630,1,2,350,0,0,0,0,0,0,13,13,3461,1,2,350,0,0,0,0,0,0
202003,378,33460, ,Minneapolis-St. Paul-Bloomington  MN-WI ,639,639,187715,5,10,2028,2,7,1244,17,1172,210996,518,518,154035,4,8,1734,1,4,782,14,1150,208050
202003,378,41060, ,St. Cloud  MN ,1,1,253,0,0,0,0,0,0,0,0,0,0,0,0,0,0,0,0,0,0,0,0,0
202003,380,19300, ,Daphne-Fairhope-Foley  AL ,226,226,43179,2,4,499,0,0,0,3,45,17195,168,168,33243,2,4,499,0,0,0,1,12,14636
202003,380,33660, ,Mobile  AL ,56,56,11861,0,0,0,0,0,0,0,0,0,55,55,11788,0,0,0,0,0,0,0,0,0
202003,384,33740, ,Monroe  LA ,25,25,5728,0,0,0,0,0,0,1,5,579,18,18,4274,0,0,0,0,0,0,0,0,0
202003,388,33860, ,Montgomery  AL ,95,95,22373,0,0,0,0,0,0,0,0,0,95,95,22373,0,0,0,0,0,0,0,0,0
202003,390,34060, ,Morgantown  WV ,2,2,598,0,0,0,0,0,0,1,20,2204,1,1,200,0,0,0,0,0,0,0,0,0
202003,396,34820, ,Myrtle Beach-Conway-North Myrtle Beach  SC-NC ,632,632,115951,1,2,115,0,0,0,2,29,2950,405,405,66540,1,2,115,0,0,0,0,0,0
202003,400,34980, ,Nashville-Davidson--Murfreesboro--Franklin  TN ,1229,1229,308280,0,0,0,1,3,403,6,84,1716,917,917,233851,0,0,0,1,3,403,4,69,557
202003,406,25220, ,Hammond  LA ,84,84,13439,0,0,0,0,0,0,0,0,0,0,0,0,0,0,0,0,0,0,0,0,0
202003,406,35380, ,New Orleans-Metairie  LA ,283,283,67505,13,26,2450,1,4,963,1,46,9487,38,38,10088,2,4,250,0,0,0,0,0,0
202003,408,14860,C,Bridgeport-Stamford-Norwalk  CT ,44,44,21147,5,10,1697,0,0,0,2,55,4888,39,39,15534,5,10,1697,0,0,0,2,55,4888
202003,408,20700, ,East Stroudsburg  PA ,8,8,2192,0,0,0,0,0,0,0,0,0,2,2,621,0,0,0,0,0,0,0,0,0
202003,408,28740, ,Kingston  NY ,6,6,1338,0,0,0,0,0,0,1,5,1220,1,1,250,0,0,0,0,0,0,0,0,0
202003,408,35300, ,New Haven-Milford  CT ,19,19,3742,0,0,0,0,0,0,4,317,1158,7,7,1885,0,0,0,0,0,0,3,306,481
202003,408,35620,C,New York-Newark-Jersey City  NY-NJ-PA ,1024,1024,225322,74,148,20710,45,151,11334,75,2087,222225,725,725,145144,43,86,12922,38,129,8577,27,1550,170631
202003,408,39100, ,Poughkeepsie-Newburgh-Middletown  NY ,28,28,8349,0,0,0,0,0,0,3,36,3634,14,14,3459,0,0,0,0,0,0,0,0,0
202003,408,45940,C,Trenton-Princeton  NJ ,45,45,8130,1,2,4,0,0,0,1,5,17,45,45,8130,0,0,0,0,0,0,0,0,0
202003,412,35840,C,North Port-Sarasota-Bradenton  FL ,790,790,190082,15,30,3627,3,11,2058,6,89,10100,763,763,181427,14,28,3395,2,8,1489,5,61,6314
202003,412,39460, ,Punta Gorda  FL ,181,181,45776,5,10,1370,0,0,0,0,0,0,0,0,0,0,0,0,0,0,0,0,0,0
202003,416,36420,C,Oklahoma City  OK ,577,577,135953,25,50,4291,2,7,980,0,0,0,487,487,114189,23,46,3668,1,4,720,0,0,0
202003,420,36540, ,Omaha-Council Bluffs  NE-IA ,305,305,62433,2,4,594,0,0,0,0,0,0,282,282,57138,2,4,594,0,0,0,0,0,0
202003,422,19660, ,Deltona-Daytona Beach-Ormond Beach  FL ,239,239,70536,15,30,4476,0,0,0,0,0,0,219,219,64771,15,30,4476,0,0,0,0,0,0
202003,422,29460, ,Lakeland-Winter Haven  FL ,552,552,116979,2,4,430,8,32,4463,10,142,15352,441,441,89828,2,4,430,8,32,4463,10,142,15352
202003,422,36740, ,Orlando-Kissimmee-Sanford  FL ,1262,1262,345757,24,48,10308,2,8,1074,10,790,118817,1091,1091,299560,24,48,10308,2,8,1074,9,769,116627
202003,422,45540,C,The Villages  FL ,277,277,74060,0,0,0,0,0,0,18,332,26673,277,277,74060,0,0,0,0,0,0,18,332,26673
202003,425,37620, ,Parkersburg-Vienna  WV ,4,4,800,0,0,0,0,0,0,0,0,0,4,4,800,0,0,0,0,0,0,0,0,0
202003,426,37860,C,Pensacola-Ferry Pass-Brent  FL ,448,448,89311,0,0,0,2,6,480,0,0,0,448,448,89311,0,0,0,2,6,480,0,0,0
202003,428,12100,C,Atlantic City-Hammonton  NJ ,30,30,4991,0,0,0,0,0,0,1,16,2125,27,27,4513,0,0,0,0,0,0,0,0,0
202003,428,20100,C,Dover  DE ,132,132,18211,4,8,841,0,0,0,0,0,0,130,130,17783,4,8,841,0,0,0,0,0,0
202003,428,36140,C,Ocean City  NJ ,33,33,12404,12,24,6890,0,0,0,0,0,0,29,29,11633,12,24,6890,0,0,0,0,0,0
202003,428,37980,C,Philadelphia-Camden-Wilmington  PA-NJ-DE-MD ,583,583,105026,17,34,5403,21,73,9181,20,274,50011,237,237,45604,2,4,325,6,22,3263,3,31,14114
202003,428,39740, ,Reading  PA ,4,4,642,0,0,0,0,0,0,0,0,0,2,2,110,0,0,0,0,0,0,0,0,0
202003,428,47220,C,Vineland-Bridgeton  NJ ,2,2,133,0,0,0,0,0,0,0,0,0,2,2,133,0,0,0,0,0,0,0,0,0
202003,429,38060,C,Phoenix-Mesa-Chandler  AZ ,2550,2550,711902,10,20,2561,4,13,2634,50,1072,164547,2519,2519,703872,10,20,2561,3,10,1930,49,931,139599
202003,430,38300, ,Pittsburgh  PA ,73,73,21550,2,4,1118,0,0,0,2,41,4641,41,41,14253,1,2,730,0,0,0,1,5,664
202003,430,48260, ,Weirton-Steubenville  WV-OH ,0,0,0,0,0,0,0,0,0,0,0,0,0,0,0,0,0,0,0,0,0,0,0,0
202003,438,30340, ,Lewiston-Auburn  ME ,5,5,841,0,0,0,0,0,0,0,0,0,2,2,275,0,0,0,0,0,0,0,0,0
202003,438,38860, ,Portland-South Portland  ME ,116,116,29213,9,18,2915,1,3,322,3,28,2723,29,29,6504,6,12,2101,1,3,322,0,0,0
202003,440,10540, ,Albany-Lebanon  OR ,30,30,7622,0,0,0,1,3,514,1,5,419,25,25,6893,0,0,0,1,3,514,0,0,0
202003,440,18700, ,Corvallis  OR ,3,3,656,0,0,0,0,0,0,0,0,0,3,3,656,0,0,0,0,0,0,0,0,0
202003,440,31020, ,Longview  WA ,22,22,5232,0,0,0,0,0,0,0,0,0,22,22,5232,0,0,0,0,0,0,0,0,0
202003,440,38900, ,Portland-Vancouver-Hillsboro  OR-WA ,651,651,193885,8,16,2354,2,6,1450,31,1374,156977,549,549,166345,4,8,546,0,0,0,24,958,100804
202003,440,41420, ,Salem  OR ,61,61,17857,0,0,0,0,0,0,0,0,0,61,61,17857,0,0,0,0,0,0,0,0,0
202003,444,39380,C,Pueblo  CO ,41,41,6354,0,0,0,0,0,0,0,0,0,0,0,0,0,0,0,0,0,0,0,0,0
202003,450,20500,C,Durham-Chapel Hill  NC ,320,320,72848,2,4,322,0,0,0,5,106,8601,119,119,34350,1,2,152,0,0,0,0,0,0
202003,450,39580,C,Raleigh-Cary  NC ,953,953,217051,1,2,224,0,0,0,23,1207,177317,737,737,179782,1,2,224,0,0,0,22,1182,175428
202003,452,39660, ,Rapid City  SD ,29,29,6147,1,2,276,0,0,0,1,149,14000,29,29,6147,1,2,276,0,0,0,1,149,14000
202003,454,39820, ,Redding  CA ,17,17,5234,0,0,0,0,0,0,0,0,0,17,17,5234,0,0,0,0,0,0,0,0,0
202003,456,16180,C,Carson City  NV ,15,15,3910,0,0,0,0,0,0,1,11,1098,0,0,0,0,0,0,0,0,0,0,0,0
202003,456,39900,C,Reno  NV ,226,226,59569,1,2,231,1,3,325,7,157,17328,63,63,14451,0,0,0,0,0,0,0,0,0
202003,462,40340, ,Rochester  MN ,36,36,10187,0,0,0,0,0,0,0,0,0,36,36,10187,0,0,0,0,0,0,0,0,0
202003,464,40380, ,Rochester  NY ,87,87,21742,2,4,700,1,3,483,4,134,17595,59,59,16533,2,4,700,0,0,0,2,101,15324
202003,466,40420, ,Rockford  IL ,19,19,2294,0,0,0,0,0,0,0,0,0,19,19,2294,0,0,0,0,0,0,0,0,0
202003,472,40900,C,Sacramento-Roseville-Folsom  CA ,503,503,153054,4,8,1765,2,8,1369,19,328,40910,497,497,151258,4,8,1765,2,8,1369,19,328,40910
202003,474,13020, ,Bay City  MI ,0,0,0,0,0,0,0,0,0,0,0,0,0,0,0,0,0,0,0,0,0,0,0,0
202003,474,33220, ,Midland  MI ,2,2,269,0,0,0,0,0,0,0,0,0,0,0,0,0,0,0,0,0,0,0,0,0
202003,474,40980, ,Saginaw  MI ,2,2,378,0,0,0,0,0,0,0,0,0,1,1,200,0,0,0,0,0,0,0,0,0
202003,476,41180, ,St. Louis  MO-IL ,494,494,143975,2,4,380,0,0,0,17,172,23306,385,385,113206,2,4,380,0,0,0,14,116,17701
202003,480,41540, ,Salisbury  MD-DE ,320,320,43174,3,6,694,2,7,86,2,11,1162,310,310,41214,3,6,694,2,7,86,2,11,1162
202003,482,36260, ,Ogden-Clearfield  UT ,237,237,62162,0,0,0,2,6,795,4,39,4405,179,179,44799,0,0,0,0,0,0,1,24,2640
202003,482,39340, ,Provo-Orem  UT ,697,697,160374,0,0,0,2,7,765,4,58,6761,671,671,150842,0,0,0,1,4,540,3,36,3450
202003,482,41620, ,Salt Lake City  UT ,412,412,111680,14,28,3714,3,9,1484,8,1139,203189,290,290,80211,13,26,3400,1,3,563,7,1125,201309
202003,484,41700,C,San Antonio-New Braunfels  TX ,966,966,223842,9,18,2013,6,24,3223,22,436,48939,867,867,204244,9,18,2013,6,24,3223,22,436,48939
202003,488,32900, ,Merced  CA ,22,22,4463,0,0,0,0,0,0,0,0,0,22,22,4463,0,0,0,0,0,0,0,0,0
202003,488,33700, ,Modesto  CA ,5,5,1229,0,0,0,0,0,0,0,0,0,5,5,1229,0,0,0,0,0,0,0,0,0
202003,488,41860,C,San Francisco-Oakland-Berkeley  CA ,188,188,71137,2,4,2131,2,7,2400,18,330,78873,95,95,31214,0,0,0,1,4,1543,9,253,63129
202003,488,41940,C,San Jose-Sunnyvale-Santa Clara  CA ,130,130,47847,0,0,0,0,0,0,3,226,25321,60,60,20505,0,0,0,0,0,0,1,180,18007
202003,488,42100, ,Santa Cruz-Watsonville  CA ,10,10,2153,0,0,0,1,3,344,1,9,915,0,0,0,0,0,0,0,0,0,0,0,0
202003,488,42220, ,Santa Rosa-Petaluma  CA ,63,63,19107,0,0,0,0,0,0,0,0,0,39,39,13345,0,0,0,0,0,0,0,0,0
202003,488,44700, ,Stockton  CA ,115,115,33215,0,0,0,0,0,0,0,0,0,83,83,24157,0,0,0,0,0,0,0,0,0
202003,488,46700, ,Vallejo  CA ,63,63,17995,0,0,0,0,0,0,0,0,0,61,61,17416,0,0,0,0,0,0,0,0,0
202003,496,25980, ,Hinesville  GA ,31,31,6172,0,0,0,0,0,0,0,0,0,31,31,6172,0,0,0,0,0,0,0,0,0
202003,496,42340, ,Savannah  GA ,175,175,38547,0,0,0,0,0,0,2,15,1684,55,55,12171,0,0,0,0,0,0,2,15,1684
202003,500,14740,C,Bremerton-Silverdale-Port Orchard  WA ,67,67,21396,0,0,0,0,0,0,1,5,252,56,56,18720,0,0,0,0,0,0,0,0,0
202003,500,34580, ,Mount Vernon-Anacortes  WA ,31,31,10267,0,0,0,0,0,0,0,0,0,31,31,10267,0,0,0,0,0,0,0,0,0
202003,500,36500, ,Olympia-Lacey-Tumwater  WA ,68,68,18355,0,0,0,0,0,0,2,103,10754,51,51,13432,0,0,0,0,0,0,1,48,4800
202003,500,42660,C,Seattle-Tacoma-Bellevue  WA ,775,775,262155,29,58,16521,24,81,17222,27,983,107861,683,683,226312,29,58,16521,23,78,16692,24,926,100877
202003,508,43340,C,Shreveport-Bossier City  LA ,71,71,34755,0,0,0,0,0,0,0,0,0,39,39,29420,0,0,0,0,0,0,0,0,0
202003,515,21140, ,Elkhart-Goshen  IN ,27,27,7344,0,0,0,0,0,0,0,0,0,27,27,7344,0,0,0,0,0,0,0,0,0
202003,515,35660, ,Niles  MI ,0,0,0,0,0,0,0,0,0,0,0,0,0,0,0,0,0,0,0,0,0,0,0,0
202003,515,43780, ,South Bend-Mishawaka  IN-MI ,30,30,10198,0,0,0,0,0,0,0,0,0,29,29,10018,0,0,0,0,0,0,0,0,0
202003,518,17660, ,Coeur dAlene  ID ,109,109,26398,2,4,715,1,3,209,1,31,3650,86,86,21864,1,2,303,0,0,0,0,0,0
202003,518,44060, ,Spokane-Spokane Valley  WA ,203,203,51553,15,30,5771,2,7,919,8,144,17259,71,71,18925,14,28,5421,0,0,0,5,101,12167
202003,522,44100, ,Springfield  IL ,7,7,2281,1,2,472,0,0,0,1,12,772,0,0,0,0,0,0,0,0,0,0,0,0
202003,524,44300, ,State College  PA ,12,12,3811,0,0,0,0,0,0,0,0,0,0,0,0,0,0,0,0,0,0,0,0,0
202003,532,45060, ,Syracuse  NY ,18,18,4060,1,2,165,0,0,0,0,0,0,15,15,3306,1,2,165,0,0,0,0,0,0
202003,534,45780, ,Toledo  OH ,71,71,17110,0,0,0,0,0,0,0,0,0,44,44,10830,0,0,0,0,0,0,0,0,0
202003,536,46060,C,Tucson  AZ ,287,287,84780,1,2,299,0,0,0,3,71,10905,228,228,70105,0,0,0,0,0,0,0,0,0
202003,538,46140,C,Tulsa  OK ,320,320,65712,1,2,224,0,0,0,24,328,35995,295,295,59266,1,2,224,0,0,0,23,316,35071
202003,540,46340, ,Tyler  TX ,30,30,7124,0,0,0,1,4,537,0,0,0,30,30,7124,0,0,0,1,4,537,0,0,0
202003,545,47260, ,Virginia Beach-Norfolk-Newport News  VA-NC ,401,401,92200,0,0,0,0,0,0,0,0,0,321,321,75748,0,0,0,0,0,0,0,0,0
202003,548,12580,C,Baltimore-Columbia-Towson  MD ,435,435,88909,0,0,0,0,0,0,9,566,105097,420,420,86474,0,0,0,0,0,0,8,450,87519
202003,548,15680,C,California-Lexington Park  MD ,87,87,17961,0,0,0,0,0,0,1,6,118,5,5,1838,0,0,0,0,0,0,0,0,0
202003,548,16540,C,Chambersburg-Waynesboro  PA ,28,28,6267,0,0,0,0,0,0,1,5,651,14,14,3064,0,0,0,0,0,0,0,0,0
202003,548,25180, ,Hagerstown-Martinsburg  MD-WV ,115,115,21995,1,2,160,0,0,0,0,0,0,111,111,21649,1,2,160,0,0,0,0,0,0
202003,548,47900, ,Washington-Arlington-Alexandria  DC-VA-MD-WV ,925,925,225144,5,10,1158,5,19,2551,24,1103,118984,803,803,189143,3,6,671,5,19,2551,19,807,86498
202003,548,49020, ,Winchester  VA-WV ,57,57,13242,0,0,0,0,0,0,0,0,0,57,57,13242,0,0,0,0,0,0,0,0,0
202003,554,48140, ,Wausau-Weston  WI ,13,13,2474,1,2,500,0,0,0,1,5,333,4,4,890,1,2,500,0,0,0,0,0,0
202003,556,48620, ,Wichita  KS ,68,68,18273,6,12,1204,0,0,0,0,0,0,63,63,17058,6,12,1204,0,0,0,0,0,0
202003,558,48700, ,Williamsport  PA ,1,1,700,0,0,0,0,0,0,0,0,0,1,1,700,0,0,0,0,0,0,0,0,0
202003,566,49660, ,Youngstown-Warren-Boardman  OH-PA ,19,19,4188,1,2,296,0,0,0,0,0,0,13,13,3138,1,2,296,0,0,0,0,0,0
202003,999,10180, ,Abilene  TX ,27,27,5532,1,2,187,0,0,0,0,0,0,27,27,5532,1,2,187,0,0,0,0,0,0
202003,999,10500, ,Albany  GA ,10,10,741,0,0,0,0,0,0,0,0,0,7,7,328,0,0,0,0,0,0,0,0,0
202003,999,10780, ,Alexandria  LA ,20,20,4802,0,0,0,0,0,0,0,0,0,0,0,0,0,0,0,0,0,0,0,0,0
202003,999,10900, ,Allentown-Bethlehem-Easton  PA-NJ ,33,33,8016,2,4,30,0,0,0,1,5,181,28,28,6852,2,4,30,0,0,0,0,0,0
202003,999,11260,C,Anchorage  AK ,18,18,6825,3,6,1026,0,0,0,0,0,0,14,14,5677,0,0,0,0,0,0,0,0,0
202003,999,11500, ,Anniston-Oxford  AL ,10,10,1300,0,0,0,0,0,0,0,0,0,9,9,1220,0,0,0,0,0,0,0,0,0
202003,999,12260, ,Augusta-Richmond County  GA-SC ,307,307,62353,0,0,0,0,0,0,1,13,796,175,175,36690,0,0,0,0,0,0,0,0,0
202003,999,12420, ,Austin-Round Rock-Georgetown  TX ,1869,1869,436218,20,40,4632,2,6,667,14,785,80510,1655,1655,385500,19,38,4458,2,6,667,13,773,79197
202003,999,12540, ,Bakersfield  CA ,117,117,29418,1,2,201,0,0,0,0,0,0,24,24,3238,0,0,0,0,0,0,0,0,0
202003,999,12620, ,Bangor  ME ,9,9,2553,2,4,394,1,4,537,0,0,0,4,4,1303,1,2,238,1,4,537,0,0,0
202003,999,12940, ,Baton Rouge  LA ,311,311,63906,0,0,0,0,0,0,0,0,0,210,210,47356,0,0,0,0,0,0,0,0,0
202003,999,13140, ,Beaumont-Port Arthur  TX ,80,80,13657,1,2,276,0,0,0,0,0,0,80,80,13657,1,2,276,0,0,0,0,0,0
202003,999,13220,C,Beckley  WV ,7,7,474,0,0,0,0,0,0,0,0,0,6,6,343,0,0,0,0,0,0,0,0,0
202003,999,13380, ,Bellingham  WA ,58,58,14955,2,4,605,0,0,0,5,161,30052,53,53,13547,1,2,240,0,0,0,5,161,30052
202003,999,13740, ,Billings  MT ,48,48,9709,1,2,339,0,0,0,1,12,553,0,0,0,0,0,0,0,0,0,0,0,0
202003,999,13780, ,Binghamton  NY ,0,0,0,0,0,0,0,0,0,0,0,0,0,0,0,0,0,0,0,0,0,0,0,0
202003,999,13900, ,Bismarck  ND ,40,40,10059,7,14,1880,0,0,0,0,0,0,36,36,8995,7,14,1880,0,0,0,0,0,0
202003,999,13980, ,Blacksburg-Christiansburg  VA ,7,7,1588,0,0,0,0,0,0,0,0,0,7,7,1588,0,0,0,0,0,0,0,0,0
202003,999,15260, ,Brunswick  GA ,61,61,17539,0,0,0,0,0,0,0,0,0,0,0,0,0,0,0,0,0,0,0,0,0
202003,999,16220, ,Casper  WY ,10,10,2289,0,0,0,0,0,0,0,0,0,6,6,1730,0,0,0,0,0,0,0,0,0
202003,999,16580, ,Champaign-Urbana  IL ,6,6,1927,0,0,0,0,0,0,1,65,5000,6,6,1927,0,0,0,0,0,0,1,65,5000
202003,999,16700,C,Charleston-North Charleston  SC ,517,517,147444,0,0,0,1,4,318,6,169,11734,174,174,56181,0,0,0,0,0,0,0,0,0
202003,999,16820, ,Charlottesville  VA ,77,77,25132,0,0,0,0,0,0,1,6,1283,70,70,22770,0,0,0,0,0,0,0,0,0
202003,999,16940, ,Cheyenne  WY ,28,28,5374,0,0,0,1,4,355,1,8,678,10,10,1899,0,0,0,0,0,0,0,0,0
202003,999,17020, ,Chico  CA ,10,10,2911,0,0,0,0,0,0,0,0,0,10,10,2911,0,0,0,0,0,0,0,0,0
202003,999,17300,C,Clarksville  TN-KY ,184,184,29139,0,0,0,1,3,150,0,0,0,102,102,13505,0,0,0,0,0,0,0,0,0
202003,999,17780, ,College Station-Bryan  TX ,107,107,20140,6,12,1815,2,8,1044,3,137,13123,107,107,20140,6,12,1815,2,8,1044,3,137,13123
202003,999,17820,C,Colorado Springs  CO ,451,451,169898,0,0,0,0,0,0,11,258,34805,451,451,169898,0,0,0,0,0,0,11,258,34805
202003,999,18880,C,Crestview-Fort Walton Beach-Destin  FL ,198,198,94031,1,2,1800,0,0,0,5,34,4985,175,175,87703,1,2,1800,0,0,0,5,34,4985
202003,999,19060, ,Cumberland  MD-WV ,2,2,410,0,0,0,0,0,0,0,0,0,2,2,410,0,0,0,0,0,0,0,0,0
202003,999,19180, ,Danville  IL ,0,0,0,0,0,0,0,0,0,0,0,0,0,0,0,0,0,0,0,0,0,0,0,0
202003,999,19500, ,Decatur  IL ,1,1,269,0,0,0,0,0,0,0,0,0,0,0,0,0,0,0,0,0,0,0,0,0
202003,999,20220, ,Dubuque  IA ,10,10,3340,0,0,0,0,0,0,0,0,0,1,1,226,0,0,0,0,0,0,0,0,0
202003,999,20260, ,Duluth  MN-WI ,2,2,486,0,0,0,0,0,0,0,0,0,2,2,486,0,0,0,0,0,0,0,0,0
202003,999,20940, ,El Centro  CA ,4,4,1216,0,0,0,0,0,0,0,0,0,4,4,1216,0,0,0,0,0,0,0,0,0
202003,999,21420, ,Enid  OK ,3,3,616,0,0,0,0,0,0,0,0,0,3,3,616,0,0,0,0,0,0,0,0,0
202003,999,21660, ,Eugene-Springfield  OR ,58,58,15047,0,0,0,1,4,689,8,43,7469,35,35,9328,0,0,0,1,4,689,8,43,7469
202003,999,21780, ,Evansville  IN-KY ,67,67,15806,1,2,145,0,0,0,0,0,0,46,46,12135,0,0,0,0,0,0,0,0,0
202003,999,21820,C,Fairbanks  AK ,0,0,0,0,0,0,0,0,0,0,0,0,0,0,0,0,0,0,0,0,0,0,0,0
202003,999,22140,C,Farmington  NM ,9,9,1337,0,0,0,0,0,0,0,0,0,9,9,1337,0,0,0,0,0,0,0,0,0
202003,999,22220, ,Fayetteville-Springdale-Rogers  AR-MO ,390,390,98828,14,28,4941,0,0,0,13,347,53706,327,327,86430,12,24,4607,0,0,0,11,321,51657
202003,999,22380, ,Flagstaff  AZ ,33,33,6986,0,0,0,0,0,0,0,0,0,33,33,6986,0,0,0,0,0,0,0,0,0
202003,999,22500, ,Florence  SC ,41,41,5860,0,0,0,0,0,0,1,5,329,0,0,0,0,0,0,0,0,0,0,0,0
202003,999,22520, ,Florence-Muscle Shoals  AL ,19,19,2290,0,0,0,0,0,0,0,0,0,5,5,635,0,0,0,0,0,0,0,0,0
202003,999,22540, ,Fond du Lac  WI ,6,6,1242,0,0,0,0,0,0,1,8,290,3,3,612,0,0,0,0,0,0,0,0,0
202003,999,22660,C,Fort Collins  CO ,291,291,80393,0,0,0,0,0,0,5,33,5725,247,247,70445,0,0,0,0,0,0,5,33,5725
202003,999,22900, ,Fort Smith  AR-OK ,30,30,7854,4,8,1342,0,0,0,0,0,0,26,26,7446,4,8,1342,0,0,0,0,0,0
202003,999,23460, ,Gadsden  AL ,2,2,358,0,0,0,0,0,0,0,0,0,2,2,358,0,0,0,0,0,0,0,0,0
202003,999,24220, ,Grand Forks  ND-MN ,3,3,1576,0,0,0,0,0,0,0,0,0,3,3,1576,0,0,0,0,0,0,0,0,0
202003,999,24260, ,Grand Island  NE ,7,7,1645,0,0,0,1,3,321,2,16,1697,7,7,1645,0,0,0,1,3,321,2,16,1697
202003,999,24300,C,Grand Junction  CO ,69,69,10483,0,0,0,0,0,0,1,12,1769,69,69,10483,0,0,0,0,0,0,1,12,1769
202003,999,24500,C,Great Falls  MT ,5,5,1688,0,0,0,0,0,0,0,0,0,5,5,1688,0,0,0,0,0,0,0,0,0
202003,999,25060, ,Gulfport-Biloxi  MS ,216,216,37956,3,6,545,2,6,602,1,8,677,87,87,15688,2,4,300,0,0,0,0,0,0
202003,999,25860, ,Hickory-Lenoir-Morganton  NC ,1,1,150,0,0,0,0,0,0,1,5,279,0,0,0,0,0,0,0,0,0,0,0,0
202003,999,25940, ,Hilton Head Island-Bluffton  SC ,128,128,37858,1,2,438,0,0,0,0,0,0,97,97,23396,1,2,438,0,0,0,0,0,0
202003,999,26140, ,Homosassa Springs  FL ,85,85,17225,0,0,0,0,0,0,0,0,0,0,0,0,0,0,0,0,0,0,0,0,0
202003,999,26380, ,Houma-Thibodaux  LA ,32,32,6693,2,4,311,0,0,0,0,0,0,20,20,3616,0,0,0,0,0,0,0,0,0
202003,999,27100, ,Jackson  MI ,0,0,0,0,0,0,0,0,0,0,0,0,0,0,0,0,0,0,0,0,0,0,0,0
202003,999,27340,C,Jacksonville  NC ,115,115,17684,0,0,0,0,0,0,0,0,0,115,115,17684,0,0,0,0,0,0,0,0,0
202003,999,27980,C,Kahului-Wailuku-Lahaina  HI ,22,22,7603,0,0,0,0,0,0,0,0,0,22,22,7603,0,0,0,0,0,0,0,0,0
202003,999,28660,C,Killeen-Temple  TX ,215,215,28430,32,64,5666,0,0,0,1,5,250,177,177,19494,27,54,4766,0,0,0,0,0,0
202003,999,29100, ,La Crosse-Onalaska  WI-MN ,12,12,3751,0,0,0,0,0,0,0,0,0,8,8,2905,0,0,0,0,0,0,0,0,0
202003,999,29420, ,Lake Havasu City-Kingman  AZ ,94,94,23270,1,2,100,1,3,150,0,0,0,94,94,23270,1,2,100,1,3,150,0,0,0
202003,999,29540, ,Lancaster  PA ,9,9,1568,0,0,0,0,0,0,0,0,0,9,9,1568,0,0,0,0,0,0,0,0,0
202003,999,29620, ,Lansing-East Lansing  MI ,6,6,1310,0,0,0,0,0,0,1,5,400,1,1,311,0,0,0,0,0,0,0,0,0
202003,999,29700, ,Laredo  TX ,76,76,11016,0,0,0,0,0,0,0,0,0,76,76,11016,0,0,0,0,0,0,0,0,0
202003,999,30020, ,Lawton  OK ,5,5,1500,0,0,0,0,0,0,0,0,0,5,5,1500,0,0,0,0,0,0,0,0,0
202003,999,30300, ,Lewiston  ID-WA ,0,0,0,0,0,0,0,0,0,0,0,0,0,0,0,0,0,0,0,0,0,0,0,0
202003,999,30860, ,Logan  UT-ID ,16,16,4713,0,0,0,0,0,0,3,72,4797,16,16,4713,0,0,0,0,0,0,3,72,4797
202003,999,30980, ,Longview  TX ,20,20,8394,3,6,680,0,0,0,0,0,0,20,20,8394,3,6,680,0,0,0,0,0,0
202003,999,31340, ,Lynchburg  VA ,9,9,1835,0,0,0,0,0,0,2,24,2800,2,2,350,0,0,0,0,0,0,2,24,2800
202003,999,31740, ,Manhattan  KS ,12,12,3865,0,0,0,0,0,0,0,0,0,12,12,3865,0,0,0,0,0,0,0,0,0
202003,999,33540,C,Missoula  MT ,30,30,7087,1,2,162,0,0,0,1,6,396,30,30,7087,1,2,162,0,0,0,1,6,396
202003,999,36100, ,Ocala  FL ,339,339,69426,0,0,0,0,0,0,0,0,0,339,339,69426,0,0,0,0,0,0,0,0,0
202003,999,36980, ,Owensboro  KY ,25,25,2271,1,2,173,1,3,207,0,0,0,24,24,2076,0,0,0,1,3,207,0,0,0
202003,999,37340, ,Palm Bay-Melbourne-Titusville  FL ,202,202,70485,4,8,2208,0,0,0,0,0,0,181,181,63729,4,8,2208,0,0,0,0,0,0
202003,999,37460, ,Panama City  FL ,56,56,15593,3,6,777,1,3,463,1,5,809,7,7,1899,0,0,0,0,0,0,0,0,0
202003,999,37900, ,Peoria  IL ,3,3,623,0,0,0,0,0,0,0,0,0,3,3,623,0,0,0,0,0,0,0,0,0
202003,999,38340, ,Pittsfield  MA ,0,0,0,0,0,0,0,0,0,0,0,0,0,0,0,0,0,0,0,0,0,0,0,0
202003,999,38540, ,Pocatello  ID ,28,28,5047,0,0,0,0,0,0,0,0,0,21,21,4323,0,0,0,0,0,0,0,0,0
202003,999,39150, ,Prescott Valley-Prescott  AZ ,99,99,30429,2,4,561,0,0,0,0,0,0,99,99,30429,2,4,561,0,0,0,0,0,0
202003,999,40060, ,Richmond  VA ,422,422,87772,38,76,2613,7,27,3319,6,32,2470,389,389,80126,38,76,2613,7,27,3319,6,32,2470
202003,999,41100, ,St. George  UT ,160,160,27035,0,0,0,0,0,0,0,0,0,160,160,27035,0,0,0,0,0,0,0,0,0
202003,999,41500, ,Salinas  CA ,10,10,2736,0,0,0,0,0,0,0,0,0,10,10,2736,0,0,0,0,0,0,0,0,0
202003,999,41660,C,San Angelo  TX ,39,39,7991,3,6,561,0,0,0,0,0,0,39,39,7991,3,6,561,0,0,0,0,0,0
202003,999,41740,C,San Diego-Chula Vista-Carlsbad  CA ,210,210,57475,3,6,931,13,42,10782,17,609,98469,185,185,52542,3,6,931,12,38,10249,14,555,91238
202003,999,42020, ,San Luis Obispo-Paso Robles  CA ,13,13,4254,0,0,0,0,0,0,0,0,0,13,13,4254,0,0,0,0,0,0,0,0,0
202003,999,42200, ,Santa Maria-Santa Barbara  CA ,15,15,6845,0,0,0,0,0,0,0,0,0,15,15,6845,0,0,0,0,0,0,0,0,0
202003,999,42540, ,Scranton--Wilkes-Barre  PA ,4,4,870,0,0,0,1,3,278,0,0,0,1,1,280,0,0,0,0,0,0,0,0,0
202003,999,43100, ,Sheboygan  WI ,0,0,0,0,0,0,0,0,0,0,0,0,0,0,0,0,0,0,0,0,0,0,0,0
202003,999,43420, ,Sierra Vista-Douglas  AZ ,18,18,4098,0,0,0,0,0,0,0,0,0,18,18,4098,0,0,0,0,0,0,0,0,0
202003,999,43580, ,Sioux City  IA-NE-SD ,13,13,4113,0,0,0,1,3,0,0,0,0,4,4,1552,0,0,0,0,0,0,0,0,0
202003,999,43620, ,Sioux Falls  SD ,145,145,31103,1,2,349,4,14,2300,4,32,2981,142,142,30262,1,2,349,4,14,2300,4,32,2981
202003,999,44140, ,Springfield  MA ,4,4,1018,0,0,0,0,0,0,0,0,0,0,0,0,0,0,0,0,0,0,0,0,0
202003,999,44180, ,Springfield  MO ,64,64,15502,3,6,691,0,0,0,1,21,2732,55,55,13413,2,4,400,0,0,0,0,0,0
202003,999,44940, ,Sumter  SC ,29,29,2005,0,0,0,0,0,0,0,0,0,29,29,2005,0,0,0,0,0,0,0,0,0
202003,999,45220, ,Tallahassee  FL ,99,99,18002,1,2,222,0,0,0,4,89,11182,31,31,4665,0,0,0,0,0,0,0,0,0
202003,999,45300,C,Tampa-St. Petersburg-Clearwater  FL ,1389,1389,398134,1,2,440,1,3,144,2,41,4343,1366,1366,391412,1,2,440,1,3,144,1,36,2063
202003,999,45460, ,Terre Haute  IN ,3,3,424,2,4,690,0,0,0,0,0,0,0,0,0,2,4,690,0,0,0,0,0,0
202003,999,45500, ,Texarkana  TX-AR ,1,1,163,0,0,0,0,0,0,0,0,0,0,0,0,0,0,0,0,0,0,0,0,0
202003,999,45820, ,Topeka  KS ,24,24,5628,1,2,280,0,0,0,0,0,0,23,23,5597,1,2,280,0,0,0,0,0,0
202003,999,46220, ,Tuscaloosa  AL ,59,59,14975,0,0,0,0,0,0,1,10,546,59,59,14975,0,0,0,0,0,0,1,10,546
202003,999,46300, ,Twin Falls  ID ,34,34,6958,1,2,253,0,0,0,0,0,0,8,8,1777,0,0,0,0,0,0,0,0,0
202003,999,46520,C,Urban Honolulu  HI ,85,85,31703,0,0,0,0,0,0,3,122,23870,0,0,0,0,0,0,0,0,0,0,0,0
202003,999,46540, ,Utica-Rome  NY ,1,1,126,0,0,0,0,0,0,0,0,0,0,0,0,0,0,0,0,0,0,0,0,0
202003,999,46660, ,Valdosta  GA ,96,96,17654,0,0,0,0,0,0,0,0,0,44,44,8889,0,0,0,0,0,0,0,0,0
202003,999,47300, ,Visalia  CA ,114,114,29114,3,6,1001,2,8,1188,0,0,0,106,106,28023,3,6,1001,2,8,1188,0,0,0
202003,999,47380, ,Waco  TX ,53,53,11964,3,6,617,0,0,0,0,0,0,0,0,0,0,0,0,0,0,0,0,0,0
202003,999,47940, ,Waterloo-Cedar Falls  IA ,11,11,2751,0,0,0,0,0,0,0,0,0,11,11,2751,0,0,0,0,0,0,0,0,0
202003,999,48060, ,Watertown-Fort Drum  NY ,11,11,1178,0,0,0,0,0,0,0,0,0,0,0,0,0,0,0,0,0,0,0,0,0
202003,999,48300, ,Wenatchee  WA ,46,46,9948,0,0,0,0,0,0,2,21,2400,21,21,5322,0,0,0,0,0,0,2,21,2400
202003,999,48540, ,Wheeling  WV-OH ,0,0,0,0,0,0,0,0,0,0,0,0,0,0,0,0,0,0,0,0,0,0,0,0
202003,999,48660, ,Wichita Falls  TX ,0,0,0,0,0,0,0,0,0,0,0,0,0,0,0,0,0,0,0,0,0,0,0,0
202003,999,48900, ,Wilmington  NC ,125,125,41538,0,0,0,1,4,391,2,43,6319,0,0,0,0,0,0,0,0,0,0,0,0
202003,999,49420, ,Yakima  WA ,19,19,5549,0,0,0,0,0,0,0,0,0,19,19,5549,0,0,0,0,0,0,0,0,0
202003,999,49740, ,Yuma  AZ ,103,103,15886,0,0,0,0,0,0,0,0,0,103,103,15886,0,0,0,0,0,0,0,0,0
