Survey,CSA,CBSA,MONCOV,CBSA,,1-unit,,,2-units,,,3-4 units,,,5+ units,,,1-unit rep,,,2-units rep,,,3-4 units rep,,,5+ units rep
Date,Code,Code,,Name,Bldgs,Units,Value,Bldgs,Units,Value,Bldgs,Units,Value,Bldgs,Units,Value,Bldgs,Units,Value,Bldgs,Units,Value,      Bldgs,Units,Value,Bldgs,Units,Value
 
202002,104,10580,C,Albany-Schenectady-Troy  NY ,71,71,19375,0,0,0,1,3,450,4,20,2270,49,49,13123,0,0,0,0,0,0,0,0,0
202002,104,24020, ,Glens Falls  NY ,10,10,2546,0,0,0,0,0,0,0,0,0,4,4,1137,0,0,0,0,0,0,0,0,0
202002,106,10740,C,Albuquerque  NM ,199,199,44840,0,0,0,0,0,0,1,5,208,39,39,11426,0,0,0,0,0,0,0,0,0
202002,106,42140,C,Santa Fe  NM ,29,29,7061,0,0,0,0,0,0,0,0,0,29,29,7061,0,0,0,0,0,0,0,0,0
202002,107,11020, ,Altoona  PA ,0,0,0,0,0,0,0,0,0,0,0,0,0,0,0,0,0,0,0,0,0,0,0,0
202002,108,11100, ,Amarillo  TX ,57,57,13535,0,0,0,0,0,0,0,0,0,57,57,13535,0,0,0,0,0,0,0,0,0
202002,118,11540, ,Appleton  WI ,34,34,9763,1,2,333,0,0,0,0,0,0,31,31,9171,1,2,333,0,0,0,0,0,0
202002,118,36780, ,Oshkosh-Neenah  WI ,16,16,4106,0,0,0,0,0,0,0,0,0,16,16,4106,0,0,0,0,0,0,0,0,0
202002,120,11700, ,Asheville  NC ,165,165,45431,0,0,0,0,0,0,2,16,1886,37,37,7487,0,0,0,0,0,0,0,0,0
202002,122,12020, ,Athens-Clarke County  GA ,51,51,13431,13,26,3254,0,0,0,0,0,0,51,51,13431,13,26,3254,0,0,0,0,0,0
202002,122,12060, ,Atlanta-Sandy Springs-Alpharetta  GA ,2107,2107,487133,1,2,154,4,14,2173,16,619,71218,1861,1861,424735,1,2,154,4,14,2173,12,537,63245
202002,122,23580, ,Gainesville  GA ,75,75,16148,0,0,0,0,0,0,0,0,0,75,75,16148,0,0,0,0,0,0,0,0,0
202002,122,40660,C,Rome  GA ,39,39,3517,0,0,0,0,0,0,0,0,0,39,39,3517,0,0,0,0,0,0,0,0,0
202002,140,13460,C,Bend  OR ,119,119,28427,11,22,2765,0,0,0,0,0,0,119,119,28427,11,22,2765,0,0,0,0,0,0
202002,142,13820,C,Birmingham-Hoover  AL ,279,279,73026,1,2,247,0,0,0,1,10,1008,203,203,55456,0,0,0,0,0,0,0,0,0
202002,144,14020,C,Bloomington  IN ,26,26,7039,0,0,0,0,0,0,0,0,0,26,26,7039,0,0,0,0,0,0,0,0,0
202002,145,14010, ,Bloomington  IL ,2,2,324,0,0,0,0,0,0,0,0,0,2,2,324,0,0,0,0,0,0,0,0,0
202002,146,14100,C,Bloomsburg-Berwick  PA ,6,6,1539,0,0,0,0,0,0,1,5,659,3,3,961,0,0,0,0,0,0,0,0,0
202002,147,14260,C,Boise City  ID ,715,715,154791,6,12,1933,3,12,1163,5,101,17073,673,673,142835,6,12,1933,3,12,1163,5,101,17073
202002,148,12700, ,Barnstable Town  MA ,5,5,2469,0,0,0,0,0,0,0,0,0,5,5,2469,0,0,0,0,0,0,0,0,0
202002,148,14460,C,Boston-Cambridge-Newton  MA-NH ,329,329,100436,17,34,6786,6,18,4145,23,469,72584,154,154,54719,9,18,3892,4,12,2150,8,320,51025
202002,148,31700, ,Manchester-Nashua  NH ,22,22,4273,4,8,1201,0,0,0,1,5,631,10,10,2343,4,8,1201,0,0,0,0,0,0
202002,148,39300,C,Providence-Warwick  RI-MA ,128,128,29809,3,6,833,0,0,0,0,0,0,87,87,21699,2,4,435,0,0,0,0,0,0
202002,148,49340, ,Worcester  MA-CT ,7,7,1602,0,0,0,0,0,0,1,5,90,4,4,1002,0,0,0,0,0,0,0,0,0
202002,150,14540, ,Bowling Green  KY ,49,49,11635,0,0,0,0,0,0,0,0,0,49,49,11635,0,0,0,0,0,0,0,0,0
202002,154,15180, ,Brownsville-Harlingen  TX ,86,86,5274,1,2,123,0,0,0,0,0,0,60,60,2773,0,0,0,0,0,0,0,0,0
202002,160,15380,C,Buffalo-Cheektowaga  NY ,61,61,19633,1,2,100,1,4,952,1,12,2692,45,45,13121,0,0,0,1,4,952,0,0,0
202002,162,15540, ,Burlington-South Burlington  VT ,17,17,5131,0,0,0,2,6,878,1,9,1202,10,10,3059,0,0,0,1,3,541,0,0,0
202002,163,15980,C,Cape Coral-Fort Myers  FL ,486,486,101265,13,26,3365,2,8,2570,7,189,26991,476,476,99444,12,24,3218,2,8,2570,6,171,24484
202002,163,34940, ,Naples-Marco Island  FL ,228,228,52149,0,0,0,9,32,6466,5,224,30712,228,228,52149,0,0,0,9,32,6466,5,224,30712
202002,164,16020, ,Cape Girardeau  MO-IL ,0,0,0,0,0,0,0,0,0,0,0,0,0,0,0,0,0,0,0,0,0,0,0,0
202002,168,16300, ,Cedar Rapids  IA ,11,11,1917,0,0,0,0,0,0,0,0,0,11,11,1917,0,0,0,0,0,0,0,0,0
202002,168,26980, ,Iowa City  IA ,31,31,8084,0,0,0,0,0,0,0,0,0,24,24,6509,0,0,0,0,0,0,0,0,0
202002,170,16620, ,Charleston  WV ,13,13,1048,0,0,0,0,0,0,0,0,0,13,13,1048,0,0,0,0,0,0,0,0,0
202002,170,26580, ,Huntington-Ashland  WV-KY-OH ,9,9,1937,0,0,0,0,0,0,0,0,0,7,7,1779,0,0,0,0,0,0,0,0,0
202002,172,16740, ,Charlotte-Concord-Gastonia  NC-SC ,1469,1469,387391,1,2,256,0,0,0,15,490,48806,1372,1372,354306,1,2,256,0,0,0,13,474,46551
202002,174,16860, ,Chattanooga  TN-GA ,126,126,28942,2,4,306,0,0,0,1,10,1132,85,85,19298,0,0,0,0,0,0,0,0,0
202002,174,17420, ,Cleveland  TN ,30,30,5082,1,2,173,1,4,360,0,0,0,0,0,0,0,0,0,0,0,0,0,0,0
202002,176,16980, ,Chicago-Naperville-Elgin  IL-IN-WI ,494,494,135976,6,12,1729,12,39,6038,20,586,66467,406,406,113168,3,6,1020,12,39,6038,14,554,62737
202002,176,28100, ,Kankakee  IL ,2,2,541,0,0,0,0,0,0,0,0,0,2,2,541,0,0,0,0,0,0,0,0,0
202002,176,33140, ,Michigan City-La Porte  IN ,7,7,1577,0,0,0,0,0,0,0,0,0,0,0,0,0,0,0,0,0,0,0,0,0
202002,178,17140, ,Cincinnati  OH-KY-IN ,350,350,88645,2,4,603,0,0,0,5,68,6655,298,298,75477,2,4,603,0,0,0,2,16,1566
202002,184,10420, ,Akron  OH ,40,40,20460,0,0,0,0,0,0,0,0,0,9,9,2572,0,0,0,0,0,0,0,0,0
202002,184,15940, ,Canton-Massillon  OH ,32,32,8114,2,4,640,0,0,0,0,0,0,29,29,7764,2,4,640,0,0,0,0,0,0
202002,184,17460, ,Cleveland-Elyria  OH ,200,200,53670,1,2,11,2,6,658,0,0,0,182,182,49861,0,0,0,1,3,450,0,0,0
202002,190,17860, ,Columbia  MO ,43,43,12792,0,0,0,0,0,0,0,0,0,43,43,12792,0,0,0,0,0,0,0,0,0
202002,192,17900,C,Columbia  SC ,318,318,72638,0,0,0,0,0,0,0,0,0,152,152,30622,0,0,0,0,0,0,0,0,0
202002,194,12220,C,Auburn-Opelika  AL ,99,99,26190,0,0,0,0,0,0,0,0,0,99,99,26190,0,0,0,0,0,0,0,0,0
202002,194,17980, ,Columbus  GA-AL ,54,54,11452,0,0,0,1,4,246,2,10,1878,17,17,4693,0,0,0,0,0,0,0,0,0
202002,198,18140, ,Columbus  OH ,299,299,88264,2,4,800,0,0,0,17,506,82411,273,273,82187,2,4,800,0,0,0,17,506,82411
202002,204,18580, ,Corpus Christi  TX ,96,96,22369,0,0,0,0,0,0,0,0,0,91,91,21609,0,0,0,0,0,0,0,0,0
202002,206,19100, ,Dallas-Fort Worth-Arlington  TX ,3440,3440,881678,30,60,7330,1,4,665,19,476,137155,2948,2948,744829,30,60,7330,1,4,665,13,414,131006
202002,209,19340, ,Davenport-Moline-Rock Island  IA-IL ,14,14,3439,0,0,0,0,0,0,0,0,0,3,3,395,0,0,0,0,0,0,0,0,0
202002,212,19430, ,Dayton-Kettering  OH ,73,73,27368,0,0,0,0,0,0,0,0,0,51,51,22606,0,0,0,0,0,0,0,0,0
202002,212,44220, ,Springfield  OH ,3,3,786,0,0,0,0,0,0,0,0,0,3,3,786,0,0,0,0,0,0,0,0,0
202002,216,14500, ,Boulder  CO ,41,41,19238,1,2,820,0,0,0,2,40,5501,34,34,15369,0,0,0,0,0,0,0,0,0
202002,216,19740,C,Denver-Aurora-Lakewood  CO ,758,758,222002,2,4,802,3,9,1776,10,647,101669,721,721,208999,2,4,802,2,6,1257,10,647,101669
202002,216,24540, ,Greeley  CO ,260,260,68087,0,0,0,5,18,3199,0,0,0,253,253,66705,0,0,0,5,18,3199,0,0,0
202002,218,11180, ,Ames  IA ,5,5,1703,0,0,0,0,0,0,0,0,0,5,5,1703,0,0,0,0,0,0,0,0,0
202002,218,19780, ,Des Moines-West Des Moines  IA ,173,173,44926,2,4,721,0,0,0,1,9,1795,169,169,44091,2,4,721,0,0,0,1,9,1795
202002,220,11460, ,Ann Arbor  MI ,61,61,18718,0,0,0,0,0,0,1,34,5010,53,53,16540,0,0,0,0,0,0,1,34,5010
202002,220,19820, ,Detroit-Warren-Dearborn  MI ,343,343,90116,1,2,140,3,10,2070,7,109,31186,277,277,74157,0,0,0,1,4,1050,6,104,30673
202002,220,22420, ,Flint  MI ,16,16,5033,0,0,0,0,0,0,0,0,0,11,11,3655,0,0,0,0,0,0,0,0,0
202002,220,33780, ,Monroe  MI ,1,1,372,0,0,0,0,0,0,0,0,0,1,1,372,0,0,0,0,0,0,0,0,0
202002,222,20020, ,Dothan  AL ,10,10,2916,0,0,0,0,0,0,0,0,0,8,8,2502,0,0,0,0,0,0,0,0,0
202002,232,20740, ,Eau Claire  WI ,13,13,3174,4,8,1375,0,0,0,0,0,0,13,13,3174,4,8,1375,0,0,0,0,0,0
202002,236,21300, ,Elmira  NY ,0,0,0,0,0,0,0,0,0,0,0,0,0,0,0,0,0,0,0,0,0,0,0,0
202002,238,21340,C,El Paso  TX ,221,221,51594,6,12,1560,1,3,394,3,32,5589,79,79,18759,0,0,0,0,0,0,0,0,0
202002,238,29740,C,Las Cruces  NM ,63,63,15888,1,2,257,0,0,0,0,0,0,63,63,15888,1,2,257,0,0,0,0,0,0
202002,240,21500, ,Erie  PA ,2,2,317,0,0,0,0,0,0,0,0,0,1,1,65,0,0,0,0,0,0,0,0,0
202002,244,22020, ,Fargo  ND-MN ,7,7,2491,0,0,0,0,0,0,0,0,0,6,6,2170,0,0,0,0,0,0,0,0,0
202002,246,22180, ,Fayetteville  NC ,120,120,21124,0,0,0,0,0,0,3,66,12000,71,71,15129,0,0,0,0,0,0,3,66,12000
202002,258,23060,C,Fort Wayne  IN ,86,86,23347,0,0,0,0,0,0,0,0,0,86,86,23347,0,0,0,0,0,0,0,0,0
202002,260,23420,C,Fresno  CA ,163,163,48179,3,6,1293,0,0,0,4,22,2309,64,64,18200,1,2,444,0,0,0,0,0,0
202002,260,31460, ,Madera  CA ,26,26,6075,0,0,0,0,0,0,0,0,0,26,26,6075,0,0,0,0,0,0,0,0,0
202002,264,23540, ,Gainesville  FL ,58,58,15841,0,0,0,0,0,0,1,54,1839,47,47,14356,0,0,0,0,0,0,0,0,0
202002,266,24340, ,Grand Rapids-Kentwood  MI ,90,90,24223,1,2,530,0,0,0,1,31,4395,64,64,18852,1,2,530,0,0,0,0,0,0
202002,266,34740, ,Muskegon  MI ,1,1,222,0,0,0,0,0,0,0,0,0,0,0,0,0,0,0,0,0,0,0,0,0
202002,267,24580, ,Green Bay  WI ,45,45,14170,0,0,0,0,0,0,2,10,932,29,29,9302,0,0,0,0,0,0,0,0,0
202002,268,15500, ,Burlington  NC ,77,77,13673,0,0,0,0,0,0,0,0,0,77,77,13673,0,0,0,0,0,0,0,0,0
202002,268,24660,C,Greensboro-High Point  NC ,159,159,37979,0,0,0,1,3,311,2,152,18104,142,142,34054,0,0,0,0,0,0,2,152,18104
202002,268,49180, ,Winston-Salem  NC ,291,291,45130,0,0,0,0,0,0,1,19,749,277,277,42182,0,0,0,0,0,0,0,0,0
202002,272,24780, ,Greenville  NC ,29,29,6487,7,14,1470,0,0,0,0,0,0,29,29,6487,7,14,1470,0,0,0,0,0,0
202002,273,24860, ,Greenville-Anderson  SC ,432,432,109753,0,0,0,0,0,0,0,0,0,406,406,105925,0,0,0,0,0,0,0,0,0
202002,273,43900, ,Spartanburg  SC ,165,165,27704,0,0,0,0,0,0,0,0,0,165,165,27704,0,0,0,0,0,0,0,0,0
202002,276,23900,C,Gettysburg  PA ,8,8,2909,0,0,0,0,0,0,0,0,0,8,8,2909,0,0,0,0,0,0,0,0,0
202002,276,25420,C,Harrisburg-Carlisle  PA ,111,111,22057,1,2,305,0,0,0,3,28,3680,82,82,15914,1,2,305,0,0,0,1,6,761
202002,276,30140, ,Lebanon  PA ,16,16,2976,0,0,0,0,0,0,0,0,0,0,0,0,0,0,0,0,0,0,0,0,0
202002,276,49620, ,York-Hanover  PA ,7,7,2245,0,0,0,2,8,784,1,28,975,5,5,1718,0,0,0,2,8,784,1,28,975
202002,277,25500,C,Harrisonburg  VA ,49,49,14938,0,0,0,0,0,0,0,0,0,49,49,14938,0,0,0,0,0,0,0,0,0
202002,277,44420, ,Staunton  VA ,16,16,3846,0,0,0,0,0,0,0,0,0,16,16,3846,0,0,0,0,0,0,0,0,0
202002,278,25540,C,Hartford-East Hartford-Middletown  CT ,48,48,10460,0,0,0,3,11,1997,6,65,6465,33,33,7145,0,0,0,3,11,1997,2,45,4790
202002,278,35980, ,Norwich-New London  CT ,13,13,2610,0,0,0,0,0,0,2,24,5542,7,7,1741,0,0,0,0,0,0,2,24,5542
202002,279,25620, ,Hattiesburg  MS ,3,3,1445,0,0,0,0,0,0,0,0,0,3,3,1445,0,0,0,0,0,0,0,0,0
202002,284,26300, ,Hot Springs  AR ,5,5,116,0,0,0,0,0,0,0,0,0,5,5,116,0,0,0,0,0,0,0,0,0
202002,288,26420, ,Houston-The Woodlands-Sugar Land  TX ,3515,3515,646465,11,22,2597,0,0,0,23,1035,164433,2560,2560,547795,11,22,2597,0,0,0,20,1019,163274
202002,290,19460, ,Decatur  AL ,7,7,1080,0,0,0,0,0,0,0,0,0,5,5,855,0,0,0,0,0,0,0,0,0
202002,290,26620,C,Huntsville  AL ,314,314,36779,0,0,0,0,0,0,0,0,0,239,239,23271,0,0,0,0,0,0,0,0,0
202002,292,26820, ,Idaho Falls  ID ,49,49,9328,2,4,314,0,0,0,0,0,0,49,49,9328,2,4,314,0,0,0,0,0,0
202002,294,18020, ,Columbus  IN ,8,8,1765,0,0,0,0,0,0,0,0,0,8,8,1765,0,0,0,0,0,0,0,0,0
202002,294,26900, ,Indianapolis-Carmel-Anderson  IN ,521,521,146398,6,12,1653,1,3,200,4,22,4200,512,512,144592,6,12,1653,1,3,200,4,22,4200
202002,294,34620, ,Muncie  IN ,0,0,0,0,0,0,0,0,0,0,0,0,0,0,0,0,0,0,0,0,0,0,0,0
202002,296,27060, ,Ithaca  NY ,1,1,48,0,0,0,0,0,0,1,5,600,0,0,0,0,0,0,0,0,0,0,0,0
202002,297,27180, ,Jackson  TN ,13,13,2721,0,0,0,0,0,0,0,0,0,0,0,0,0,0,0,0,0,0,0,0,0
202002,298,27140, ,Jackson  MS ,110,110,30326,0,0,0,0,0,0,0,0,0,76,76,21914,0,0,0,0,0,0,0,0,0
202002,300,27260,C,Jacksonville  FL ,864,864,250140,0,0,0,3,12,1611,9,270,30306,847,847,244854,0,0,0,3,12,1611,9,270,30306
202002,304,27740, ,Johnson City  TN ,9,9,2262,1,2,98,0,0,0,1,11,1191,0,0,0,0,0,0,0,0,0,0,0,0
202002,304,28700, ,Kingsport-Bristol  TN-VA ,1,1,328,0,0,0,0,0,0,0,0,0,1,1,328,0,0,0,0,0,0,0,0,0
202002,306,27780, ,Johnstown  PA ,0,0,0,0,0,0,0,0,0,0,0,0,0,0,0,0,0,0,0,0,0,0,0,0
202002,308,27860, ,Jonesboro  AR ,44,44,6755,2,4,273,3,9,477,1,9,487,8,8,1046,0,0,0,0,0,0,0,0,0
202002,309,27900, ,Joplin  MO ,12,12,1632,2,4,490,0,0,0,0,0,0,11,11,1508,2,4,490,0,0,0,0,0,0
202002,310,12980, ,Battle Creek  MI ,0,0,0,0,0,0,0,0,0,0,0,0,0,0,0,0,0,0,0,0,0,0,0,0
202002,310,28020, ,Kalamazoo-Portage  MI ,5,5,2120,0,0,0,0,0,0,0,0,0,4,4,1861,0,0,0,0,0,0,0,0,0
202002,312,28140, ,Kansas City  MO-KS ,401,401,115331,13,26,3653,19,75,14539,36,488,42420,361,361,103580,12,24,3460,19,75,14539,36,488,42420
202002,312,29940, ,Lawrence  KS ,21,21,4782,0,0,0,0,0,0,1,20,1326,0,0,0,0,0,0,0,0,0,0,0,0
202002,312,41140, ,St. Joseph  MO-KS ,0,0,0,0,0,0,0,0,0,0,0,0,0,0,0,0,0,0,0,0,0,0,0,0
202002,313,28420,C,Kennewick-Richland  WA ,141,141,42149,0,0,0,0,0,0,0,0,0,85,85,26334,0,0,0,0,0,0,0,0,0
202002,313,47460, ,Walla Walla  WA ,17,17,4987,0,0,0,0,0,0,0,0,0,6,6,2303,0,0,0,0,0,0,0,0,0
202002,315,28940, ,Knoxville  TN ,266,266,57802,0,0,0,0,0,0,1,10,658,83,83,20235,0,0,0,0,0,0,0,0,0
202002,316,29020, ,Kokomo  IN ,3,3,580,0,0,0,0,0,0,0,0,0,3,3,580,0,0,0,0,0,0,0,0,0
202002,318,29180, ,Lafayette  LA ,169,169,33708,0,0,0,0,0,0,0,0,0,100,100,16944,0,0,0,0,0,0,0,0,0
202002,320,29200, ,Lafayette-West Lafayette  IN ,47,47,12167,0,0,0,0,0,0,1,5,581,43,43,11641,0,0,0,0,0,0,0,0,0
202002,324,29340, ,Lake Charles  LA ,67,67,14592,2,4,400,0,0,0,0,0,0,31,31,7819,2,4,400,0,0,0,0,0,0
202002,332,29820,C,Las Vegas-Henderson-Paradise  NV ,882,882,244680,14,28,1895,26,80,6732,31,400,29312,882,882,244680,14,28,1895,26,80,6732,31,400,29312
202002,336,30460,C,Lexington-Fayette  KY ,121,121,24509,1,2,219,0,0,0,2,55,4505,50,50,9861,0,0,0,0,0,0,0,0,0
202002,338,30620, ,Lima  OH ,0,0,0,0,0,0,0,0,0,0,0,0,0,0,0,0,0,0,0,0,0,0,0,0
202002,339,30700, ,Lincoln  NE ,63,63,14949,1,2,262,0,0,0,1,27,3257,3,3,660,0,0,0,0,0,0,0,0,0
202002,340,30780, ,Little Rock-North Little Rock-Conway  AR ,136,136,28252,1,2,152,0,0,0,2,26,430,101,101,22170,0,0,0,0,0,0,1,20,261
202002,340,38220, ,Pine Bluff  AR ,1,1,122,0,0,0,0,0,0,0,0,0,0,0,0,0,0,0,0,0,0,0,0,0
202002,348,31080,C,Los Angeles-Long Beach-Anaheim  CA ,930,930,296661,66,132,25830,12,41,9394,43,994,170606,781,781,237777,63,126,24159,11,38,8742,33,894,153171
202002,348,37100, ,Oxnard-Thousand Oaks-Ventura  CA ,7,7,1505,1,2,205,7,21,6316,0,0,0,0,0,0,0,0,0,7,21,6316,0,0,0
202002,348,40140, ,Riverside-San Bernardino-Ontario  CA ,1383,1383,381759,6,12,1036,8,25,1921,7,121,12568,1306,1306,361893,6,12,1036,8,25,1921,6,115,12037
202002,350,21060, ,Elizabethtown-Fort Knox  KY ,19,19,3281,2,4,539,3,12,735,0,0,0,19,19,3281,2,4,539,3,12,735,0,0,0
202002,350,31140, ,Louisville-Jefferson County  KY-IN ,275,275,76834,0,0,0,1,3,461,6,136,18194,154,154,39709,0,0,0,1,3,461,0,0,0
202002,352,31180, ,Lubbock  TX ,154,154,29265,12,24,3200,0,0,0,26,184,9589,154,154,29265,12,24,3200,0,0,0,26,184,9589
202002,356,31420, ,Macon-Bibb County  GA ,25,25,2421,0,0,0,0,0,0,0,0,0,0,0,0,0,0,0,0,0,0,0,0,0
202002,356,47580, ,Warner Robins  GA ,93,93,17639,0,0,0,0,0,0,0,0,0,93,93,17639,0,0,0,0,0,0,0,0,0
202002,357,27500, ,Janesville-Beloit  WI ,13,13,3216,0,0,0,0,0,0,0,0,0,13,13,3216,0,0,0,0,0,0,0,0,0
202002,357,31540, ,Madison  WI ,112,112,38784,2,4,1262,1,3,447,5,72,10765,72,72,25753,2,4,1262,0,0,0,0,0,0
202002,359,31860, ,Mankato  MN ,9,9,1845,0,0,0,0,0,0,1,11,1299,0,0,0,0,0,0,0,0,0,0,0,0
202002,365,32580,C,McAllen-Edinburg-Mission  TX ,254,254,47398,0,0,0,20,80,5223,1,6,204,230,230,44907,0,0,0,20,80,5223,1,6,204
202002,366,32780, ,Medford  OR ,38,38,10114,0,0,0,0,0,0,0,0,0,38,38,10114,0,0,0,0,0,0,0,0,0
202002,368,32820, ,Memphis  TN-MS-AR ,255,255,56093,0,0,0,1,4,750,0,0,0,202,202,47802,0,0,0,1,4,750,0,0,0
202002,370,33100, ,Miami-Fort Lauderdale-Pompano Beach  FL ,635,635,228711,12,24,3899,5,20,2999,39,1553,330155,557,557,196739,12,24,3899,5,20,2999,36,1523,326662
202002,370,38940, ,Port St. Lucie  FL ,292,292,65330,6,12,1897,0,0,0,0,0,0,291,291,65220,6,12,1897,0,0,0,0,0,0
202002,370,42680, ,Sebastian-Vero Beach  FL ,80,80,30410,0,0,0,0,0,0,0,0,0,80,80,30410,0,0,0,0,0,0,0,0,0
202002,372,33260, ,Midland  TX ,152,152,23985,0,0,0,0,0,0,0,0,0,152,152,23985,0,0,0,0,0,0,0,0,0
202002,372,36220,C,Odessa  TX ,67,67,15910,0,0,0,0,0,0,0,0,0,67,67,15910,0,0,0,0,0,0,0,0,0
202002,376,33340,C,Milwaukee-Waukesha  WI ,86,86,33167,5,10,2374,0,0,0,2,14,1600,57,57,22079,4,8,2010,0,0,0,0,0,0
202002,376,39540, ,Racine  WI ,9,9,3250,1,2,328,0,0,0,0,0,0,9,9,3250,1,2,328,0,0,0,0,0,0
202002,378,33460, ,Minneapolis-St. Paul-Bloomington  MN-WI ,537,537,174210,2,4,829,2,7,1913,6,327,39058,502,502,164254,2,4,829,1,4,1376,5,319,37922
202002,378,41060, ,St. Cloud  MN ,1,1,253,0,0,0,0,0,0,0,0,0,0,0,0,0,0,0,0,0,0,0,0,0
202002,380,19300, ,Daphne-Fairhope-Foley  AL ,176,176,36510,1,2,369,0,0,0,2,44,4164,58,58,17932,1,2,369,0,0,0,1,16,1993
202002,380,33660, ,Mobile  AL ,58,58,13080,0,0,0,0,0,0,0,0,0,57,57,13006,0,0,0,0,0,0,0,0,0
202002,384,33740, ,Monroe  LA ,25,25,5713,1,2,81,1,4,629,1,5,579,0,0,0,0,0,0,0,0,0,0,0,0
202002,388,33860, ,Montgomery  AL ,91,91,19953,0,0,0,0,0,0,1,5,420,91,91,19953,0,0,0,0,0,0,1,5,420
202002,390,34060, ,Morgantown  WV ,0,0,0,0,0,0,0,0,0,1,13,1433,0,0,0,0,0,0,0,0,0,0,0,0
202002,396,34820, ,Myrtle Beach-Conway-North Myrtle Beach  SC-NC ,551,551,103360,1,2,568,0,0,0,2,54,4620,388,388,68578,0,0,0,0,0,0,2,54,4620
202002,400,34980, ,Nashville-Davidson--Murfreesboro--Franklin  TN ,1019,1019,257532,0,0,0,4,15,1945,4,673,75541,974,974,237770,0,0,0,4,15,1945,4,673,75541
202002,406,25220, ,Hammond  LA ,79,79,9697,0,0,0,0,0,0,0,0,0,71,71,8461,0,0,0,0,0,0,0,0,0
202002,406,35380, ,New Orleans-Metairie  LA ,234,234,56464,9,18,1777,1,3,722,1,37,7631,178,178,43067,2,4,330,0,0,0,0,0,0
202002,408,14860,C,Bridgeport-Stamford-Norwalk  CT ,49,49,29162,0,0,0,0,0,0,3,123,14665,29,29,11790,0,0,0,0,0,0,2,118,14234
202002,408,20700, ,East Stroudsburg  PA ,6,6,1678,0,0,0,0,0,0,0,0,0,0,0,0,0,0,0,0,0,0,0,0,0
202002,408,28740, ,Kingston  NY ,3,3,787,0,0,0,0,0,0,0,0,0,3,3,787,0,0,0,0,0,0,0,0,0
202002,408,35300, ,New Haven-Milford  CT ,26,26,3083,2,4,400,0,0,0,1,7,431,20,20,2162,2,4,400,0,0,0,0,0,0
202002,408,35620,C,New York-Newark-Jersey City  NY-NJ-PA ,871,871,201474,82,164,15401,17,53,76088,89,1841,218793,685,685,157853,71,142,12679,16,50,75738,59,1512,191229
202002,408,39100, ,Poughkeepsie-Newburgh-Middletown  NY ,16,16,11849,0,0,0,1,3,852,1,16,1779,14,14,11397,0,0,0,0,0,0,0,0,0
202002,408,45940,C,Trenton-Princeton  NJ ,25,25,2691,0,0,0,0,0,0,2,12,25,22,22,1987,0,0,0,0,0,0,0,0,0
202002,412,35840,C,North Port-Sarasota-Bradenton  FL ,645,645,161294,12,24,2194,1,4,961,2,20,1460,645,645,161294,12,24,2194,1,4,961,2,20,1460
202002,412,39460, ,Punta Gorda  FL ,225,225,58894,7,14,2252,1,4,1074,1,16,3145,225,225,58894,7,14,2252,1,4,1074,1,16,3145
202002,416,36420,C,Oklahoma City  OK ,482,482,111952,14,28,3146,1,3,338,0,0,0,159,159,43043,9,18,1993,0,0,0,0,0,0
202002,420,36540, ,Omaha-Council Bluffs  NE-IA ,203,203,38406,0,0,0,0,0,0,4,102,6183,162,162,28679,0,0,0,0,0,0,4,102,6183
202002,422,19660, ,Deltona-Daytona Beach-Ormond Beach  FL ,272,272,83909,15,30,4846,0,0,0,1,12,1655,213,213,67241,15,30,4846,0,0,0,0,0,0
202002,422,29460, ,Lakeland-Winter Haven  FL ,516,516,116951,2,4,447,0,0,0,4,20,2869,414,414,91972,2,4,447,0,0,0,4,20,2869
202002,422,36740, ,Orlando-Kissimmee-Sanford  FL ,1035,1035,292301,25,50,8185,1,4,537,7,197,26864,886,886,251575,24,48,8029,1,4,537,6,177,24779
202002,422,45540,C,The Villages  FL ,238,238,69486,0,0,0,1,4,896,0,0,0,238,238,69486,0,0,0,1,4,896,0,0,0
202002,425,37620, ,Parkersburg-Vienna  WV ,4,4,316,0,0,0,0,0,0,0,0,0,3,3,243,0,0,0,0,0,0,0,0,0
202002,426,37860,C,Pensacola-Ferry Pass-Brent  FL ,341,341,69348,1,2,224,0,0,0,0,0,0,341,341,69348,1,2,224,0,0,0,0,0,0
202002,428,12100,C,Atlantic City-Hammonton  NJ ,41,41,7610,0,0,0,0,0,0,1,13,1727,39,39,6955,0,0,0,0,0,0,0,0,0
202002,428,20100,C,Dover  DE ,143,143,19874,2,4,393,1,3,403,0,0,0,142,142,19659,2,4,393,1,3,403,0,0,0
202002,428,36140,C,Ocean City  NJ ,37,37,13948,3,6,791,1,3,20,0,0,0,36,36,13804,2,4,601,0,0,0,0,0,0
202002,428,37980,C,Philadelphia-Camden-Wilmington  PA-NJ-DE-MD ,576,576,96827,13,26,3596,10,35,4141,16,341,24972,376,376,67188,13,26,3596,10,35,4141,7,227,8897
202002,428,39740, ,Reading  PA ,1,1,266,0,0,0,0,0,0,0,0,0,0,0,0,0,0,0,0,0,0,0,0,0
202002,428,47220,C,Vineland-Bridgeton  NJ ,47,47,1183,0,0,0,0,0,0,0,0,0,45,45,968,0,0,0,0,0,0,0,0,0
202002,429,38060,C,Phoenix-Mesa-Chandler  AZ ,2350,2350,646660,12,24,2982,3,9,1927,51,1594,235725,2225,2225,616400,12,24,2982,3,9,1927,50,1498,218739
202002,430,38300, ,Pittsburgh  PA ,84,84,25432,0,0,0,0,0,0,1,31,3425,55,55,18563,0,0,0,0,0,0,0,0,0
202002,430,48260, ,Weirton-Steubenville  WV-OH ,0,0,0,0,0,0,0,0,0,0,0,0,0,0,0,0,0,0,0,0,0,0,0,0
202002,438,30340, ,Lewiston-Auburn  ME ,9,9,2139,1,2,200,0,0,0,0,0,0,7,7,1725,0,0,0,0,0,0,0,0,0
202002,438,38860, ,Portland-South Portland  ME ,81,81,21971,3,6,1251,0,0,0,3,29,1938,19,19,5771,1,2,600,0,0,0,2,24,1446
202002,440,10540, ,Albany-Lebanon  OR ,30,30,7277,0,0,0,0,0,0,1,5,568,4,4,573,0,0,0,0,0,0,0,0,0
202002,440,18700, ,Corvallis  OR ,1,1,125,0,0,0,0,0,0,0,0,0,1,1,125,0,0,0,0,0,0,0,0,0
202002,440,31020, ,Longview  WA ,19,19,4186,0,0,0,0,0,0,0,0,0,0,0,0,0,0,0,0,0,0,0,0,0
202002,440,38900, ,Portland-Vancouver-Hillsboro  OR-WA ,664,664,192864,6,12,1272,0,0,0,6,77,9378,490,490,137870,6,12,1272,0,0,0,4,66,8081
202002,440,41420, ,Salem  OR ,47,47,13564,1,2,297,0,0,0,0,0,0,47,47,13564,1,2,297,0,0,0,0,0,0
202002,444,39380,C,Pueblo  CO ,41,41,6942,0,0,0,0,0,0,0,0,0,41,41,6942,0,0,0,0,0,0,0,0,0
202002,450,20500,C,Durham-Chapel Hill  NC ,276,276,64394,1,2,170,0,0,0,3,86,6979,95,95,29772,0,0,0,0,0,0,0,0,0
202002,450,39580,C,Raleigh-Cary  NC ,957,957,221280,1,2,150,0,0,0,2,176,24987,896,896,213006,1,2,150,0,0,0,2,176,24987
202002,452,39660, ,Rapid City  SD ,54,54,10334,0,0,0,0,0,0,2,24,2200,54,54,10334,0,0,0,0,0,0,2,24,2200
202002,454,39820, ,Redding  CA ,36,36,9803,0,0,0,0,0,0,0,0,0,36,36,9803,0,0,0,0,0,0,0,0,0
202002,456,16180,C,Carson City  NV ,16,16,4171,0,0,0,0,0,0,1,8,799,0,0,0,0,0,0,0,0,0,0,0,0
202002,456,39900,C,Reno  NV ,211,211,56068,1,2,231,1,3,325,8,113,12472,43,43,9464,0,0,0,0,0,0,0,0,0
202002,462,40340, ,Rochester  MN ,14,14,3866,0,0,0,0,0,0,0,0,0,14,14,3866,0,0,0,0,0,0,0,0,0
202002,464,40380, ,Rochester  NY ,69,69,17550,0,0,0,2,8,840,2,27,1736,54,54,15045,0,0,0,2,8,840,0,0,0
202002,466,40420, ,Rockford  IL ,11,11,2504,0,0,0,0,0,0,0,0,0,11,11,2504,0,0,0,0,0,0,0,0,0
202002,472,40900,C,Sacramento-Roseville-Folsom  CA ,557,557,162588,19,38,5358,1,4,854,25,466,55922,547,547,159411,19,38,5358,1,4,854,25,466,55922
202002,474,13020, ,Bay City  MI ,0,0,0,0,0,0,0,0,0,0,0,0,0,0,0,0,0,0,0,0,0,0,0,0
202002,474,33220, ,Midland  MI ,3,3,490,0,0,0,0,0,0,0,0,0,2,2,281,0,0,0,0,0,0,0,0,0
202002,474,40980, ,Saginaw  MI ,2,2,420,0,0,0,0,0,0,0,0,0,2,2,420,0,0,0,0,0,0,0,0,0
202002,476,41180, ,St. Louis  MO-IL ,369,369,107865,1,2,291,0,0,0,2,27,2024,288,288,82453,1,2,291,0,0,0,0,0,0
202002,480,41540, ,Salisbury  MD-DE ,282,282,39976,12,24,2102,1,3,480,4,23,2612,279,279,39342,12,24,2102,1,3,480,4,23,2612
202002,482,36260, ,Ogden-Clearfield  UT ,294,294,62758,0,0,0,15,52,9318,4,43,4926,212,212,41936,0,0,0,12,42,7975,2,33,3698
202002,482,39340, ,Provo-Orem  UT ,385,385,101472,0,0,0,11,38,7189,7,79,12141,376,376,97384,0,0,0,10,35,6964,7,79,12141
202002,482,41620, ,Salt Lake City  UT ,424,424,97813,3,6,1363,7,21,3726,7,48,7159,288,288,61185,1,2,800,3,9,1941,1,6,1100
202002,484,41700,C,San Antonio-New Braunfels  TX ,773,773,177349,2,4,447,1,4,537,3,245,34652,689,689,162010,2,4,447,1,4,537,3,245,34652
202002,488,32900, ,Merced  CA ,20,20,4860,0,0,0,0,0,0,0,0,0,20,20,4860,0,0,0,0,0,0,0,0,0
202002,488,33700, ,Modesto  CA ,5,5,1229,0,0,0,0,0,0,0,0,0,5,5,1229,0,0,0,0,0,0,0,0,0
202002,488,41860,C,San Francisco-Oakland-Berkeley  CA ,382,382,137049,4,8,3089,5,18,6451,16,574,207824,283,283,98620,3,6,1558,4,15,5594,10,532,198600
202002,488,41940,C,San Jose-Sunnyvale-Santa Clara  CA ,136,136,46818,0,0,0,0,0,0,6,176,40019,109,109,35095,0,0,0,0,0,0,5,159,37275
202002,488,42100, ,Santa Cruz-Watsonville  CA ,12,12,2442,0,0,0,1,4,459,1,6,610,1,1,73,0,0,0,0,0,0,0,0,0
202002,488,42220, ,Santa Rosa-Petaluma  CA ,112,112,49195,1,2,450,0,0,0,0,0,0,112,112,49195,1,2,450,0,0,0,0,0,0
202002,488,44700, ,Stockton  CA ,136,136,41971,0,0,0,0,0,0,3,44,5913,136,136,41971,0,0,0,0,0,0,3,44,5913
202002,488,46700, ,Vallejo  CA ,63,63,18001,0,0,0,0,0,0,7,245,31012,63,63,18001,0,0,0,0,0,0,7,245,31012
202002,496,25980, ,Hinesville  GA ,21,21,4580,0,0,0,0,0,0,0,0,0,21,21,4580,0,0,0,0,0,0,0,0,0
202002,496,42340, ,Savannah  GA ,158,158,35211,0,0,0,0,0,0,0,0,0,67,67,15856,0,0,0,0,0,0,0,0,0
202002,500,14740,C,Bremerton-Silverdale-Port Orchard  WA ,75,75,20818,0,0,0,0,0,0,0,0,0,75,75,20818,0,0,0,0,0,0,0,0,0
202002,500,34580, ,Mount Vernon-Anacortes  WA ,21,21,6171,0,0,0,1,4,450,0,0,0,21,21,6171,0,0,0,1,4,450,0,0,0
202002,500,36500, ,Olympia-Lacey-Tumwater  WA ,29,29,8015,2,4,700,0,0,0,5,46,4285,23,23,6794,2,4,700,0,0,0,4,41,4214
202002,500,42660,C,Seattle-Tacoma-Bellevue  WA ,687,687,224880,19,38,6824,21,70,17152,45,980,117217,590,590,187968,18,36,6507,20,67,16652,40,924,110844
202002,508,43340,C,Shreveport-Bossier City  LA ,64,64,12045,0,0,0,0,0,0,0,0,0,59,59,10575,0,0,0,0,0,0,0,0,0
202002,515,21140, ,Elkhart-Goshen  IN ,24,24,6231,0,0,0,0,0,0,0,0,0,24,24,6231,0,0,0,0,0,0,0,0,0
202002,515,35660, ,Niles  MI ,2,2,310,0,0,0,0,0,0,0,0,0,0,0,0,0,0,0,0,0,0,0,0,0
202002,515,43780, ,South Bend-Mishawaka  IN-MI ,14,14,4238,0,0,0,0,0,0,0,0,0,14,14,4238,0,0,0,0,0,0,0,0,0
202002,518,17660, ,Coeur dAlene  ID ,87,87,20369,3,6,971,0,0,0,2,43,4098,51,51,12780,2,4,560,0,0,0,1,20,1390
202002,518,44060, ,Spokane-Spokane Valley  WA ,181,181,44019,7,14,2313,1,3,372,7,64,7623,144,144,34458,6,12,1974,0,0,0,4,28,3485
202002,522,44100, ,Springfield  IL ,1,1,250,0,0,0,0,0,0,0,0,0,0,0,0,0,0,0,0,0,0,0,0,0
202002,524,44300, ,State College  PA ,65,65,17313,0,0,0,0,0,0,0,0,0,65,65,17313,0,0,0,0,0,0,0,0,0
202002,532,45060, ,Syracuse  NY ,13,13,2520,1,2,150,0,0,0,0,0,0,12,12,2318,1,2,150,0,0,0,0,0,0
202002,534,45780, ,Toledo  OH ,43,43,11417,0,0,0,0,0,0,1,8,1600,42,42,11304,0,0,0,0,0,0,1,8,1600
202002,536,46060,C,Tucson  AZ ,324,324,97610,1,2,299,0,0,0,2,52,7987,262,262,82300,0,0,0,0,0,0,0,0,0
202002,538,46140,C,Tulsa  OK ,313,313,66850,3,6,415,0,0,0,1,12,923,307,307,65537,3,6,415,0,0,0,0,0,0
202002,540,46340, ,Tyler  TX ,28,28,6649,1,2,224,1,4,537,0,0,0,28,28,6649,1,2,224,1,4,537,0,0,0
202002,545,47260, ,Virginia Beach-Norfolk-Newport News  VA-NC ,376,376,87958,0,0,0,1,3,644,0,0,0,306,306,74302,0,0,0,1,3,644,0,0,0
202002,548,12580,C,Baltimore-Columbia-Towson  MD ,346,346,80887,0,0,0,0,0,0,2,112,16748,332,332,78610,0,0,0,0,0,0,1,16,2200
202002,548,15680,C,California-Lexington Park  MD ,78,78,16213,0,0,0,0,0,0,1,5,99,5,5,1860,0,0,0,0,0,0,0,0,0
202002,548,16540,C,Chambersburg-Waynesboro  PA ,26,26,5992,0,0,0,0,0,0,0,0,0,21,21,4661,0,0,0,0,0,0,0,0,0
202002,548,25180, ,Hagerstown-Martinsburg  MD-WV ,111,111,22696,0,0,0,0,0,0,1,5,354,16,16,4167,0,0,0,0,0,0,0,0,0
202002,548,47900, ,Washington-Arlington-Alexandria  DC-VA-MD-WV ,1105,1105,266766,14,28,3358,3,12,1611,15,816,96326,911,911,221412,11,22,2461,3,12,1611,12,736,86996
202002,548,49020, ,Winchester  VA-WV ,71,71,16584,0,0,0,0,0,0,0,0,0,71,71,16584,0,0,0,0,0,0,0,0,0
202002,554,48140, ,Wausau-Weston  WI ,10,10,1732,0,0,0,0,0,0,0,0,0,3,3,547,0,0,0,0,0,0,0,0,0
202002,556,48620, ,Wichita  KS ,56,56,12577,21,42,3194,0,0,0,1,7,490,10,10,2880,12,24,1835,0,0,0,0,0,0
202002,558,48700, ,Williamsport  PA ,1,1,349,0,0,0,0,0,0,0,0,0,1,1,349,0,0,0,0,0,0,0,0,0
202002,566,49660, ,Youngstown-Warren-Boardman  OH-PA ,14,14,2479,0,0,0,0,0,0,0,0,0,14,14,2479,0,0,0,0,0,0,0,0,0
202002,999,10180, ,Abilene  TX ,30,30,6147,0,0,0,0,0,0,0,0,0,30,30,6147,0,0,0,0,0,0,0,0,0
202002,999,10500, ,Albany  GA ,9,9,1040,0,0,0,0,0,0,2,54,6783,9,9,1040,0,0,0,0,0,0,2,54,6783
202002,999,10780, ,Alexandria  LA ,11,11,2421,0,0,0,0,0,0,0,0,0,4,4,585,0,0,0,0,0,0,0,0,0
202002,999,10900, ,Allentown-Bethlehem-Easton  PA-NJ ,36,36,6239,1,2,216,0,0,0,1,5,86,27,27,4508,1,2,216,0,0,0,1,5,86
202002,999,11260,C,Anchorage  AK ,81,81,25268,3,6,1026,1,4,695,1,10,1581,0,0,0,0,0,0,0,0,0,0,0,0
202002,999,11500, ,Anniston-Oxford  AL ,1,1,80,0,0,0,0,0,0,0,0,0,0,0,0,0,0,0,0,0,0,0,0,0
202002,999,12260, ,Augusta-Richmond County  GA-SC ,250,250,51204,0,0,0,1,3,282,0,0,0,161,161,32928,0,0,0,1,3,282,0,0,0
202002,999,12420, ,Austin-Round Rock-Georgetown  TX ,1631,1631,371529,37,74,8727,0,0,0,41,1741,145895,1350,1350,312159,35,70,8380,0,0,0,40,1729,144582
202002,999,12540, ,Bakersfield  CA ,128,128,32118,3,6,660,0,0,0,0,0,0,33,33,5274,1,2,258,0,0,0,0,0,0
202002,999,12620, ,Bangor  ME ,9,9,2279,0,0,0,0,0,0,0,0,0,6,6,1450,0,0,0,0,0,0,0,0,0
202002,999,12940, ,Baton Rouge  LA ,278,278,59817,0,0,0,0,0,0,1,23,2247,108,108,30082,0,0,0,0,0,0,0,0,0
202002,999,13140, ,Beaumont-Port Arthur  TX ,85,85,18075,0,0,0,0,0,0,5,141,9500,85,85,18075,0,0,0,0,0,0,5,141,9500
202002,999,13220,C,Beckley  WV ,4,4,255,0,0,0,0,0,0,0,0,0,4,4,255,0,0,0,0,0,0,0,0,0
202002,999,13380, ,Bellingham  WA ,58,58,15409,1,2,286,2,7,1158,3,18,2639,23,23,5864,1,2,286,2,7,1158,3,18,2639
202002,999,13740, ,Billings  MT ,50,50,10114,1,2,339,0,0,0,1,8,368,0,0,0,0,0,0,0,0,0,0,0,0
202002,999,13780, ,Binghamton  NY ,0,0,0,0,0,0,0,0,0,0,0,0,0,0,0,0,0,0,0,0,0,0,0,0
202002,999,13900, ,Bismarck  ND ,13,13,3472,0,0,0,0,0,0,0,0,0,9,9,2343,0,0,0,0,0,0,0,0,0
202002,999,13980, ,Blacksburg-Christiansburg  VA ,3,3,766,0,0,0,0,0,0,0,0,0,3,3,766,0,0,0,0,0,0,0,0,0
202002,999,15260, ,Brunswick  GA ,55,55,15858,0,0,0,0,0,0,0,0,0,0,0,0,0,0,0,0,0,0,0,0,0
202002,999,16220, ,Casper  WY ,7,7,897,0,0,0,0,0,0,0,0,0,7,7,897,0,0,0,0,0,0,0,0,0
202002,999,16580, ,Champaign-Urbana  IL ,13,13,3216,0,0,0,0,0,0,2,44,5896,4,4,1156,0,0,0,0,0,0,0,0,0
202002,999,16700,C,Charleston-North Charleston  SC ,444,444,129568,0,0,0,0,0,0,4,122,7040,195,195,60650,0,0,0,0,0,0,0,0,0
202002,999,16820, ,Charlottesville  VA ,62,62,17891,0,0,0,0,0,0,3,39,4596,0,0,0,0,0,0,0,0,0,0,0,0
202002,999,16940, ,Cheyenne  WY ,28,28,5643,0,0,0,4,16,1929,0,0,0,28,28,5643,0,0,0,4,16,1929,0,0,0
202002,999,17020, ,Chico  CA ,49,49,8756,0,0,0,0,0,0,0,0,0,49,49,8756,0,0,0,0,0,0,0,0,0
202002,999,17300,C,Clarksville  TN-KY ,164,164,27515,1,2,124,3,11,626,12,274,24875,102,102,20144,0,0,0,0,0,0,11,264,24257
202002,999,17780, ,College Station-Bryan  TX ,137,137,27377,1,2,304,0,0,0,14,340,30800,137,137,27377,1,2,304,0,0,0,14,340,30800
202002,999,17820,C,Colorado Springs  CO ,354,354,138963,0,0,0,0,0,0,0,0,0,353,353,138893,0,0,0,0,0,0,0,0,0
202002,999,18880,C,Crestview-Fort Walton Beach-Destin  FL ,202,202,78316,0,0,0,0,0,0,2,24,7085,183,183,72995,0,0,0,0,0,0,2,24,7085
202002,999,19060, ,Cumberland  MD-WV ,1,1,250,0,0,0,0,0,0,0,0,0,1,1,250,0,0,0,0,0,0,0,0,0
202002,999,19180, ,Danville  IL ,1,1,215,0,0,0,0,0,0,0,0,0,0,0,0,0,0,0,0,0,0,0,0,0
202002,999,19500, ,Decatur  IL ,1,1,226,0,0,0,0,0,0,0,0,0,1,1,226,0,0,0,0,0,0,0,0,0
202002,999,20220, ,Dubuque  IA ,7,7,2272,0,0,0,0,0,0,0,0,0,5,5,1756,0,0,0,0,0,0,0,0,0
202002,999,20260, ,Duluth  MN-WI ,6,6,1607,0,0,0,0,0,0,0,0,0,4,4,1226,0,0,0,0,0,0,0,0,0
202002,999,20940, ,El Centro  CA ,23,23,4214,0,0,0,0,0,0,0,0,0,23,23,4214,0,0,0,0,0,0,0,0,0
202002,999,21420, ,Enid  OK ,4,4,880,0,0,0,0,0,0,0,0,0,4,4,880,0,0,0,0,0,0,0,0,0
202002,999,21660, ,Eugene-Springfield  OR ,51,51,13317,2,4,683,1,4,222,14,82,11268,28,28,7598,2,4,683,1,4,222,14,82,11268
202002,999,21780, ,Evansville  IN-KY ,35,35,8786,1,2,150,0,0,0,0,0,0,35,35,8786,1,2,150,0,0,0,0,0,0
202002,999,21820,C,Fairbanks  AK ,0,0,0,0,0,0,0,0,0,0,0,0,0,0,0,0,0,0,0,0,0,0,0,0
202002,999,22140,C,Farmington  NM ,2,2,448,0,0,0,0,0,0,0,0,0,2,2,448,0,0,0,0,0,0,0,0,0
202002,999,22220, ,Fayetteville-Springdale-Rogers  AR-MO ,304,304,80735,7,14,3736,1,4,405,2,22,1932,249,249,69425,7,14,3736,1,4,405,1,5,500
202002,999,22380, ,Flagstaff  AZ ,43,43,12562,0,0,0,0,0,0,0,0,0,43,43,12562,0,0,0,0,0,0,0,0,0
202002,999,22500, ,Florence  SC ,37,37,5292,0,0,0,0,0,0,1,5,329,0,0,0,0,0,0,0,0,0,0,0,0
202002,999,22520, ,Florence-Muscle Shoals  AL ,15,15,1722,0,0,0,0,0,0,0,0,0,2,2,185,0,0,0,0,0,0,0,0,0
202002,999,22540, ,Fond du Lac  WI ,4,4,780,0,0,0,0,0,0,1,5,181,2,2,360,0,0,0,0,0,0,0,0,0
202002,999,22660,C,Fort Collins  CO ,182,182,51357,1,2,274,0,0,0,0,0,0,136,136,40957,1,2,274,0,0,0,0,0,0
202002,999,22900, ,Fort Smith  AR-OK ,23,23,3715,15,30,4875,0,0,0,0,0,0,18,18,3103,13,26,4454,0,0,0,0,0,0
202002,999,23460, ,Gadsden  AL ,2,2,325,0,0,0,0,0,0,0,0,0,2,2,325,0,0,0,0,0,0,0,0,0
202002,999,24220, ,Grand Forks  ND-MN ,0,0,0,0,0,0,0,0,0,0,0,0,0,0,0,0,0,0,0,0,0,0,0,0
202002,999,24260, ,Grand Island  NE ,2,2,532,0,0,0,0,0,0,0,0,0,2,2,532,0,0,0,0,0,0,0,0,0
202002,999,24300,C,Grand Junction  CO ,70,70,19798,2,4,582,0,0,0,0,0,0,70,70,19798,2,4,582,0,0,0,0,0,0
202002,999,24500,C,Great Falls  MT ,10,10,1609,0,0,0,0,0,0,0,0,0,10,10,1609,0,0,0,0,0,0,0,0,0
202002,999,25060, ,Gulfport-Biloxi  MS ,191,191,33742,1,2,300,1,3,301,1,6,508,124,124,23541,1,2,300,0,0,0,0,0,0
202002,999,25860, ,Hickory-Lenoir-Morganton  NC ,0,0,0,0,0,0,0,0,0,1,5,279,0,0,0,0,0,0,0,0,0,0,0,0
202002,999,25940, ,Hilton Head Island-Bluffton  SC ,71,71,23737,0,0,0,0,0,0,0,0,0,11,11,3368,0,0,0,0,0,0,0,0,0
202002,999,26140, ,Homosassa Springs  FL ,77,77,15604,0,0,0,0,0,0,0,0,0,0,0,0,0,0,0,0,0,0,0,0,0
202002,999,26380, ,Houma-Thibodaux  LA ,43,43,10525,1,2,156,0,0,0,0,0,0,32,32,7704,0,0,0,0,0,0,0,0,0
202002,999,27100, ,Jackson  MI ,0,0,0,0,0,0,0,0,0,0,0,0,0,0,0,0,0,0,0,0,0,0,0,0
202002,999,27340,C,Jacksonville  NC ,88,88,14483,0,0,0,1,4,320,0,0,0,88,88,14483,0,0,0,1,4,320,0,0,0
202002,999,27980,C,Kahului-Wailuku-Lahaina  HI ,17,17,14634,1,2,300,0,0,0,0,0,0,17,17,14634,1,2,300,0,0,0,0,0,0
202002,999,28660,C,Killeen-Temple  TX ,197,197,33601,13,26,2391,0,0,0,0,0,0,163,163,28009,11,22,2059,0,0,0,0,0,0
202002,999,29100, ,La Crosse-Onalaska  WI-MN ,5,5,1645,0,0,0,0,0,0,0,0,0,5,5,1645,0,0,0,0,0,0,0,0,0
202002,999,29420, ,Lake Havasu City-Kingman  AZ ,83,83,16677,1,2,214,0,0,0,0,0,0,83,83,16677,1,2,214,0,0,0,0,0,0
202002,999,29540, ,Lancaster  PA ,3,3,1013,1,2,219,0,0,0,0,0,0,1,1,449,0,0,0,0,0,0,0,0,0
202002,999,29620, ,Lansing-East Lansing  MI ,10,10,2596,0,0,0,0,0,0,0,0,0,3,3,862,0,0,0,0,0,0,0,0,0
202002,999,29700, ,Laredo  TX ,97,97,13515,4,8,291,1,3,117,2,11,772,0,0,0,0,0,0,0,0,0,0,0,0
202002,999,30020, ,Lawton  OK ,2,2,515,0,0,0,0,0,0,0,0,0,2,2,515,0,0,0,0,0,0,0,0,0
202002,999,30300, ,Lewiston  ID-WA ,1,1,160,0,0,0,0,0,0,0,0,0,1,1,160,0,0,0,0,0,0,0,0,0
202002,999,30860, ,Logan  UT-ID ,30,30,3866,0,0,0,0,0,0,0,0,0,30,30,3866,0,0,0,0,0,0,0,0,0
202002,999,30980, ,Longview  TX ,12,12,2150,0,0,0,0,0,0,1,5,336,0,0,0,0,0,0,0,0,0,0,0,0
202002,999,31340, ,Lynchburg  VA ,14,14,3183,0,0,0,0,0,0,1,5,322,5,5,1300,0,0,0,0,0,0,0,0,0
202002,999,31740, ,Manhattan  KS ,8,8,2299,0,0,0,0,0,0,0,0,0,7,7,2045,0,0,0,0,0,0,0,0,0
202002,999,33540,C,Missoula  MT ,26,26,6409,1,2,179,0,0,0,0,0,0,26,26,6409,1,2,179,0,0,0,0,0,0
202002,999,36100, ,Ocala  FL ,238,238,48630,0,0,0,0,0,0,0,0,0,238,238,48630,0,0,0,0,0,0,0,0,0
202002,999,36980, ,Owensboro  KY ,20,20,1887,0,0,0,0,0,0,0,0,0,19,19,1692,0,0,0,0,0,0,0,0,0
202002,999,37340, ,Palm Bay-Melbourne-Titusville  FL ,211,211,67016,0,0,0,0,0,0,1,5,1683,192,192,60903,0,0,0,0,0,0,0,0,0
202002,999,37460, ,Panama City  FL ,77,77,21511,0,0,0,0,0,0,0,0,0,77,77,21511,0,0,0,0,0,0,0,0,0
202002,999,37900, ,Peoria  IL ,1,1,218,0,0,0,0,0,0,0,0,0,1,1,218,0,0,0,0,0,0,0,0,0
202002,999,38340, ,Pittsfield  MA ,0,0,0,0,0,0,0,0,0,0,0,0,0,0,0,0,0,0,0,0,0,0,0,0
202002,999,38540, ,Pocatello  ID ,14,14,1912,0,0,0,1,4,250,0,0,0,14,14,1912,0,0,0,1,4,250,0,0,0
202002,999,39150, ,Prescott Valley-Prescott  AZ ,91,91,24852,5,10,1499,0,0,0,0,0,0,51,51,15290,5,10,1499,0,0,0,0,0,0
202002,999,40060, ,Richmond  VA ,376,376,75668,3,6,811,3,11,1598,6,331,22462,366,366,74280,3,6,811,3,11,1598,6,331,22462
202002,999,41100, ,St. George  UT ,166,166,32982,0,0,0,0,0,0,3,96,8847,166,166,32982,0,0,0,0,0,0,3,96,8847
202002,999,41500, ,Salinas  CA ,16,16,3907,0,0,0,0,0,0,0,0,0,15,15,3640,0,0,0,0,0,0,0,0,0
202002,999,41660,C,San Angelo  TX ,24,24,4918,0,0,0,0,0,0,0,0,0,24,24,4918,0,0,0,0,0,0,0,0,0
202002,999,41740,C,San Diego-Chula Vista-Carlsbad  CA ,379,379,128134,8,16,3866,24,83,14952,4,37,5057,338,338,117338,7,14,2699,22,77,14195,1,5,739
202002,999,42020, ,San Luis Obispo-Paso Robles  CA ,53,53,16082,0,0,0,1,3,277,0,0,0,53,53,16082,0,0,0,1,3,277,0,0,0
202002,999,42200, ,Santa Maria-Santa Barbara  CA ,15,15,8505,0,0,0,0,0,0,0,0,0,15,15,8505,0,0,0,0,0,0,0,0,0
202002,999,42540, ,Scranton--Wilkes-Barre  PA ,2,2,414,0,0,0,0,0,0,0,0,0,1,1,200,0,0,0,0,0,0,0,0,0
202002,999,43100, ,Sheboygan  WI ,0,0,0,0,0,0,0,0,0,0,0,0,0,0,0,0,0,0,0,0,0,0,0,0
202002,999,43420, ,Sierra Vista-Douglas  AZ ,23,23,2864,0,0,0,0,0,0,1,5,483,22,22,2784,0,0,0,0,0,0,0,0,0
202002,999,43580, ,Sioux City  IA-NE-SD ,12,12,2936,0,0,0,0,0,0,0,0,0,4,4,660,0,0,0,0,0,0,0,0,0
202002,999,43620, ,Sioux Falls  SD ,55,55,11877,0,0,0,0,0,0,0,0,0,53,53,11316,0,0,0,0,0,0,0,0,0
202002,999,44140, ,Springfield  MA ,1,1,261,0,0,0,0,0,0,0,0,0,0,0,0,0,0,0,0,0,0,0,0,0
202002,999,44180, ,Springfield  MO ,72,72,17870,2,4,400,0,0,0,1,14,1821,65,65,16245,2,4,400,0,0,0,0,0,0
202002,999,44940, ,Sumter  SC ,38,38,5008,0,0,0,0,0,0,0,0,0,38,38,5008,0,0,0,0,0,0,0,0,0
202002,999,45220, ,Tallahassee  FL ,94,94,18199,1,2,222,0,0,0,2,73,9172,33,33,6242,0,0,0,0,0,0,0,0,0
202002,999,45300,C,Tampa-St. Petersburg-Clearwater  FL ,1262,1262,345761,3,6,534,0,0,0,5,506,54665,1156,1156,323860,2,4,367,0,0,0,3,495,51634
202002,999,45460, ,Terre Haute  IN ,3,3,424,0,0,0,0,0,0,0,0,0,0,0,0,0,0,0,0,0,0,0,0,0
202002,999,45500, ,Texarkana  TX-AR ,3,3,646,0,0,0,0,0,0,0,0,0,0,0,0,0,0,0,0,0,0,0,0,0
202002,999,45820, ,Topeka  KS ,15,15,3248,1,2,280,0,0,0,0,0,0,13,13,3067,1,2,280,0,0,0,0,0,0
202002,999,46220, ,Tuscaloosa  AL ,40,40,10586,1,2,475,1,4,597,2,29,5449,9,9,2075,0,0,0,0,0,0,0,0,0
202002,999,46300, ,Twin Falls  ID ,51,51,8361,1,2,275,0,0,0,3,24,2057,51,51,8361,1,2,275,0,0,0,3,24,2057
202002,999,46520,C,Urban Honolulu  HI ,46,46,23690,0,0,0,0,0,0,1,39,4913,46,46,23690,0,0,0,0,0,0,1,39,4913
202002,999,46540, ,Utica-Rome  NY ,1,1,126,0,0,0,0,0,0,0,0,0,0,0,0,0,0,0,0,0,0,0,0,0
202002,999,46660, ,Valdosta  GA ,99,99,18445,0,0,0,0,0,0,0,0,0,52,52,10522,0,0,0,0,0,0,0,0,0
202002,999,47300, ,Visalia  CA ,67,67,15308,0,0,0,0,0,0,0,0,0,67,67,15308,0,0,0,0,0,0,0,0,0
202002,999,47380, ,Waco  TX ,48,48,10835,2,4,412,0,0,0,0,0,0,0,0,0,0,0,0,0,0,0,0,0,0
202002,999,47940, ,Waterloo-Cedar Falls  IA ,5,5,1189,0,0,0,0,0,0,0,0,0,5,5,1189,0,0,0,0,0,0,0,0,0
202002,999,48060, ,Watertown-Fort Drum  NY ,5,5,596,0,0,0,0,0,0,0,0,0,5,5,596,0,0,0,0,0,0,0,0,0
202002,999,48300, ,Wenatchee  WA ,38,38,8706,0,0,0,0,0,0,7,126,14046,12,12,3896,0,0,0,0,0,0,7,126,14046
202002,999,48540, ,Wheeling  WV-OH ,0,0,0,0,0,0,0,0,0,0,0,0,0,0,0,0,0,0,0,0,0,0,0,0
202002,999,48660, ,Wichita Falls  TX ,1,1,60,0,0,0,0,0,0,0,0,0,1,1,60,0,0,0,0,0,0,0,0,0
202002,999,48900, ,Wilmington  NC ,113,113,37549,0,0,0,0,0,0,1,34,4997,0,0,0,0,0,0,0,0,0,0,0,0
202002,999,49420, ,Yakima  WA ,35,35,9301,1,2,370,0,0,0,0,0,0,35,35,9301,1,2,370,0,0,0,0,0,0
202002,999,49740, ,Yuma  AZ ,112,112,18616,0,0,0,0,0,0,0,0,0,96,96,16647,0,0,0,0,0,0,0,0,0
