Survey,CSA,CBSA,MONCOV,CBSA,,1-unit,,,2-units,,,3-4 units,,,5+ units,,,1-unit rep,,,2-units rep,,,3-4 units rep,,,5+ units rep
Date,Code,Code,,Name,Bldgs,Units,Value,Bldgs,Units,Value,Bldgs,Units,Value,Bldgs,Units,Value,Bldgs,Units,Value,Bldgs,Units,Value,      Bldgs,Units,Value,Bldgs,Units,Value
 
202007,104,10580,C,Albany-Schenectady-Troy  NY ,133,133,33687,2,4,1049,0,0,0,5,34,3421,99,99,23809,0,0,0,0,0,0,2,16,2000
202007,104,24020, ,Glens Falls  NY ,22,22,7184,0,0,0,0,0,0,0,0,0,14,14,5201,0,0,0,0,0,0,0,0,0
202007,106,10740,C,Albuquerque  NM ,167,167,43626,0,0,0,1,3,324,1,6,250,97,97,28088,0,0,0,0,0,0,0,0,0
202007,106,42140,C,Santa Fe  NM ,22,22,6459,0,0,0,0,0,0,8,47,6989,22,22,6459,0,0,0,0,0,0,8,47,6989
202007,107,11020, ,Altoona  PA ,0,0,0,0,0,0,0,0,0,0,0,0,0,0,0,0,0,0,0,0,0,0,0,0
202007,108,11100, ,Amarillo  TX ,67,67,15620,0,0,0,0,0,0,0,0,0,67,67,15620,0,0,0,0,0,0,0,0,0
202007,118,11540, ,Appleton  WI ,46,46,14745,2,4,520,0,0,0,10,120,14000,46,46,14745,2,4,520,0,0,0,10,120,14000
202007,118,36780, ,Oshkosh-Neenah  WI ,13,13,3801,2,4,700,0,0,0,4,80,6157,13,13,3801,2,4,700,0,0,0,4,80,6157
202007,120,11700, ,Asheville  NC ,201,201,57692,0,0,0,0,0,0,3,53,5228,59,59,14881,0,0,0,0,0,0,0,0,0
202007,122,12020, ,Athens-Clarke County  GA ,44,44,13330,0,0,0,0,0,0,0,0,0,44,44,13330,0,0,0,0,0,0,0,0,0
202007,122,12060, ,Atlanta-Sandy Springs-Alpharetta  GA ,2521,2521,578314,0,0,0,4,16,1174,11,203,24197,2328,2328,537311,0,0,0,4,16,1174,9,161,18009
202007,122,23580, ,Gainesville  GA ,73,73,17551,1,2,150,0,0,0,0,0,0,13,13,3187,1,2,150,0,0,0,0,0,0
202007,122,40660,C,Rome  GA ,34,34,7480,0,0,0,0,0,0,0,0,0,34,34,7480,0,0,0,0,0,0,0,0,0
202007,140,13460,C,Bend  OR ,161,161,42588,3,6,939,0,0,0,0,0,0,161,161,42588,3,6,939,0,0,0,0,0,0
202007,142,13820,C,Birmingham-Hoover  AL ,358,358,90204,1,2,247,0,0,0,1,8,807,239,239,60013,0,0,0,0,0,0,0,0,0
202007,144,14020,C,Bloomington  IN ,28,28,7459,1,2,283,0,0,0,1,55,6385,0,0,0,0,0,0,0,0,0,0,0,0
202007,145,14010, ,Bloomington  IL ,13,13,2550,0,0,0,0,0,0,0,0,0,13,13,2550,0,0,0,0,0,0,0,0,0
202007,146,14100,C,Bloomsburg-Berwick  PA ,11,11,2614,1,2,250,0,0,0,0,0,0,7,7,1656,0,0,0,0,0,0,0,0,0
202007,147,14260,C,Boise City  ID ,709,709,164966,1,2,407,0,0,0,12,100,16166,683,683,159766,1,2,407,0,0,0,12,100,16166
202007,148,12700, ,Barnstable Town  MA ,6,6,4674,0,0,0,0,0,0,0,0,0,3,3,2488,0,0,0,0,0,0,0,0,0
202007,148,14460,C,Boston-Cambridge-Newton  MA-NH ,458,458,141545,19,38,7561,10,36,8552,62,773,148804,263,263,86587,12,24,4221,7,26,6604,11,414,111111
202007,148,31700, ,Manchester-Nashua  NH ,32,32,7577,0,0,0,0,0,0,0,0,0,21,21,5215,0,0,0,0,0,0,0,0,0
202007,148,39300,C,Providence-Warwick  RI-MA ,125,125,30671,9,18,2449,1,3,576,1,5,338,76,76,20603,9,18,2449,1,3,576,0,0,0
202007,148,49340, ,Worcester  MA-CT ,24,24,5158,0,0,0,0,0,0,0,0,0,20,20,4430,0,0,0,0,0,0,0,0,0
202007,150,14540, ,Bowling Green  KY ,71,71,14379,0,0,0,0,0,0,2,16,990,71,71,14379,0,0,0,0,0,0,2,16,990
202007,154,15180, ,Brownsville-Harlingen  TX ,114,114,8901,0,0,0,0,0,0,0,0,0,82,82,5592,0,0,0,0,0,0,0,0,0
202007,160,15380,C,Buffalo-Cheektowaga  NY ,103,103,38548,2,4,800,1,4,900,10,123,13383,92,92,36124,2,4,800,1,4,900,8,102,8675
202007,162,15540, ,Burlington-South Burlington  VT ,31,31,9240,2,4,523,0,0,0,3,79,2888,23,23,7197,1,2,100,0,0,0,2,74,2425
202007,163,15980,C,Cape Coral-Fort Myers  FL ,538,538,110136,18,36,3640,0,0,0,18,434,63319,538,538,110136,18,36,3640,0,0,0,18,434,63319
202007,163,34940, ,Naples-Marco Island  FL ,227,227,46136,0,0,0,7,26,4313,4,200,77680,227,227,46136,0,0,0,7,26,4313,4,200,77680
202007,164,16020, ,Cape Girardeau  MO-IL ,0,0,0,0,0,0,0,0,0,0,0,0,0,0,0,0,0,0,0,0,0,0,0,0
202007,168,16300, ,Cedar Rapids  IA ,50,50,8712,1,2,350,4,16,1800,0,0,0,50,50,8712,1,2,350,4,16,1800,0,0,0
202007,168,26980, ,Iowa City  IA ,46,46,10065,1,2,500,0,0,0,0,0,0,44,44,9790,1,2,500,0,0,0,0,0,0
202007,170,16620, ,Charleston  WV ,20,20,1229,0,0,0,0,0,0,0,0,0,16,16,1129,0,0,0,0,0,0,0,0,0
202007,170,26580, ,Huntington-Ashland  WV-KY-OH ,21,21,3698,0,0,0,0,0,0,1,5,632,2,2,150,0,0,0,0,0,0,0,0,0
202007,172,16740, ,Charlotte-Concord-Gastonia  NC-SC ,1787,1787,443315,0,0,0,1,3,524,6,108,14093,1458,1458,329968,0,0,0,0,0,0,4,80,9864
202007,174,16860, ,Chattanooga  TN-GA ,172,172,37543,6,12,1021,1,3,174,3,46,4553,101,101,21480,0,0,0,0,0,0,0,0,0
202007,174,17420, ,Cleveland  TN ,43,43,7690,0,0,0,0,0,0,0,0,0,21,21,3727,0,0,0,0,0,0,0,0,0
202007,176,16980, ,Chicago-Naperville-Elgin  IL-IN-WI ,842,842,235705,13,26,4557,27,94,14865,25,580,54220,694,694,197365,12,24,4163,26,91,14415,18,520,44190
202007,176,28100, ,Kankakee  IL ,2,2,663,0,0,0,0,0,0,0,0,0,2,2,663,0,0,0,0,0,0,0,0,0
202007,176,33140, ,Michigan City-La Porte  IN ,10,10,2238,0,0,0,0,0,0,0,0,0,7,7,1600,0,0,0,0,0,0,0,0,0
202007,178,17140, ,Cincinnati  OH-KY-IN ,543,543,136575,0,0,0,2,8,1310,7,403,53139,407,407,104792,0,0,0,2,8,1310,6,398,52117
202007,184,10420, ,Akron  OH ,45,45,26630,1,2,160,0,0,0,1,5,112,45,45,26630,1,2,160,0,0,0,1,5,112
202007,184,15940, ,Canton-Massillon  OH ,49,49,14472,1,2,305,2,7,903,1,7,538,44,44,13888,1,2,305,1,4,749,0,0,0
202007,184,17460, ,Cleveland-Elyria  OH ,266,266,69548,0,0,0,3,12,953,0,0,0,204,204,53827,0,0,0,3,12,953,0,0,0
202007,190,17860, ,Columbia  MO ,66,66,18945,0,0,0,0,0,0,0,0,0,66,66,18945,0,0,0,0,0,0,0,0,0
202007,192,17900,C,Columbia  SC ,510,510,111626,0,0,0,0,0,0,2,16,2686,283,283,54195,0,0,0,0,0,0,0,0,0
202007,194,12220,C,Auburn-Opelika  AL ,104,104,27659,2,4,611,0,0,0,22,275,41879,70,70,19682,2,4,611,0,0,0,21,270,41342
202007,194,17980, ,Columbus  GA-AL ,56,56,11267,1,2,102,0,0,0,1,30,4258,25,25,5419,1,2,102,0,0,0,0,0,0
202007,198,18140, ,Columbus  OH ,476,476,144837,5,10,1321,9,35,2383,28,513,53114,426,426,131545,5,10,1321,9,35,2383,26,503,52375
202007,204,18580, ,Corpus Christi  TX ,122,122,34294,0,0,0,0,0,0,0,0,0,0,0,0,0,0,0,0,0,0,0,0,0
202007,206,19100, ,Dallas-Fort Worth-Arlington  TX ,3750,3750,946898,15,30,3726,6,18,1917,26,1049,139253,3243,3243,814275,14,28,3430,5,15,1754,21,1017,134203
202007,209,19340, ,Davenport-Moline-Rock Island  IA-IL ,32,32,6466,0,0,0,0,0,0,4,96,19111,16,16,3657,0,0,0,0,0,0,3,75,16924
202007,212,19430, ,Dayton-Kettering  OH ,86,86,25334,1,2,156,0,0,0,0,0,0,51,51,17679,0,0,0,0,0,0,0,0,0
202007,212,44220, ,Springfield  OH ,9,9,2405,0,0,0,0,0,0,0,0,0,9,9,2405,0,0,0,0,0,0,0,0,0
202007,216,14500, ,Boulder  CO ,65,65,25502,0,0,0,0,0,0,4,69,10503,7,7,3954,0,0,0,0,0,0,0,0,0
202007,216,19740,C,Denver-Aurora-Lakewood  CO ,1232,1232,300663,3,6,1421,3,11,1634,7,181,19364,1222,1222,298717,3,6,1421,2,8,1285,7,181,19364
202007,216,24540, ,Greeley  CO ,336,336,88505,0,0,0,0,0,0,7,81,6959,128,128,30927,0,0,0,0,0,0,4,56,4302
202007,218,11180, ,Ames  IA ,6,6,2129,0,0,0,0,0,0,0,0,0,6,6,2129,0,0,0,0,0,0,0,0,0
202007,218,19780, ,Des Moines-West Des Moines  IA ,589,589,141321,0,0,0,0,0,0,5,130,15309,562,562,133999,0,0,0,0,0,0,3,108,13082
202007,220,11460, ,Ann Arbor  MI ,34,34,11469,0,0,0,1,4,775,1,5,550,21,21,7808,0,0,0,1,4,775,0,0,0
202007,220,19820, ,Detroit-Warren-Dearborn  MI ,528,528,164134,6,12,2494,1,4,318,11,95,16301,397,397,128206,6,12,2494,0,0,0,2,17,5067
202007,220,22420, ,Flint  MI ,22,22,5290,0,0,0,3,12,2482,0,0,0,15,15,3265,0,0,0,0,0,0,0,0,0
202007,220,33780, ,Monroe  MI ,1,1,190,0,0,0,0,0,0,0,0,0,1,1,190,0,0,0,0,0,0,0,0,0
202007,222,20020, ,Dothan  AL ,38,38,11642,0,0,0,0,0,0,0,0,0,38,38,11642,0,0,0,0,0,0,0,0,0
202007,232,20740, ,Eau Claire  WI ,55,55,16077,6,12,1690,0,0,0,1,12,2569,54,54,15806,6,12,1690,0,0,0,1,12,2569
202007,236,21300, ,Elmira  NY ,0,0,0,0,0,0,0,0,0,0,0,0,0,0,0,0,0,0,0,0,0,0,0,0
202007,238,21340,C,El Paso  TX ,307,307,73118,15,30,3836,1,4,533,1,26,2977,105,105,24479,12,24,2964,0,0,0,0,0,0
202007,238,29740,C,Las Cruces  NM ,85,85,22743,1,2,532,0,0,0,0,0,0,55,55,14661,1,2,532,0,0,0,0,0,0
202007,240,21500, ,Erie  PA ,8,8,1459,0,0,0,0,0,0,3,21,1900,8,8,1459,0,0,0,0,0,0,3,21,1900
202007,244,22020, ,Fargo  ND-MN ,156,156,40945,0,0,0,2,8,1472,3,195,23606,120,120,32235,0,0,0,2,8,1472,2,169,20320
202007,246,22180, ,Fayetteville  NC ,216,216,47102,0,0,0,0,0,0,0,0,0,216,216,47102,0,0,0,0,0,0,0,0,0
202007,258,23060,C,Fort Wayne  IN ,190,190,54112,1,2,135,0,0,0,0,0,0,190,190,54112,1,2,135,0,0,0,0,0,0
202007,260,23420,C,Fresno  CA ,265,265,79086,3,6,1041,0,0,0,3,29,3639,124,124,37335,0,0,0,0,0,0,0,0,0
202007,260,31460, ,Madera  CA ,73,73,20271,0,0,0,0,0,0,0,0,0,73,73,20271,0,0,0,0,0,0,0,0,0
202007,264,23540, ,Gainesville  FL ,61,61,16246,0,0,0,0,0,0,2,117,7915,0,0,0,0,0,0,0,0,0,0,0,0
202007,266,24340, ,Grand Rapids-Kentwood  MI ,138,138,37471,2,4,894,3,11,1667,4,49,18397,120,120,32179,1,2,424,2,8,800,2,31,16551
202007,266,34740, ,Muskegon  MI ,4,4,809,0,0,0,0,0,0,0,0,0,0,0,0,0,0,0,0,0,0,0,0,0
202007,267,24580, ,Green Bay  WI ,81,81,21886,3,6,1120,0,0,0,2,18,1562,64,64,17244,3,6,1120,0,0,0,1,12,1190
202007,268,15500, ,Burlington  NC ,85,85,14607,0,0,0,0,0,0,0,0,0,85,85,14607,0,0,0,0,0,0,0,0,0
202007,268,24660,C,Greensboro-High Point  NC ,220,220,53100,0,0,0,0,0,0,1,12,8842,137,137,26073,0,0,0,0,0,0,1,12,8842
202007,268,49180, ,Winston-Salem  NC ,231,231,40984,0,0,0,2,6,553,0,0,0,231,231,40984,0,0,0,2,6,553,0,0,0
202007,272,24780, ,Greenville  NC ,30,30,7353,2,4,320,0,0,0,0,0,0,30,30,7353,2,4,320,0,0,0,0,0,0
202007,273,24860, ,Greenville-Anderson  SC ,558,558,130882,20,40,3714,0,0,0,16,397,35514,456,456,110398,20,40,3714,0,0,0,14,386,34610
202007,273,43900, ,Spartanburg  SC ,275,275,44998,0,0,0,0,0,0,0,0,0,0,0,0,0,0,0,0,0,0,0,0,0
202007,276,23900,C,Gettysburg  PA ,24,24,5743,0,0,0,0,0,0,0,0,0,24,24,5743,0,0,0,0,0,0,0,0,0
202007,276,25420,C,Harrisburg-Carlisle  PA ,149,149,32366,1,2,302,1,3,525,2,10,1103,118,118,25492,1,2,302,1,3,525,1,5,609
202007,276,30140, ,Lebanon  PA ,23,23,4352,0,0,0,0,0,0,0,0,0,0,0,0,0,0,0,0,0,0,0,0,0
202007,276,49620, ,York-Hanover  PA ,10,10,2930,1,2,193,1,4,386,0,0,0,8,8,2281,1,2,193,1,4,386,0,0,0
202007,277,25500,C,Harrisonburg  VA ,47,47,15341,0,0,0,0,0,0,0,0,0,47,47,15341,0,0,0,0,0,0,0,0,0
202007,277,44420, ,Staunton  VA ,20,20,5014,0,0,0,0,0,0,0,0,0,20,20,5014,0,0,0,0,0,0,0,0,0
202007,278,25540,C,Hartford-East Hartford-Middletown  CT ,69,69,16700,0,0,0,1,4,527,5,43,3724,47,47,12066,0,0,0,1,4,527,1,20,1615
202007,278,35980, ,Norwich-New London  CT ,11,11,3131,0,0,0,0,0,0,3,20,3660,7,7,2469,0,0,0,0,0,0,3,20,3660
202007,279,25620, ,Hattiesburg  MS ,3,3,1058,0,0,0,0,0,0,0,0,0,3,3,1058,0,0,0,0,0,0,0,0,0
202007,284,26300, ,Hot Springs  AR ,15,15,3635,0,0,0,0,0,0,0,0,0,15,15,3635,0,0,0,0,0,0,0,0,0
202007,288,26420, ,Houston-The Woodlands-Sugar Land  TX ,4952,4952,866518,21,42,4494,0,0,0,32,1669,169378,4053,4053,799451,20,40,4394,0,0,0,23,1482,148929
202007,290,19460, ,Decatur  AL ,16,16,3834,0,0,0,0,0,0,0,0,0,12,12,3341,0,0,0,0,0,0,0,0,0
202007,290,26620,C,Huntsville  AL ,402,402,69646,1,2,162,18,68,4353,5,25,1800,268,268,42148,1,2,162,18,68,4353,5,25,1800
202007,292,26820, ,Idaho Falls  ID ,115,115,18731,0,0,0,0,0,0,0,0,0,115,115,18731,0,0,0,0,0,0,0,0,0
202007,294,18020, ,Columbus  IN ,21,21,4946,0,0,0,0,0,0,0,0,0,0,0,0,0,0,0,0,0,0,0,0,0
202007,294,26900, ,Indianapolis-Carmel-Anderson  IN ,691,691,209208,5,10,1838,3,11,2170,10,367,39900,596,596,176363,5,10,1838,3,11,2170,8,350,37866
202007,294,34620, ,Muncie  IN ,0,0,0,0,0,0,0,0,0,0,0,0,0,0,0,0,0,0,0,0,0,0,0,0
202007,296,27060, ,Ithaca  NY ,1,1,256,0,0,0,0,0,0,1,7,840,0,0,0,0,0,0,0,0,0,0,0,0
202007,297,27180, ,Jackson  TN ,17,17,3724,0,0,0,0,0,0,0,0,0,0,0,0,0,0,0,0,0,0,0,0,0
202007,298,27140, ,Jackson  MS ,133,133,34003,0,0,0,0,0,0,1,24,2650,115,115,30379,0,0,0,0,0,0,0,0,0
202007,300,27260,C,Jacksonville  FL ,1312,1312,319557,4,8,988,25,100,12724,0,0,0,1285,1285,312624,4,8,988,25,100,12724,0,0,0
202007,304,27740, ,Johnson City  TN ,24,24,2489,0,0,0,0,0,0,4,80,2007,24,24,2489,0,0,0,0,0,0,4,80,2007
202007,304,28700, ,Kingsport-Bristol  TN-VA ,2,2,471,0,0,0,0,0,0,0,0,0,0,0,0,0,0,0,0,0,0,0,0,0
202007,306,27780, ,Johnstown  PA ,0,0,0,0,0,0,0,0,0,0,0,0,0,0,0,0,0,0,0,0,0,0,0,0
202007,308,27860, ,Jonesboro  AR ,47,47,7548,3,6,413,3,12,619,1,6,345,4,4,835,0,0,0,0,0,0,0,0,0
202007,309,27900, ,Joplin  MO ,22,22,3582,2,4,425,1,3,223,0,0,0,0,0,0,0,0,0,0,0,0,0,0,0
202007,310,12980, ,Battle Creek  MI ,0,0,0,0,0,0,0,0,0,0,0,0,0,0,0,0,0,0,0,0,0,0,0,0
202007,310,28020, ,Kalamazoo-Portage  MI ,12,12,3583,0,0,0,0,0,0,0,0,0,1,1,251,0,0,0,0,0,0,0,0,0
202007,312,28140, ,Kansas City  MO-KS ,595,595,164361,44,88,8411,5,20,1337,32,1311,136073,486,486,132589,43,86,8217,5,20,1337,28,1174,116077
202007,312,29940, ,Lawrence  KS ,15,15,4816,0,0,0,0,0,0,0,0,0,15,15,4816,0,0,0,0,0,0,0,0,0
202007,312,41140, ,St. Joseph  MO-KS ,0,0,0,0,0,0,0,0,0,0,0,0,0,0,0,0,0,0,0,0,0,0,0,0
202007,313,28420,C,Kennewick-Richland  WA ,181,181,50762,1,2,174,3,10,1585,1,29,3466,80,80,22408,0,0,0,1,4,682,0,0,0
202007,313,47460, ,Walla Walla  WA ,9,9,2635,0,0,0,0,0,0,0,0,0,8,8,2535,0,0,0,0,0,0,0,0,0
202007,315,28940, ,Knoxville  TN ,441,441,84972,2,4,900,1,3,830,3,263,37173,420,420,81788,2,4,900,1,3,830,2,252,36450
202007,316,29020, ,Kokomo  IN ,8,8,2026,6,12,500,0,0,0,0,0,0,8,8,2026,6,12,500,0,0,0,0,0,0
202007,318,29180, ,Lafayette  LA ,221,221,44947,0,0,0,1,3,274,0,0,0,113,113,20182,0,0,0,1,3,274,0,0,0
202007,320,29200, ,Lafayette-West Lafayette  IN ,41,41,10887,0,0,0,0,0,0,9,154,17240,36,36,10210,0,0,0,0,0,0,6,117,14618
202007,324,29340, ,Lake Charles  LA ,72,72,12589,1,2,97,0,0,0,3,72,4000,30,30,4495,0,0,0,0,0,0,3,72,4000
202007,332,29820,C,Las Vegas-Henderson-Paradise  NV ,1124,1124,309945,83,166,7954,16,58,8173,5,36,1236,1124,1124,309945,83,166,7954,16,58,8173,5,36,1236
202007,336,30460,C,Lexington-Fayette  KY ,143,143,34470,0,0,0,1,4,568,2,63,6656,60,60,16369,0,0,0,0,0,0,0,0,0
202007,338,30620, ,Lima  OH ,1,1,352,0,0,0,0,0,0,0,0,0,1,1,352,0,0,0,0,0,0,0,0,0
202007,339,30700, ,Lincoln  NE ,108,108,25256,1,2,286,0,0,0,2,94,10541,5,5,1660,0,0,0,0,0,0,0,0,0
202007,340,30780, ,Little Rock-North Little Rock-Conway  AR ,190,190,37884,13,26,3052,2,6,443,1,7,192,146,146,30388,12,24,2900,2,6,443,0,0,0
202007,340,38220, ,Pine Bluff  AR ,2,2,356,0,0,0,0,0,0,0,0,0,2,2,356,0,0,0,0,0,0,0,0,0
202007,348,31080,C,Los Angeles-Long Beach-Anaheim  CA ,815,815,240244,67,134,27532,12,38,10146,34,1728,414931,651,651,169331,63,126,25280,9,29,8557,23,1561,387483
202007,348,37100, ,Oxnard-Thousand Oaks-Ventura  CA ,12,12,2199,5,10,2316,0,0,0,1,16,2087,11,11,2005,5,10,2316,0,0,0,0,0,0
202007,348,40140, ,Riverside-San Bernardino-Ontario  CA ,1168,1168,315115,5,10,1050,0,0,0,11,126,13398,1114,1114,301707,5,10,1050,0,0,0,8,111,12312
202007,350,21060, ,Elizabethtown-Fort Knox  KY ,65,65,12173,2,4,410,0,0,0,0,0,0,65,65,12173,2,4,410,0,0,0,0,0,0
202007,350,31140, ,Louisville-Jefferson County  KY-IN ,325,325,84317,2,4,520,0,0,0,1,5,246,289,289,72794,2,4,520,0,0,0,0,0,0
202007,352,31180, ,Lubbock  TX ,156,156,30879,7,14,1491,0,0,0,17,301,30143,154,154,30394,7,14,1491,0,0,0,16,296,29784
202007,356,31420, ,Macon-Bibb County  GA ,30,30,6945,0,0,0,0,0,0,0,0,0,16,16,4470,0,0,0,0,0,0,0,0,0
202007,356,47580, ,Warner Robins  GA ,127,127,28128,0,0,0,0,0,0,0,0,0,127,127,28128,0,0,0,0,0,0,0,0,0
202007,357,27500, ,Janesville-Beloit  WI ,6,6,1870,3,6,810,0,0,0,0,0,0,5,5,1599,3,6,810,0,0,0,0,0,0
202007,357,31540, ,Madison  WI ,134,134,43970,6,12,2362,1,3,763,7,336,43707,92,92,31983,4,8,1296,0,0,0,4,309,38250
202007,359,31860, ,Mankato  MN ,6,6,2047,1,2,400,0,0,0,1,19,2365,6,6,2047,1,2,400,0,0,0,1,19,2365
202007,365,32580,C,McAllen-Edinburg-Mission  TX ,236,236,45230,2,4,182,7,28,2509,0,0,0,196,196,40402,2,4,182,7,28,2509,0,0,0
202007,366,32780, ,Medford  OR ,58,58,14682,0,0,0,0,0,0,0,0,0,58,58,14682,0,0,0,0,0,0,0,0,0
202007,368,32820, ,Memphis  TN-MS-AR ,417,417,89797,1,2,211,1,4,459,1,111,14700,342,342,75883,1,2,211,1,4,459,1,111,14700
202007,370,33100, ,Miami-Fort Lauderdale-Pompano Beach  FL ,627,627,208909,16,32,15678,4,13,2514,15,445,40582,518,518,164419,16,32,15678,3,10,1054,9,377,33898
202007,370,38940, ,Port St. Lucie  FL ,379,379,83354,8,16,638,0,0,0,10,77,3141,378,378,83276,8,16,638,0,0,0,10,77,3141
202007,370,42680, ,Sebastian-Vero Beach  FL ,41,41,16648,0,0,0,0,0,0,0,0,0,41,41,16648,0,0,0,0,0,0,0,0,0
202007,372,33260, ,Midland  TX ,42,42,8020,0,0,0,0,0,0,0,0,0,42,42,8020,0,0,0,0,0,0,0,0,0
202007,372,36220,C,Odessa  TX ,83,83,19350,0,0,0,0,0,0,0,0,0,83,83,19350,0,0,0,0,0,0,0,0,0
202007,376,33340,C,Milwaukee-Waukesha  WI ,139,139,58690,10,20,3513,0,0,0,3,22,2579,100,100,44794,9,18,3463,0,0,0,2,17,1913
202007,376,39540, ,Racine  WI ,8,8,2494,0,0,0,0,0,0,3,36,5812,8,8,2494,0,0,0,0,0,0,3,36,5812
202007,378,33460, ,Minneapolis-St. Paul-Bloomington  MN-WI ,967,967,286543,9,18,3036,4,14,2910,13,989,162144,789,789,235572,8,16,2664,4,14,2910,9,939,157470
202007,378,41060, ,St. Cloud  MN ,0,0,0,0,0,0,0,0,0,0,0,0,0,0,0,0,0,0,0,0,0,0,0,0
202007,380,19300, ,Daphne-Fairhope-Foley  AL ,212,212,49504,1,2,304,0,0,0,9,78,8785,100,100,32493,0,0,0,0,0,0,8,67,7904
202007,380,33660, ,Mobile  AL ,49,49,10521,0,0,0,0,0,0,0,0,0,49,49,10521,0,0,0,0,0,0,0,0,0
202007,384,33740, ,Monroe  LA ,42,42,9536,1,2,73,1,3,472,1,6,695,33,33,7693,0,0,0,0,0,0,0,0,0
202007,388,33860, ,Montgomery  AL ,99,99,23774,0,0,0,0,0,0,0,0,0,69,69,19306,0,0,0,0,0,0,0,0,0
202007,390,34060, ,Morgantown  WV ,2,2,1180,0,0,0,0,0,0,0,0,0,2,2,1180,0,0,0,0,0,0,0,0,0
202007,396,34820, ,Myrtle Beach-Conway-North Myrtle Beach  SC-NC ,678,678,126994,1,2,140,0,0,0,1,5,250,516,516,89429,1,2,140,0,0,0,0,0,0
202007,400,34980, ,Nashville-Davidson--Murfreesboro--Franklin  TN ,1317,1317,339105,0,0,0,3,12,1053,19,1815,77626,962,962,261487,0,0,0,3,12,1053,17,1786,74863
202007,406,25220, ,Hammond  LA ,114,114,17991,0,0,0,0,0,0,0,0,0,114,114,17991,0,0,0,0,0,0,0,0,0
202007,406,35380, ,New Orleans-Metairie  LA ,313,313,71106,12,24,2580,0,0,0,1,39,7258,246,246,55907,0,0,0,0,0,0,0,0,0
202007,408,14860,C,Bridgeport-Stamford-Norwalk  CT ,64,64,38276,2,4,702,0,0,0,7,125,18982,37,37,19403,1,2,550,0,0,0,4,100,11579
202007,408,20700, ,East Stroudsburg  PA ,7,7,2453,0,0,0,0,0,0,0,0,0,2,2,950,0,0,0,0,0,0,0,0,0
202007,408,28740, ,Kingston  NY ,3,3,1341,0,0,0,0,0,0,1,6,1463,2,2,1165,0,0,0,0,0,0,0,0,0
202007,408,35300, ,New Haven-Milford  CT ,21,21,3948,0,0,0,0,0,0,5,55,4659,10,10,2233,0,0,0,0,0,0,4,45,4010
202007,408,35620,C,New York-Newark-Jersey City  NY-NJ-PA ,877,877,261692,83,166,22403,43,140,44271,119,3555,419491,530,530,165098,66,132,18617,30,98,41620,61,2701,327672
202007,408,39100, ,Poughkeepsie-Newburgh-Middletown  NY ,38,38,11717,0,0,0,1,3,750,2,33,3383,24,24,4648,0,0,0,0,0,0,1,26,2917
202007,408,45940,C,Trenton-Princeton  NJ ,5,5,1138,0,0,0,2,7,1385,3,65,6458,1,1,190,0,0,0,2,7,1385,2,60,6044
202007,412,35840,C,North Port-Sarasota-Bradenton  FL ,589,589,163384,5,10,1028,2,8,1712,5,38,5965,589,589,163384,5,10,1028,2,8,1712,5,38,5965
202007,412,39460, ,Punta Gorda  FL ,216,216,58517,3,6,847,1,4,457,0,0,0,216,216,58517,3,6,847,1,4,457,0,0,0
202007,416,36420,C,Oklahoma City  OK ,622,622,140744,13,26,3259,0,0,0,0,0,0,195,195,51548,5,10,1580,0,0,0,0,0,0
202007,420,36540, ,Omaha-Council Bluffs  NE-IA ,358,358,74950,1,2,197,0,0,0,1,5,554,286,286,55635,1,2,197,0,0,0,0,0,0
202007,422,19660, ,Deltona-Daytona Beach-Ormond Beach  FL ,275,275,76489,6,12,1752,0,0,0,2,41,6080,194,194,52938,6,12,1752,0,0,0,0,0,0
202007,422,29460, ,Lakeland-Winter Haven  FL ,620,620,126421,6,12,1485,0,0,0,7,280,7000,464,464,84555,6,12,1485,0,0,0,7,280,7000
202007,422,36740, ,Orlando-Kissimmee-Sanford  FL ,1480,1480,401270,15,30,4356,2,8,713,14,584,80382,1277,1277,341360,15,30,4356,2,8,713,11,545,76717
202007,422,45540,C,The Villages  FL ,221,221,57056,0,0,0,0,0,0,1,6,1334,221,221,57056,0,0,0,0,0,0,1,6,1334
202007,425,37620, ,Parkersburg-Vienna  WV ,5,5,890,0,0,0,0,0,0,0,0,0,5,5,890,0,0,0,0,0,0,0,0,0
202007,426,37860,C,Pensacola-Ferry Pass-Brent  FL ,302,302,65453,0,0,0,0,0,0,0,0,0,302,302,65453,0,0,0,0,0,0,0,0,0
202007,428,12100,C,Atlantic City-Hammonton  NJ ,36,36,12680,0,0,0,0,0,0,3,22,1436,34,34,12328,0,0,0,0,0,0,2,10,2
202007,428,20100,C,Dover  DE ,118,118,17606,3,6,596,0,0,0,11,132,22106,116,116,17175,3,6,596,0,0,0,11,132,22106
202007,428,36140,C,Ocean City  NJ ,51,51,25683,3,6,1610,0,0,0,0,0,0,49,49,24467,3,6,1610,0,0,0,0,0,0
202007,428,37980,C,Philadelphia-Camden-Wilmington  PA-NJ-DE-MD ,747,747,145163,14,28,4158,20,70,8487,29,638,60255,389,389,76767,1,2,410,5,20,2321,6,253,20587
202007,428,39740, ,Reading  PA ,6,6,1047,0,0,0,0,0,0,0,0,0,4,4,515,0,0,0,0,0,0,0,0,0
202007,428,47220,C,Vineland-Bridgeton  NJ ,20,20,12126,0,0,0,0,0,0,0,0,0,20,20,12126,0,0,0,0,0,0,0,0,0
202007,429,38060,C,Phoenix-Mesa-Chandler  AZ ,3003,3003,787858,51,102,7856,3,10,1954,33,1544,161203,2869,2869,756437,50,100,7596,3,10,1954,31,1441,143663
202007,430,38300, ,Pittsburgh  PA ,118,118,40178,2,4,822,1,3,310,2,69,8880,85,85,32824,1,2,640,0,0,0,0,0,0
202007,430,48260, ,Weirton-Steubenville  WV-OH ,0,0,0,0,0,0,0,0,0,0,0,0,0,0,0,0,0,0,0,0,0,0,0,0
202007,438,30340, ,Lewiston-Auburn  ME ,11,11,1820,0,0,0,0,0,0,2,24,1346,10,10,1632,0,0,0,0,0,0,2,24,1346
202007,438,38860, ,Portland-South Portland  ME ,153,153,41028,4,8,1624,1,3,250,3,81,7043,75,75,19039,1,2,200,0,0,0,2,76,6695
202007,440,10540, ,Albany-Lebanon  OR ,41,41,10325,2,4,682,3,12,1461,2,22,2577,14,14,4467,2,4,682,3,12,1461,1,6,1038
202007,440,18700, ,Corvallis  OR ,9,9,2345,0,0,0,0,0,0,0,0,0,9,9,2345,0,0,0,0,0,0,0,0,0
202007,440,31020, ,Longview  WA ,24,24,6666,0,0,0,0,0,0,0,0,0,24,24,6666,0,0,0,0,0,0,0,0,0
202007,440,38900, ,Portland-Vancouver-Hillsboro  OR-WA ,748,748,220171,3,6,990,3,11,1213,23,412,52369,580,580,168117,3,6,990,3,11,1213,20,388,50013
202007,440,41420, ,Salem  OR ,66,66,20136,2,4,810,0,0,0,2,44,4263,21,21,6833,0,0,0,0,0,0,0,0,0
202007,444,39380,C,Pueblo  CO ,58,58,9691,0,0,0,0,0,0,0,0,0,58,58,9691,0,0,0,0,0,0,0,0,0
202007,450,20500,C,Durham-Chapel Hill  NC ,353,353,83203,0,0,0,1,3,750,10,247,37004,120,120,37844,0,0,0,0,0,0,6,106,15641
202007,450,39580,C,Raleigh-Cary  NC ,1191,1191,264863,1,2,224,1,4,651,4,60,7917,963,963,224185,0,0,0,1,4,651,3,18,3202
202007,452,39660, ,Rapid City  SD ,41,41,9527,0,0,0,0,0,0,0,0,0,41,41,9527,0,0,0,0,0,0,0,0,0
202007,454,39820, ,Redding  CA ,6,6,1786,0,0,0,0,0,0,0,0,0,6,6,1786,0,0,0,0,0,0,0,0,0
202007,456,16180,C,Carson City  NV ,24,24,5480,0,0,0,0,0,0,0,0,0,24,24,5480,0,0,0,0,0,0,0,0,0
202007,456,39900,C,Reno  NV ,223,223,62187,3,6,621,2,6,809,10,232,29022,2,2,198,0,0,0,0,0,0,0,0,0
202007,462,40340, ,Rochester  MN ,33,33,8889,0,0,0,0,0,0,0,0,0,33,33,8889,0,0,0,0,0,0,0,0,0
202007,464,40380, ,Rochester  NY ,114,114,30444,3,6,828,1,3,709,2,35,4836,92,92,24522,3,6,828,1,3,709,0,0,0
202007,466,40420, ,Rockford  IL ,4,4,980,0,0,0,0,0,0,0,0,0,4,4,980,0,0,0,0,0,0,0,0,0
202007,472,40900,C,Sacramento-Roseville-Folsom  CA ,666,666,216649,4,8,1756,0,0,0,10,114,18145,652,652,212400,3,6,1273,0,0,0,9,108,16606
202007,474,13020, ,Bay City  MI ,2,2,470,0,0,0,0,0,0,0,0,0,0,0,0,0,0,0,0,0,0,0,0,0
202007,474,33220, ,Midland  MI ,3,3,452,0,0,0,0,0,0,0,0,0,3,3,452,0,0,0,0,0,0,0,0,0
202007,474,40980, ,Saginaw  MI ,4,4,955,0,0,0,0,0,0,0,0,0,4,4,955,0,0,0,0,0,0,0,0,0
202007,476,41180, ,St. Louis  MO-IL ,552,552,159644,4,8,1101,0,0,0,8,160,15760,392,392,108634,3,6,851,0,0,0,3,72,7545
202007,480,41540, ,Salisbury  MD-DE ,363,363,51684,21,42,5026,3,10,1106,6,32,5802,353,353,49789,21,42,5026,3,10,1106,6,32,5802
202007,482,36260, ,Ogden-Clearfield  UT ,321,321,74703,0,0,0,4,15,2489,5,121,8656,281,281,65208,0,0,0,3,12,2279,2,106,7188
202007,482,39340, ,Provo-Orem  UT ,561,561,173277,2,4,712,12,45,5726,3,22,3855,544,544,164996,2,4,712,12,45,5726,3,22,3855
202007,482,41620, ,Salt Lake City  UT ,445,445,108406,6,12,1689,2,7,1445,7,427,75653,327,327,78609,4,8,1160,1,4,916,6,404,72602
202007,484,41700,C,San Antonio-New Braunfels  TX ,1002,1002,229533,13,26,2806,2,8,1046,8,526,68800,945,945,215611,13,26,2806,2,8,1046,7,521,67735
202007,488,32900, ,Merced  CA ,16,16,3579,0,0,0,0,0,0,0,0,0,16,16,3579,0,0,0,0,0,0,0,0,0
202007,488,33700, ,Modesto  CA ,3,3,731,0,0,0,0,0,0,0,0,0,3,3,731,0,0,0,0,0,0,0,0,0
202007,488,41860,C,San Francisco-Oakland-Berkeley  CA ,249,249,98697,4,8,3648,3,10,2788,17,602,147764,138,138,57463,2,4,1636,2,7,1931,11,542,133625
202007,488,41940,C,San Jose-Sunnyvale-Santa Clara  CA ,241,241,86692,2,4,1293,2,7,2028,10,1697,125678,91,91,31179,1,2,700,1,4,1284,6,1622,110182
202007,488,42100, ,Santa Cruz-Watsonville  CA ,13,13,2984,0,0,0,1,3,344,1,9,915,1,1,400,0,0,0,0,0,0,0,0,0
202007,488,42220, ,Santa Rosa-Petaluma  CA ,76,76,25583,0,0,0,0,0,0,0,0,0,73,73,24421,0,0,0,0,0,0,0,0,0
202007,488,44700, ,Stockton  CA ,166,166,51480,0,0,0,1,4,272,1,14,1635,94,94,27368,0,0,0,0,0,0,0,0,0
202007,488,46700, ,Vallejo  CA ,77,77,23539,0,0,0,0,0,0,0,0,0,77,77,23539,0,0,0,0,0,0,0,0,0
202007,496,25980, ,Hinesville  GA ,62,62,11411,0,0,0,0,0,0,0,0,0,62,62,11411,0,0,0,0,0,0,0,0,0
202007,496,42340, ,Savannah  GA ,229,229,59494,0,0,0,1,4,640,0,0,0,161,161,41176,0,0,0,1,4,640,0,0,0
202007,500,14740,C,Bremerton-Silverdale-Port Orchard  WA ,72,72,20347,1,2,168,0,0,0,2,54,4839,72,72,20347,1,2,168,0,0,0,2,54,4839
202007,500,34580, ,Mount Vernon-Anacortes  WA ,23,23,6654,1,2,400,0,0,0,0,0,0,23,23,6654,1,2,400,0,0,0,0,0,0
202007,500,36500, ,Olympia-Lacey-Tumwater  WA ,49,49,14569,0,0,0,0,0,0,2,52,5555,42,42,13079,0,0,0,0,0,0,1,46,5300
202007,500,42660,C,Seattle-Tacoma-Bellevue  WA ,902,902,297422,32,64,17501,20,70,17307,29,762,115281,758,758,238974,31,62,17030,19,67,16806,24,593,99043
202007,508,43340,C,Shreveport-Bossier City  LA ,89,89,16633,0,0,0,0,0,0,0,0,0,47,47,9332,0,0,0,0,0,0,0,0,0
202007,515,21140, ,Elkhart-Goshen  IN ,47,47,12409,0,0,0,0,0,0,0,0,0,47,47,12409,0,0,0,0,0,0,0,0,0
202007,515,35660, ,Niles  MI ,2,2,541,0,0,0,0,0,0,0,0,0,1,1,284,0,0,0,0,0,0,0,0,0
202007,515,43780, ,South Bend-Mishawaka  IN-MI ,30,30,8166,0,0,0,0,0,0,0,0,0,30,30,8166,0,0,0,0,0,0,0,0,0
202007,518,17660, ,Coeur dAlene  ID ,112,112,32022,0,0,0,1,3,209,1,21,2353,82,82,25215,0,0,0,0,0,0,0,0,0
202007,518,44060, ,Spokane-Spokane Valley  WA ,183,183,47398,10,20,3524,0,0,0,2,22,2466,32,32,8069,6,12,2276,0,0,0,0,0,0
202007,522,44100, ,Springfield  IL ,5,5,1528,4,8,1614,0,0,0,0,0,0,4,4,1278,4,8,1614,0,0,0,0,0,0
202007,524,44300, ,State College  PA ,28,28,8492,0,0,0,0,0,0,0,0,0,6,6,1200,0,0,0,0,0,0,0,0,0
202007,532,45060, ,Syracuse  NY ,31,31,7229,0,0,0,0,0,0,2,24,1000,29,29,6632,0,0,0,0,0,0,2,24,1000
202007,534,45780, ,Toledo  OH ,48,48,13729,0,0,0,0,0,0,10,73,9815,46,46,13503,0,0,0,0,0,0,9,68,9415
202007,536,46060,C,Tucson  AZ ,447,447,135388,2,4,307,0,0,0,5,25,2967,447,447,135388,2,4,307,0,0,0,5,25,2967
202007,538,46140,C,Tulsa  OK ,411,411,87263,4,8,471,0,0,0,13,91,6486,404,404,85736,4,8,471,0,0,0,12,84,5948
202007,540,46340, ,Tyler  TX ,44,44,10258,0,0,0,4,14,1831,0,0,0,44,44,10258,0,0,0,4,14,1831,0,0,0
202007,545,47260, ,Virginia Beach-Norfolk-Newport News  VA-NC ,483,483,97404,1,2,420,0,0,0,6,305,34994,456,456,94872,1,2,420,0,0,0,6,305,34994
202007,548,12580,C,Baltimore-Columbia-Towson  MD ,487,487,106040,0,0,0,1,4,762,7,103,15114,483,483,105116,0,0,0,1,4,762,6,87,11077
202007,548,15680,C,California-Lexington Park  MD ,63,63,13857,0,0,0,0,0,0,1,5,896,4,4,1538,0,0,0,0,0,0,0,0,0
202007,548,16540,C,Chambersburg-Waynesboro  PA ,34,34,8382,0,0,0,0,0,0,0,0,0,34,34,8382,0,0,0,0,0,0,0,0,0
202007,548,25180, ,Hagerstown-Martinsburg  MD-WV ,135,135,30029,0,0,0,0,0,0,0,0,0,125,125,28470,0,0,0,0,0,0,0,0,0
202007,548,47900, ,Washington-Arlington-Alexandria  DC-VA-MD-WV ,1130,1130,289074,1,2,247,3,11,2182,13,571,69639,1041,1041,265955,1,2,247,2,8,1323,10,518,63353
202007,548,49020, ,Winchester  VA-WV ,66,66,14800,0,0,0,0,0,0,0,0,0,66,66,14800,0,0,0,0,0,0,0,0,0
202007,554,48140, ,Wausau-Weston  WI ,22,22,5576,0,0,0,0,0,0,0,0,0,16,16,4070,0,0,0,0,0,0,0,0,0
202007,556,48620, ,Wichita  KS ,80,80,22218,11,22,2364,1,4,600,0,0,0,80,80,22218,11,22,2364,1,4,600,0,0,0
202007,558,48700, ,Williamsport  PA ,0,0,0,0,0,0,0,0,0,0,0,0,0,0,0,0,0,0,0,0,0,0,0,0
202007,566,49660, ,Youngstown-Warren-Boardman  OH-PA ,29,29,5216,1,2,212,0,0,0,0,0,0,28,28,5086,1,2,212,0,0,0,0,0,0
202007,999,10180, ,Abilene  TX ,42,42,8781,7,14,1314,0,0,0,2,57,5266,42,42,8781,7,14,1314,0,0,0,2,57,5266
202007,999,10500, ,Albany  GA ,18,18,2298,0,0,0,0,0,0,1,17,2538,16,16,1888,0,0,0,0,0,0,0,0,0
202007,999,10780, ,Alexandria  LA ,19,19,4626,0,0,0,0,0,0,0,0,0,11,11,2516,0,0,0,0,0,0,0,0,0
202007,999,10900, ,Allentown-Bethlehem-Easton  PA-NJ ,52,52,14571,0,0,0,0,0,0,4,29,3765,43,43,13161,0,0,0,0,0,0,3,24,3282
202007,999,11260,C,Anchorage  AK ,88,88,27551,2,4,691,1,4,695,1,13,2055,1,1,297,2,4,691,0,0,0,0,0,0
202007,999,11500, ,Anniston-Oxford  AL ,6,6,936,0,0,0,0,0,0,0,0,0,6,6,936,0,0,0,0,0,0,0,0,0
202007,999,12260, ,Augusta-Richmond County  GA-SC ,290,290,59771,0,0,0,3,10,707,5,38,1801,79,79,19301,0,0,0,3,10,707,4,32,1456
202007,999,12420, ,Austin-Round Rock-Georgetown  TX ,2077,2077,460513,7,14,1313,5,20,2672,54,1868,185922,1711,1711,379835,6,12,1126,5,20,2672,54,1868,185922
202007,999,12540, ,Bakersfield  CA ,181,181,46550,1,2,234,0,0,0,1,5,1277,25,25,4239,0,0,0,0,0,0,0,0,0
202007,999,12620, ,Bangor  ME ,7,7,1545,2,4,567,2,8,677,1,38,5108,3,3,542,2,4,567,2,8,677,1,38,5108
202007,999,12940, ,Baton Rouge  LA ,365,365,81037,0,0,0,0,0,0,0,0,0,169,169,45711,0,0,0,0,0,0,0,0,0
202007,999,13140, ,Beaumont-Port Arthur  TX ,76,76,16546,1,2,220,0,0,0,0,0,0,76,76,16546,1,2,220,0,0,0,0,0,0
202007,999,13220,C,Beckley  WV ,7,7,876,0,0,0,0,0,0,0,0,0,7,7,876,0,0,0,0,0,0,0,0,0
202007,999,13380, ,Bellingham  WA ,68,68,18265,6,12,1951,2,8,965,1,5,493,22,22,5447,5,10,1520,2,8,965,0,0,0
202007,999,13740, ,Billings  MT ,41,41,11901,5,10,1726,3,12,1545,0,0,0,41,41,11901,5,10,1726,3,12,1545,0,0,0
202007,999,13780, ,Binghamton  NY ,0,0,0,0,0,0,0,0,0,0,0,0,0,0,0,0,0,0,0,0,0,0,0,0
202007,999,13900, ,Bismarck  ND ,40,40,10265,8,16,1966,2,6,1033,3,22,4109,30,30,7958,7,14,1554,1,3,607,2,12,3000
202007,999,13980, ,Blacksburg-Christiansburg  VA ,5,5,420,0,0,0,0,0,0,4,234,29908,5,5,420,0,0,0,0,0,0,4,234,29908
202007,999,15260, ,Brunswick  GA ,45,45,13920,0,0,0,0,0,0,0,0,0,0,0,0,0,0,0,0,0,0,0,0,0
202007,999,16220, ,Casper  WY ,19,19,3078,1,2,259,0,0,0,0,0,0,12,12,1280,0,0,0,0,0,0,0,0,0
202007,999,16580, ,Champaign-Urbana  IL ,11,11,2802,0,0,0,0,0,0,1,163,20129,11,11,2802,0,0,0,0,0,0,1,163,20129
202007,999,16700,C,Charleston-North Charleston  SC ,545,545,148967,0,0,0,1,3,238,7,142,8413,221,221,68769,0,0,0,0,0,0,0,0,0
202007,999,16820, ,Charlottesville  VA ,77,77,23426,0,0,0,0,0,0,1,21,2030,0,0,0,0,0,0,0,0,0,0,0,0
202007,999,16940, ,Cheyenne  WY ,43,43,8631,0,0,0,1,3,350,0,0,0,26,26,5015,0,0,0,0,0,0,0,0,0
202007,999,17020, ,Chico  CA ,24,24,6323,0,0,0,0,0,0,0,0,0,24,24,6323,0,0,0,0,0,0,0,0,0
202007,999,17300,C,Clarksville  TN-KY ,274,274,41316,12,24,2020,0,0,0,0,0,0,271,271,41102,12,24,2020,0,0,0,0,0,0
202007,999,17780, ,College Station-Bryan  TX ,99,99,18306,0,0,0,0,0,0,1,9,507,99,99,18306,0,0,0,0,0,0,1,9,507
202007,999,17820,C,Colorado Springs  CO ,411,411,149086,0,0,0,0,0,0,1,54,9611,401,401,146297,0,0,0,0,0,0,1,54,9611
202007,999,18880,C,Crestview-Fort Walton Beach-Destin  FL ,212,212,80249,3,6,1054,1,4,555,2,16,2362,192,192,74905,3,6,1054,1,4,555,2,16,2362
202007,999,19060, ,Cumberland  MD-WV ,4,4,836,0,0,0,0,0,0,0,0,0,4,4,836,0,0,0,0,0,0,0,0,0
202007,999,19180, ,Danville  IL ,0,0,0,0,0,0,0,0,0,0,0,0,0,0,0,0,0,0,0,0,0,0,0,0
202007,999,19500, ,Decatur  IL ,0,0,0,0,0,0,0,0,0,0,0,0,0,0,0,0,0,0,0,0,0,0,0,0
202007,999,20220, ,Dubuque  IA ,2,2,529,0,0,0,0,0,0,0,0,0,2,2,529,0,0,0,0,0,0,0,0,0
202007,999,20260, ,Duluth  MN-WI ,15,15,3496,1,2,200,0,0,0,0,0,0,14,14,3257,1,2,200,0,0,0,0,0,0
202007,999,20940, ,El Centro  CA ,12,12,2222,0,0,0,0,0,0,0,0,0,12,12,2222,0,0,0,0,0,0,0,0,0
202007,999,21420, ,Enid  OK ,0,0,0,0,0,0,0,0,0,0,0,0,0,0,0,0,0,0,0,0,0,0,0,0
202007,999,21660, ,Eugene-Springfield  OR ,77,77,19526,1,2,392,0,0,0,9,53,8477,55,55,13903,1,2,392,0,0,0,9,53,8477
202007,999,21780, ,Evansville  IN-KY ,75,75,16616,1,2,247,0,0,0,4,50,6272,60,60,13745,0,0,0,0,0,0,4,50,6272
202007,999,21820,C,Fairbanks  AK ,0,0,0,0,0,0,0,0,0,0,0,0,0,0,0,0,0,0,0,0,0,0,0,0
202007,999,22140,C,Farmington  NM ,14,14,3438,0,0,0,0,0,0,0,0,0,14,14,3438,0,0,0,0,0,0,0,0,0
202007,999,22220, ,Fayetteville-Springdale-Rogers  AR-MO ,385,385,104327,17,34,4706,0,0,0,4,104,8237,264,264,74584,14,28,3203,0,0,0,0,0,0
202007,999,22380, ,Flagstaff  AZ ,57,57,13297,0,0,0,2,6,200,0,0,0,57,57,13297,0,0,0,2,6,200,0,0,0
202007,999,22500, ,Florence  SC ,60,60,8097,1,2,136,0,0,0,2,29,2831,0,0,0,0,0,0,0,0,0,0,0,0
202007,999,22520, ,Florence-Muscle Shoals  AL ,34,34,4392,0,0,0,0,0,0,0,0,0,18,18,2538,0,0,0,0,0,0,0,0,0
202007,999,22540, ,Fond du Lac  WI ,5,5,1240,1,2,350,0,0,0,1,8,566,1,1,260,1,2,350,0,0,0,0,0,0
202007,999,22660,C,Fort Collins  CO ,164,164,49556,2,4,914,0,0,0,1,20,3417,164,164,49556,2,4,914,0,0,0,1,20,3417
202007,999,22900, ,Fort Smith  AR-OK ,35,35,5434,7,14,2111,1,4,240,0,0,0,30,30,4924,7,14,2111,1,4,240,0,0,0
202007,999,23460, ,Gadsden  AL ,1,1,124,0,0,0,0,0,0,0,0,0,1,1,124,0,0,0,0,0,0,0,0,0
202007,999,24220, ,Grand Forks  ND-MN ,13,13,3482,0,0,0,0,0,0,0,0,0,13,13,3482,0,0,0,0,0,0,0,0,0
202007,999,24260, ,Grand Island  NE ,4,4,746,0,0,0,0,0,0,0,0,0,4,4,746,0,0,0,0,0,0,0,0,0
202007,999,24300,C,Grand Junction  CO ,79,79,12207,1,2,282,0,0,0,0,0,0,79,79,12207,1,2,282,0,0,0,0,0,0
202007,999,24500,C,Great Falls  MT ,19,19,3922,0,0,0,0,0,0,0,0,0,19,19,3922,0,0,0,0,0,0,0,0,0
202007,999,25060, ,Gulfport-Biloxi  MS ,278,278,53701,1,2,185,1,3,301,1,8,677,180,180,38442,0,0,0,0,0,0,0,0,0
202007,999,25860, ,Hickory-Lenoir-Morganton  NC ,1,1,151,0,0,0,0,0,0,1,5,279,0,0,0,0,0,0,0,0,0,0,0,0
202007,999,25940, ,Hilton Head Island-Bluffton  SC ,79,79,28123,0,0,0,0,0,0,0,0,0,46,46,11299,0,0,0,0,0,0,0,0,0
202007,999,26140, ,Homosassa Springs  FL ,74,74,15256,1,2,55,0,0,0,1,5,432,0,0,0,0,0,0,0,0,0,0,0,0
202007,999,26380, ,Houma-Thibodaux  LA ,30,30,7515,0,0,0,0,0,0,0,0,0,16,16,3697,0,0,0,0,0,0,0,0,0
202007,999,27100, ,Jackson  MI ,1,1,238,0,0,0,0,0,0,0,0,0,1,1,238,0,0,0,0,0,0,0,0,0
202007,999,27340,C,Jacksonville  NC ,139,139,19242,0,0,0,0,0,0,5,80,5140,139,139,19242,0,0,0,0,0,0,5,80,5140
202007,999,27980,C,Kahului-Wailuku-Lahaina  HI ,27,27,11147,1,2,325,0,0,0,0,0,0,27,27,11147,1,2,325,0,0,0,0,0,0
202007,999,28660,C,Killeen-Temple  TX ,269,269,47013,12,24,2241,0,0,0,0,0,0,136,136,27410,8,16,1457,0,0,0,0,0,0
202007,999,29100, ,La Crosse-Onalaska  WI-MN ,22,22,5992,3,6,949,0,0,0,2,74,6345,13,13,4000,2,4,555,0,0,0,1,68,5800
202007,999,29420, ,Lake Havasu City-Kingman  AZ ,126,126,28953,5,10,1292,2,6,227,0,0,0,126,126,28953,5,10,1292,2,6,227,0,0,0
202007,999,29540, ,Lancaster  PA ,5,5,1325,0,0,0,0,0,0,0,0,0,5,5,1325,0,0,0,0,0,0,0,0,0
202007,999,29620, ,Lansing-East Lansing  MI ,13,13,3613,0,0,0,0,0,0,1,5,568,3,3,988,0,0,0,0,0,0,0,0,0
202007,999,29700, ,Laredo  TX ,140,140,28686,7,14,1310,1,4,445,2,11,940,0,0,0,0,0,0,0,0,0,0,0,0
202007,999,30020, ,Lawton  OK ,9,9,2085,0,0,0,0,0,0,0,0,0,9,9,2085,0,0,0,0,0,0,0,0,0
202007,999,30300, ,Lewiston  ID-WA ,0,0,0,0,0,0,0,0,0,0,0,0,0,0,0,0,0,0,0,0,0,0,0,0
202007,999,30860, ,Logan  UT-ID ,8,8,4783,0,0,0,6,18,3142,0,0,0,8,8,4783,0,0,0,6,18,3142,0,0,0
202007,999,30980, ,Longview  TX ,16,16,5466,0,0,0,0,0,0,0,0,0,16,16,5466,0,0,0,0,0,0,0,0,0
202007,999,31340, ,Lynchburg  VA ,98,98,7897,3,6,373,0,0,0,9,81,1170,94,94,6969,2,4,173,0,0,0,9,81,1170
202007,999,31740, ,Manhattan  KS ,12,12,4493,8,16,1955,0,0,0,0,0,0,11,11,4233,8,16,1955,0,0,0,0,0,0
202007,999,33540,C,Missoula  MT ,32,32,5974,0,0,0,0,0,0,3,114,6229,32,32,5974,0,0,0,0,0,0,3,114,6229
202007,999,36100, ,Ocala  FL ,318,318,65867,1,2,135,0,0,0,0,0,0,318,318,65867,1,2,135,0,0,0,0,0,0
202007,999,36980, ,Owensboro  KY ,24,24,2399,0,0,0,0,0,0,0,0,0,23,23,2194,0,0,0,0,0,0,0,0,0
202007,999,37340, ,Palm Bay-Melbourne-Titusville  FL ,231,231,76625,0,0,0,0,0,0,0,0,0,231,231,76625,0,0,0,0,0,0,0,0,0
202007,999,37460, ,Panama City  FL ,45,45,17003,12,24,5055,0,0,0,0,0,0,45,45,17003,12,24,5055,0,0,0,0,0,0
202007,999,37900, ,Peoria  IL ,5,5,1325,0,0,0,0,0,0,0,0,0,5,5,1325,0,0,0,0,0,0,0,0,0
202007,999,38340, ,Pittsfield  MA ,0,0,0,0,0,0,0,0,0,0,0,0,0,0,0,0,0,0,0,0,0,0,0,0
202007,999,38540, ,Pocatello  ID ,21,21,4167,2,4,460,0,0,0,2,48,2900,11,11,3170,2,4,460,0,0,0,2,48,2900
202007,999,39150, ,Prescott Valley-Prescott  AZ ,128,128,39944,2,4,592,0,0,0,0,0,0,128,128,39944,2,4,592,0,0,0,0,0,0
202007,999,40060, ,Richmond  VA ,466,466,95313,5,10,1637,7,27,2797,20,329,14892,457,457,94082,5,10,1637,7,27,2797,19,324,14461
202007,999,41100, ,St. George  UT ,195,195,35093,0,0,0,0,0,0,0,0,0,194,194,35037,0,0,0,0,0,0,0,0,0
202007,999,41500, ,Salinas  CA ,26,26,5813,0,0,0,0,0,0,0,0,0,25,25,5599,0,0,0,0,0,0,0,0,0
202007,999,41660,C,San Angelo  TX ,92,92,19235,0,0,0,0,0,0,0,0,0,92,92,19235,0,0,0,0,0,0,0,0,0
202007,999,41740,C,San Diego-Chula Vista-Carlsbad  CA ,200,200,63096,3,6,1052,6,23,6890,25,492,96299,171,171,56687,3,6,1052,6,23,6890,23,458,92761
202007,999,42020, ,San Luis Obispo-Paso Robles  CA ,21,21,7457,0,0,0,0,0,0,0,0,0,21,21,7457,0,0,0,0,0,0,0,0,0
202007,999,42200, ,Santa Maria-Santa Barbara  CA ,9,9,1916,0,0,0,0,0,0,0,0,0,9,9,1916,0,0,0,0,0,0,0,0,0
202007,999,42540, ,Scranton--Wilkes-Barre  PA ,2,2,507,0,0,0,0,0,0,0,0,0,1,1,263,0,0,0,0,0,0,0,0,0
202007,999,43100, ,Sheboygan  WI ,2,2,425,0,0,0,0,0,0,0,0,0,2,2,425,0,0,0,0,0,0,0,0,0
202007,999,43420, ,Sierra Vista-Douglas  AZ ,29,29,4940,0,0,0,0,0,0,0,0,0,29,29,4940,0,0,0,0,0,0,0,0,0
202007,999,43580, ,Sioux City  IA-NE-SD ,12,12,3326,0,0,0,0,0,0,0,0,0,1,1,196,0,0,0,0,0,0,0,0,0
202007,999,43620, ,Sioux Falls  SD ,118,118,26600,1,2,150,1,4,532,8,253,26639,118,118,26600,1,2,150,1,4,532,8,253,26639
202007,999,44140, ,Springfield  MA ,5,5,1388,0,0,0,0,0,0,0,0,0,4,4,1238,0,0,0,0,0,0,0,0,0
202007,999,44180, ,Springfield  MO ,86,86,21502,5,10,951,0,0,0,0,0,0,75,75,19436,4,8,700,0,0,0,0,0,0
202007,999,44940, ,Sumter  SC ,31,31,4230,0,0,0,0,0,0,1,5,260,0,0,0,0,0,0,0,0,0,0,0,0
202007,999,45220, ,Tallahassee  FL ,116,116,22992,1,2,222,0,0,0,4,96,12334,44,44,8735,0,0,0,0,0,0,0,0,0
202007,999,45300,C,Tampa-St. Petersburg-Clearwater  FL ,1155,1155,328072,1,2,280,0,0,0,5,271,60702,1141,1141,324707,0,0,0,0,0,0,4,266,60271
202007,999,45460, ,Terre Haute  IN ,4,4,702,1,2,208,0,0,0,0,0,0,3,3,480,0,0,0,0,0,0,0,0,0
202007,999,45500, ,Texarkana  TX-AR ,2,2,445,0,0,0,0,0,0,0,0,0,1,1,249,0,0,0,0,0,0,0,0,0
202007,999,45820, ,Topeka  KS ,29,29,7880,0,0,0,0,0,0,0,0,0,29,29,7880,0,0,0,0,0,0,0,0,0
202007,999,46220, ,Tuscaloosa  AL ,59,59,14841,0,0,0,5,17,1089,1,49,9000,25,25,6949,0,0,0,0,0,0,0,0,0
202007,999,46300, ,Twin Falls  ID ,97,97,13654,0,0,0,0,0,0,0,0,0,93,93,12988,0,0,0,0,0,0,0,0,0
202007,999,46520,C,Urban Honolulu  HI ,134,134,40437,0,0,0,0,0,0,0,0,0,134,134,40437,0,0,0,0,0,0,0,0,0
202007,999,46540, ,Utica-Rome  NY ,2,2,350,0,0,0,0,0,0,0,0,0,2,2,350,0,0,0,0,0,0,0,0,0
202007,999,46660, ,Valdosta  GA ,99,99,18933,1,2,133,0,0,0,0,0,0,41,41,9150,0,0,0,0,0,0,0,0,0
202007,999,47300, ,Visalia  CA ,165,165,37791,1,2,147,2,8,1099,0,0,0,165,165,37791,1,2,147,2,8,1099,0,0,0
202007,999,47380, ,Waco  TX ,74,74,15472,0,0,0,0,0,0,0,0,0,74,74,15472,0,0,0,0,0,0,0,0,0
202007,999,47940, ,Waterloo-Cedar Falls  IA ,10,10,3362,0,0,0,0,0,0,0,0,0,10,10,3362,0,0,0,0,0,0,0,0,0
202007,999,48060, ,Watertown-Fort Drum  NY ,12,12,1586,0,0,0,0,0,0,0,0,0,0,0,0,0,0,0,0,0,0,0,0,0
202007,999,48300, ,Wenatchee  WA ,41,41,10327,0,0,0,0,0,0,1,10,1682,41,41,10327,0,0,0,0,0,0,1,10,1682
202007,999,48540, ,Wheeling  WV-OH ,1,1,220,0,0,0,0,0,0,1,39,5057,1,1,220,0,0,0,0,0,0,1,39,5057
202007,999,48660, ,Wichita Falls  TX ,0,0,0,0,0,0,0,0,0,0,0,0,0,0,0,0,0,0,0,0,0,0,0,0
202007,999,48900, ,Wilmington  NC ,141,141,45253,0,0,0,0,0,0,5,122,14531,0,0,0,0,0,0,0,0,0,0,0,0
202007,999,49420, ,Yakima  WA ,30,30,7312,0,0,0,0,0,0,1,13,2109,30,30,7312,0,0,0,0,0,0,1,13,2109
202007,999,49740, ,Yuma  AZ ,119,119,19884,6,12,2535,7,28,1032,1,5,184,119,119,19884,6,12,2535,7,28,1032,1,5,184
