Survey,CSA,CBSA,MONCOV,CBSA,,1-unit,,,2-units,,,3-4 units,,,5+ units,,,1-unit rep,,,2-units rep,,,3-4 units rep,,,5+ units rep
Date,Code,Code,,Name,Bldgs,Units,Value,Bldgs,Units,Value,Bldgs,Units,Value,Bldgs,Units,Value,Bldgs,Units,Value,Bldgs,Units,Value,      Bldgs,Units,Value,Bldgs,Units,Value
 
202001,104,10580,C,Albany-Schenectady-Troy  NY ,59,59,16195,1,2,315,2,6,1110,3,40,4321,36,36,8614,1,2,315,2,6,1110,0,0,0
202001,104,24020, ,Glens Falls  NY ,12,12,2893,0,0,0,0,0,0,0,0,0,5,5,1250,0,0,0,0,0,0,0,0,0
202001,106,10740,C,Albuquerque  NM ,190,190,50577,0,0,0,1,3,348,1,6,250,134,134,38175,0,0,0,0,0,0,0,0,0
202001,106,42140,C,Santa Fe  NM ,34,34,8988,0,0,0,0,0,0,0,0,0,34,34,8988,0,0,0,0,0,0,0,0,0
202001,107,11020, ,Altoona  PA ,0,0,0,0,0,0,0,0,0,0,0,0,0,0,0,0,0,0,0,0,0,0,0,0
202001,108,11100, ,Amarillo  TX ,29,29,6886,0,0,0,0,0,0,0,0,0,29,29,6886,0,0,0,0,0,0,0,0,0
202001,118,11540, ,Appleton  WI ,25,25,6896,0,0,0,0,0,0,0,0,0,25,25,6896,0,0,0,0,0,0,0,0,0
202001,118,36780, ,Oshkosh-Neenah  WI ,10,10,3277,0,0,0,0,0,0,0,0,0,8,8,2758,0,0,0,0,0,0,0,0,0
202001,120,11700, ,Asheville  NC ,176,176,51699,0,0,0,0,0,0,2,22,2622,47,47,13472,0,0,0,0,0,0,0,0,0
202001,122,12020, ,Athens-Clarke County  GA ,36,36,10476,1,2,409,0,0,0,0,0,0,36,36,10476,1,2,409,0,0,0,0,0,0
202001,122,12060, ,Atlanta-Sandy Springs-Alpharetta  GA ,1959,1959,450901,5,10,2043,4,15,2436,20,928,111873,1751,1751,406882,5,10,2043,4,15,2436,15,823,99308
202001,122,23580, ,Gainesville  GA ,52,52,13334,1,2,60,0,0,0,0,0,0,52,52,13334,1,2,60,0,0,0,0,0,0
202001,122,40660,C,Rome  GA ,8,8,1988,0,0,0,0,0,0,0,0,0,8,8,1988,0,0,0,0,0,0,0,0,0
202001,140,13460,C,Bend  OR ,119,119,30112,3,6,833,0,0,0,0,0,0,119,119,30112,3,6,833,0,0,0,0,0,0
202001,142,13820,C,Birmingham-Hoover  AL ,267,267,70064,1,2,247,0,0,0,1,14,1412,169,169,47358,0,0,0,0,0,0,0,0,0
202001,144,14020,C,Bloomington  IN ,27,27,7310,0,0,0,0,0,0,0,0,0,27,27,7310,0,0,0,0,0,0,0,0,0
202001,145,14010, ,Bloomington  IL ,4,4,653,0,0,0,0,0,0,0,0,0,4,4,653,0,0,0,0,0,0,0,0,0
202001,146,14100,C,Bloomsburg-Berwick  PA ,4,4,868,0,0,0,0,0,0,0,0,0,1,1,212,0,0,0,0,0,0,0,0,0
202001,147,14260,C,Boise City  ID ,571,571,132875,2,4,689,0,0,0,3,70,2898,533,533,121982,2,4,689,0,0,0,3,70,2898
202001,148,12700, ,Barnstable Town  MA ,8,8,6085,1,2,190,0,0,0,1,10,1500,8,8,6085,1,2,190,0,0,0,1,10,1500
202001,148,14460,C,Boston-Cambridge-Newton  MA-NH ,448,448,123137,12,24,5615,12,43,9165,31,1113,156924,291,291,84183,8,16,4174,11,40,8540,16,816,114419
202001,148,31700, ,Manchester-Nashua  NH ,22,22,4687,1,2,263,0,0,0,1,6,757,9,9,2600,0,0,0,0,0,0,0,0,0
202001,148,39300,C,Providence-Warwick  RI-MA ,115,115,26616,6,12,1182,0,0,0,1,5,78,69,69,16766,3,6,510,0,0,0,0,0,0
202001,148,49340, ,Worcester  MA-CT ,7,7,1431,0,0,0,0,0,0,1,6,108,4,4,831,0,0,0,0,0,0,0,0,0
202001,150,14540, ,Bowling Green  KY ,59,59,14010,0,0,0,1,4,375,0,0,0,59,59,14010,0,0,0,1,4,375,0,0,0
202001,154,15180, ,Brownsville-Harlingen  TX ,95,95,9244,1,2,123,0,0,0,0,0,0,68,68,6647,0,0,0,0,0,0,0,0,0
202001,160,15380,C,Buffalo-Cheektowaga  NY ,57,57,17886,1,2,160,1,4,952,2,68,7188,54,54,17406,1,2,160,1,4,952,1,39,681
202001,162,15540, ,Burlington-South Burlington  VT ,20,20,4725,2,4,600,0,0,0,1,16,1559,15,15,3709,2,4,600,0,0,0,0,0,0
202001,163,15980,C,Cape Coral-Fort Myers  FL ,582,582,121801,20,40,4813,4,16,5141,31,1018,128317,582,582,121801,20,40,4813,4,16,5141,31,1018,128317
202001,163,34940, ,Naples-Marco Island  FL ,231,231,61108,0,0,0,5,20,4590,6,44,9043,231,231,61108,0,0,0,5,20,4590,6,44,9043
202001,164,16020, ,Cape Girardeau  MO-IL ,0,0,0,0,0,0,0,0,0,0,0,0,0,0,0,0,0,0,0,0,0,0,0,0
202001,168,16300, ,Cedar Rapids  IA ,8,8,862,1,2,193,0,0,0,0,0,0,8,8,862,1,2,193,0,0,0,0,0,0
202001,168,26980, ,Iowa City  IA ,6,6,1766,1,2,315,0,0,0,1,24,4000,5,5,1629,1,2,315,0,0,0,1,24,4000
202001,170,16620, ,Charleston  WV ,20,20,1667,0,0,0,0,0,0,0,0,0,18,18,1617,0,0,0,0,0,0,0,0,0
202001,170,26580, ,Huntington-Ashland  WV-KY-OH ,14,14,2525,1,2,278,0,0,0,0,0,0,1,1,18,0,0,0,0,0,0,0,0,0
202001,172,16740, ,Charlotte-Concord-Gastonia  NC-SC ,1539,1539,391269,1,2,224,0,0,0,11,435,49240,1356,1356,330766,1,2,224,0,0,0,9,410,46527
202001,174,16860, ,Chattanooga  TN-GA ,143,143,33863,2,4,306,2,7,993,1,14,1585,103,103,24330,0,0,0,2,7,993,0,0,0
202001,174,17420, ,Cleveland  TN ,34,34,6012,0,0,0,0,0,0,0,0,0,17,17,2950,0,0,0,0,0,0,0,0,0
202001,176,16980, ,Chicago-Naperville-Elgin  IL-IN-WI ,516,516,145523,12,24,4341,6,18,3019,19,549,53605,412,412,119625,10,20,3566,6,18,3019,15,505,49642
202001,176,28100, ,Kankakee  IL ,1,1,281,0,0,0,0,0,0,0,0,0,1,1,281,0,0,0,0,0,0,0,0,0
202001,176,33140, ,Michigan City-La Porte  IN ,7,7,1958,0,0,0,0,0,0,0,0,0,7,7,1958,0,0,0,0,0,0,0,0,0
202001,178,17140, ,Cincinnati  OH-KY-IN ,340,340,88713,1,2,658,4,16,600,13,472,74244,290,290,76806,0,0,0,4,16,600,11,440,70735
202001,184,10420, ,Akron  OH ,38,38,19128,0,0,0,0,0,0,0,0,0,9,9,2394,0,0,0,0,0,0,0,0,0
202001,184,15940, ,Canton-Massillon  OH ,33,33,7359,0,0,0,0,0,0,1,5,384,30,30,7009,0,0,0,0,0,0,0,0,0
202001,184,17460, ,Cleveland-Elyria  OH ,142,142,37309,0,0,0,2,7,438,2,129,7000,127,127,34053,0,0,0,1,4,230,2,129,7000
202001,190,17860, ,Columbia  MO ,29,29,8625,0,0,0,0,0,0,0,0,0,29,29,8625,0,0,0,0,0,0,0,0,0
202001,192,17900,C,Columbia  SC ,306,306,68020,1,2,165,0,0,0,2,10,1332,136,136,25185,1,2,165,0,0,0,0,0,0
202001,194,12220,C,Auburn-Opelika  AL ,106,106,29397,0,0,0,2,8,1945,3,25,3515,106,106,29397,0,0,0,2,8,1945,3,25,3515
202001,194,17980, ,Columbus  GA-AL ,62,62,12239,0,0,0,1,3,185,2,13,2442,24,24,5285,0,0,0,0,0,0,0,0,0
202001,198,18140, ,Columbus  OH ,331,331,90852,0,0,0,0,0,0,17,873,301349,304,304,84986,0,0,0,0,0,0,16,868,301124
202001,204,18580, ,Corpus Christi  TX ,101,101,23642,0,0,0,0,0,0,0,0,0,97,97,23033,0,0,0,0,0,0,0,0,0
202001,206,19100, ,Dallas-Fort Worth-Arlington  TX ,3370,3370,865529,16,32,600,5,20,3519,57,1558,143035,2694,2694,686524,16,32,600,5,20,3519,53,1516,136796
202001,209,19340, ,Davenport-Moline-Rock Island  IA-IL ,15,15,3590,0,0,0,0,0,0,0,0,0,8,8,2282,0,0,0,0,0,0,0,0,0
202001,212,19430, ,Dayton-Kettering  OH ,57,57,19244,0,0,0,0,0,0,0,0,0,57,57,19244,0,0,0,0,0,0,0,0,0
202001,212,44220, ,Springfield  OH ,5,5,1133,0,0,0,0,0,0,0,0,0,5,5,1133,0,0,0,0,0,0,0,0,0
202001,216,14500, ,Boulder  CO ,56,56,25287,0,0,0,1,3,531,3,95,12591,8,8,5111,0,0,0,0,0,0,0,0,0
202001,216,19740,C,Denver-Aurora-Lakewood  CO ,863,863,233982,6,12,2687,2,6,899,20,757,110829,635,635,172161,3,6,1439,1,3,539,11,311,44411
202001,216,24540, ,Greeley  CO ,212,212,60105,0,0,0,0,0,0,11,176,18761,155,155,44513,0,0,0,0,0,0,9,145,16417
202001,218,11180, ,Ames  IA ,2,2,550,0,0,0,0,0,0,1,8,875,2,2,550,0,0,0,0,0,0,1,8,875
202001,218,19780, ,Des Moines-West Des Moines  IA ,173,173,46730,2,4,861,0,0,0,2,37,4080,157,157,42391,2,4,861,0,0,0,1,24,2800
202001,220,11460, ,Ann Arbor  MI ,18,18,4703,1,2,602,1,3,608,0,0,0,11,11,2703,1,2,602,0,0,0,0,0,0
202001,220,19820, ,Detroit-Warren-Dearborn  MI ,375,375,108611,2,4,618,5,19,1545,6,228,27559,309,309,92675,1,2,478,4,16,1225,5,223,27434
202001,220,22420, ,Flint  MI ,8,8,2427,0,0,0,0,0,0,0,0,0,4,4,1325,0,0,0,0,0,0,0,0,0
202001,220,33780, ,Monroe  MI ,0,0,0,0,0,0,0,0,0,0,0,0,0,0,0,0,0,0,0,0,0,0,0,0
202001,222,20020, ,Dothan  AL ,18,18,4919,0,0,0,0,0,0,0,0,0,16,16,4505,0,0,0,0,0,0,0,0,0
202001,232,20740, ,Eau Claire  WI ,7,7,2517,0,0,0,0,0,0,0,0,0,7,7,2517,0,0,0,0,0,0,0,0,0
202001,236,21300, ,Elmira  NY ,0,0,0,0,0,0,0,0,0,0,0,0,0,0,0,0,0,0,0,0,0,0,0,0
202001,238,21340,C,El Paso  TX ,212,212,49445,7,14,1784,1,3,394,4,43,7510,68,68,16147,1,2,224,0,0,0,0,0,0
202001,238,29740,C,Las Cruces  NM ,70,70,18082,0,0,0,0,0,0,0,0,0,70,70,18082,0,0,0,0,0,0,0,0,0
202001,240,21500, ,Erie  PA ,2,2,225,0,0,0,0,0,0,0,0,0,2,2,225,0,0,0,0,0,0,0,0,0
202001,244,22020, ,Fargo  ND-MN ,6,6,1798,0,0,0,0,0,0,0,0,0,6,6,1798,0,0,0,0,0,0,0,0,0
202001,246,22180, ,Fayetteville  NC ,96,96,15196,0,0,0,0,0,0,0,0,0,47,47,9200,0,0,0,0,0,0,0,0,0
202001,258,23060,C,Fort Wayne  IN ,87,87,23120,0,0,0,0,0,0,0,0,0,87,87,23120,0,0,0,0,0,0,0,0,0
202001,260,23420,C,Fresno  CA ,244,244,73445,0,0,0,0,0,0,0,0,0,222,222,67247,0,0,0,0,0,0,0,0,0
202001,260,31460, ,Madera  CA ,107,107,24181,0,0,0,0,0,0,0,0,0,107,107,24181,0,0,0,0,0,0,0,0,0
202001,264,23540, ,Gainesville  FL ,37,37,9876,0,0,0,0,0,0,1,74,2520,25,25,8256,0,0,0,0,0,0,0,0,0
202001,266,24340, ,Grand Rapids-Kentwood  MI ,103,103,25299,0,0,0,1,4,597,1,5,350,83,83,20513,0,0,0,1,4,597,0,0,0
202001,266,34740, ,Muskegon  MI ,1,1,222,0,0,0,0,0,0,0,0,0,0,0,0,0,0,0,0,0,0,0,0,0
202001,267,24580, ,Green Bay  WI ,35,35,9553,0,0,0,0,0,0,3,30,2256,24,24,6115,0,0,0,0,0,0,2,24,1700
202001,268,15500, ,Burlington  NC ,51,51,12808,0,0,0,0,0,0,0,0,0,51,51,12808,0,0,0,0,0,0,0,0,0
202001,268,24660,C,Greensboro-High Point  NC ,158,158,40345,1,2,133,0,0,0,2,48,7685,141,141,36344,1,2,133,0,0,0,2,48,7685
202001,268,49180, ,Winston-Salem  NC ,216,216,36472,0,0,0,0,0,0,2,32,1876,0,0,0,0,0,0,0,0,0,0,0,0
202001,272,24780, ,Greenville  NC ,22,22,4878,3,6,620,0,0,0,0,0,0,22,22,4878,3,6,620,0,0,0,0,0,0
202001,273,24860, ,Greenville-Anderson  SC ,491,491,120071,0,0,0,0,0,0,0,0,0,463,463,115859,0,0,0,0,0,0,0,0,0
202001,273,43900, ,Spartanburg  SC ,234,234,37867,0,0,0,0,0,0,0,0,0,234,234,37867,0,0,0,0,0,0,0,0,0
202001,276,23900,C,Gettysburg  PA ,19,19,3531,0,0,0,0,0,0,0,0,0,19,19,3531,0,0,0,0,0,0,0,0,0
202001,276,25420,C,Harrisburg-Carlisle  PA ,115,115,24897,0,0,0,1,4,583,2,44,5826,77,77,17479,0,0,0,1,4,583,0,0,0
202001,276,30140, ,Lebanon  PA ,18,18,3348,0,0,0,0,0,0,0,0,0,0,0,0,0,0,0,0,0,0,0,0,0
202001,276,49620, ,York-Hanover  PA ,6,6,1351,0,0,0,0,0,0,0,0,0,4,4,824,0,0,0,0,0,0,0,0,0
202001,277,25500,C,Harrisonburg  VA ,56,56,13720,0,0,0,0,0,0,0,0,0,56,56,13720,0,0,0,0,0,0,0,0,0
202001,277,44420, ,Staunton  VA ,14,14,4033,0,0,0,0,0,0,0,0,0,14,14,4033,0,0,0,0,0,0,0,0,0
202001,278,25540,C,Hartford-East Hartford-Middletown  CT ,53,53,10844,0,0,0,0,0,0,5,61,4634,40,40,7897,0,0,0,0,0,0,1,26,1642
202001,278,35980, ,Norwich-New London  CT ,10,10,2200,1,2,292,0,0,0,0,0,0,6,6,1498,0,0,0,0,0,0,0,0,0
202001,279,25620, ,Hattiesburg  MS ,7,7,1489,0,0,0,0,0,0,0,0,0,7,7,1489,0,0,0,0,0,0,0,0,0
202001,284,26300, ,Hot Springs  AR ,4,4,1530,0,0,0,0,0,0,0,0,0,4,4,1530,0,0,0,0,0,0,0,0,0
202001,288,26420, ,Houston-The Woodlands-Sugar Land  TX ,3565,3565,657816,7,14,2011,0,0,0,25,1178,168876,2716,2716,588868,7,14,2011,0,0,0,22,1156,167211
202001,290,19460, ,Decatur  AL ,15,15,2795,0,0,0,0,0,0,0,0,0,13,13,2570,0,0,0,0,0,0,0,0,0
202001,290,26620,C,Huntsville  AL ,341,341,47349,4,8,648,3,9,819,0,0,0,341,341,47349,4,8,648,3,9,819,0,0,0
202001,292,26820, ,Idaho Falls  ID ,54,54,8881,0,0,0,0,0,0,0,0,0,54,54,8881,0,0,0,0,0,0,0,0,0
202001,294,18020, ,Columbus  IN ,12,12,2780,0,0,0,0,0,0,0,0,0,12,12,2780,0,0,0,0,0,0,0,0,0
202001,294,26900, ,Indianapolis-Carmel-Anderson  IN ,526,526,162375,5,10,1728,3,11,1741,3,87,2600,511,511,158930,4,8,1478,3,11,1741,3,87,2600
202001,294,34620, ,Muncie  IN ,1,1,10,0,0,0,0,0,0,0,0,0,1,1,10,0,0,0,0,0,0,0,0,0
202001,296,27060, ,Ithaca  NY ,1,1,256,1,2,237,0,0,0,1,8,960,0,0,0,0,0,0,0,0,0,0,0,0
202001,297,27180, ,Jackson  TN ,14,14,2930,0,0,0,0,0,0,0,0,0,0,0,0,0,0,0,0,0,0,0,0,0
202001,298,27140, ,Jackson  MS ,58,58,13604,0,0,0,0,0,0,0,0,0,42,42,9170,0,0,0,0,0,0,0,0,0
202001,300,27260,C,Jacksonville  FL ,984,984,238037,0,0,0,0,0,0,1,20,2296,877,877,207450,0,0,0,0,0,0,0,0,0
202001,304,27740, ,Johnson City  TN ,11,11,1580,1,2,130,0,0,0,0,0,0,11,11,1580,1,2,130,0,0,0,0,0,0
202001,304,28700, ,Kingsport-Bristol  TN-VA ,1,1,300,0,0,0,0,0,0,0,0,0,1,1,300,0,0,0,0,0,0,0,0,0
202001,306,27780, ,Johnstown  PA ,0,0,0,0,0,0,0,0,0,0,0,0,0,0,0,0,0,0,0,0,0,0,0,0
202001,308,27860, ,Jonesboro  AR ,38,38,5968,2,4,273,2,8,424,1,8,433,1,1,101,0,0,0,0,0,0,0,0,0
202001,309,27900, ,Joplin  MO ,9,9,1598,0,0,0,0,0,0,0,0,0,9,9,1598,0,0,0,0,0,0,0,0,0
202001,310,12980, ,Battle Creek  MI ,1,1,200,0,0,0,0,0,0,0,0,0,1,1,200,0,0,0,0,0,0,0,0,0
202001,310,28020, ,Kalamazoo-Portage  MI ,6,6,1708,0,0,0,0,0,0,0,0,0,0,0,0,0,0,0,0,0,0,0,0,0
202001,312,28140, ,Kansas City  MO-KS ,311,311,91505,12,24,2596,4,16,5600,2,304,44070,277,277,81585,11,22,2403,4,16,5600,2,304,44070
202001,312,29940, ,Lawrence  KS ,10,10,2887,0,0,0,0,0,0,7,42,4025,10,10,2887,0,0,0,0,0,0,7,42,4025
202001,312,41140, ,St. Joseph  MO-KS ,1,1,150,0,0,0,0,0,0,0,0,0,1,1,150,0,0,0,0,0,0,0,0,0
202001,313,28420,C,Kennewick-Richland  WA ,132,132,37309,2,4,744,0,0,0,1,20,2008,58,58,17029,1,2,387,0,0,0,0,0,0
202001,313,47460, ,Walla Walla  WA ,13,13,3022,0,0,0,0,0,0,0,0,0,3,3,596,0,0,0,0,0,0,0,0,0
202001,315,28940, ,Knoxville  TN ,259,259,57098,1,2,400,0,0,0,1,16,1052,72,72,18871,1,2,400,0,0,0,0,0,0
202001,316,29020, ,Kokomo  IN ,9,9,1878,0,0,0,0,0,0,0,0,0,9,9,1878,0,0,0,0,0,0,0,0,0
202001,318,29180, ,Lafayette  LA ,159,159,35544,0,0,0,0,0,0,0,0,0,77,77,15752,0,0,0,0,0,0,0,0,0
202001,320,29200, ,Lafayette-West Lafayette  IN ,18,18,4334,0,0,0,0,0,0,3,48,5576,15,15,3940,0,0,0,0,0,0,2,42,4878
202001,324,29340, ,Lake Charles  LA ,79,79,11579,4,8,658,0,0,0,0,0,0,43,43,4806,4,8,658,0,0,0,0,0,0
202001,332,29820,C,Las Vegas-Henderson-Paradise  NV ,1032,1032,232988,0,0,0,25,91,14262,8,53,6100,1032,1032,232988,0,0,0,25,91,14262,8,53,6100
202001,336,30460,C,Lexington-Fayette  KY ,130,130,27292,4,8,1276,1,3,503,5,109,5363,23,23,7282,0,0,0,0,0,0,0,0,0
202001,338,30620, ,Lima  OH ,1,1,52,0,0,0,0,0,0,0,0,0,1,1,52,0,0,0,0,0,0,0,0,0
202001,339,30700, ,Lincoln  NE ,59,59,13821,1,2,262,0,0,0,1,49,5911,0,0,0,0,0,0,0,0,0,0,0,0
202001,340,30780, ,Little Rock-North Little Rock-Conway  AR ,155,155,34447,2,4,555,5,15,3023,1,8,225,119,119,28279,1,2,403,5,15,3023,0,0,0
202001,340,38220, ,Pine Bluff  AR ,3,3,296,0,0,0,0,0,0,0,0,0,2,2,174,0,0,0,0,0,0,0,0,0
202001,348,31080,C,Los Angeles-Long Beach-Anaheim  CA ,759,759,251574,64,128,27095,11,41,9738,56,1905,315337,635,635,198720,60,120,24767,9,34,8144,47,1821,301338
202001,348,37100, ,Oxnard-Thousand Oaks-Ventura  CA ,7,7,1820,0,0,0,0,0,0,2,254,60540,1,1,529,0,0,0,0,0,0,2,254,60540
202001,348,40140, ,Riverside-San Bernardino-Ontario  CA ,811,811,200018,1,2,334,2,7,1554,4,46,6219,753,753,183536,1,2,334,1,3,842,0,0,0
202001,350,21060, ,Elizabethtown-Fort Knox  KY ,25,25,4189,1,2,120,0,0,0,0,0,0,25,25,4189,1,2,120,0,0,0,0,0,0
202001,350,31140, ,Louisville-Jefferson County  KY-IN ,280,280,74754,1,2,135,0,0,0,7,185,24749,142,142,30594,1,2,135,0,0,0,0,0,0
202001,352,31180, ,Lubbock  TX ,134,134,30205,1,2,289,0,0,0,0,0,0,15,15,3351,0,0,0,0,0,0,0,0,0
202001,356,31420, ,Macon-Bibb County  GA ,26,26,2438,0,0,0,0,0,0,0,0,0,0,0,0,0,0,0,0,0,0,0,0,0
202001,356,47580, ,Warner Robins  GA ,108,108,20533,0,0,0,0,0,0,0,0,0,108,108,20533,0,0,0,0,0,0,0,0,0
202001,357,27500, ,Janesville-Beloit  WI ,48,48,8361,2,4,1159,0,0,0,0,0,0,48,48,8361,2,4,1159,0,0,0,0,0,0
202001,357,31540, ,Madison  WI ,97,97,32872,2,4,873,0,0,0,3,81,10457,79,79,27685,1,2,475,0,0,0,1,42,7000
202001,359,31860, ,Mankato  MN ,0,0,0,0,0,0,0,0,0,0,0,0,0,0,0,0,0,0,0,0,0,0,0,0
202001,365,32580,C,McAllen-Edinburg-Mission  TX ,273,273,50025,4,8,510,32,127,7680,9,153,15656,234,234,46272,0,0,0,31,124,7568,8,148,15477
202001,366,32780, ,Medford  OR ,31,31,8161,0,0,0,0,0,0,0,0,0,31,31,8161,0,0,0,0,0,0,0,0,0
202001,368,32820, ,Memphis  TN-MS-AR ,262,262,55990,8,16,2409,0,0,0,15,224,25178,206,206,46898,8,16,2409,0,0,0,15,224,25178
202001,370,33100, ,Miami-Fort Lauderdale-Pompano Beach  FL ,543,543,190413,12,24,4792,2,7,1262,29,1805,290948,473,473,158720,12,24,4792,1,4,1053,27,1786,288881
202001,370,38940, ,Port St. Lucie  FL ,270,270,62994,10,20,3622,0,0,0,0,0,0,270,270,62994,10,20,3622,0,0,0,0,0,0
202001,370,42680, ,Sebastian-Vero Beach  FL ,96,96,37133,0,0,0,1,3,184,0,0,0,96,96,37133,0,0,0,1,3,184,0,0,0
202001,372,33260, ,Midland  TX ,135,135,20681,0,0,0,0,0,0,0,0,0,135,135,20681,0,0,0,0,0,0,0,0,0
202001,372,36220,C,Odessa  TX ,61,61,14485,1,2,224,0,0,0,0,0,0,61,61,14485,1,2,224,0,0,0,0,0,0
202001,376,33340,C,Milwaukee-Waukesha  WI ,104,104,37499,13,26,4420,0,0,0,4,47,4677,82,82,28644,12,24,3920,0,0,0,3,30,2685
202001,376,39540, ,Racine  WI ,8,8,3166,1,2,328,0,0,0,0,0,0,8,8,3166,1,2,328,0,0,0,0,0,0
202001,378,33460, ,Minneapolis-St. Paul-Bloomington  MN-WI ,542,542,181820,3,6,1325,1,3,526,10,936,151888,494,494,167609,3,6,1325,1,3,526,8,918,149528
202001,378,41060, ,St. Cloud  MN ,0,0,0,0,0,0,0,0,0,0,0,0,0,0,0,0,0,0,0,0,0,0,0,0
202001,380,19300, ,Daphne-Fairhope-Foley  AL ,165,165,38781,0,0,0,0,0,0,5,134,13239,117,117,30380,0,0,0,0,0,0,3,96,10291
202001,380,33660, ,Mobile  AL ,61,61,12816,0,0,0,0,0,0,0,0,0,60,60,12743,0,0,0,0,0,0,0,0,0
202001,384,33740, ,Monroe  LA ,18,18,4066,0,0,0,0,0,0,1,5,579,11,11,2612,0,0,0,0,0,0,0,0,0
202001,388,33860, ,Montgomery  AL ,59,59,15661,0,0,0,0,0,0,0,0,0,59,59,15661,0,0,0,0,0,0,0,0,0
202001,390,34060, ,Morgantown  WV ,1,1,398,0,0,0,0,0,0,0,0,0,0,0,0,0,0,0,0,0,0,0,0,0
202001,396,34820, ,Myrtle Beach-Conway-North Myrtle Beach  SC-NC ,513,513,97089,16,32,3502,0,0,0,4,33,2608,349,349,62077,16,32,3502,0,0,0,3,28,2012
202001,400,34980, ,Nashville-Davidson--Murfreesboro--Franklin  TN ,1181,1181,312073,3,6,934,2,8,921,15,557,59482,1107,1107,290662,3,6,934,2,8,921,15,557,59482
202001,406,25220, ,Hammond  LA ,70,70,9389,0,0,0,0,0,0,0,0,0,63,63,8307,0,0,0,0,0,0,0,0,0
202001,406,35380, ,New Orleans-Metairie  LA ,307,307,69797,7,14,1447,1,4,963,1,52,10725,248,248,55955,0,0,0,0,0,0,0,0,0
202001,408,14860,C,Bridgeport-Stamford-Norwalk  CT ,47,47,18890,1,2,800,0,0,0,0,0,0,39,39,14407,1,2,800,0,0,0,0,0,0
202001,408,20700, ,East Stroudsburg  PA ,6,6,1776,0,0,0,0,0,0,0,0,0,1,1,324,0,0,0,0,0,0,0,0,0
202001,408,28740, ,Kingston  NY ,4,4,737,0,0,0,0,0,0,1,7,1707,3,3,551,0,0,0,0,0,0,0,0,0
202001,408,35300, ,New Haven-Milford  CT ,10,10,1918,9,18,1817,0,0,0,1,17,1046,1,1,370,9,18,1817,0,0,0,0,0,0
202001,408,35620,C,New York-Newark-Jersey City  NY-NJ-PA ,918,918,216867,57,114,16722,40,131,9663,105,4819,671536,685,685,162856,48,96,15040,36,119,9020,64,4049,537766
202001,408,39100, ,Poughkeepsie-Newburgh-Middletown  NY ,28,28,8858,0,0,0,1,3,852,2,45,5125,25,25,6584,0,0,0,0,0,0,0,0,0
202001,408,45940,C,Trenton-Princeton  NJ ,4,4,473,0,0,0,0,0,0,6,45,1989,2,2,4,0,0,0,0,0,0,4,35,1552
202001,412,35840,C,North Port-Sarasota-Bradenton  FL ,643,643,157169,9,18,2964,2,8,1922,5,81,8962,621,621,150545,9,18,2964,2,8,1922,4,50,4770
202001,412,39460, ,Punta Gorda  FL ,183,183,50052,5,10,1164,0,0,0,0,0,0,183,183,50052,5,10,1164,0,0,0,0,0,0
202001,416,36420,C,Oklahoma City  OK ,466,466,105652,6,12,1204,0,0,0,1,5,353,99,99,28324,0,0,0,0,0,0,0,0,0
202001,420,36540, ,Omaha-Council Bluffs  NE-IA ,193,193,41430,2,4,482,0,0,0,2,30,2552,167,167,35225,1,2,264,0,0,0,2,30,2552
202001,422,19660, ,Deltona-Daytona Beach-Ormond Beach  FL ,295,295,88409,14,28,4308,0,0,0,9,275,34335,273,273,82578,14,28,4308,0,0,0,9,275,34335
202001,422,29460, ,Lakeland-Winter Haven  FL ,583,583,142145,1,2,100,0,0,0,0,0,0,512,512,126065,1,2,100,0,0,0,0,0,0
202001,422,36740, ,Orlando-Kissimmee-Sanford  FL ,1052,1052,267427,10,20,3891,2,8,710,18,1387,178275,822,822,204648,9,18,3734,2,8,710,16,1351,174369
202001,422,45540,C,The Villages  FL ,265,265,71778,0,0,0,0,0,0,0,0,0,265,265,71778,0,0,0,0,0,0,0,0,0
202001,425,37620, ,Parkersburg-Vienna  WV ,4,4,717,0,0,0,0,0,0,0,0,0,4,4,717,0,0,0,0,0,0,0,0,0
202001,426,37860,C,Pensacola-Ferry Pass-Brent  FL ,327,327,67885,2,4,220,0,0,0,1,14,1571,327,327,67885,2,4,220,0,0,0,1,14,1571
202001,428,12100,C,Atlantic City-Hammonton  NJ ,48,48,10816,0,0,0,0,0,0,1,34,4517,45,45,9858,0,0,0,0,0,0,0,0,0
202001,428,20100,C,Dover  DE ,102,102,14152,3,6,644,0,0,0,0,0,0,100,100,13724,3,6,644,0,0,0,0,0,0
202001,428,36140,C,Ocean City  NJ ,45,45,11267,12,24,3244,0,0,0,1,5,616,44,44,11123,11,22,3055,0,0,0,1,5,616
202001,428,37980,C,Philadelphia-Camden-Wilmington  PA-NJ-DE-MD ,635,635,126340,22,44,6209,15,56,7037,15,515,84338,504,504,99737,22,44,6209,14,53,6833,7,322,51778
202001,428,39740, ,Reading  PA ,2,2,532,0,0,0,0,0,0,0,0,0,0,0,0,0,0,0,0,0,0,0,0,0
202001,428,47220,C,Vineland-Bridgeton  NJ ,5,5,481,0,0,0,0,0,0,0,0,0,4,4,398,0,0,0,0,0,0,0,0,0
202001,429,38060,C,Phoenix-Mesa-Chandler  AZ ,2427,2427,650535,6,12,1420,9,32,5585,49,1665,242462,2406,2406,646262,6,12,1420,9,32,5585,48,1535,219460
202001,430,38300, ,Pittsburgh  PA ,108,108,34352,2,4,1060,0,0,0,3,344,49958,80,80,27745,1,2,672,0,0,0,2,276,42445
202001,430,48260, ,Weirton-Steubenville  WV-OH ,0,0,0,0,0,0,0,0,0,0,0,0,0,0,0,0,0,0,0,0,0,0,0,0
202001,438,30340, ,Lewiston-Auburn  ME ,7,7,1333,0,0,0,0,0,0,1,12,650,7,7,1333,0,0,0,0,0,0,1,12,650
202001,438,38860, ,Portland-South Portland  ME ,85,85,22726,3,6,807,0,0,0,3,44,4229,27,27,7284,1,2,245,0,0,0,0,0,0
202001,440,10540, ,Albany-Lebanon  OR ,13,13,3649,0,0,0,0,0,0,1,5,419,9,9,2857,0,0,0,0,0,0,0,0,0
202001,440,18700, ,Corvallis  OR ,1,1,330,0,0,0,0,0,0,0,0,0,1,1,330,0,0,0,0,0,0,0,0,0
202001,440,31020, ,Longview  WA ,18,18,3966,0,0,0,0,0,0,0,0,0,0,0,0,0,0,0,0,0,0,0,0,0
202001,440,38900, ,Portland-Vancouver-Hillsboro  OR-WA ,642,642,185487,15,30,4471,2,6,1000,9,359,54811,465,465,131097,15,30,4471,1,3,742,8,350,53502
202001,440,41420, ,Salem  OR ,42,42,12714,0,0,0,0,0,0,17,177,18829,42,42,12714,0,0,0,0,0,0,17,177,18829
202001,444,39380,C,Pueblo  CO ,56,56,8545,0,0,0,0,0,0,0,0,0,56,56,8545,0,0,0,0,0,0,0,0,0
202001,450,20500,C,Durham-Chapel Hill  NC ,269,269,62236,1,2,170,0,0,0,4,118,9575,52,52,15923,0,0,0,0,0,0,0,0,0
202001,450,39580,C,Raleigh-Cary  NC ,873,873,199829,0,0,0,0,0,0,4,223,25877,873,873,199829,0,0,0,0,0,0,4,223,25877
202001,452,39660, ,Rapid City  SD ,15,15,3307,0,0,0,0,0,0,2,27,2075,15,15,3307,0,0,0,0,0,0,2,27,2075
202001,454,39820, ,Redding  CA ,18,18,4670,0,0,0,0,0,0,1,5,35,18,18,4670,0,0,0,0,0,0,1,5,35
202001,456,16180,C,Carson City  NV ,14,14,3649,0,0,0,0,0,0,1,11,1098,0,0,0,0,0,0,0,0,0,0,0,0
202001,456,39900,C,Reno  NV ,189,189,50984,1,2,231,0,0,0,9,152,16776,35,35,8295,0,0,0,0,0,0,0,0,0
202001,462,40340, ,Rochester  MN ,18,18,5216,0,0,0,0,0,0,0,0,0,18,18,5216,0,0,0,0,0,0,0,0,0
202001,464,40380, ,Rochester  NY ,66,66,15681,1,2,102,0,0,0,3,70,5072,46,46,11962,0,0,0,0,0,0,1,10,1040
202001,466,40420, ,Rockford  IL ,2,2,248,1,2,284,2,7,980,0,0,0,2,2,248,1,2,284,2,7,980,0,0,0
202001,472,40900,C,Sacramento-Roseville-Folsom  CA ,581,581,172830,4,8,1125,2,8,1368,3,208,49576,580,580,172604,4,8,1125,2,8,1368,3,208,49576
202001,474,13020, ,Bay City  MI ,0,0,0,0,0,0,0,0,0,0,0,0,0,0,0,0,0,0,0,0,0,0,0,0
202001,474,33220, ,Midland  MI ,4,4,454,0,0,0,0,0,0,0,0,0,4,4,454,0,0,0,0,0,0,0,0,0
202001,474,40980, ,Saginaw  MI ,4,4,520,0,0,0,0,0,0,0,0,0,4,4,520,0,0,0,0,0,0,0,0,0
202001,476,41180, ,St. Louis  MO-IL ,405,405,117808,1,2,330,1,3,328,4,283,35617,334,334,94178,1,2,330,0,0,0,3,278,34972
202001,480,41540, ,Salisbury  MD-DE ,332,332,49085,13,26,3642,0,0,0,4,27,4106,329,329,48450,13,26,3642,0,0,0,4,27,4106
202001,482,36260, ,Ogden-Clearfield  UT ,273,273,63480,0,0,0,1,3,351,3,35,4136,218,218,50308,0,0,0,0,0,0,1,24,2640
202001,482,39340, ,Provo-Orem  UT ,498,498,130384,0,0,0,5,20,2716,8,75,9482,486,486,125403,0,0,0,5,20,2716,8,75,9482
202001,482,41620, ,Salt Lake City  UT ,350,350,85433,5,10,1720,7,23,4444,11,417,66084,264,264,65522,4,8,1425,5,17,3606,7,385,61686
202001,484,41700,C,San Antonio-New Braunfels  TX ,846,846,194683,1,2,127,0,0,0,12,60,6735,757,757,178464,1,2,127,0,0,0,12,60,6735
202001,488,32900, ,Merced  CA ,17,17,3682,0,0,0,0,0,0,0,0,0,4,4,947,0,0,0,0,0,0,0,0,0
202001,488,33700, ,Modesto  CA ,2,2,410,0,0,0,0,0,0,0,0,0,2,2,410,0,0,0,0,0,0,0,0,0
202001,488,41860,C,San Francisco-Oakland-Berkeley  CA ,230,230,89080,4,8,2108,3,10,2815,13,588,264736,160,160,60948,3,6,1539,2,7,1959,6,535,255181
202001,488,41940,C,San Jose-Sunnyvale-Santa Clara  CA ,139,139,56199,0,0,0,0,0,0,3,99,13510,125,125,48530,0,0,0,0,0,0,2,76,9798
202001,488,42100, ,Santa Cruz-Watsonville  CA ,10,10,2153,0,0,0,0,0,0,1,8,814,0,0,0,0,0,0,0,0,0,0,0,0
202001,488,42220, ,Santa Rosa-Petaluma  CA ,129,129,35812,0,0,0,0,0,0,0,0,0,108,108,31909,0,0,0,0,0,0,0,0,0
202001,488,44700, ,Stockton  CA ,121,121,37797,0,0,0,0,0,0,3,24,8600,121,121,37797,0,0,0,0,0,0,3,24,8600
202001,488,46700, ,Vallejo  CA ,56,56,15077,0,0,0,0,0,0,0,0,0,56,56,15077,0,0,0,0,0,0,0,0,0
202001,496,25980, ,Hinesville  GA ,36,36,7800,0,0,0,0,0,0,0,0,0,36,36,7800,0,0,0,0,0,0,0,0,0
202001,496,42340, ,Savannah  GA ,257,257,54212,0,0,0,0,0,0,0,0,0,218,218,46450,0,0,0,0,0,0,0,0,0
202001,500,14740,C,Bremerton-Silverdale-Port Orchard  WA ,66,66,21638,1,2,265,0,0,0,0,0,0,66,66,21638,1,2,265,0,0,0,0,0,0
202001,500,34580, ,Mount Vernon-Anacortes  WA ,16,16,4383,0,0,0,1,3,529,1,5,875,16,16,4383,0,0,0,1,3,529,1,5,875
202001,500,36500, ,Olympia-Lacey-Tumwater  WA ,64,64,16893,4,8,1545,2,8,1569,3,23,1526,59,59,15876,4,8,1545,2,8,1569,2,16,1427
202001,500,42660,C,Seattle-Tacoma-Bellevue  WA ,684,684,239100,30,60,13184,12,46,9645,26,631,87200,641,641,222374,29,58,12867,11,42,8739,22,566,79692
202001,508,43340,C,Shreveport-Bossier City  LA ,34,34,7311,0,0,0,0,0,0,0,0,0,29,29,5841,0,0,0,0,0,0,0,0,0
202001,515,21140, ,Elkhart-Goshen  IN ,21,21,6158,0,0,0,0,0,0,0,0,0,21,21,6158,0,0,0,0,0,0,0,0,0
202001,515,35660, ,Niles  MI ,1,1,82,0,0,0,0,0,0,0,0,0,1,1,82,0,0,0,0,0,0,0,0,0
202001,515,43780, ,South Bend-Mishawaka  IN-MI ,15,15,4711,0,0,0,0,0,0,0,0,0,15,15,4711,0,0,0,0,0,0,0,0,0
202001,518,17660, ,Coeur dAlene  ID ,90,90,22413,4,8,1055,0,0,0,27,504,45135,57,57,15453,3,6,644,0,0,0,26,474,41603
202001,518,44060, ,Spokane-Spokane Valley  WA ,162,162,40763,1,2,380,1,3,372,2,36,4234,129,129,32383,1,2,380,0,0,0,0,0,0
202001,522,44100, ,Springfield  IL ,2,2,413,1,2,210,0,0,0,0,0,0,1,1,163,1,2,210,0,0,0,0,0,0
202001,524,44300, ,State College  PA ,16,16,6466,0,0,0,0,0,0,0,0,0,16,16,6466,0,0,0,0,0,0,0,0,0
202001,532,45060, ,Syracuse  NY ,9,9,1649,1,2,165,0,0,0,0,0,0,7,7,1268,1,2,165,0,0,0,0,0,0
202001,534,45780, ,Toledo  OH ,58,58,15263,0,0,0,1,4,300,7,42,3150,38,38,10679,0,0,0,1,4,300,7,42,3150
202001,536,46060,C,Tucson  AZ ,314,314,99869,1,2,299,0,0,0,3,70,10751,259,259,86188,0,0,0,0,0,0,0,0,0
202001,538,46140,C,Tulsa  OK ,257,257,58932,1,2,220,0,0,0,1,12,923,251,251,57684,1,2,220,0,0,0,0,0,0
202001,540,46340, ,Tyler  TX ,45,45,10686,0,0,0,1,3,403,0,0,0,45,45,10686,0,0,0,1,3,403,0,0,0
202001,545,47260, ,Virginia Beach-Norfolk-Newport News  VA-NC ,462,462,91388,1,2,550,0,0,0,1,226,45391,391,391,77485,1,2,550,0,0,0,1,226,45391
202001,548,12580,C,Baltimore-Columbia-Towson  MD ,394,394,92370,0,0,0,0,0,0,2,151,22100,380,380,89874,0,0,0,0,0,0,1,21,2400
202001,548,15680,C,California-Lexington Park  MD ,82,82,16426,0,0,0,0,0,0,0,0,0,78,78,15130,0,0,0,0,0,0,0,0,0
202001,548,16540,C,Chambersburg-Waynesboro  PA ,19,19,4819,0,0,0,0,0,0,1,5,651,13,13,3223,0,0,0,0,0,0,0,0,0
202001,548,25180, ,Hagerstown-Martinsburg  MD-WV ,106,106,21874,0,0,0,0,0,0,0,0,0,14,14,3377,0,0,0,0,0,0,0,0,0
202001,548,47900, ,Washington-Arlington-Alexandria  DC-VA-MD-WV ,1084,1084,255742,13,26,2894,5,18,2856,17,1050,121501,786,786,181061,11,22,2272,4,15,640,12,838,93487
202001,548,49020, ,Winchester  VA-WV ,76,76,14831,0,0,0,0,0,0,0,0,0,76,76,14831,0,0,0,0,0,0,0,0,0
202001,554,48140, ,Wausau-Weston  WI ,8,8,1835,0,0,0,0,0,0,0,0,0,1,1,650,0,0,0,0,0,0,0,0,0
202001,556,48620, ,Wichita  KS ,62,62,14104,12,24,1936,1,4,700,1,13,910,18,18,4809,2,4,423,1,4,700,0,0,0
202001,558,48700, ,Williamsport  PA ,0,0,0,0,0,0,0,0,0,0,0,0,0,0,0,0,0,0,0,0,0,0,0,0
202001,566,49660, ,Youngstown-Warren-Boardman  OH-PA ,18,18,4071,0,0,0,0,0,0,0,0,0,18,18,4071,0,0,0,0,0,0,0,0,0
202001,999,10180, ,Abilene  TX ,29,29,5942,0,0,0,0,0,0,0,0,0,29,29,5942,0,0,0,0,0,0,0,0,0
202001,999,10500, ,Albany  GA ,13,13,1540,0,0,0,0,0,0,0,0,0,13,13,1540,0,0,0,0,0,0,0,0,0
202001,999,10780, ,Alexandria  LA ,12,12,2589,0,0,0,0,0,0,0,0,0,5,5,752,0,0,0,0,0,0,0,0,0
202001,999,10900, ,Allentown-Bethlehem-Easton  PA-NJ ,29,29,5574,1,2,46,0,0,0,0,0,0,21,21,4175,1,2,46,0,0,0,0,0,0
202001,999,11260,C,Anchorage  AK ,75,75,23390,2,4,684,1,3,521,1,14,2213,0,0,0,0,0,0,0,0,0,0,0,0
202001,999,11500, ,Anniston-Oxford  AL ,10,10,1509,0,0,0,0,0,0,0,0,0,9,9,1429,0,0,0,0,0,0,0,0,0
202001,999,12260, ,Augusta-Richmond County  GA-SC ,223,223,45757,0,0,0,1,4,360,1,14,857,100,100,21418,0,0,0,1,4,360,0,0,0
202001,999,12420, ,Austin-Round Rock-Georgetown  TX ,1472,1472,328265,2,4,418,0,0,0,64,2917,226380,1243,1243,275719,1,2,245,0,0,0,62,2901,224629
202001,999,12540, ,Bakersfield  CA ,125,125,30333,1,2,201,0,0,0,0,0,0,38,38,5749,0,0,0,0,0,0,0,0,0
202001,999,12620, ,Bangor  ME ,5,5,1192,0,0,0,0,0,0,0,0,0,0,0,0,0,0,0,0,0,0,0,0,0
202001,999,12940, ,Baton Rouge  LA ,244,244,52925,0,0,0,0,0,0,1,31,3028,150,150,34536,0,0,0,0,0,0,0,0,0
202001,999,13140, ,Beaumont-Port Arthur  TX ,68,68,14839,0,0,0,1,4,445,0,0,0,68,68,14839,0,0,0,1,4,445,0,0,0
202001,999,13220,C,Beckley  WV ,5,5,1023,0,0,0,0,0,0,0,0,0,3,3,740,0,0,0,0,0,0,0,0,0
202001,999,13380, ,Bellingham  WA ,47,47,11626,0,0,0,1,3,429,2,45,5153,38,38,9329,0,0,0,1,3,429,1,40,4656
202001,999,13740, ,Billings  MT ,22,22,4879,0,0,0,0,0,0,0,0,0,22,22,4879,0,0,0,0,0,0,0,0,0
202001,999,13780, ,Binghamton  NY ,0,0,0,0,0,0,0,0,0,0,0,0,0,0,0,0,0,0,0,0,0,0,0,0
202001,999,13900, ,Bismarck  ND ,8,8,1949,0,0,0,0,0,0,0,0,0,3,3,681,0,0,0,0,0,0,0,0,0
202001,999,13980, ,Blacksburg-Christiansburg  VA ,4,4,395,0,0,0,0,0,0,0,0,0,4,4,395,0,0,0,0,0,0,0,0,0
202001,999,15260, ,Brunswick  GA ,55,55,15858,0,0,0,0,0,0,0,0,0,0,0,0,0,0,0,0,0,0,0,0,0
202001,999,16220, ,Casper  WY ,9,9,2682,0,0,0,0,0,0,0,0,0,9,9,2682,0,0,0,0,0,0,0,0,0
202001,999,16580, ,Champaign-Urbana  IL ,3,3,925,0,0,0,0,0,0,0,0,0,3,3,925,0,0,0,0,0,0,0,0,0
202001,999,16700,C,Charleston-North Charleston  SC ,395,395,112568,0,0,0,1,3,238,6,168,11656,157,157,61588,0,0,0,0,0,0,0,0,0
202001,999,16820, ,Charlottesville  VA ,38,38,13160,1,2,238,0,0,0,1,8,1711,33,33,11473,0,0,0,0,0,0,0,0,0
202001,999,16940, ,Cheyenne  WY ,35,35,7066,0,0,0,0,0,0,1,16,1200,35,35,7066,0,0,0,0,0,0,1,16,1200
202001,999,17020, ,Chico  CA ,65,65,13074,0,0,0,0,0,0,2,26,1637,65,65,13074,0,0,0,0,0,0,2,26,1637
202001,999,17300,C,Clarksville  TN-KY ,261,261,35446,3,6,805,0,0,0,1,70,5984,259,259,35303,3,6,805,0,0,0,1,70,5984
202001,999,17780, ,College Station-Bryan  TX ,128,128,24131,4,8,1105,0,0,0,0,0,0,127,127,24054,4,8,1105,0,0,0,0,0,0
202001,999,17820,C,Colorado Springs  CO ,362,362,141673,0,0,0,0,0,0,2,193,26943,362,362,141673,0,0,0,0,0,0,2,193,26943
202001,999,18880,C,Crestview-Fort Walton Beach-Destin  FL ,217,217,90190,0,0,0,0,0,0,4,32,4691,198,198,84869,0,0,0,0,0,0,4,32,4691
202001,999,19060, ,Cumberland  MD-WV ,4,4,640,0,0,0,0,0,0,0,0,0,4,4,640,0,0,0,0,0,0,0,0,0
202001,999,19180, ,Danville  IL ,0,0,0,0,0,0,0,0,0,0,0,0,0,0,0,0,0,0,0,0,0,0,0,0
202001,999,19500, ,Decatur  IL ,0,0,0,0,0,0,0,0,0,0,0,0,0,0,0,0,0,0,0,0,0,0,0,0
202001,999,20220, ,Dubuque  IA ,0,0,0,0,0,0,0,0,0,0,0,0,0,0,0,0,0,0,0,0,0,0,0,0
202001,999,20260, ,Duluth  MN-WI ,2,2,350,0,0,0,0,0,0,0,0,0,2,2,350,0,0,0,0,0,0,0,0,0
202001,999,20940, ,El Centro  CA ,19,19,3609,0,0,0,0,0,0,0,0,0,4,4,685,0,0,0,0,0,0,0,0,0
202001,999,21420, ,Enid  OK ,1,1,386,0,0,0,0,0,0,0,0,0,1,1,386,0,0,0,0,0,0,0,0,0
202001,999,21660, ,Eugene-Springfield  OR ,52,52,13911,0,0,0,0,0,0,1,50,3978,33,33,9055,0,0,0,0,0,0,1,50,3978
202001,999,21780, ,Evansville  IN-KY ,37,37,8776,0,0,0,0,0,0,0,0,0,20,20,5811,0,0,0,0,0,0,0,0,0
202001,999,21820,C,Fairbanks  AK ,1,1,268,0,0,0,0,0,0,0,0,0,0,0,0,0,0,0,0,0,0,0,0,0
202001,999,22140,C,Farmington  NM ,2,2,575,0,0,0,0,0,0,0,0,0,2,2,575,0,0,0,0,0,0,0,0,0
202001,999,22220, ,Fayetteville-Springdale-Rogers  AR-MO ,381,381,96511,20,40,7590,1,4,361,11,82,9481,312,312,83362,20,40,7590,1,4,361,9,54,7263
202001,999,22380, ,Flagstaff  AZ ,44,44,10624,0,0,0,0,0,0,2,123,27301,44,44,10624,0,0,0,0,0,0,2,123,27301
202001,999,22500, ,Florence  SC ,37,37,5292,1,2,193,0,0,0,0,0,0,0,0,0,0,0,0,0,0,0,0,0,0
202001,999,22520, ,Florence-Muscle Shoals  AL ,16,16,1971,0,0,0,0,0,0,0,0,0,4,4,552,0,0,0,0,0,0,0,0,0
202001,999,22540, ,Fond du Lac  WI ,3,3,631,0,0,0,0,0,0,1,9,327,0,0,0,0,0,0,0,0,0,0,0,0
202001,999,22660,C,Fort Collins  CO ,199,199,54853,1,2,593,0,0,0,2,12,2845,157,157,45357,1,2,593,0,0,0,2,12,2845
202001,999,22900, ,Fort Smith  AR-OK ,24,24,3980,3,6,678,0,0,0,0,0,0,19,19,3368,2,4,427,0,0,0,0,0,0
202001,999,23460, ,Gadsden  AL ,3,3,458,0,0,0,0,0,0,0,0,0,3,3,458,0,0,0,0,0,0,0,0,0
202001,999,24220, ,Grand Forks  ND-MN ,0,0,0,0,0,0,0,0,0,0,0,0,0,0,0,0,0,0,0,0,0,0,0,0
202001,999,24260, ,Grand Island  NE ,10,10,2118,0,0,0,0,0,0,1,22,1900,10,10,2118,0,0,0,0,0,0,1,22,1900
202001,999,24300,C,Grand Junction  CO ,35,35,9899,0,0,0,0,0,0,0,0,0,35,35,9899,0,0,0,0,0,0,0,0,0
202001,999,24500,C,Great Falls  MT ,5,5,1694,0,0,0,0,0,0,0,0,0,5,5,1694,0,0,0,0,0,0,0,0,0
202001,999,25060, ,Gulfport-Biloxi  MS ,207,207,40867,0,0,0,1,3,301,1,9,762,139,139,30495,0,0,0,0,0,0,0,0,0
202001,999,25860, ,Hickory-Lenoir-Morganton  NC ,1,1,150,0,0,0,0,0,0,1,5,279,0,0,0,0,0,0,0,0,0,0,0,0
202001,999,25940, ,Hilton Head Island-Bluffton  SC ,61,61,23490,0,0,0,0,0,0,0,0,0,28,28,15717,0,0,0,0,0,0,0,0,0
202001,999,26140, ,Homosassa Springs  FL ,77,77,15604,0,0,0,0,0,0,0,0,0,0,0,0,0,0,0,0,0,0,0,0,0
202001,999,26380, ,Houma-Thibodaux  LA ,49,49,10068,1,2,156,0,0,0,0,0,0,38,38,7248,0,0,0,0,0,0,0,0,0
202001,999,27100, ,Jackson  MI ,0,0,0,0,0,0,0,0,0,0,0,0,0,0,0,0,0,0,0,0,0,0,0,0
202001,999,27340,C,Jacksonville  NC ,82,82,12388,0,0,0,0,0,0,0,0,0,82,82,12388,0,0,0,0,0,0,0,0,0
202001,999,27980,C,Kahului-Wailuku-Lahaina  HI ,18,18,7598,3,6,1139,0,0,0,0,0,0,18,18,7598,3,6,1139,0,0,0,0,0,0
202001,999,28660,C,Killeen-Temple  TX ,221,221,38636,11,22,1815,0,0,0,0,0,0,202,202,33458,9,18,1433,0,0,0,0,0,0
202001,999,29100, ,La Crosse-Onalaska  WI-MN ,7,7,1656,1,2,212,0,0,0,0,0,0,4,4,1022,1,2,212,0,0,0,0,0,0
202001,999,29420, ,Lake Havasu City-Kingman  AZ ,59,59,12141,1,2,214,1,3,256,0,0,0,59,59,12141,1,2,214,1,3,256,0,0,0
202001,999,29540, ,Lancaster  PA ,8,8,1981,1,2,219,0,0,0,0,0,0,6,6,1417,0,0,0,0,0,0,0,0,0
202001,999,29620, ,Lansing-East Lansing  MI ,7,7,1823,0,0,0,0,0,0,5,116,11035,5,5,1558,0,0,0,0,0,0,5,116,11035
202001,999,29700, ,Laredo  TX ,98,98,13654,4,8,291,1,3,117,2,18,1263,0,0,0,0,0,0,0,0,0,0,0,0
202001,999,30020, ,Lawton  OK ,3,3,800,2,4,220,0,0,0,0,0,0,3,3,800,2,4,220,0,0,0,0,0,0
202001,999,30300, ,Lewiston  ID-WA ,0,0,0,0,0,0,0,0,0,2,72,5721,0,0,0,0,0,0,0,0,0,2,72,5721
202001,999,30860, ,Logan  UT-ID ,9,9,2324,1,2,319,0,0,0,1,24,1599,9,9,2324,1,2,319,0,0,0,1,24,1599
202001,999,30980, ,Longview  TX ,12,12,2150,0,0,0,0,0,0,1,7,471,0,0,0,0,0,0,0,0,0,0,0,0
202001,999,31340, ,Lynchburg  VA ,11,11,2129,0,0,0,0,0,0,2,33,2522,8,8,1519,0,0,0,0,0,0,1,28,2200
202001,999,31740, ,Manhattan  KS ,17,17,4679,0,0,0,1,3,689,0,0,0,16,16,4425,0,0,0,1,3,689,0,0,0
202001,999,33540,C,Missoula  MT ,40,40,9779,0,0,0,0,0,0,0,0,0,40,40,9779,0,0,0,0,0,0,0,0,0
202001,999,36100, ,Ocala  FL ,297,297,60815,0,0,0,0,0,0,0,0,0,297,297,60815,0,0,0,0,0,0,0,0,0
202001,999,36980, ,Owensboro  KY ,26,26,2347,0,0,0,0,0,0,0,0,0,25,25,2152,0,0,0,0,0,0,0,0,0
202001,999,37340, ,Palm Bay-Melbourne-Titusville  FL ,245,245,77505,0,0,0,0,0,0,0,0,0,245,245,77505,0,0,0,0,0,0,0,0,0
202001,999,37460, ,Panama City  FL ,56,56,16186,2,4,518,0,0,0,1,5,809,0,0,0,0,0,0,0,0,0,0,0,0
202001,999,37900, ,Peoria  IL ,1,1,370,0,0,0,0,0,0,0,0,0,1,1,370,0,0,0,0,0,0,0,0,0
202001,999,38340, ,Pittsfield  MA ,0,0,0,0,0,0,0,0,0,0,0,0,0,0,0,0,0,0,0,0,0,0,0,0
202001,999,38540, ,Pocatello  ID ,10,10,1297,0,0,0,0,0,0,0,0,0,10,10,1297,0,0,0,0,0,0,0,0,0
202001,999,39150, ,Prescott Valley-Prescott  AZ ,115,115,34328,5,10,1677,0,0,0,0,0,0,115,115,34328,5,10,1677,0,0,0,0,0,0
202001,999,40060, ,Richmond  VA ,353,353,75820,39,78,2938,9,33,4091,3,18,1927,345,345,74578,39,78,2938,9,33,4091,3,18,1927
202001,999,41100, ,St. George  UT ,172,172,31612,1,2,450,0,0,0,0,0,0,172,172,31612,1,2,450,0,0,0,0,0,0
202001,999,41500, ,Salinas  CA ,2,2,566,0,0,0,0,0,0,0,0,0,2,2,566,0,0,0,0,0,0,0,0,0
202001,999,41660,C,San Angelo  TX ,29,29,5942,0,0,0,0,0,0,0,0,0,29,29,5942,0,0,0,0,0,0,0,0,0
202001,999,41740,C,San Diego-Chula Vista-Carlsbad  CA ,263,263,84468,2,4,535,1,3,399,7,384,67601,255,255,83274,2,4,535,0,0,0,4,358,64770
202001,999,42020, ,San Luis Obispo-Paso Robles  CA ,14,14,8201,0,0,0,0,0,0,0,0,0,14,14,8201,0,0,0,0,0,0,0,0,0
202001,999,42200, ,Santa Maria-Santa Barbara  CA ,9,9,13351,0,0,0,0,0,0,0,0,0,9,9,13351,0,0,0,0,0,0,0,0,0
202001,999,42540, ,Scranton--Wilkes-Barre  PA ,3,3,472,0,0,0,0,0,0,0,0,0,3,3,472,0,0,0,0,0,0,0,0,0
202001,999,43100, ,Sheboygan  WI ,1,1,350,0,0,0,0,0,0,0,0,0,1,1,350,0,0,0,0,0,0,0,0,0
202001,999,43420, ,Sierra Vista-Douglas  AZ ,22,22,3214,0,0,0,0,0,0,1,5,483,22,22,3214,0,0,0,0,0,0,0,0,0
202001,999,43580, ,Sioux City  IA-NE-SD ,8,8,2212,0,0,0,1,3,0,0,0,0,1,1,220,0,0,0,0,0,0,0,0,0
202001,999,43620, ,Sioux Falls  SD ,17,17,5315,0,0,0,0,0,0,0,0,0,17,17,5315,0,0,0,0,0,0,0,0,0
202001,999,44140, ,Springfield  MA ,2,2,608,0,0,0,0,0,0,0,0,0,0,0,0,0,0,0,0,0,0,0,0,0
202001,999,44180, ,Springfield  MO ,88,88,19805,4,8,960,1,4,720,1,24,3122,82,82,18412,4,8,960,1,4,720,0,0,0
202001,999,44940, ,Sumter  SC ,25,25,3189,0,0,0,0,0,0,0,0,0,0,0,0,0,0,0,0,0,0,0,0,0
202001,999,45220, ,Tallahassee  FL ,93,93,17671,1,2,222,0,0,0,4,100,12564,31,31,5488,0,0,0,0,0,0,0,0,0
202001,999,45300,C,Tampa-St. Petersburg-Clearwater  FL ,1448,1448,405664,3,6,1200,3,12,1095,0,0,0,1439,1439,402919,3,6,1200,3,12,1095,0,0,0
202001,999,45460, ,Terre Haute  IN ,3,3,424,0,0,0,0,0,0,0,0,0,0,0,0,0,0,0,0,0,0,0,0,0
202001,999,45500, ,Texarkana  TX-AR ,4,4,809,0,0,0,0,0,0,0,0,0,0,0,0,0,0,0,0,0,0,0,0,0
202001,999,45820, ,Topeka  KS ,18,18,6784,0,0,0,0,0,0,0,0,0,18,18,6784,0,0,0,0,0,0,0,0,0
202001,999,46220, ,Tuscaloosa  AL ,45,45,12535,1,2,475,1,4,597,2,39,7329,13,13,3750,0,0,0,0,0,0,0,0,0
202001,999,46300, ,Twin Falls  ID ,42,42,7914,0,0,0,0,0,0,1,6,534,42,42,7914,0,0,0,0,0,0,1,6,534
202001,999,46520,C,Urban Honolulu  HI ,53,53,16831,0,0,0,0,0,0,0,0,0,53,53,16831,0,0,0,0,0,0,0,0,0
202001,999,46540, ,Utica-Rome  NY ,0,0,0,0,0,0,0,0,0,0,0,0,0,0,0,0,0,0,0,0,0,0,0,0
202001,999,46660, ,Valdosta  GA ,86,86,15432,0,0,0,0,0,0,0,0,0,38,38,7341,0,0,0,0,0,0,0,0,0
202001,999,47300, ,Visalia  CA ,171,171,44987,3,6,420,0,0,0,3,55,5633,171,171,44987,3,6,420,0,0,0,3,55,5633
202001,999,47380, ,Waco  TX ,49,49,10903,2,4,412,0,0,0,0,0,0,0,0,0,0,0,0,0,0,0,0,0,0
202001,999,47940, ,Waterloo-Cedar Falls  IA ,9,9,2347,0,0,0,0,0,0,0,0,0,9,9,2347,0,0,0,0,0,0,0,0,0
202001,999,48060, ,Watertown-Fort Drum  NY ,9,9,941,0,0,0,0,0,0,0,0,0,0,0,0,0,0,0,0,0,0,0,0,0
202001,999,48300, ,Wenatchee  WA ,51,51,9773,1,2,419,0,0,0,0,0,0,27,27,5333,1,2,419,0,0,0,0,0,0
202001,999,48540, ,Wheeling  WV-OH ,0,0,0,0,0,0,0,0,0,0,0,0,0,0,0,0,0,0,0,0,0,0,0,0
202001,999,48660, ,Wichita Falls  TX ,0,0,0,0,0,0,0,0,0,0,0,0,0,0,0,0,0,0,0,0,0,0,0,0
202001,999,48900, ,Wilmington  NC ,113,113,37549,0,0,0,1,4,391,1,48,7054,0,0,0,0,0,0,0,0,0,0,0,0
202001,999,49420, ,Yakima  WA ,29,29,5818,2,4,502,2,6,1050,0,0,0,29,29,5818,2,4,502,2,6,1050,0,0,0
202001,999,49740, ,Yuma  AZ ,67,67,11453,0,0,0,0,0,0,0,0,0,67,67,11453,0,0,0,0,0,0,0,0,0
