Survey,CSA,CBSA,MONCOV,CBSA,,1-unit,,,2-units,,,3-4 units,,,5+ units,,,1-unit rep,,,2-units rep,,,3-4 units rep,,,5+ units rep
Date,Code,Code,,Name,Bldgs,Units,Value,Bldgs,Units,Value,Bldgs,Units,Value,Bldgs,Units,Value,Bldgs,Units,Value,Bldgs,Units,Value,      Bldgs,Units,Value,Bldgs,Units,Value
 
202004,104,10580,C,Albany-Schenectady-Troy  NY ,40,40,11121,3,6,898,1,4,600,2,17,1921,18,18,4682,2,4,600,1,4,600,1,12,1722
202004,104,24020, ,Glens Falls  NY ,5,5,1256,0,0,0,0,0,0,0,0,0,1,1,265,0,0,0,0,0,0,0,0,0
202004,106,10740,C,Albuquerque  NM ,109,109,28498,0,0,0,1,3,324,1,5,208,68,68,19360,0,0,0,0,0,0,0,0,0
202004,106,42140,C,Santa Fe  NM ,21,21,7321,0,0,0,0,0,0,2,48,6000,21,21,7321,0,0,0,0,0,0,2,48,6000
202004,107,11020, ,Altoona  PA ,0,0,0,0,0,0,0,0,0,0,0,0,0,0,0,0,0,0,0,0,0,0,0,0
202004,108,11100, ,Amarillo  TX ,38,38,8859,0,0,0,0,0,0,0,0,0,38,38,8859,0,0,0,0,0,0,0,0,0
202004,118,11540, ,Appleton  WI ,39,39,10977,1,2,185,0,0,0,1,22,5300,36,36,10316,1,2,185,0,0,0,1,22,5300
202004,118,36780, ,Oshkosh-Neenah  WI ,9,9,3063,1,2,325,0,0,0,2,14,1400,9,9,3063,1,2,325,0,0,0,2,14,1400
202004,120,11700, ,Asheville  NC ,155,155,49146,0,0,0,0,0,0,3,48,4460,51,51,17777,0,0,0,0,0,0,0,0,0
202004,122,12020, ,Athens-Clarke County  GA ,46,46,12375,2,4,953,0,0,0,0,0,0,46,46,12375,2,4,953,0,0,0,0,0,0
202004,122,12060, ,Atlanta-Sandy Springs-Alpharetta  GA ,1722,1722,387804,0,0,0,0,0,0,3,105,6709,1478,1478,337857,0,0,0,0,0,0,1,95,4891
202004,122,23580, ,Gainesville  GA ,48,48,11706,0,0,0,0,0,0,0,0,0,48,48,11706,0,0,0,0,0,0,0,0,0
202004,122,40660,C,Rome  GA ,10,10,2300,0,0,0,0,0,0,0,0,0,10,10,2300,0,0,0,0,0,0,0,0,0
202004,140,13460,C,Bend  OR ,130,130,32226,1,2,365,0,0,0,0,0,0,130,130,32226,1,2,365,0,0,0,0,0,0
202004,142,13820,C,Birmingham-Hoover  AL ,232,232,64215,1,2,247,0,0,0,1,7,706,129,129,31039,0,0,0,0,0,0,0,0,0
202004,144,14020,C,Bloomington  IN ,19,19,5061,1,2,283,0,0,0,1,32,3715,0,0,0,0,0,0,0,0,0,0,0,0
202004,145,14010, ,Bloomington  IL ,7,7,1492,0,0,0,0,0,0,2,61,8781,7,7,1492,0,0,0,0,0,0,2,61,8781
202004,146,14100,C,Bloomsburg-Berwick  PA ,5,5,921,0,0,0,0,0,0,0,0,0,0,0,0,0,0,0,0,0,0,0,0,0
202004,147,14260,C,Boise City  ID ,485,485,112246,2,4,418,2,8,975,3,67,5142,382,382,92913,1,2,294,1,4,678,2,28,1945
202004,148,12700, ,Barnstable Town  MA ,6,6,2936,0,0,0,0,0,0,0,0,0,3,3,1206,0,0,0,0,0,0,0,0,0
202004,148,14460,C,Boston-Cambridge-Newton  MA-NH ,269,269,79622,6,12,3036,4,13,2213,26,174,21457,154,154,44712,2,4,800,2,7,1108,3,48,8422
202004,148,31700, ,Manchester-Nashua  NH ,16,16,3985,2,4,608,0,0,0,0,0,0,8,8,2298,2,4,608,0,0,0,0,0,0
202004,148,39300,C,Providence-Warwick  RI-MA ,102,102,24088,1,2,103,1,4,320,0,0,0,67,67,16336,0,0,0,1,4,320,0,0,0
202004,148,49340, ,Worcester  MA-CT ,18,18,4452,0,0,0,0,0,0,0,0,0,13,13,3391,0,0,0,0,0,0,0,0,0
202004,150,14540, ,Bowling Green  KY ,44,44,10258,0,0,0,0,0,0,0,0,0,44,44,10258,0,0,0,0,0,0,0,0,0
202004,154,15180, ,Brownsville-Harlingen  TX ,66,66,12446,1,2,123,0,0,0,0,0,0,43,43,10025,0,0,0,0,0,0,0,0,0
202004,160,15380,C,Buffalo-Cheektowaga  NY ,43,43,13904,0,0,0,0,0,0,1,5,1121,31,31,9175,0,0,0,0,0,0,0,0,0
202004,162,15540, ,Burlington-South Burlington  VT ,12,12,3216,1,2,211,1,3,398,1,48,5415,8,8,2164,0,0,0,1,3,398,1,48,5415
202004,163,15980,C,Cape Coral-Fort Myers  FL ,389,389,100210,28,56,7096,1,4,995,0,0,0,387,387,98863,28,56,7096,1,4,995,0,0,0
202004,163,34940, ,Naples-Marco Island  FL ,243,243,57397,0,0,0,3,11,2443,4,38,5838,0,0,0,0,0,0,0,0,0,0,0,0
202004,164,16020, ,Cape Girardeau  MO-IL ,0,0,0,0,0,0,0,0,0,0,0,0,0,0,0,0,0,0,0,0,0,0,0,0
202004,168,16300, ,Cedar Rapids  IA ,25,25,2930,2,4,483,0,0,0,0,0,0,25,25,2930,2,4,483,0,0,0,0,0,0
202004,168,26980, ,Iowa City  IA ,9,9,2130,0,0,0,0,0,0,0,0,0,2,2,500,0,0,0,0,0,0,0,0,0
202004,170,16620, ,Charleston  WV ,11,11,850,0,0,0,0,0,0,0,0,0,8,8,775,0,0,0,0,0,0,0,0,0
202004,170,26580, ,Huntington-Ashland  WV-KY-OH ,13,13,2940,0,0,0,0,0,0,0,0,0,7,7,1483,0,0,0,0,0,0,0,0,0
202004,172,16740, ,Charlotte-Concord-Gastonia  NC-SC ,1179,1179,288752,0,0,0,0,0,0,2,18,2228,1037,1037,237491,0,0,0,0,0,0,1,5,752
202004,174,16860, ,Chattanooga  TN-GA ,116,116,23553,3,6,426,1,3,174,2,42,4157,82,82,16061,0,0,0,0,0,0,0,0,0
202004,174,17420, ,Cleveland  TN ,22,22,4446,0,0,0,2,7,373,0,0,0,7,7,1744,0,0,0,2,7,373,0,0,0
202004,176,16980, ,Chicago-Naperville-Elgin  IL-IN-WI ,536,536,153914,8,16,2782,15,48,10269,22,477,102244,408,408,114579,7,14,2578,13,42,9395,15,410,92435
202004,176,28100, ,Kankakee  IL ,0,0,0,0,0,0,0,0,0,0,0,0,0,0,0,0,0,0,0,0,0,0,0,0
202004,176,33140, ,Michigan City-La Porte  IN ,8,8,2170,0,0,0,0,0,0,0,0,0,1,1,451,0,0,0,0,0,0,0,0,0
202004,178,17140, ,Cincinnati  OH-KY-IN ,378,378,94942,0,0,0,4,15,1400,4,29,2175,339,339,85895,0,0,0,4,15,1400,3,24,1154
202004,184,10420, ,Akron  OH ,44,44,20906,0,0,0,0,0,0,0,0,0,17,17,3889,0,0,0,0,0,0,0,0,0
202004,184,15940, ,Canton-Massillon  OH ,39,39,10808,0,0,0,1,3,154,1,5,384,36,36,10458,0,0,0,0,0,0,0,0,0
202004,184,17460, ,Cleveland-Elyria  OH ,230,230,70751,1,2,153,0,0,0,3,15,2323,195,195,61581,0,0,0,0,0,0,3,15,2323
202004,190,17860, ,Columbia  MO ,91,91,21185,0,0,0,0,0,0,0,0,0,91,91,21185,0,0,0,0,0,0,0,0,0
202004,192,17900,C,Columbia  SC ,320,320,70585,0,0,0,0,0,0,2,15,2483,69,69,12621,0,0,0,0,0,0,0,0,0
202004,194,12220,C,Auburn-Opelika  AL ,146,146,37343,1,2,429,0,0,0,10,281,35612,122,122,31712,0,0,0,0,0,0,10,281,35612
202004,194,17980, ,Columbus  GA-AL ,55,55,11020,0,0,0,1,3,95,1,29,4116,24,24,5536,0,0,0,0,0,0,0,0,0
202004,198,18140, ,Columbus  OH ,364,364,105656,2,4,850,1,4,659,10,376,38429,264,264,77092,2,4,850,0,0,0,7,349,35850
202004,204,18580, ,Corpus Christi  TX ,90,90,25319,0,0,0,0,0,0,0,0,0,0,0,0,0,0,0,0,0,0,0,0,0
202004,206,19100, ,Dallas-Fort Worth-Arlington  TX ,2858,2858,739658,17,34,4248,1,3,163,73,2457,269312,2487,2487,636254,16,32,3952,0,0,0,67,2412,264477
202004,209,19340, ,Davenport-Moline-Rock Island  IA-IL ,26,26,5841,0,0,0,0,0,0,1,12,1250,3,3,680,0,0,0,0,0,0,0,0,0
202004,212,19430, ,Dayton-Kettering  OH ,76,76,22922,6,12,2250,3,9,600,0,0,0,76,76,22922,6,12,2250,3,9,600,0,0,0
202004,212,44220, ,Springfield  OH ,5,5,1392,0,0,0,1,4,364,0,0,0,5,5,1392,0,0,0,1,4,364,0,0,0
202004,216,14500, ,Boulder  CO ,57,57,20104,3,6,1289,0,0,0,4,132,20071,55,55,18167,3,6,1289,0,0,0,3,112,15843
202004,216,19740,C,Denver-Aurora-Lakewood  CO ,679,679,204927,3,6,1794,1,4,664,10,749,99447,624,624,189002,3,6,1794,1,4,664,8,728,97106
202004,216,24540, ,Greeley  CO ,168,168,47408,0,0,0,0,0,0,1,8,1379,56,56,16695,0,0,0,0,0,0,0,0,0
202004,218,11180, ,Ames  IA ,7,7,2170,0,0,0,0,0,0,0,0,0,7,7,2170,0,0,0,0,0,0,0,0,0
202004,218,19780, ,Des Moines-West Des Moines  IA ,310,310,89228,3,6,1183,0,0,0,5,152,18027,296,296,85692,3,6,1183,0,0,0,4,143,17092
202004,220,11460, ,Ann Arbor  MI ,9,9,2580,0,0,0,0,0,0,0,0,0,1,1,271,0,0,0,0,0,0,0,0,0
202004,220,19820, ,Detroit-Warren-Dearborn  MI ,133,133,37725,1,2,350,1,4,318,7,71,13614,37,37,9743,1,2,350,0,0,0,1,25,6500
202004,220,22420, ,Flint  MI ,9,9,2407,0,0,0,2,8,1655,0,0,0,4,4,961,0,0,0,0,0,0,0,0,0
202004,220,33780, ,Monroe  MI ,0,0,0,0,0,0,0,0,0,0,0,0,0,0,0,0,0,0,0,0,0,0,0,0
202004,222,20020, ,Dothan  AL ,32,32,6679,0,0,0,0,0,0,0,0,0,32,32,6679,0,0,0,0,0,0,0,0,0
202004,232,20740, ,Eau Claire  WI ,53,53,14016,1,2,400,0,0,0,1,24,3000,53,53,14016,1,2,400,0,0,0,1,24,3000
202004,236,21300, ,Elmira  NY ,0,0,0,0,0,0,0,0,0,0,0,0,0,0,0,0,0,0,0,0,0,0,0,0
202004,238,21340,C,El Paso  TX ,175,175,41136,3,6,723,4,16,2144,1,24,2748,2,2,466,0,0,0,0,0,0,0,0,0
202004,238,29740,C,Las Cruces  NM ,84,84,21726,0,0,0,0,0,0,0,0,0,84,84,21726,0,0,0,0,0,0,0,0,0
202004,240,21500, ,Erie  PA ,1,1,295,0,0,0,0,0,0,0,0,0,1,1,295,0,0,0,0,0,0,0,0,0
202004,244,22020, ,Fargo  ND-MN ,105,105,26709,0,0,0,0,0,0,1,45,3825,100,100,25096,0,0,0,0,0,0,1,45,3825
202004,246,22180, ,Fayetteville  NC ,102,102,16227,0,0,0,0,0,0,0,0,0,55,55,10497,0,0,0,0,0,0,0,0,0
202004,258,23060,C,Fort Wayne  IN ,97,97,27177,0,0,0,0,0,0,0,0,0,97,97,27177,0,0,0,0,0,0,0,0,0
202004,260,23420,C,Fresno  CA ,117,117,33656,4,8,984,3,12,1641,0,0,0,100,100,27624,4,8,984,3,12,1641,0,0,0
202004,260,31460, ,Madera  CA ,38,38,10770,0,0,0,0,0,0,0,0,0,10,10,2777,0,0,0,0,0,0,0,0,0
202004,264,23540, ,Gainesville  FL ,46,46,12218,0,0,0,0,0,0,2,110,7445,0,0,0,0,0,0,0,0,0,0,0,0
202004,266,24340, ,Grand Rapids-Kentwood  MI ,44,44,10786,0,0,0,1,4,276,2,21,2524,12,12,4818,0,0,0,0,0,0,0,0,0
202004,266,34740, ,Muskegon  MI ,3,3,607,0,0,0,0,0,0,0,0,0,0,0,0,0,0,0,0,0,0,0,0,0
202004,267,24580, ,Green Bay  WI ,48,48,12578,2,4,933,0,0,0,2,10,660,28,28,6987,1,2,350,0,0,0,0,0,0
202004,268,15500, ,Burlington  NC ,44,44,9241,0,0,0,0,0,0,0,0,0,44,44,9241,0,0,0,0,0,0,0,0,0
202004,268,24660,C,Greensboro-High Point  NC ,174,174,40056,2,4,648,0,0,0,2,48,5861,121,121,22937,1,2,269,0,0,0,2,48,5861
202004,268,49180, ,Winston-Salem  NC ,236,236,36604,0,0,0,0,0,0,1,5,197,224,224,33881,0,0,0,0,0,0,0,0,0
202004,272,24780, ,Greenville  NC ,29,29,5981,0,0,0,0,0,0,0,0,0,29,29,5981,0,0,0,0,0,0,0,0,0
202004,273,24860, ,Greenville-Anderson  SC ,436,436,108423,0,0,0,0,0,0,9,48,2079,378,378,94176,0,0,0,0,0,0,6,30,250
202004,273,43900, ,Spartanburg  SC ,202,202,33053,0,0,0,0,0,0,0,0,0,0,0,0,0,0,0,0,0,0,0,0,0
202004,276,23900,C,Gettysburg  PA ,11,11,3396,0,0,0,0,0,0,0,0,0,0,0,0,0,0,0,0,0,0,0,0,0
202004,276,25420,C,Harrisburg-Carlisle  PA ,63,63,13542,0,0,0,2,7,1191,0,0,0,42,42,9123,0,0,0,1,4,420,0,0,0
202004,276,30140, ,Lebanon  PA ,2,2,247,0,0,0,0,0,0,0,0,0,2,2,247,0,0,0,0,0,0,0,0,0
202004,276,49620, ,York-Hanover  PA ,7,7,2140,0,0,0,0,0,0,0,0,0,5,5,1578,0,0,0,0,0,0,0,0,0
202004,277,25500,C,Harrisonburg  VA ,18,18,5860,0,0,0,0,0,0,1,12,1975,18,18,5860,0,0,0,0,0,0,1,12,1975
202004,277,44420, ,Staunton  VA ,22,22,4979,0,0,0,0,0,0,0,0,0,22,22,4979,0,0,0,0,0,0,0,0,0
202004,278,25540,C,Hartford-East Hartford-Middletown  CT ,53,53,12624,0,0,0,0,0,0,2,10,757,39,39,9640,0,0,0,0,0,0,0,0,0
202004,278,35980, ,Norwich-New London  CT ,8,8,2324,0,0,0,0,0,0,0,0,0,8,8,2324,0,0,0,0,0,0,0,0,0
202004,279,25620, ,Hattiesburg  MS ,2,2,371,0,0,0,0,0,0,0,0,0,2,2,371,0,0,0,0,0,0,0,0,0
202004,284,26300, ,Hot Springs  AR ,6,6,1869,0,0,0,0,0,0,0,0,0,6,6,1869,0,0,0,0,0,0,0,0,0
202004,288,26420, ,Houston-The Woodlands-Sugar Land  TX ,2829,2829,493186,18,36,4579,0,0,0,40,1454,162128,2125,2125,432238,18,36,4579,0,0,0,31,1255,141726
202004,290,19460, ,Decatur  AL ,17,17,3341,0,0,0,0,0,0,0,0,0,15,15,3094,0,0,0,0,0,0,0,0,0
202004,290,26620,C,Huntsville  AL ,290,290,48663,0,0,0,0,0,0,0,0,0,290,290,48663,0,0,0,0,0,0,0,0,0
202004,292,26820, ,Idaho Falls  ID ,121,121,23698,0,0,0,0,0,0,0,0,0,121,121,23698,0,0,0,0,0,0,0,0,0
202004,294,18020, ,Columbus  IN ,14,14,3297,0,0,0,0,0,0,0,0,0,0,0,0,0,0,0,0,0,0,0,0,0
202004,294,26900, ,Indianapolis-Carmel-Anderson  IN ,596,596,174576,8,16,2925,1,4,800,22,600,54947,534,534,158457,8,16,2925,1,4,800,20,590,54477
202004,294,34620, ,Muncie  IN ,2,2,199,0,0,0,0,0,0,0,0,0,0,0,0,0,0,0,0,0,0,0,0,0
202004,296,27060, ,Ithaca  NY ,0,0,0,0,0,0,0,0,0,0,0,0,0,0,0,0,0,0,0,0,0,0,0,0
202004,297,27180, ,Jackson  TN ,13,13,2848,0,0,0,0,0,0,0,0,0,0,0,0,0,0,0,0,0,0,0,0,0
202004,298,27140, ,Jackson  MS ,108,108,29104,0,0,0,0,0,0,1,23,2539,89,89,24990,0,0,0,0,0,0,0,0,0
202004,300,27260,C,Jacksonville  FL ,994,994,232063,2,4,494,7,28,3948,2,189,23215,898,898,209098,2,4,494,7,28,3948,1,184,22054
202004,304,27740, ,Johnson City  TN ,5,5,1485,0,0,0,0,0,0,2,14,1110,5,5,1485,0,0,0,0,0,0,2,14,1110
202004,304,28700, ,Kingsport-Bristol  TN-VA ,1,1,477,0,0,0,0,0,0,0,0,0,1,1,477,0,0,0,0,0,0,0,0,0
202004,306,27780, ,Johnstown  PA ,0,0,0,0,0,0,0,0,0,0,0,0,0,0,0,0,0,0,0,0,0,0,0,0
202004,308,27860, ,Jonesboro  AR ,58,58,8530,2,4,276,2,8,413,1,5,288,27,27,3690,0,0,0,0,0,0,0,0,0
202004,309,27900, ,Joplin  MO ,21,21,3505,0,0,0,0,0,0,8,116,8139,21,21,3505,0,0,0,0,0,0,8,116,8139
202004,310,12980, ,Battle Creek  MI ,0,0,0,0,0,0,0,0,0,0,0,0,0,0,0,0,0,0,0,0,0,0,0,0
202004,310,28020, ,Kalamazoo-Portage  MI ,8,8,2412,0,0,0,0,0,0,0,0,0,0,0,0,0,0,0,0,0,0,0,0,0
202004,312,28140, ,Kansas City  MO-KS ,422,422,127002,3,6,1977,11,42,6644,1,23,1871,357,357,108120,2,4,1537,11,42,6644,0,0,0
202004,312,29940, ,Lawrence  KS ,9,9,3090,0,0,0,0,0,0,0,0,0,9,9,3090,0,0,0,0,0,0,0,0,0
202004,312,41140, ,St. Joseph  MO-KS ,0,0,0,0,0,0,0,0,0,0,0,0,0,0,0,0,0,0,0,0,0,0,0,0
202004,313,28420,C,Kennewick-Richland  WA ,63,63,19517,1,2,368,0,0,0,0,0,0,35,35,12223,1,2,368,0,0,0,0,0,0
202004,313,47460, ,Walla Walla  WA ,3,3,995,0,0,0,0,0,0,0,0,0,3,3,995,0,0,0,0,0,0,0,0,0
202004,315,28940, ,Knoxville  TN ,194,194,42145,0,0,0,0,0,0,2,160,16572,86,86,19658,0,0,0,0,0,0,2,160,16572
202004,316,29020, ,Kokomo  IN ,4,4,1520,0,0,0,0,0,0,0,0,0,4,4,1520,0,0,0,0,0,0,0,0,0
202004,318,29180, ,Lafayette  LA ,219,219,31560,0,0,0,0,0,0,1,5,646,151,151,15291,0,0,0,0,0,0,0,0,0
202004,320,29200, ,Lafayette-West Lafayette  IN ,33,33,8337,1,2,291,0,0,0,2,68,7418,0,0,0,0,0,0,0,0,0,1,48,6000
202004,324,29340, ,Lake Charles  LA ,60,60,11251,7,14,917,0,0,0,0,0,0,28,28,5107,6,12,820,0,0,0,0,0,0
202004,332,29820,C,Las Vegas-Henderson-Paradise  NV ,429,429,116631,27,54,1965,3,9,1617,4,131,10507,429,429,116631,27,54,1965,3,9,1617,4,131,10507
202004,336,30460,C,Lexington-Fayette  KY ,88,88,19311,0,0,0,0,0,0,2,58,6112,25,25,5610,0,0,0,0,0,0,0,0,0
202004,338,30620, ,Lima  OH ,0,0,0,0,0,0,0,0,0,0,0,0,0,0,0,0,0,0,0,0,0,0,0,0
202004,339,30700, ,Lincoln  NE ,71,71,16185,1,2,286,0,0,0,1,55,6168,2,2,420,0,0,0,0,0,0,0,0,0
202004,340,30780, ,Little Rock-North Little Rock-Conway  AR ,153,153,34441,1,2,152,5,15,1125,8,91,11242,119,119,28709,0,0,0,5,15,1125,7,84,11050
202004,340,38220, ,Pine Bluff  AR ,1,1,166,0,0,0,0,0,0,0,0,0,0,0,0,0,0,0,0,0,0,0,0,0
202004,348,31080,C,Los Angeles-Long Beach-Anaheim  CA ,407,407,129633,37,74,16085,11,38,8681,27,1332,210554,306,306,85798,31,62,12894,7,25,5737,18,1213,190506
202004,348,37100, ,Oxnard-Thousand Oaks-Ventura  CA ,16,16,4398,0,0,0,0,0,0,1,19,2479,15,15,4205,0,0,0,0,0,0,0,0,0
202004,348,40140, ,Riverside-San Bernardino-Ontario  CA ,540,540,141585,29,58,6806,1,4,588,13,143,16948,446,446,116679,29,58,6806,0,0,0,10,110,13262
202004,350,21060, ,Elizabethtown-Fort Knox  KY ,38,38,7164,1,2,450,1,3,265,0,0,0,38,38,7164,1,2,450,1,3,265,0,0,0
202004,350,31140, ,Louisville-Jefferson County  KY-IN ,224,224,51696,0,0,0,1,3,600,1,5,246,177,177,38771,0,0,0,1,3,600,0,0,0
202004,352,31180, ,Lubbock  TX ,115,115,25735,6,12,1367,0,0,0,5,39,2673,4,4,1383,0,0,0,0,0,0,0,0,0
202004,356,31420, ,Macon-Bibb County  GA ,22,22,3476,0,0,0,0,0,0,0,0,0,0,0,0,0,0,0,0,0,0,0,0,0
202004,356,47580, ,Warner Robins  GA ,50,50,7731,0,0,0,0,0,0,0,0,0,50,50,7731,0,0,0,0,0,0,0,0,0
202004,357,27500, ,Janesville-Beloit  WI ,9,9,2109,1,2,225,0,0,0,0,0,0,9,9,2109,1,2,225,0,0,0,0,0,0
202004,357,31540, ,Madison  WI ,96,96,35498,4,8,1070,0,0,0,3,98,19951,70,70,28069,3,6,650,0,0,0,2,92,18400
202004,359,31860, ,Mankato  MN ,36,36,5117,0,0,0,0,0,0,0,0,0,36,36,5117,0,0,0,0,0,0,0,0,0
202004,365,32580,C,McAllen-Edinburg-Mission  TX ,184,184,34168,10,20,6181,1,3,135,1,29,2212,135,135,28208,1,2,247,0,0,0,0,0,0
202004,366,32780, ,Medford  OR ,42,42,11596,0,0,0,0,0,0,2,30,3675,42,42,11596,0,0,0,0,0,0,2,30,3675
202004,368,32820, ,Memphis  TN-MS-AR ,263,263,57399,0,0,0,1,3,392,0,0,0,172,172,36753,0,0,0,1,3,392,0,0,0
202004,370,33100, ,Miami-Fort Lauderdale-Pompano Beach  FL ,525,525,189870,17,34,4337,1,3,628,22,904,80597,345,345,130305,3,6,10,0,0,0,13,444,55790
202004,370,38940, ,Port St. Lucie  FL ,270,270,59580,8,16,2143,3,12,834,0,0,0,270,270,59580,8,16,2143,3,12,834,0,0,0
202004,370,42680, ,Sebastian-Vero Beach  FL ,47,47,20412,0,0,0,0,0,0,0,0,0,47,47,20412,0,0,0,0,0,0,0,0,0
202004,372,33260, ,Midland  TX ,98,98,10834,0,0,0,0,0,0,0,0,0,98,98,10834,0,0,0,0,0,0,0,0,0
202004,372,36220,C,Odessa  TX ,49,49,11423,0,0,0,0,0,0,0,0,0,49,49,11423,0,0,0,0,0,0,0,0,0
202004,376,33340,C,Milwaukee-Waukesha  WI ,115,115,43645,13,26,5105,0,0,0,3,27,2206,67,67,25226,11,22,4560,0,0,0,1,16,1600
202004,376,39540, ,Racine  WI ,10,10,3149,0,0,0,0,0,0,0,0,0,9,9,2849,0,0,0,0,0,0,0,0,0
202004,378,33460, ,Minneapolis-St. Paul-Bloomington  MN-WI ,650,650,209681,3,6,1219,1,4,612,13,710,89347,556,556,183066,2,4,862,1,4,612,9,688,86468
202004,378,41060, ,St. Cloud  MN ,0,0,0,0,0,0,0,0,0,0,0,0,0,0,0,0,0,0,0,0,0,0,0,0
202004,380,19300, ,Daphne-Fairhope-Foley  AL ,200,200,38556,0,0,0,0,0,0,1,12,961,122,122,26662,0,0,0,0,0,0,0,0,0
202004,380,33660, ,Mobile  AL ,66,66,15391,0,0,0,0,0,0,0,0,0,66,66,15391,0,0,0,0,0,0,0,0,0
202004,384,33740, ,Monroe  LA ,24,24,5496,0,0,0,1,3,472,1,5,561,0,0,0,0,0,0,0,0,0,0,0,0
202004,388,33860, ,Montgomery  AL ,66,66,15912,0,0,0,0,0,0,0,0,0,44,44,12626,0,0,0,0,0,0,0,0,0
202004,390,34060, ,Morgantown  WV ,1,1,181,0,0,0,0,0,0,0,0,0,0,0,0,0,0,0,0,0,0,0,0,0
202004,396,34820, ,Myrtle Beach-Conway-North Myrtle Beach  SC-NC ,478,478,90691,0,0,0,0,0,0,2,36,4663,320,320,53370,0,0,0,0,0,0,0,0,0
202004,400,34980, ,Nashville-Davidson--Murfreesboro--Franklin  TN ,1121,1121,283560,0,0,0,0,0,0,17,963,43222,860,860,225032,0,0,0,0,0,0,15,936,40595
202004,406,25220, ,Hammond  LA ,62,62,12053,0,0,0,0,0,0,0,0,0,0,0,0,0,0,0,0,0,0,0,0,0
202004,406,35380, ,New Orleans-Metairie  LA ,226,226,61262,10,20,2150,0,0,0,1,37,6885,135,135,40222,0,0,0,0,0,0,0,0,0
202004,408,14860,C,Bridgeport-Stamford-Norwalk  CT ,48,48,24077,3,6,769,0,0,0,2,11,1716,34,34,12698,2,4,617,0,0,0,1,6,335
202004,408,20700, ,East Stroudsburg  PA ,2,2,528,0,0,0,0,0,0,0,0,0,0,0,0,0,0,0,0,0,0,0,0,0
202004,408,28740, ,Kingston  NY ,0,0,0,0,0,0,0,0,0,0,0,0,0,0,0,0,0,0,0,0,0,0,0,0
202004,408,35300, ,New Haven-Milford  CT ,9,9,1438,0,0,0,0,0,0,2,49,4653,0,0,0,0,0,0,0,0,0,1,44,4329
202004,408,35620,C,New York-Newark-Jersey City  NY-NJ-PA ,436,436,109674,36,72,5757,18,59,10944,76,1004,100737,246,246,57816,26,52,3845,15,50,9477,44,763,71458
202004,408,39100, ,Poughkeepsie-Newburgh-Middletown  NY ,15,15,5300,0,0,0,0,0,0,2,19,2128,5,5,1131,0,0,0,0,0,0,0,0,0
202004,408,45940,C,Trenton-Princeton  NJ ,28,28,3355,0,0,0,1,3,17,1,5,414,25,25,2719,0,0,0,0,0,0,0,0,0
202004,412,35840,C,North Port-Sarasota-Bradenton  FL ,560,560,151765,8,16,2145,2,8,958,6,235,25779,542,542,144278,8,16,2145,2,8,958,4,212,23400
202004,412,39460, ,Punta Gorda  FL ,116,116,33729,7,14,2238,0,0,0,0,0,0,116,116,33729,7,14,2238,0,0,0,0,0,0
202004,416,36420,C,Oklahoma City  OK ,499,499,109307,14,28,2449,0,0,0,0,0,0,158,158,35640,8,16,1149,0,0,0,0,0,0
202004,420,36540, ,Omaha-Council Bluffs  NE-IA ,205,205,48497,3,6,1152,0,0,0,12,301,23717,161,161,37248,2,4,903,0,0,0,12,301,23717
202004,422,19660, ,Deltona-Daytona Beach-Ormond Beach  FL ,181,181,54718,9,18,2614,0,0,0,2,38,5661,122,122,37554,9,18,2614,0,0,0,0,0,0
202004,422,29460, ,Lakeland-Winter Haven  FL ,347,347,80486,0,0,0,1,4,638,0,0,0,226,226,48291,0,0,0,1,4,638,0,0,0
202004,422,36740, ,Orlando-Kissimmee-Sanford  FL ,1038,1038,260514,23,46,7507,0,0,0,12,1112,188065,883,883,215429,23,46,7507,0,0,0,10,1075,184593
202004,422,45540,C,The Villages  FL ,241,241,71545,0,0,0,0,0,0,1,6,1334,241,241,71545,0,0,0,0,0,0,1,6,1334
202004,425,37620, ,Parkersburg-Vienna  WV ,4,4,914,0,0,0,1,3,240,0,0,0,0,0,0,0,0,0,0,0,0,0,0,0
202004,426,37860,C,Pensacola-Ferry Pass-Brent  FL ,460,460,107239,1,2,247,8,24,3139,0,0,0,460,460,107239,1,2,247,8,24,3139,0,0,0
202004,428,12100,C,Atlantic City-Hammonton  NJ ,46,46,10542,0,0,0,0,0,0,2,10,597,45,45,10235,0,0,0,0,0,0,1,5,0
202004,428,20100,C,Dover  DE ,100,100,14461,1,2,168,0,0,0,0,0,0,97,97,13914,1,2,168,0,0,0,0,0,0
202004,428,36140,C,Ocean City  NJ ,19,19,3840,2,4,419,0,0,0,0,0,0,16,16,3122,2,4,419,0,0,0,0,0,0
202004,428,37980,C,Philadelphia-Camden-Wilmington  PA-NJ-DE-MD ,433,433,82839,7,14,2055,5,16,1966,17,219,22954,197,197,41401,2,4,614,0,0,0,6,113,11189
202004,428,39740, ,Reading  PA ,1,1,266,0,0,0,0,0,0,0,0,0,0,0,0,0,0,0,0,0,0,0,0,0
202004,428,47220,C,Vineland-Bridgeton  NJ ,1,1,116,0,0,0,0,0,0,0,0,0,1,1,116,0,0,0,0,0,0,0,0,0
202004,429,38060,C,Phoenix-Mesa-Chandler  AZ ,1832,1832,518775,2,4,604,0,0,0,17,585,101146,1817,1817,515780,1,2,345,0,0,0,16,495,85484
202004,430,38300, ,Pittsburgh  PA ,30,30,10518,0,0,0,0,0,0,1,13,1339,15,15,6915,0,0,0,0,0,0,0,0,0
202004,430,48260, ,Weirton-Steubenville  WV-OH ,0,0,0,0,0,0,0,0,0,0,0,0,0,0,0,0,0,0,0,0,0,0,0,0
202004,438,30340, ,Lewiston-Auburn  ME ,5,5,845,0,0,0,0,0,0,0,0,0,4,4,710,0,0,0,0,0,0,0,0,0
202004,438,38860, ,Portland-South Portland  ME ,90,90,22380,3,6,1211,0,0,0,4,164,22433,49,49,10998,2,4,950,0,0,0,3,159,21964
202004,440,10540, ,Albany-Lebanon  OR ,26,26,7198,0,0,0,0,0,0,4,34,4400,11,11,4031,0,0,0,0,0,0,3,19,2958
202004,440,18700, ,Corvallis  OR ,1,1,103,0,0,0,0,0,0,0,0,0,1,1,103,0,0,0,0,0,0,0,0,0
202004,440,31020, ,Longview  WA ,15,15,3394,0,0,0,0,0,0,0,0,0,0,0,0,0,0,0,0,0,0,0,0,0
202004,440,38900, ,Portland-Vancouver-Hillsboro  OR-WA ,376,376,111383,7,14,2696,1,3,459,16,690,89316,219,219,63930,0,0,0,0,0,0,10,390,50211
202004,440,41420, ,Salem  OR ,46,46,14317,2,4,746,4,14,2887,8,96,9948,46,46,14317,2,4,746,4,14,2887,8,96,9948
202004,444,39380,C,Pueblo  CO ,35,35,5082,0,0,0,0,0,0,0,0,0,35,35,5082,0,0,0,0,0,0,0,0,0
202004,450,20500,C,Durham-Chapel Hill  NC ,287,287,64105,1,2,170,0,0,0,3,132,19999,124,124,32646,0,0,0,0,0,0,0,0,0
202004,450,39580,C,Raleigh-Cary  NC ,1035,1035,225635,3,6,1169,0,0,0,5,193,38640,874,874,194189,2,4,969,0,0,0,3,149,33969
202004,452,39660, ,Rapid City  SD ,34,34,8495,0,0,0,1,4,595,0,0,0,34,34,8495,0,0,0,1,4,595,0,0,0
202004,454,39820, ,Redding  CA ,16,16,4515,0,0,0,0,0,0,0,0,0,16,16,4515,0,0,0,0,0,0,0,0,0
202004,456,16180,C,Carson City  NV ,10,10,2662,0,0,0,0,0,0,1,5,499,0,0,0,0,0,0,0,0,0,0,0,0
202004,456,39900,C,Reno  NV ,172,172,46490,2,4,414,1,4,539,6,144,18877,64,64,15794,0,0,0,0,0,0,0,0,0
202004,462,40340, ,Rochester  MN ,23,23,6340,0,0,0,0,0,0,1,76,10640,23,23,6340,0,0,0,0,0,0,1,76,10640
202004,464,40380, ,Rochester  NY ,35,35,8285,0,0,0,0,0,0,2,10,1225,26,26,6158,0,0,0,0,0,0,0,0,0
202004,466,40420, ,Rockford  IL ,6,6,1339,4,8,800,0,0,0,0,0,0,4,4,935,4,8,800,0,0,0,0,0,0
202004,472,40900,C,Sacramento-Roseville-Folsom  CA ,347,347,97250,1,2,375,0,0,0,2,14,2266,341,341,95623,1,2,375,0,0,0,1,9,983
202004,474,13020, ,Bay City  MI ,1,1,229,0,0,0,0,0,0,0,0,0,0,0,0,0,0,0,0,0,0,0,0,0
202004,474,33220, ,Midland  MI ,3,3,423,1,2,255,0,0,0,0,0,0,0,0,0,0,0,0,0,0,0,0,0,0
202004,474,40980, ,Saginaw  MI ,0,0,0,0,0,0,0,0,0,0,0,0,0,0,0,0,0,0,0,0,0,0,0,0
202004,476,41180, ,St. Louis  MO-IL ,436,436,127035,8,16,2593,1,4,847,4,41,3409,340,340,95032,7,14,2361,1,4,847,0,0,0
202004,480,41540, ,Salisbury  MD-DE ,255,255,38056,3,6,860,0,0,0,6,40,5201,248,248,36778,3,6,860,0,0,0,6,40,5201
202004,482,36260, ,Ogden-Clearfield  UT ,278,278,67692,0,0,0,1,4,783,7,54,5894,244,244,57901,0,0,0,0,0,0,3,32,3287
202004,482,39340, ,Provo-Orem  UT ,498,498,142012,0,0,0,8,32,4330,10,65,9625,492,492,138898,0,0,0,8,32,4330,10,65,9625
202004,482,41620, ,Salt Lake City  UT ,355,355,92536,18,36,1491,2,8,2054,10,409,58647,294,294,76306,16,32,962,2,8,2054,9,388,55861
202004,484,41700,C,San Antonio-New Braunfels  TX ,632,632,146620,1,2,70,2,8,1046,31,679,66385,597,597,138973,1,2,70,2,8,1046,30,674,65320
202004,488,32900, ,Merced  CA ,7,7,1932,0,0,0,0,0,0,0,0,0,2,2,841,0,0,0,0,0,0,0,0,0
202004,488,33700, ,Modesto  CA ,0,0,0,0,0,0,0,0,0,0,0,0,0,0,0,0,0,0,0,0,0,0,0,0
202004,488,41860,C,San Francisco-Oakland-Berkeley  CA ,132,132,42683,0,0,0,0,0,0,13,680,211563,78,78,22428,0,0,0,0,0,0,4,593,189722
202004,488,41940,C,San Jose-Sunnyvale-Santa Clara  CA ,94,94,35869,1,2,593,1,3,795,3,197,27434,4,4,1897,0,0,0,0,0,0,1,130,13975
202004,488,42100, ,Santa Cruz-Watsonville  CA ,8,8,1723,0,0,0,0,0,0,1,8,814,0,0,0,0,0,0,0,0,0,0,0,0
202004,488,42220, ,Santa Rosa-Petaluma  CA ,88,88,23492,0,0,0,0,0,0,0,0,0,77,77,21088,0,0,0,0,0,0,0,0,0
202004,488,44700, ,Stockton  CA ,98,98,29900,0,0,0,1,4,272,0,0,0,74,74,21744,0,0,0,0,0,0,0,0,0
202004,488,46700, ,Vallejo  CA ,39,39,10460,0,0,0,0,0,0,0,0,0,37,37,9955,0,0,0,0,0,0,0,0,0
202004,496,25980, ,Hinesville  GA ,14,14,2286,0,0,0,0,0,0,0,0,0,14,14,2286,0,0,0,0,0,0,0,0,0
202004,496,42340, ,Savannah  GA ,149,149,32695,0,0,0,0,0,0,0,0,0,71,71,16389,0,0,0,0,0,0,0,0,0
202004,500,14740,C,Bremerton-Silverdale-Port Orchard  WA ,23,23,6577,0,0,0,0,0,0,1,13,1097,12,12,3894,0,0,0,0,0,0,0,0,0
202004,500,34580, ,Mount Vernon-Anacortes  WA ,17,17,7098,0,0,0,0,0,0,1,25,2828,17,17,7098,0,0,0,0,0,0,1,25,2828
202004,500,36500, ,Olympia-Lacey-Tumwater  WA ,27,27,7991,0,0,0,0,0,0,1,5,213,22,22,6927,0,0,0,0,0,0,0,0,0
202004,500,42660,C,Seattle-Tacoma-Bellevue  WA ,429,429,137781,29,58,12844,27,96,19434,17,1039,153283,325,325,97871,25,50,10982,26,93,18970,10,807,126864
202004,508,43340,C,Shreveport-Bossier City  LA ,80,80,17225,0,0,0,0,0,0,0,0,0,26,26,6501,0,0,0,0,0,0,0,0,0
202004,515,21140, ,Elkhart-Goshen  IN ,22,22,6006,0,0,0,0,0,0,0,0,0,22,22,6006,0,0,0,0,0,0,0,0,0
202004,515,35660, ,Niles  MI ,2,2,598,0,0,0,0,0,0,0,0,0,0,0,0,0,0,0,0,0,0,0,0,0
202004,515,43780, ,South Bend-Mishawaka  IN-MI ,16,16,4754,0,0,0,0,0,0,0,0,0,16,16,4754,0,0,0,0,0,0,0,0,0
202004,518,17660, ,Coeur dAlene  ID ,104,104,26335,5,10,1515,0,0,0,1,19,2129,87,87,22478,4,8,1093,0,0,0,0,0,0
202004,518,44060, ,Spokane-Spokane Valley  WA ,71,71,18877,2,4,705,0,0,0,10,284,33445,51,51,13586,2,4,705,0,0,0,9,276,32539
202004,522,44100, ,Springfield  IL ,5,5,1160,4,8,1817,0,0,0,0,0,0,4,4,910,4,8,1817,0,0,0,0,0,0
202004,524,44300, ,State College  PA ,13,13,3974,0,0,0,0,0,0,1,5,700,0,0,0,0,0,0,0,0,0,0,0,0
202004,532,45060, ,Syracuse  NY ,13,13,3210,0,0,0,0,0,0,0,0,0,5,5,1037,0,0,0,0,0,0,0,0,0
202004,534,45780, ,Toledo  OH ,48,48,15587,0,0,0,0,0,0,0,0,0,24,24,10431,0,0,0,0,0,0,0,0,0
202004,536,46060,C,Tucson  AZ ,229,229,72877,1,2,237,0,0,0,3,54,8113,169,169,57486,0,0,0,0,0,0,0,0,0
202004,538,46140,C,Tulsa  OK ,319,319,81834,0,0,0,0,0,0,1,8,615,311,311,80141,0,0,0,0,0,0,0,0,0
202004,540,46340, ,Tyler  TX ,12,12,2798,0,0,0,0,0,0,0,0,0,12,12,2798,0,0,0,0,0,0,0,0,0
202004,545,47260, ,Virginia Beach-Norfolk-Newport News  VA-NC ,388,388,91399,3,6,847,0,0,0,2,477,40989,326,326,78467,3,6,847,0,0,0,2,477,40989
202004,548,12580,C,Baltimore-Columbia-Towson  MD ,344,344,79448,0,0,0,1,3,463,6,96,14028,270,270,62625,0,0,0,0,0,0,4,56,6712
202004,548,15680,C,California-Lexington Park  MD ,34,34,6725,0,0,0,0,0,0,12,68,12284,34,34,6725,0,0,0,0,0,0,12,68,12284
202004,548,16540,C,Chambersburg-Waynesboro  PA ,6,6,1516,1,2,200,0,0,0,0,0,0,3,3,920,1,2,200,0,0,0,0,0,0
202004,548,25180, ,Hagerstown-Martinsburg  MD-WV ,108,108,23202,1,2,233,0,0,0,1,12,1500,100,100,21942,0,0,0,0,0,0,1,12,1500
202004,548,47900, ,Washington-Arlington-Alexandria  DC-VA-MD-WV ,945,945,224188,3,6,741,4,15,1962,16,534,90327,776,776,187087,3,6,741,4,15,1962,12,469,82798
202004,548,49020, ,Winchester  VA-WV ,52,52,11186,0,0,0,0,0,0,0,0,0,52,52,11186,0,0,0,0,0,0,0,0,0
202004,554,48140, ,Wausau-Weston  WI ,20,20,4223,1,2,500,0,0,0,0,0,0,10,10,2301,1,2,500,0,0,0,0,0,0
202004,556,48620, ,Wichita  KS ,69,69,19055,14,28,2964,1,4,600,0,0,0,69,69,19055,14,28,2964,1,4,600,0,0,0
202004,558,48700, ,Williamsport  PA ,0,0,0,0,0,0,0,0,0,0,0,0,0,0,0,0,0,0,0,0,0,0,0,0
202004,566,49660, ,Youngstown-Warren-Boardman  OH-PA ,18,18,3972,0,0,0,0,0,0,0,0,0,18,18,3972,0,0,0,0,0,0,0,0,0
202004,999,10180, ,Abilene  TX ,27,27,5560,1,2,262,0,0,0,0,0,0,0,0,0,0,0,0,0,0,0,0,0,0
202004,999,10500, ,Albany  GA ,10,10,892,0,0,0,0,0,0,1,15,2239,9,9,687,0,0,0,0,0,0,0,0,0
202004,999,10780, ,Alexandria  LA ,10,10,2518,0,0,0,0,0,0,0,0,0,5,5,1199,0,0,0,0,0,0,0,0,0
202004,999,10900, ,Allentown-Bethlehem-Easton  PA-NJ ,23,23,3792,0,0,0,0,0,0,2,10,19,18,18,3007,0,0,0,0,0,0,2,10,19
202004,999,11260,C,Anchorage  AK ,52,52,16273,0,0,0,1,3,521,1,12,1897,1,1,297,0,0,0,0,0,0,0,0,0
202004,999,11500, ,Anniston-Oxford  AL ,6,6,1123,0,0,0,0,0,0,0,0,0,6,6,1123,0,0,0,0,0,0,0,0,0
202004,999,12260, ,Augusta-Richmond County  GA-SC ,252,252,50331,0,0,0,2,7,654,2,11,827,102,102,21546,0,0,0,2,7,654,1,6,540
202004,999,12420, ,Austin-Round Rock-Georgetown  TX ,1618,1618,375771,23,46,4975,0,0,0,32,1645,156108,1394,1394,329303,22,44,4788,0,0,0,32,1645,156108
202004,999,12540, ,Bakersfield  CA ,104,104,26343,1,2,226,0,0,0,1,5,1277,18,18,2521,1,2,226,0,0,0,0,0,0
202004,999,12620, ,Bangor  ME ,8,8,1991,0,0,0,0,0,0,0,0,0,5,5,1274,0,0,0,0,0,0,0,0,0
202004,999,12940, ,Baton Rouge  LA ,247,247,50424,0,0,0,0,0,0,0,0,0,164,164,36748,0,0,0,0,0,0,0,0,0
202004,999,13140, ,Beaumont-Port Arthur  TX ,50,50,11547,0,0,0,0,0,0,0,0,0,50,50,11547,0,0,0,0,0,0,0,0,0
202004,999,13220,C,Beckley  WV ,10,10,1931,0,0,0,0,0,0,0,0,0,7,7,1520,0,0,0,0,0,0,0,0,0
202004,999,13380, ,Bellingham  WA ,29,29,7388,6,12,2423,2,6,1210,1,10,1467,23,23,5861,6,12,2423,1,3,662,1,10,1467
202004,999,13740, ,Billings  MT ,19,19,5032,1,2,369,0,0,0,0,0,0,0,0,0,0,0,0,0,0,0,0,0,0
202004,999,13780, ,Binghamton  NY ,0,0,0,0,0,0,0,0,0,0,0,0,0,0,0,0,0,0,0,0,0,0,0,0
202004,999,13900, ,Bismarck  ND ,37,37,10404,2,4,373,0,0,0,1,9,998,30,30,8793,2,4,373,0,0,0,0,0,0
202004,999,13980, ,Blacksburg-Christiansburg  VA ,1,1,500,0,0,0,0,0,0,0,0,0,1,1,500,0,0,0,0,0,0,0,0,0
202004,999,15260, ,Brunswick  GA ,33,33,10170,0,0,0,0,0,0,0,0,0,0,0,0,0,0,0,0,0,0,0,0,0
202004,999,16220, ,Casper  WY ,12,12,3083,0,0,0,0,0,0,1,49,4881,11,11,2962,0,0,0,0,0,0,1,49,4881
202004,999,16580, ,Champaign-Urbana  IL ,8,8,1924,0,0,0,0,0,0,1,50,6406,3,3,612,0,0,0,0,0,0,0,0,0
202004,999,16700,C,Charleston-North Charleston  SC ,373,373,105688,0,0,0,0,0,0,4,117,6699,148,148,49425,0,0,0,0,0,0,0,0,0
202004,999,16820, ,Charlottesville  VA ,35,35,12769,0,0,0,0,0,0,0,0,0,35,35,12769,0,0,0,0,0,0,0,0,0
202004,999,16940, ,Cheyenne  WY ,30,30,5369,0,0,0,1,3,350,0,0,0,20,20,3242,0,0,0,0,0,0,0,0,0
202004,999,17020, ,Chico  CA ,24,24,5612,0,0,0,0,0,0,0,0,0,24,24,5612,0,0,0,0,0,0,0,0,0
202004,999,17300,C,Clarksville  TN-KY ,248,248,31621,7,14,490,5,18,995,0,0,0,245,245,31215,7,14,490,5,18,995,0,0,0
202004,999,17780, ,College Station-Bryan  TX ,78,78,13878,0,0,0,0,0,0,2,100,8752,78,78,13878,0,0,0,0,0,0,2,100,8752
202004,999,17820,C,Colorado Springs  CO ,379,379,143143,0,0,0,1,4,1007,6,254,33355,379,379,143143,0,0,0,1,4,1007,6,254,33355
202004,999,18880,C,Crestview-Fort Walton Beach-Destin  FL ,218,218,80653,0,0,0,0,0,0,2,46,11200,204,204,76912,0,0,0,0,0,0,2,46,11200
202004,999,19060, ,Cumberland  MD-WV ,5,5,1045,0,0,0,0,0,0,1,32,1885,5,5,1045,0,0,0,0,0,0,1,32,1885
202004,999,19180, ,Danville  IL ,0,0,0,0,0,0,0,0,0,0,0,0,0,0,0,0,0,0,0,0,0,0,0,0
202004,999,19500, ,Decatur  IL ,1,1,278,0,0,0,0,0,0,0,0,0,0,0,0,0,0,0,0,0,0,0,0,0
202004,999,20220, ,Dubuque  IA ,6,6,1852,0,0,0,0,0,0,0,0,0,6,6,1852,0,0,0,0,0,0,0,0,0
202004,999,20260, ,Duluth  MN-WI ,4,4,1025,1,2,450,0,0,0,0,0,0,4,4,1025,1,2,450,0,0,0,0,0,0
202004,999,20940, ,El Centro  CA ,28,28,4553,0,0,0,0,0,0,0,0,0,28,28,4553,0,0,0,0,0,0,0,0,0
202004,999,21420, ,Enid  OK ,2,2,366,0,0,0,0,0,0,0,0,0,2,2,366,0,0,0,0,0,0,0,0,0
202004,999,21660, ,Eugene-Springfield  OR ,41,41,10663,0,0,0,0,0,0,0,0,0,28,28,7341,0,0,0,0,0,0,0,0,0
202004,999,21780, ,Evansville  IN-KY ,62,62,12491,0,0,0,0,0,0,0,0,0,62,62,12491,0,0,0,0,0,0,0,0,0
202004,999,21820,C,Fairbanks  AK ,1,1,274,0,0,0,0,0,0,0,0,0,1,1,274,0,0,0,0,0,0,0,0,0
202004,999,22140,C,Farmington  NM ,6,6,1909,0,0,0,0,0,0,0,0,0,6,6,1909,0,0,0,0,0,0,0,0,0
202004,999,22220, ,Fayetteville-Springdale-Rogers  AR-MO ,331,331,86295,44,88,9678,0,0,0,11,127,12629,280,280,75065,43,86,9352,0,0,0,9,102,10650
202004,999,22380, ,Flagstaff  AZ ,44,44,7394,0,0,0,0,0,0,4,179,43000,44,44,7394,0,0,0,0,0,0,4,179,43000
202004,999,22500, ,Florence  SC ,44,44,5936,1,2,136,0,0,0,2,28,2716,0,0,0,0,0,0,0,0,0,0,0,0
202004,999,22520, ,Florence-Muscle Shoals  AL ,17,17,2114,0,0,0,0,0,0,0,0,0,0,0,0,0,0,0,0,0,0,0,0,0
202004,999,22540, ,Fond du Lac  WI ,6,6,1790,0,0,0,0,0,0,1,5,354,3,3,1055,0,0,0,0,0,0,0,0,0
202004,999,22660,C,Fort Collins  CO ,179,179,52239,0,0,0,0,0,0,1,9,798,157,157,46984,0,0,0,0,0,0,0,0,0
202004,999,22900, ,Fort Smith  AR-OK ,17,17,6714,0,0,0,1,3,255,15,118,14019,11,11,5725,0,0,0,0,0,0,15,118,14019
202004,999,23460, ,Gadsden  AL ,4,4,722,0,0,0,0,0,0,0,0,0,0,0,0,0,0,0,0,0,0,0,0,0
202004,999,24220, ,Grand Forks  ND-MN ,5,5,1492,0,0,0,0,0,0,1,173,10000,5,5,1492,0,0,0,0,0,0,1,173,10000
202004,999,24260, ,Grand Island  NE ,14,14,2345,1,2,254,0,0,0,0,0,0,14,14,2345,1,2,254,0,0,0,0,0,0
202004,999,24300,C,Grand Junction  CO ,52,52,9912,0,0,0,0,0,0,7,196,14747,52,52,9912,0,0,0,0,0,0,7,196,14747
202004,999,24500,C,Great Falls  MT ,15,15,4810,0,0,0,0,0,0,0,0,0,15,15,4810,0,0,0,0,0,0,0,0,0
202004,999,25060, ,Gulfport-Biloxi  MS ,162,162,30390,0,0,0,1,3,301,1,8,677,84,84,17532,0,0,0,0,0,0,0,0,0
202004,999,25860, ,Hickory-Lenoir-Morganton  NC ,1,1,151,0,0,0,0,0,0,1,5,279,0,0,0,0,0,0,0,0,0,0,0,0
202004,999,25940, ,Hilton Head Island-Bluffton  SC ,65,65,23613,0,0,0,0,0,0,0,0,0,40,40,10868,0,0,0,0,0,0,0,0,0
202004,999,26140, ,Homosassa Springs  FL ,54,54,11133,1,2,55,0,0,0,1,5,432,0,0,0,0,0,0,0,0,0,0,0,0
202004,999,26380, ,Houma-Thibodaux  LA ,34,34,8075,0,0,0,0,0,0,0,0,0,23,23,5075,0,0,0,0,0,0,0,0,0
202004,999,27100, ,Jackson  MI ,0,0,0,0,0,0,0,0,0,0,0,0,0,0,0,0,0,0,0,0,0,0,0,0
202004,999,27340,C,Jacksonville  NC ,85,85,15281,0,0,0,0,0,0,0,0,0,85,85,15281,0,0,0,0,0,0,0,0,0
202004,999,27980,C,Kahului-Wailuku-Lahaina  HI ,24,24,10430,1,2,500,0,0,0,0,0,0,24,24,10430,1,2,500,0,0,0,0,0,0
202004,999,28660,C,Killeen-Temple  TX ,213,213,36998,30,60,5693,0,0,0,0,0,0,103,103,19375,27,54,5027,0,0,0,0,0,0
202004,999,29100, ,La Crosse-Onalaska  WI-MN ,15,15,3967,2,4,724,0,0,0,1,5,455,10,10,2860,1,2,330,0,0,0,0,0,0
202004,999,29420, ,Lake Havasu City-Kingman  AZ ,95,95,20842,2,4,422,4,12,967,0,0,0,95,95,20842,2,4,422,4,12,967,0,0,0
202004,999,29540, ,Lancaster  PA ,7,7,1430,1,2,31,0,0,0,0,0,0,7,7,1430,1,2,31,0,0,0,0,0,0
202004,999,29620, ,Lansing-East Lansing  MI ,4,4,956,0,0,0,0,0,0,1,5,568,0,0,0,0,0,0,0,0,0,0,0,0
202004,999,29700, ,Laredo  TX ,84,84,13413,0,0,0,0,0,0,3,22,1516,84,84,13413,0,0,0,0,0,0,3,22,1516
202004,999,30020, ,Lawton  OK ,2,2,395,0,0,0,0,0,0,0,0,0,2,2,395,0,0,0,0,0,0,0,0,0
202004,999,30300, ,Lewiston  ID-WA ,0,0,0,0,0,0,0,0,0,0,0,0,0,0,0,0,0,0,0,0,0,0,0,0
202004,999,30860, ,Logan  UT-ID ,61,61,10149,0,0,0,1,4,692,6,144,9594,61,61,10149,0,0,0,1,4,692,6,144,9594
202004,999,30980, ,Longview  TX ,12,12,4377,0,0,0,0,0,0,0,0,0,12,12,4377,0,0,0,0,0,0,0,0,0
202004,999,31340, ,Lynchburg  VA ,7,7,1426,0,0,0,1,4,860,1,17,1457,0,0,0,0,0,0,1,4,860,0,0,0
202004,999,31740, ,Manhattan  KS ,13,13,5172,0,0,0,0,0,0,0,0,0,12,12,4912,0,0,0,0,0,0,0,0,0
202004,999,33540,C,Missoula  MT ,28,28,6032,0,0,0,0,0,0,1,8,363,28,28,6032,0,0,0,0,0,0,1,8,363
202004,999,36100, ,Ocala  FL ,266,266,55592,0,0,0,0,0,0,3,27,3461,266,266,55592,0,0,0,0,0,0,3,27,3461
202004,999,36980, ,Owensboro  KY ,28,28,2781,0,0,0,5,20,1300,0,0,0,27,27,2576,0,0,0,5,20,1300,0,0,0
202004,999,37340, ,Palm Bay-Melbourne-Titusville  FL ,170,170,58085,0,0,0,0,0,0,9,256,37476,170,170,58085,0,0,0,0,0,0,9,256,37476
202004,999,37460, ,Panama City  FL ,65,65,16886,0,0,0,0,0,0,5,29,879,14,14,3768,0,0,0,0,0,0,0,0,0
202004,999,37900, ,Peoria  IL ,2,2,638,0,0,0,0,0,0,0,0,0,2,2,638,0,0,0,0,0,0,0,0,0
202004,999,38340, ,Pittsfield  MA ,0,0,0,0,0,0,0,0,0,0,0,0,0,0,0,0,0,0,0,0,0,0,0,0
202004,999,38540, ,Pocatello  ID ,19,19,4117,1,2,261,0,0,0,0,0,0,19,19,4117,1,2,261,0,0,0,0,0,0
202004,999,39150, ,Prescott Valley-Prescott  AZ ,107,107,32386,2,4,623,0,0,0,1,8,802,81,81,23970,2,4,623,0,0,0,0,0,0
202004,999,40060, ,Richmond  VA ,400,400,80161,38,76,2825,7,25,4118,1,5,431,388,388,78385,38,76,2825,7,25,4118,0,0,0
202004,999,41100, ,St. George  UT ,143,143,24583,0,0,0,0,0,0,0,0,0,143,143,24583,0,0,0,0,0,0,0,0,0
202004,999,41500, ,Salinas  CA ,0,0,0,0,0,0,0,0,0,0,0,0,0,0,0,0,0,0,0,0,0,0,0,0
202004,999,41660,C,San Angelo  TX ,42,42,8781,0,0,0,0,0,0,0,0,0,42,42,8781,0,0,0,0,0,0,0,0,0
202004,999,41740,C,San Diego-Chula Vista-Carlsbad  CA ,154,154,40816,2,4,1112,20,65,15478,8,460,64905,153,153,40752,2,4,1112,20,65,15478,7,449,63931
202004,999,42020, ,San Luis Obispo-Paso Robles  CA ,8,8,4441,0,0,0,0,0,0,0,0,0,8,8,4441,0,0,0,0,0,0,0,0,0
202004,999,42200, ,Santa Maria-Santa Barbara  CA ,16,16,6577,0,0,0,0,0,0,0,0,0,16,16,6577,0,0,0,0,0,0,0,0,0
202004,999,42540, ,Scranton--Wilkes-Barre  PA ,2,2,470,0,0,0,0,0,0,0,0,0,0,0,0,0,0,0,0,0,0,0,0,0
202004,999,43100, ,Sheboygan  WI ,0,0,0,0,0,0,0,0,0,0,0,0,0,0,0,0,0,0,0,0,0,0,0,0
202004,999,43420, ,Sierra Vista-Douglas  AZ ,18,18,3740,0,0,0,0,0,0,0,0,0,18,18,3740,0,0,0,0,0,0,0,0,0
202004,999,43580, ,Sioux City  IA-NE-SD ,9,9,2606,0,0,0,0,0,0,0,0,0,1,1,330,0,0,0,0,0,0,0,0,0
202004,999,43620, ,Sioux Falls  SD ,130,130,26189,0,0,0,0,0,0,7,81,7716,130,130,26189,0,0,0,0,0,0,7,81,7716
202004,999,44140, ,Springfield  MA ,1,1,245,0,0,0,0,0,0,0,0,0,0,0,0,0,0,0,0,0,0,0,0,0
202004,999,44180, ,Springfield  MO ,55,55,10761,5,10,851,1,3,308,0,0,0,48,48,9446,4,8,600,0,0,0,0,0,0
202004,999,44940, ,Sumter  SC ,21,21,2476,0,0,0,0,0,0,0,0,0,21,21,2476,0,0,0,0,0,0,0,0,0
202004,999,45220, ,Tallahassee  FL ,83,83,15447,1,2,222,0,0,0,3,91,11692,30,30,4971,0,0,0,0,0,0,0,0,0
202004,999,45300,C,Tampa-St. Petersburg-Clearwater  FL ,1371,1371,416446,1,2,385,0,0,0,2,534,157149,1365,1365,414500,0,0,0,0,0,0,2,534,157149
202004,999,45460, ,Terre Haute  IN ,1,1,222,0,0,0,0,0,0,0,0,0,0,0,0,0,0,0,0,0,0,0,0,0
202004,999,45500, ,Texarkana  TX-AR ,3,3,628,0,0,0,0,0,0,0,0,0,0,0,0,0,0,0,0,0,0,0,0,0
202004,999,45820, ,Topeka  KS ,28,28,6638,0,0,0,0,0,0,1,134,10359,28,28,6638,0,0,0,0,0,0,1,134,10359
202004,999,46220, ,Tuscaloosa  AL ,29,29,7018,0,0,0,4,13,833,1,50,9184,3,3,983,0,0,0,0,0,0,0,0,0
202004,999,46300, ,Twin Falls  ID ,64,64,9002,0,0,0,0,0,0,0,0,0,62,62,8669,0,0,0,0,0,0,0,0,0
202004,999,46520,C,Urban Honolulu  HI ,55,55,22562,0,0,0,1,3,1949,2,95,17791,0,0,0,0,0,0,0,0,0,0,0,0
202004,999,46540, ,Utica-Rome  NY ,0,0,0,0,0,0,0,0,0,0,0,0,0,0,0,0,0,0,0,0,0,0,0,0
202004,999,46660, ,Valdosta  GA ,64,64,11773,1,2,133,0,0,0,0,0,0,21,21,4520,0,0,0,0,0,0,0,0,0
202004,999,47300, ,Visalia  CA ,80,80,18010,0,0,0,1,4,594,0,0,0,80,80,18010,0,0,0,1,4,594,0,0,0
202004,999,47380, ,Waco  TX ,48,48,10036,6,12,1126,0,0,0,0,0,0,48,48,10036,6,12,1126,0,0,0,0,0,0
202004,999,47940, ,Waterloo-Cedar Falls  IA ,5,5,1422,0,0,0,0,0,0,0,0,0,5,5,1422,0,0,0,0,0,0,0,0,0
202004,999,48060, ,Watertown-Fort Drum  NY ,7,7,873,0,0,0,0,0,0,0,0,0,1,1,80,0,0,0,0,0,0,0,0,0
202004,999,48300, ,Wenatchee  WA ,25,25,6537,0,0,0,0,0,0,2,10,1657,8,8,3508,0,0,0,0,0,0,2,10,1657
202004,999,48540, ,Wheeling  WV-OH ,0,0,0,0,0,0,0,0,0,0,0,0,0,0,0,0,0,0,0,0,0,0,0,0
202004,999,48660, ,Wichita Falls  TX ,0,0,0,0,0,0,0,0,0,0,0,0,0,0,0,0,0,0,0,0,0,0,0,0
202004,999,48900, ,Wilmington  NC ,104,104,33378,0,0,0,0,0,0,5,114,13578,0,0,0,0,0,0,0,0,0,0,0,0
202004,999,49420, ,Yakima  WA ,15,15,3004,0,0,0,1,3,403,0,0,0,15,15,3004,0,0,0,1,3,403,0,0,0
202004,999,49740, ,Yuma  AZ ,78,78,12643,1,2,159,0,0,0,0,0,0,61,61,10454,1,2,159,0,0,0,0,0,0
