Survey,CSA,CBSA,MONCOV,CBSA,,1-unit,,,2-units,,,3-4 units,,,5+ units,,,1-unit rep,,,2-units rep,,,3-4 units rep,,,5+ units rep
Date,Code,Code,,Name,Bldgs,Units,Value,Bldgs,Units,Value,Bldgs,Units,Value,Bldgs,Units,Value,Bldgs,Units,Value,Bldgs,Units,Value,      Bldgs,Units,Value,Bldgs,Units,Value
 
202012,104,10580,C,Albany-Schenectady-Troy  NY ,129,129,35766,1,2,160,3,11,2640,1,5,500,116,116,32516,0,0,0,2,8,2040,0,0,0
202012,104,24020, ,Glens Falls  NY ,46,46,11655,0,0,0,0,0,0,0,0,0,38,38,9673,0,0,0,0,0,0,0,0,0
202012,106,10740,C,Albuquerque  NM ,132,132,33006,0,0,0,0,0,0,1,9,375,61,61,17253,0,0,0,0,0,0,0,0,0
202012,106,42140,C,Santa Fe  NM ,37,37,8463,0,0,0,0,0,0,1,29,3555,0,0,0,0,0,0,0,0,0,0,0,0
202012,107,11020, ,Altoona  PA ,0,0,0,0,0,0,0,0,0,0,0,0,0,0,0,0,0,0,0,0,0,0,0,0
202012,108,11100, ,Amarillo  TX ,94,94,21914,0,0,0,0,0,0,6,36,4315,94,94,21914,0,0,0,0,0,0,6,36,4315
202012,118,11540, ,Appleton  WI ,25,25,8309,0,0,0,0,0,0,0,0,0,25,25,8309,0,0,0,0,0,0,0,0,0
202012,118,36780, ,Oshkosh-Neenah  WI ,17,17,5182,0,0,0,0,0,0,1,7,250,17,17,5182,0,0,0,0,0,0,1,7,250
202012,120,11700, ,Asheville  NC ,196,196,64688,0,0,0,0,0,0,3,47,4593,55,55,22077,0,0,0,0,0,0,0,0,0
202012,122,12020, ,Athens-Clarke County  GA ,45,45,16451,5,10,720,9,36,1630,0,0,0,45,45,16451,5,10,720,9,36,1630,0,0,0
202012,122,12060, ,Atlanta-Sandy Springs-Alpharetta  GA ,2559,2559,588894,0,0,0,4,14,2482,4,63,8704,2373,2373,550624,0,0,0,4,14,2482,3,58,7204
202012,122,23580, ,Gainesville  GA ,70,70,15765,1,2,150,0,0,0,0,0,0,10,10,1400,1,2,150,0,0,0,0,0,0
202012,122,40660,C,Rome  GA ,20,20,2298,0,0,0,0,0,0,0,0,0,20,20,2298,0,0,0,0,0,0,0,0,0
202012,140,13460,C,Bend  OR ,170,170,43934,6,12,1591,0,0,0,1,5,763,102,102,29672,3,6,821,0,0,0,0,0,0
202012,142,13820,C,Birmingham-Hoover  AL ,237,237,63712,2,4,422,0,0,0,1,7,706,164,164,46421,0,0,0,0,0,0,0,0,0
202012,144,14020,C,Bloomington  IN ,21,21,5591,0,0,0,0,0,0,1,40,4644,0,0,0,0,0,0,0,0,0,0,0,0
202012,145,14010, ,Bloomington  IL ,8,8,1476,0,0,0,0,0,0,0,0,0,8,8,1476,0,0,0,0,0,0,0,0,0
202012,146,14100,C,Bloomsburg-Berwick  PA ,3,3,733,1,2,286,0,0,0,0,0,0,0,0,0,0,0,0,0,0,0,0,0,0
202012,147,14260,C,Boise City  ID ,754,754,186973,8,16,2689,9,36,5153,2,35,3645,696,696,170644,8,16,2689,9,36,5153,2,35,3645
202012,148,12700, ,Barnstable Town  MA ,9,9,4318,0,0,0,2,6,900,0,0,0,7,7,2861,0,0,0,2,6,900,0,0,0
202012,148,14460,C,Boston-Cambridge-Newton  MA-NH ,425,425,139034,11,22,5584,12,40,6627,56,1053,223615,227,227,77556,5,10,2308,10,34,5545,12,670,187563
202012,148,31700, ,Manchester-Nashua  NH ,22,22,4749,2,4,440,0,0,0,3,93,10641,4,4,903,1,2,120,0,0,0,3,93,10641
202012,148,39300,C,Providence-Warwick  RI-MA ,159,159,36241,9,18,1481,1,3,173,3,18,2258,115,115,26661,6,12,1172,0,0,0,2,10,1800
202012,148,49340, ,Worcester  MA-CT ,14,14,3606,0,0,0,0,0,0,0,0,0,4,4,1297,0,0,0,0,0,0,0,0,0
202012,150,14540, ,Bowling Green  KY ,76,76,17718,1,2,275,0,0,0,0,0,0,76,76,17718,1,2,275,0,0,0,0,0,0
202012,154,15180, ,Brownsville-Harlingen  TX ,103,103,10611,5,10,1018,0,0,0,1,9,1010,0,0,0,0,0,0,0,0,0,0,0,0
202012,160,15380,C,Buffalo-Cheektowaga  NY ,78,78,24097,3,6,1086,0,0,0,3,36,5924,64,64,20616,3,6,1086,0,0,0,1,6,479
202012,162,15540, ,Burlington-South Burlington  VT ,18,18,6104,0,0,0,0,0,0,2,10,836,10,10,4069,0,0,0,0,0,0,0,0,0
202012,163,15980,C,Cape Coral-Fort Myers  FL ,746,746,143310,10,20,2527,6,24,5585,3,23,2246,740,740,141898,10,20,2527,6,24,5585,2,14,1476
202012,163,34940, ,Naples-Marco Island  FL ,310,310,74750,0,0,0,4,15,2472,3,30,3333,310,310,74750,0,0,0,4,15,2472,3,30,3333
202012,164,16020, ,Cape Girardeau  MO-IL ,0,0,0,0,0,0,0,0,0,0,0,0,0,0,0,0,0,0,0,0,0,0,0,0
202012,168,16300, ,Cedar Rapids  IA ,18,18,2717,2,4,612,0,0,0,0,0,0,16,16,2052,2,4,612,0,0,0,0,0,0
202012,168,26980, ,Iowa City  IA ,23,23,6075,0,0,0,0,0,0,0,0,0,21,21,5800,0,0,0,0,0,0,0,0,0
202012,170,16620, ,Charleston  WV ,13,13,759,0,0,0,0,0,0,0,0,0,8,8,556,0,0,0,0,0,0,0,0,0
202012,170,26580, ,Huntington-Ashland  WV-KY-OH ,17,17,3248,1,2,215,0,0,0,0,0,0,4,4,456,0,0,0,0,0,0,0,0,0
202012,172,16740, ,Charlotte-Concord-Gastonia  NC-SC ,1437,1437,378076,0,0,0,1,3,524,19,762,82530,1124,1124,268009,0,0,0,0,0,0,18,748,80941
202012,174,16860, ,Chattanooga  TN-GA ,157,157,32616,3,6,426,1,3,174,2,41,4058,110,110,22259,0,0,0,0,0,0,0,0,0
202012,174,17420, ,Cleveland  TN ,31,31,5587,0,0,0,0,0,0,0,0,0,10,10,1805,0,0,0,0,0,0,0,0,0
202012,176,16980, ,Chicago-Naperville-Elgin  IL-IN-WI ,704,704,199974,7,14,2565,15,47,8916,14,448,53050,611,611,173343,6,12,2164,14,44,7866,12,428,47727
202012,176,28100, ,Kankakee  IL ,1,1,311,0,0,0,0,0,0,0,0,0,1,1,311,0,0,0,0,0,0,0,0,0
202012,176,33140, ,Michigan City-La Porte  IN ,9,9,3196,0,0,0,0,0,0,0,0,0,8,8,3011,0,0,0,0,0,0,0,0,0
202012,178,17140, ,Cincinnati  OH-KY-IN ,473,473,139295,1,2,370,3,10,1260,2,24,2904,433,433,130377,1,2,370,3,10,1260,2,24,2904
202012,184,10420, ,Akron  OH ,45,45,26530,0,0,0,0,0,0,0,0,0,45,45,26530,0,0,0,0,0,0,0,0,0
202012,184,15940, ,Canton-Massillon  OH ,25,25,5541,1,2,278,1,4,400,4,37,2295,20,20,4958,1,2,278,1,4,400,3,32,1911
202012,184,17460, ,Cleveland-Elyria  OH ,241,241,71214,1,2,560,5,19,438,3,26,3000,210,210,64620,1,2,560,4,16,230,3,26,3000
202012,190,17860, ,Columbia  MO ,65,65,18482,0,0,0,0,0,0,0,0,0,64,64,18247,0,0,0,0,0,0,0,0,0
202012,192,17900,C,Columbia  SC ,446,446,99496,1,2,136,0,0,0,2,14,2280,109,109,21537,1,2,136,0,0,0,0,0,0
202012,194,12220,C,Auburn-Opelika  AL ,120,120,31188,1,2,434,0,0,0,0,0,0,87,87,23446,1,2,434,0,0,0,0,0,0
202012,194,17980, ,Columbus  GA-AL ,78,78,16965,0,0,0,0,0,0,0,0,0,78,78,16965,0,0,0,0,0,0,0,0,0
202012,198,18140, ,Columbus  OH ,487,487,158844,2,4,560,2,8,970,31,553,42908,441,441,147178,1,2,60,2,8,970,30,548,42294
202012,204,18580, ,Corpus Christi  TX ,160,160,36882,0,0,0,0,0,0,0,0,0,154,154,35902,0,0,0,0,0,0,0,0,0
202012,206,19100, ,Dallas-Fort Worth-Arlington  TX ,4342,4342,1036874,36,72,10235,6,23,3144,22,1086,95683,3117,3117,753159,31,62,9067,4,16,2309,10,647,51200
202012,209,19340, ,Davenport-Moline-Rock Island  IA-IL ,30,30,7154,0,0,0,1,3,480,1,15,1562,19,19,5513,0,0,0,1,3,480,0,0,0
202012,212,19430, ,Dayton-Kettering  OH ,87,87,27049,6,12,2250,0,0,0,1,124,11440,57,57,20488,6,12,2250,0,0,0,1,124,11440
202012,212,44220, ,Springfield  OH ,5,5,1458,0,0,0,0,0,0,0,0,0,5,5,1458,0,0,0,0,0,0,0,0,0
202012,216,14500, ,Boulder  CO ,64,64,26255,0,0,0,0,0,0,3,43,8230,50,50,20035,0,0,0,0,0,0,0,0,0
202012,216,19740,C,Denver-Aurora-Lakewood  CO ,1146,1146,336867,8,16,4401,3,9,1677,18,1841,346338,1131,1131,331994,8,16,4401,3,9,1677,18,1841,346338
202012,216,24540, ,Greeley  CO ,282,282,78879,6,12,2233,2,7,1745,3,31,3324,225,225,63338,6,12,2233,2,7,1745,2,11,2024
202012,218,11180, ,Ames  IA ,3,3,1447,0,0,0,0,0,0,0,0,0,3,3,1447,0,0,0,0,0,0,0,0,0
202012,218,19780, ,Des Moines-West Des Moines  IA ,366,366,106195,4,8,2021,0,0,0,7,332,47508,355,355,102778,4,8,2021,0,0,0,5,315,45801
202012,220,11460, ,Ann Arbor  MI ,25,25,8112,23,46,3848,1,4,973,0,0,0,15,15,5225,23,46,3848,1,4,973,0,0,0
202012,220,19820, ,Detroit-Warren-Dearborn  MI ,482,482,133215,1,2,238,1,3,238,20,474,83675,394,394,112275,1,2,238,0,0,0,16,441,79852
202012,220,22420, ,Flint  MI ,30,30,6419,0,0,0,2,7,1448,0,0,0,24,24,4683,0,0,0,0,0,0,0,0,0
202012,220,33780, ,Monroe  MI ,0,0,0,0,0,0,0,0,0,0,0,0,0,0,0,0,0,0,0,0,0,0,0,0
202012,222,20020, ,Dothan  AL ,23,23,5742,0,0,0,0,0,0,0,0,0,23,23,5742,0,0,0,0,0,0,0,0,0
202012,232,20740, ,Eau Claire  WI ,20,20,6032,1,2,380,0,0,0,0,0,0,20,20,6032,1,2,380,0,0,0,0,0,0
202012,236,21300, ,Elmira  NY ,0,0,0,0,0,0,0,0,0,0,0,0,0,0,0,0,0,0,0,0,0,0,0,0
202012,238,21340,C,El Paso  TX ,242,242,57956,2,4,581,1,4,533,1,24,2748,41,41,9558,0,0,0,0,0,0,0,0,0
202012,238,29740,C,Las Cruces  NM ,86,86,22300,0,0,0,0,0,0,0,0,0,74,74,19623,0,0,0,0,0,0,0,0,0
202012,240,21500, ,Erie  PA ,3,3,255,0,0,0,0,0,0,0,0,0,3,3,255,0,0,0,0,0,0,0,0,0
202012,244,22020, ,Fargo  ND-MN ,18,18,6381,0,0,0,0,0,0,2,86,9450,16,16,5795,0,0,0,0,0,0,2,86,9450
202012,246,22180, ,Fayetteville  NC ,128,128,22447,2,4,292,0,0,0,0,0,0,65,65,14767,2,4,292,0,0,0,0,0,0
202012,258,23060,C,Fort Wayne  IN ,99,99,27989,0,0,0,0,0,0,0,0,0,99,99,27989,0,0,0,0,0,0,0,0,0
202012,260,23420,C,Fresno  CA ,238,238,73466,3,6,1041,6,18,1148,8,68,9151,9,9,1936,0,0,0,0,0,0,0,0,0
202012,260,31460, ,Madera  CA ,58,58,16106,0,0,0,0,0,0,1,6,300,58,58,16106,0,0,0,0,0,0,1,6,300
202012,264,23540, ,Gainesville  FL ,34,34,7810,0,0,0,0,0,0,1,74,2520,20,20,5935,0,0,0,0,0,0,0,0,0
202012,266,24340, ,Grand Rapids-Kentwood  MI ,119,119,34415,0,0,0,0,0,0,2,40,17172,110,110,31678,0,0,0,0,0,0,1,26,15581
202012,266,34740, ,Muskegon  MI ,4,4,809,0,0,0,0,0,0,0,0,0,0,0,0,0,0,0,0,0,0,0,0,0
202012,267,24580, ,Green Bay  WI ,43,43,13078,0,0,0,0,0,0,1,5,310,28,28,8993,0,0,0,0,0,0,0,0,0
202012,268,15500, ,Burlington  NC ,83,83,14465,0,0,0,0,0,0,0,0,0,83,83,14465,0,0,0,0,0,0,0,0,0
202012,268,24660,C,Greensboro-High Point  NC ,151,151,41206,1,2,98,0,0,0,1,56,6839,80,80,18077,0,0,0,0,0,0,1,56,6839
202012,268,49180, ,Winston-Salem  NC ,208,208,37250,0,0,0,0,0,0,1,5,197,191,191,33391,0,0,0,0,0,0,0,0,0
202012,272,24780, ,Greenville  NC ,26,26,6674,1,2,256,0,0,0,0,0,0,26,26,6674,1,2,256,0,0,0,0,0,0
202012,273,24860, ,Greenville-Anderson  SC ,740,740,171236,1,2,119,0,0,0,10,318,35431,720,720,167225,1,2,119,0,0,0,10,318,35431
202012,273,43900, ,Spartanburg  SC ,275,275,44998,0,0,0,0,0,0,0,0,0,0,0,0,0,0,0,0,0,0,0,0,0
202012,276,23900,C,Gettysburg  PA ,22,22,6792,0,0,0,0,0,0,0,0,0,0,0,0,0,0,0,0,0,0,0,0,0
202012,276,25420,C,Harrisburg-Carlisle  PA ,127,127,26969,1,2,355,1,3,514,3,26,2437,78,78,16431,0,0,0,0,0,0,0,0,0
202012,276,30140, ,Lebanon  PA ,6,6,1126,0,0,0,0,0,0,0,0,0,6,6,1126,0,0,0,0,0,0,0,0,0
202012,276,49620, ,York-Hanover  PA ,37,37,6042,0,0,0,0,0,0,0,0,0,35,35,5515,0,0,0,0,0,0,0,0,0
202012,277,25500,C,Harrisonburg  VA ,82,82,20176,0,0,0,0,0,0,0,0,0,82,82,20176,0,0,0,0,0,0,0,0,0
202012,277,44420, ,Staunton  VA ,10,10,2197,0,0,0,0,0,0,2,80,10000,10,10,2197,0,0,0,0,0,0,2,80,10000
202012,278,25540,C,Hartford-East Hartford-Middletown  CT ,81,81,19822,2,4,420,0,0,0,4,65,5095,61,61,15498,0,0,0,0,0,0,1,47,3500
202012,278,35980, ,Norwich-New London  CT ,13,13,2941,0,0,0,0,0,0,0,0,0,9,9,2134,0,0,0,0,0,0,0,0,0
202012,279,25620, ,Hattiesburg  MS ,5,5,1208,0,0,0,1,3,462,0,0,0,0,0,0,0,0,0,0,0,0,0,0,0
202012,284,26300, ,Hot Springs  AR ,1,1,275,1,2,400,0,0,0,1,7,700,1,1,275,1,2,400,0,0,0,1,7,700
202012,288,26420, ,Houston-The Woodlands-Sugar Land  TX ,4566,4566,833859,10,20,2094,0,0,0,42,1899,219993,3692,3692,756061,10,20,2094,0,0,0,35,1732,200601
202012,290,19460, ,Decatur  AL ,16,16,5200,0,0,0,0,0,0,0,0,0,13,13,4830,0,0,0,0,0,0,0,0,0
202012,290,26620,C,Huntsville  AL ,367,367,62139,0,0,0,0,0,0,0,0,0,231,231,34204,0,0,0,0,0,0,0,0,0
202012,292,26820, ,Idaho Falls  ID ,158,158,24760,0,0,0,0,0,0,0,0,0,158,158,24760,0,0,0,0,0,0,0,0,0
202012,294,18020, ,Columbus  IN ,17,17,3923,0,0,0,0,0,0,0,0,0,17,17,3923,0,0,0,0,0,0,0,0,0
202012,294,26900, ,Indianapolis-Carmel-Anderson  IN ,739,739,225923,7,14,2319,2,8,2500,5,31,5063,703,703,216632,7,14,2319,2,8,2500,4,26,4960
202012,294,34620, ,Muncie  IN ,4,4,404,0,0,0,0,0,0,0,0,0,4,4,404,0,0,0,0,0,0,0,0,0
202012,296,27060, ,Ithaca  NY ,1,1,323,1,2,237,0,0,0,1,6,720,0,0,0,0,0,0,0,0,0,0,0,0
202012,297,27180, ,Jackson  TN ,18,18,5359,0,0,0,0,0,0,0,0,0,18,18,5359,0,0,0,0,0,0,0,0,0
202012,298,27140, ,Jackson  MS ,93,93,23223,0,0,0,0,0,0,1,21,2319,66,66,15660,0,0,0,0,0,0,0,0,0
202012,300,27260,C,Jacksonville  FL ,1271,1271,308435,7,14,1729,0,0,0,2,507,60768,1130,1130,274026,7,14,1729,0,0,0,2,507,60768
202012,304,27740, ,Johnson City  TN ,4,4,1141,1,2,95,0,0,0,0,0,0,4,4,1141,1,2,95,0,0,0,0,0,0
202012,304,28700, ,Kingsport-Bristol  TN-VA ,1,1,236,0,0,0,0,0,0,0,0,0,0,0,0,0,0,0,0,0,0,0,0,0
202012,306,27780, ,Johnstown  PA ,0,0,0,0,0,0,0,0,0,0,0,0,0,0,0,0,0,0,0,0,0,0,0,0
202012,308,27860, ,Jonesboro  AR ,43,43,6714,3,6,413,3,12,619,1,5,288,0,0,0,0,0,0,0,0,0,0,0,0
202012,309,27900, ,Joplin  MO ,4,4,571,2,4,544,0,0,0,0,0,0,3,3,368,2,4,544,0,0,0,0,0,0
202012,310,12980, ,Battle Creek  MI ,1,1,150,0,0,0,0,0,0,0,0,0,1,1,150,0,0,0,0,0,0,0,0,0
202012,310,28020, ,Kalamazoo-Portage  MI ,76,76,16008,0,0,0,0,0,0,0,0,0,72,72,15098,0,0,0,0,0,0,0,0,0
202012,312,28140, ,Kansas City  MO-KS ,576,576,166432,5,10,2102,1,4,275,16,281,38769,534,534,153357,4,8,1909,1,4,275,15,276,38188
202012,312,29940, ,Lawrence  KS ,19,19,6873,0,0,0,0,0,0,0,0,0,19,19,6873,0,0,0,0,0,0,0,0,0
202012,312,41140, ,St. Joseph  MO-KS ,0,0,0,0,0,0,0,0,0,0,0,0,0,0,0,0,0,0,0,0,0,0,0,0
202012,313,28420,C,Kennewick-Richland  WA ,177,177,53465,4,8,653,0,0,0,2,24,3275,177,177,53465,4,8,653,0,0,0,2,24,3275
202012,313,47460, ,Walla Walla  WA ,10,10,3074,0,0,0,0,0,0,0,0,0,9,9,2974,0,0,0,0,0,0,0,0,0
202012,315,28940, ,Knoxville  TN ,263,263,59837,0,0,0,1,4,745,1,11,723,244,244,56790,0,0,0,1,4,745,0,0,0
202012,316,29020, ,Kokomo  IN ,14,14,3465,0,0,0,0,0,0,0,0,0,14,14,3465,0,0,0,0,0,0,0,0,0
202012,318,29180, ,Lafayette  LA ,188,188,41451,0,0,0,0,0,0,0,0,0,144,144,33039,0,0,0,0,0,0,0,0,0
202012,320,29200, ,Lafayette-West Lafayette  IN ,43,43,11190,0,0,0,0,0,0,2,26,1843,38,38,10513,0,0,0,0,0,0,0,0,0
202012,324,29340, ,Lake Charles  LA ,79,79,13222,10,20,1312,0,0,0,0,0,0,36,36,4958,10,20,1312,0,0,0,0,0,0
202012,332,29820,C,Las Vegas-Henderson-Paradise  NV ,1255,1255,346433,22,44,3054,9,27,3707,12,229,31967,1255,1255,346433,22,44,3054,9,27,3707,12,229,31967
202012,336,30460,C,Lexington-Fayette  KY ,119,119,28210,0,0,0,1,3,900,1,55,5983,45,45,12438,0,0,0,1,3,900,0,0,0
202012,338,30620, ,Lima  OH ,0,0,0,0,0,0,0,0,0,0,0,0,0,0,0,0,0,0,0,0,0,0,0,0
202012,339,30700, ,Lincoln  NE ,92,92,21149,1,2,286,0,0,0,1,68,7625,3,3,750,0,0,0,0,0,0,0,0,0
202012,340,30780, ,Little Rock-North Little Rock-Conway  AR ,195,195,42195,1,2,152,0,0,0,1,7,192,144,144,34315,0,0,0,0,0,0,0,0,0
202012,340,38220, ,Pine Bluff  AR ,1,1,166,0,0,0,0,0,0,0,0,0,0,0,0,0,0,0,0,0,0,0,0,0
202012,348,31080,C,Los Angeles-Long Beach-Anaheim  CA ,931,931,238581,48,96,21126,13,45,11507,61,2612,615311,774,774,184213,42,84,18865,8,29,8003,47,2330,562732
202012,348,37100, ,Oxnard-Thousand Oaks-Ventura  CA ,6,6,2121,3,6,1384,0,0,0,8,119,15502,6,6,2121,3,6,1384,0,0,0,8,119,15502
202012,348,40140, ,Riverside-San Bernardino-Ontario  CA ,1117,1117,286345,1,2,274,10,38,5990,33,334,40100,1036,1036,267322,1,2,274,10,38,5990,30,311,38076
202012,350,21060, ,Elizabethtown-Fort Knox  KY ,40,40,8514,0,0,0,0,0,0,0,0,0,40,40,8514,0,0,0,0,0,0,0,0,0
202012,350,31140, ,Louisville-Jefferson County  KY-IN ,323,323,81793,1,2,650,0,0,0,5,120,5800,301,301,77316,1,2,650,0,0,0,5,120,5800
202012,352,31180, ,Lubbock  TX ,164,164,35149,26,52,6336,0,0,0,1,5,359,163,163,34976,26,52,6336,0,0,0,0,0,0
202012,356,31420, ,Macon-Bibb County  GA ,32,32,5072,0,0,0,0,0,0,0,0,0,0,0,0,0,0,0,0,0,0,0,0,0
202012,356,47580, ,Warner Robins  GA ,85,85,19459,1,2,118,0,0,0,0,0,0,63,63,13998,1,2,118,0,0,0,0,0,0
202012,357,27500, ,Janesville-Beloit  WI ,10,10,3429,0,0,0,0,0,0,0,0,0,4,4,1825,0,0,0,0,0,0,0,0,0
202012,357,31540, ,Madison  WI ,153,153,45299,2,4,656,7,28,3552,9,163,16266,127,127,38049,0,0,0,7,28,3552,8,155,14198
202012,359,31860, ,Mankato  MN ,9,9,2395,0,0,0,0,0,0,0,0,0,9,9,2395,0,0,0,0,0,0,0,0,0
202012,365,32580,C,McAllen-Edinburg-Mission  TX ,331,331,64567,19,38,1848,20,80,12488,4,74,8228,290,290,59360,18,36,1698,20,80,12488,4,74,8228
202012,366,32780, ,Medford  OR ,39,39,12792,2,4,848,0,0,0,0,0,0,39,39,12792,2,4,848,0,0,0,0,0,0
202012,368,32820, ,Memphis  TN-MS-AR ,351,351,71242,1,2,232,0,0,0,0,0,0,306,306,63856,1,2,232,0,0,0,0,0,0
202012,370,33100, ,Miami-Fort Lauderdale-Pompano Beach  FL ,958,958,339714,16,32,3663,2,8,2541,36,1165,112265,871,871,303371,16,32,3663,2,8,2541,32,1121,108599
202012,370,38940, ,Port St. Lucie  FL ,416,416,84540,4,8,892,0,0,0,0,0,0,416,416,84540,4,8,892,0,0,0,0,0,0
202012,370,42680, ,Sebastian-Vero Beach  FL ,124,124,55821,1,2,251,0,0,0,0,0,0,124,124,55821,1,2,251,0,0,0,0,0,0
202012,372,33260, ,Midland  TX ,48,48,11760,0,0,0,0,0,0,0,0,0,48,48,11760,0,0,0,0,0,0,0,0,0
202012,372,36220,C,Odessa  TX ,109,109,25411,0,0,0,0,0,0,0,0,0,109,109,25411,0,0,0,0,0,0,0,0,0
202012,376,33340,C,Milwaukee-Waukesha  WI ,110,110,50769,4,8,1414,0,0,0,0,0,0,97,97,42290,4,8,1414,0,0,0,0,0,0
202012,376,39540, ,Racine  WI ,12,12,3896,0,0,0,0,0,0,0,0,0,12,12,3896,0,0,0,0,0,0,0,0,0
202012,378,33460, ,Minneapolis-St. Paul-Bloomington  MN-WI ,960,960,302164,4,8,1473,1,4,672,12,1439,215919,880,880,275129,3,6,1116,1,4,672,10,1420,213924
202012,378,41060, ,St. Cloud  MN ,1,1,277,0,0,0,0,0,0,0,0,0,0,0,0,0,0,0,0,0,0,0,0,0
202012,380,19300, ,Daphne-Fairhope-Foley  AL ,230,230,48972,0,0,0,0,0,0,1,10,801,76,76,22639,0,0,0,0,0,0,0,0,0
202012,380,33660, ,Mobile  AL ,101,101,21962,0,0,0,0,0,0,0,0,0,101,101,21962,0,0,0,0,0,0,0,0,0
202012,384,33740, ,Monroe  LA ,27,27,6040,1,2,73,1,3,472,1,5,579,18,18,4196,0,0,0,0,0,0,0,0,0
202012,388,33860, ,Montgomery  AL ,74,74,15934,1,2,60,0,0,0,0,0,0,74,74,15934,1,2,60,0,0,0,0,0,0
202012,390,34060, ,Morgantown  WV ,2,2,58,0,0,0,0,0,0,0,0,0,2,2,58,0,0,0,0,0,0,0,0,0
202012,396,34820, ,Myrtle Beach-Conway-North Myrtle Beach  SC-NC ,664,664,128131,24,48,4491,0,0,0,1,5,250,533,533,98650,24,48,4491,0,0,0,0,0,0
202012,400,34980, ,Nashville-Davidson--Murfreesboro--Franklin  TN ,1363,1363,350986,2,4,420,3,10,1007,8,735,60700,1183,1183,302728,2,4,420,3,10,1007,7,730,60075
202012,406,25220, ,Hammond  LA ,85,85,16534,0,0,0,0,0,0,0,0,0,0,0,0,0,0,0,0,0,0,0,0,0
202012,406,35380, ,New Orleans-Metairie  LA ,318,318,75748,16,32,3964,1,3,373,1,34,6327,236,236,56842,5,10,1599,0,0,0,0,0,0
202012,408,14860,C,Bridgeport-Stamford-Norwalk  CT ,68,68,42025,1,2,550,0,0,0,4,58,10942,37,37,17023,1,2,550,0,0,0,2,38,3743
202012,408,20700, ,East Stroudsburg  PA ,13,13,3616,0,0,0,0,0,0,0,0,0,10,10,2822,0,0,0,0,0,0,0,0,0
202012,408,28740, ,Kingston  NY ,6,6,1220,0,0,0,0,0,0,1,6,1463,5,5,1045,0,0,0,0,0,0,0,0,0
202012,408,35300, ,New Haven-Milford  CT ,16,16,3872,0,0,0,0,0,0,1,13,843,11,11,3012,0,0,0,0,0,0,0,0,0
202012,408,35620,C,New York-Newark-Jersey City  NY-NJ-PA ,1021,1021,284384,47,94,13645,20,66,6595,135,4022,445413,791,791,214227,38,76,10941,16,54,6044,89,3301,360851
202012,408,39100, ,Poughkeepsie-Newburgh-Middletown  NY ,20,20,6421,0,0,0,0,0,0,5,118,16645,9,9,1955,0,0,0,0,0,0,5,118,16645
202012,408,45940,C,Trenton-Princeton  NJ ,25,25,28880,0,0,0,0,0,0,2,11,514,21,21,27932,0,0,0,0,0,0,1,5,18
202012,412,35840,C,North Port-Sarasota-Bradenton  FL ,802,802,226457,1,2,438,1,4,479,5,40,5393,802,802,226457,1,2,438,1,4,479,5,40,5393
202012,412,39460, ,Punta Gorda  FL ,194,194,54136,2,4,491,0,0,0,13,310,47998,194,194,54136,2,4,491,0,0,0,13,310,47998
202012,416,36420,C,Oklahoma City  OK ,597,597,150715,7,14,1289,2,8,1680,0,0,0,519,519,135971,5,10,900,2,8,1680,0,0,0
202012,420,36540, ,Omaha-Council Bluffs  NE-IA ,292,292,67165,0,0,0,0,0,0,6,199,16216,246,246,55465,0,0,0,0,0,0,5,194,15662
202012,422,19660, ,Deltona-Daytona Beach-Ormond Beach  FL ,322,322,88565,17,34,5303,0,0,0,2,37,5490,306,306,84862,17,34,5303,0,0,0,0,0,0
202012,422,29460, ,Lakeland-Winter Haven  FL ,773,773,153255,0,0,0,0,0,0,4,174,26994,617,617,111389,0,0,0,0,0,0,4,174,26994
202012,422,36740, ,Orlando-Kissimmee-Sanford  FL ,1299,1299,360978,3,6,1125,1,3,357,7,282,34262,768,768,224333,2,4,759,0,0,0,0,0,0
202012,422,45540,C,The Villages  FL ,281,281,76979,0,0,0,0,0,0,0,0,0,281,281,76979,0,0,0,0,0,0,0,0,0
202012,425,37620, ,Parkersburg-Vienna  WV ,3,3,1150,0,0,0,0,0,0,0,0,0,3,3,1150,0,0,0,0,0,0,0,0,0
202012,426,37860,C,Pensacola-Ferry Pass-Brent  FL ,419,419,97798,0,0,0,0,0,0,0,0,0,419,419,97798,0,0,0,0,0,0,0,0,0
202012,428,12100,C,Atlantic City-Hammonton  NJ ,58,58,24310,0,0,0,0,0,0,1,10,1195,57,57,23391,0,0,0,0,0,0,0,0,0
202012,428,20100,C,Dover  DE ,209,209,29199,8,16,1675,0,0,0,0,0,0,207,207,28769,8,16,1675,0,0,0,0,0,0
202012,428,36140,C,Ocean City  NJ ,45,45,20954,16,32,6215,0,0,0,1,5,48,38,38,19734,16,32,6215,0,0,0,0,0,0
202012,428,37980,C,Philadelphia-Camden-Wilmington  PA-NJ-DE-MD ,654,654,115427,24,48,10519,8,29,3413,30,809,77126,397,397,74677,24,48,10519,7,26,3285,17,701,68205
202012,428,39740, ,Reading  PA ,3,3,816,0,0,0,0,0,0,0,0,0,1,1,200,0,0,0,0,0,0,0,0,0
202012,428,47220,C,Vineland-Bridgeton  NJ ,5,5,511,0,0,0,0,0,0,0,0,0,3,3,329,0,0,0,0,0,0,0,0,0
202012,429,38060,C,Phoenix-Mesa-Chandler  AZ ,3271,3271,817527,34,68,6438,7,21,4149,66,1902,229811,3188,3188,798899,33,66,6179,7,21,4149,64,1746,202663
202012,430,38300, ,Pittsburgh  PA ,106,106,32148,1,2,666,1,3,310,1,68,8858,65,65,22850,1,2,666,0,0,0,0,0,0
202012,430,48260, ,Weirton-Steubenville  WV-OH ,0,0,0,0,0,0,0,0,0,0,0,0,0,0,0,0,0,0,0,0,0,0,0,0
202012,438,30340, ,Lewiston-Auburn  ME ,4,4,1239,0,0,0,0,0,0,0,0,0,3,3,1051,0,0,0,0,0,0,0,0,0
202012,438,38860, ,Portland-South Portland  ME ,116,116,31971,1,2,396,1,4,300,1,5,348,50,50,13643,0,0,0,1,4,300,0,0,0
202012,440,10540, ,Albany-Lebanon  OR ,39,39,9055,0,0,0,0,0,0,3,31,2920,1,1,191,0,0,0,0,0,0,0,0,0
202012,440,18700, ,Corvallis  OR ,5,5,916,0,0,0,0,0,0,2,18,2610,5,5,916,0,0,0,0,0,0,2,18,2610
202012,440,31020, ,Longview  WA ,26,26,5883,0,0,0,0,0,0,0,0,0,0,0,0,0,0,0,0,0,0,0,0,0
202012,440,38900, ,Portland-Vancouver-Hillsboro  OR-WA ,745,745,209275,3,6,1184,1,4,767,22,443,48830,575,575,156492,2,4,819,1,4,767,19,407,45355
202012,440,41420, ,Salem  OR ,57,57,15364,1,2,400,0,0,0,21,252,26060,57,57,15364,1,2,400,0,0,0,21,252,26060
202012,444,39380,C,Pueblo  CO ,51,51,8246,0,0,0,0,0,0,0,0,0,0,0,0,0,0,0,0,0,0,0,0,0
202012,450,20500,C,Durham-Chapel Hill  NC ,354,354,80737,0,0,0,1,3,750,3,149,22304,75,75,19253,0,0,0,0,0,0,0,0,0
202012,450,39580,C,Raleigh-Cary  NC ,1062,1062,256499,0,0,0,0,0,0,6,216,65439,1057,1057,255484,0,0,0,0,0,0,6,216,65439
202012,452,39660, ,Rapid City  SD ,52,52,12461,0,0,0,2,8,1010,2,42,5870,52,52,12461,0,0,0,2,8,1010,2,42,5870
202012,454,39820, ,Redding  CA ,7,7,3338,0,0,0,0,0,0,0,0,0,7,7,3338,0,0,0,0,0,0,0,0,0
202012,456,16180,C,Carson City  NV ,18,18,4792,0,0,0,1,3,382,1,9,899,0,0,0,0,0,0,0,0,0,0,0,0
202012,456,39900,C,Reno  NV ,262,262,70495,2,4,414,1,3,404,13,249,32642,77,77,17915,0,0,0,0,0,0,0,0,0
202012,462,40340, ,Rochester  MN ,22,22,7072,0,0,0,0,0,0,1,8,380,22,22,7072,0,0,0,0,0,0,1,8,380
202012,464,40380, ,Rochester  NY ,82,82,23295,1,2,303,2,7,704,2,32,4437,67,67,19709,0,0,0,1,4,464,1,5,425
202012,466,40420, ,Rockford  IL ,6,6,1242,0,0,0,0,0,0,0,0,0,6,6,1242,0,0,0,0,0,0,0,0,0
202012,472,40900,C,Sacramento-Roseville-Folsom  CA ,823,823,243733,11,22,3208,14,53,11511,12,536,121514,808,808,239460,10,20,2725,14,53,11511,11,528,119461
202012,474,13020, ,Bay City  MI ,1,1,229,0,0,0,0,0,0,0,0,0,0,0,0,0,0,0,0,0,0,0,0,0
202012,474,33220, ,Midland  MI ,4,4,557,0,0,0,0,0,0,0,0,0,4,4,557,0,0,0,0,0,0,0,0,0
202012,474,40980, ,Saginaw  MI ,1,1,235,0,0,0,0,0,0,0,0,0,1,1,235,0,0,0,0,0,0,0,0,0
202012,476,41180, ,St. Louis  MO-IL ,473,473,142284,4,8,1157,3,11,1658,10,139,11403,404,404,121533,4,8,1157,2,8,1000,7,98,7665
202012,480,41540, ,Salisbury  MD-DE ,475,475,70377,12,24,2480,1,3,434,0,0,0,465,465,68482,12,24,2480,1,3,434,0,0,0
202012,482,36260, ,Ogden-Clearfield  UT ,285,285,76367,3,6,1440,3,10,1459,4,72,8186,257,257,69624,3,6,1440,0,0,0,1,54,6455
202012,482,39340, ,Provo-Orem  UT ,486,486,150715,0,0,0,8,32,5621,16,194,25020,468,468,141957,0,0,0,8,32,5621,16,194,25020
202012,482,41620, ,Salt Lake City  UT ,402,402,114812,13,26,3490,4,14,2587,7,422,65271,321,321,95297,11,22,2824,3,11,2058,1,18,4823
202012,484,41700,C,San Antonio-New Braunfels  TX ,1047,1047,234275,15,30,3784,1,4,423,20,541,61722,527,527,116697,13,26,3211,0,0,0,9,184,22054
202012,488,32900, ,Merced  CA ,11,11,2553,0,0,0,0,0,0,0,0,0,4,4,1025,0,0,0,0,0,0,0,0,0
202012,488,33700, ,Modesto  CA ,6,6,1543,0,0,0,0,0,0,0,0,0,6,6,1543,0,0,0,0,0,0,0,0,0
202012,488,41860,C,San Francisco-Oakland-Berkeley  CA ,301,301,108761,4,8,2889,1,3,350,21,474,124355,218,218,78198,2,4,608,1,3,350,13,355,100189
202012,488,41940,C,San Jose-Sunnyvale-Santa Clara  CA ,232,232,75138,1,2,593,1,3,795,9,222,38461,125,125,36268,0,0,0,0,0,0,4,105,14553
202012,488,42100, ,Santa Cruz-Watsonville  CA ,0,0,0,0,0,0,0,0,0,0,0,0,0,0,0,0,0,0,0,0,0,0,0,0
202012,488,42220, ,Santa Rosa-Petaluma  CA ,61,61,20438,1,2,435,0,0,0,1,89,18300,54,54,19078,1,2,435,0,0,0,1,89,18300
202012,488,44700, ,Stockton  CA ,251,251,73296,0,0,0,0,0,0,1,21,2692,154,154,41133,0,0,0,0,0,0,0,0,0
202012,488,46700, ,Vallejo  CA ,82,82,25476,0,0,0,0,0,0,4,471,67957,82,82,25476,0,0,0,0,0,0,4,471,67957
202012,496,25980, ,Hinesville  GA ,34,34,8459,0,0,0,0,0,0,0,0,0,34,34,8459,0,0,0,0,0,0,0,0,0
202012,496,42340, ,Savannah  GA ,170,170,41408,0,0,0,0,0,0,14,391,18250,103,103,23295,0,0,0,0,0,0,14,391,18250
202012,500,14740,C,Bremerton-Silverdale-Port Orchard  WA ,93,93,27534,0,0,0,0,0,0,2,58,3400,93,93,27534,0,0,0,0,0,0,2,58,3400
202012,500,34580, ,Mount Vernon-Anacortes  WA ,23,23,6724,0,0,0,0,0,0,0,0,0,23,23,6724,0,0,0,0,0,0,0,0,0
202012,500,36500, ,Olympia-Lacey-Tumwater  WA ,57,57,15566,1,2,302,0,0,0,1,9,383,49,49,13864,1,2,302,0,0,0,0,0,0
202012,500,42660,C,Seattle-Tacoma-Bellevue  WA ,695,695,242894,33,66,18083,17,60,12924,50,1820,367536,555,555,186631,31,62,17093,17,60,12924,41,1489,331295
202012,508,43340,C,Shreveport-Bossier City  LA ,89,89,20895,0,0,0,0,0,0,0,0,0,42,42,11929,0,0,0,0,0,0,0,0,0
202012,515,21140, ,Elkhart-Goshen  IN ,26,26,7642,0,0,0,0,0,0,0,0,0,26,26,7642,0,0,0,0,0,0,0,0,0
202012,515,35660, ,Niles  MI ,1,1,1090,0,0,0,0,0,0,0,0,0,1,1,1090,0,0,0,0,0,0,0,0,0
202012,515,43780, ,South Bend-Mishawaka  IN-MI ,25,25,8507,0,0,0,0,0,0,0,0,0,25,25,8507,0,0,0,0,0,0,0,0,0
202012,518,17660, ,Coeur dAlene  ID ,117,117,31624,0,0,0,0,0,0,2,57,5830,87,87,24817,0,0,0,0,0,0,1,24,2133
202012,518,44060, ,Spokane-Spokane Valley  WA ,129,129,31235,5,10,1332,1,3,440,1,14,1585,94,94,21983,4,8,1108,0,0,0,0,0,0
202012,522,44100, ,Springfield  IL ,6,6,2371,1,2,560,0,0,0,3,36,2100,5,5,2121,1,2,560,0,0,0,3,36,2100
202012,524,44300, ,State College  PA ,17,17,6641,0,0,0,0,0,0,0,0,0,17,17,6641,0,0,0,0,0,0,0,0,0
202012,532,45060, ,Syracuse  NY ,11,11,2084,0,0,0,0,0,0,0,0,0,5,5,1241,0,0,0,0,0,0,0,0,0
202012,534,45780, ,Toledo  OH ,60,60,17418,0,0,0,0,0,0,7,65,6650,59,59,17306,0,0,0,0,0,0,7,65,6650
202012,536,46060,C,Tucson  AZ ,383,383,113240,2,4,474,0,0,0,6,94,14123,278,278,86307,0,0,0,0,0,0,0,0,0
202012,538,46140,C,Tulsa  OK ,364,364,82136,2,4,480,0,0,0,2,65,5338,357,357,80806,2,4,480,0,0,0,1,58,4800
202012,540,46340, ,Tyler  TX ,24,24,5595,5,10,1235,0,0,0,0,0,0,24,24,5595,5,10,1235,0,0,0,0,0,0
202012,545,47260, ,Virginia Beach-Norfolk-Newport News  VA-NC ,431,431,92959,0,0,0,0,0,0,1,5,957,404,404,90602,0,0,0,0,0,0,1,5,957
202012,548,12580,C,Baltimore-Columbia-Towson  MD ,414,414,96612,0,0,0,0,0,0,4,264,11727,396,396,93344,0,0,0,0,0,0,2,226,4809
202012,548,15680,C,California-Lexington Park  MD ,67,67,15403,1,2,325,0,0,0,1,5,896,7,7,2875,0,0,0,0,0,0,0,0,0
202012,548,16540,C,Chambersburg-Waynesboro  PA ,21,21,4628,0,0,0,0,0,0,0,0,0,20,20,4367,0,0,0,0,0,0,0,0,0
202012,548,25180, ,Hagerstown-Martinsburg  MD-WV ,112,112,27444,1,2,120,0,0,0,0,0,0,101,101,25703,1,2,120,0,0,0,0,0,0
202012,548,47900, ,Washington-Arlington-Alexandria  DC-VA-MD-WV ,1102,1102,274381,8,16,1976,1,3,859,31,1711,233761,1014,1014,251625,8,16,1976,0,0,0,28,1659,227613
202012,548,49020, ,Winchester  VA-WV ,53,53,18364,0,0,0,0,0,0,0,0,0,53,53,18364,0,0,0,0,0,0,0,0,0
202012,554,48140, ,Wausau-Weston  WI ,12,12,3253,0,0,0,0,0,0,0,0,0,5,5,1482,0,0,0,0,0,0,0,0,0
202012,556,48620, ,Wichita  KS ,80,80,12817,17,34,3175,0,0,0,0,0,0,80,80,12817,17,34,3175,0,0,0,0,0,0
202012,558,48700, ,Williamsport  PA ,0,0,0,0,0,0,0,0,0,0,0,0,0,0,0,0,0,0,0,0,0,0,0,0
202012,566,49660, ,Youngstown-Warren-Boardman  OH-PA ,17,17,3728,0,0,0,0,0,0,0,0,0,10,10,2521,0,0,0,0,0,0,0,0,0
202012,999,10180, ,Abilene  TX ,37,37,7736,8,16,1502,0,0,0,0,0,0,37,37,7736,8,16,1502,0,0,0,0,0,0
202012,999,10500, ,Albany  GA ,17,17,1165,0,0,0,0,0,0,1,15,2239,15,15,755,0,0,0,0,0,0,0,0,0
202012,999,10780, ,Alexandria  LA ,16,16,3898,0,0,0,0,0,0,0,0,0,9,9,2052,0,0,0,0,0,0,0,0,0
202012,999,10900, ,Allentown-Bethlehem-Easton  PA-NJ ,23,23,4738,1,2,29,0,0,0,1,5,483,18,18,3754,1,2,29,0,0,0,0,0,0
202012,999,11260,C,Anchorage  AK ,89,89,27760,1,2,346,1,4,695,2,21,3320,1,1,193,1,2,346,0,0,0,0,0,0
202012,999,11500, ,Anniston-Oxford  AL ,14,14,2398,0,0,0,0,0,0,0,0,0,13,13,2318,0,0,0,0,0,0,0,0,0
202012,999,12260, ,Augusta-Richmond County  GA-SC ,273,273,56427,3,6,623,1,3,314,0,0,0,160,160,33906,0,0,0,1,3,314,0,0,0
202012,999,12420, ,Austin-Round Rock-Georgetown  TX ,2118,2118,443158,12,24,3474,0,0,0,25,1538,348705,1760,1760,364268,12,24,3474,0,0,0,25,1538,348705
202012,999,12540, ,Bakersfield  CA ,181,181,45450,2,4,239,1,3,213,1,5,1277,31,31,4018,2,4,239,0,0,0,0,0,0
202012,999,12620, ,Bangor  ME ,5,5,1408,3,6,924,0,0,0,0,0,0,1,1,286,3,6,924,0,0,0,0,0,0
202012,999,12940, ,Baton Rouge  LA ,351,351,76133,3,6,731,0,0,0,0,0,0,238,238,53197,3,6,731,0,0,0,0,0,0
202012,999,13140, ,Beaumont-Port Arthur  TX ,98,98,12686,3,6,545,0,0,0,0,0,0,98,98,12686,3,6,545,0,0,0,0,0,0
202012,999,13220,C,Beckley  WV ,5,5,848,0,0,0,0,0,0,0,0,0,1,1,300,0,0,0,0,0,0,0,0,0
202012,999,13380, ,Bellingham  WA ,50,50,15082,2,4,629,2,6,1298,0,0,0,39,39,12282,2,4,629,1,3,750,0,0,0
202012,999,13740, ,Billings  MT ,34,34,8495,10,20,3485,0,0,0,0,0,0,34,34,8495,10,20,3485,0,0,0,0,0,0
202012,999,13780, ,Binghamton  NY ,0,0,0,0,0,0,0,0,0,0,0,0,0,0,0,0,0,0,0,0,0,0,0,0
202012,999,13900, ,Bismarck  ND ,20,20,5136,8,16,1636,0,0,0,1,44,3300,20,20,5136,8,16,1636,0,0,0,1,44,3300
202012,999,13980, ,Blacksburg-Christiansburg  VA ,7,7,1924,0,0,0,0,0,0,0,0,0,7,7,1924,0,0,0,0,0,0,0,0,0
202012,999,15260, ,Brunswick  GA ,36,36,17576,2,4,1600,0,0,0,0,0,0,36,36,17576,2,4,1600,0,0,0,0,0,0
202012,999,16220,C,Casper  WY ,9,9,2121,0,0,0,1,4,470,0,0,0,9,9,2121,0,0,0,1,4,470,0,0,0
202012,999,16580, ,Champaign-Urbana  IL ,6,6,1606,0,0,0,0,0,0,0,0,0,6,6,1606,0,0,0,0,0,0,0,0,0
202012,999,16700,C,Charleston-North Charleston  SC ,524,524,144743,0,0,0,1,3,238,4,125,7407,163,163,58265,0,0,0,0,0,0,0,0,0
202012,999,16820, ,Charlottesville  VA ,75,75,22780,0,0,0,0,0,0,1,18,1740,0,0,0,0,0,0,0,0,0,0,0,0
202012,999,16940, ,Cheyenne  WY ,31,31,6917,0,0,0,2,8,543,5,70,11955,31,31,6917,0,0,0,2,8,543,5,70,11955
202012,999,17020, ,Chico  CA ,35,35,7131,0,0,0,1,4,549,13,146,17156,35,35,7131,0,0,0,1,4,549,13,146,17156
202012,999,17300,C,Clarksville  TN-KY ,246,246,39357,0,0,0,24,96,6880,5,30,1404,242,242,38880,0,0,0,24,96,6880,5,30,1404
202012,999,17780, ,College Station-Bryan  TX ,136,136,23181,1,2,275,0,0,0,0,0,0,136,136,23181,1,2,275,0,0,0,0,0,0
202012,999,17820,C,Colorado Springs  CO ,412,412,152468,11,22,2309,0,0,0,1,50,10053,411,411,152368,11,22,2309,0,0,0,1,50,10053
202012,999,18880,C,Crestview-Fort Walton Beach-Destin  FL ,149,149,63944,0,0,0,0,0,0,0,0,0,149,149,63944,0,0,0,0,0,0,0,0,0
202012,999,19060, ,Cumberland  MD-WV ,2,2,430,0,0,0,0,0,0,0,0,0,2,2,430,0,0,0,0,0,0,0,0,0
202012,999,19180, ,Danville  IL ,0,0,0,0,0,0,0,0,0,0,0,0,0,0,0,0,0,0,0,0,0,0,0,0
202012,999,19500, ,Decatur  IL ,0,0,0,0,0,0,0,0,0,0,0,0,0,0,0,0,0,0,0,0,0,0,0,0
202012,999,20220, ,Dubuque  IA ,7,7,2062,0,0,0,0,0,0,0,0,0,7,7,2062,0,0,0,0,0,0,0,0,0
202012,999,20260, ,Duluth  MN-WI ,3,3,375,0,0,0,0,0,0,0,0,0,3,3,375,0,0,0,0,0,0,0,0,0
202012,999,20940, ,El Centro  CA ,20,20,3671,0,0,0,0,0,0,0,0,0,20,20,3671,0,0,0,0,0,0,0,0,0
202012,999,21420, ,Enid  OK ,3,3,695,0,0,0,0,0,0,0,0,0,3,3,695,0,0,0,0,0,0,0,0,0
202012,999,21660, ,Eugene-Springfield  OR ,69,69,16924,0,0,0,0,0,0,2,16,1913,47,47,11301,0,0,0,0,0,0,2,16,1913
202012,999,21780, ,Evansville  IN-KY ,65,65,18242,2,4,593,0,0,0,2,87,3490,52,52,15754,1,2,346,0,0,0,2,87,3490
202012,999,21820,C,Fairbanks  AK ,0,0,0,0,0,0,0,0,0,0,0,0,0,0,0,0,0,0,0,0,0,0,0,0
202012,999,22140,C,Farmington  NM ,10,10,2686,0,0,0,0,0,0,0,0,0,10,10,2686,0,0,0,0,0,0,0,0,0
202012,999,22220, ,Fayetteville-Springdale-Rogers  AR-MO ,413,413,109452,13,26,3783,0,0,0,1,5,281,396,396,106027,13,26,3783,0,0,0,0,0,0
202012,999,22380, ,Flagstaff  AZ ,34,34,7893,0,0,0,0,0,0,0,0,0,34,34,7893,0,0,0,0,0,0,0,0,0
202012,999,22500, ,Florence  SC ,61,61,10240,1,2,172,10,30,2430,1,11,1272,36,36,6805,1,2,172,10,30,2430,0,0,0
202012,999,22520, ,Florence-Muscle Shoals  AL ,21,21,2514,0,0,0,0,0,0,0,0,0,6,6,741,0,0,0,0,0,0,0,0,0
202012,999,22540, ,Fond du Lac  WI ,1,1,225,0,0,0,0,0,0,0,0,0,1,1,225,0,0,0,0,0,0,0,0,0
202012,999,22660,C,Fort Collins  CO ,148,148,43383,0,0,0,0,0,0,6,85,8738,110,110,34305,0,0,0,0,0,0,3,68,7231
202012,999,22900, ,Fort Smith  AR-OK ,38,38,6903,3,6,424,0,0,0,0,0,0,31,31,5812,3,6,424,0,0,0,0,0,0
202012,999,23460, ,Gadsden  AL ,6,6,1083,0,0,0,0,0,0,0,0,0,0,0,0,0,0,0,0,0,0,0,0,0
202012,999,24220, ,Grand Forks  ND-MN ,0,0,0,0,0,0,0,0,0,0,0,0,0,0,0,0,0,0,0,0,0,0,0,0
202012,999,24260, ,Grand Island  NE ,5,5,587,0,0,0,0,0,0,0,0,0,5,5,587,0,0,0,0,0,0,0,0,0
202012,999,24300,C,Grand Junction  CO ,65,65,10744,0,0,0,0,0,0,0,0,0,65,65,10744,0,0,0,0,0,0,0,0,0
202012,999,24500,C,Great Falls  MT ,15,15,4082,0,0,0,0,0,0,0,0,0,15,15,4082,0,0,0,0,0,0,0,0,0
202012,999,25060, ,Gulfport-Biloxi  MS ,197,197,37240,0,0,0,1,3,301,1,6,508,102,102,22419,0,0,0,0,0,0,0,0,0
202012,999,25860, ,Hickory-Lenoir-Morganton  NC ,1,1,151,0,0,0,0,0,0,1,5,279,0,0,0,0,0,0,0,0,0,0,0,0
202012,999,25940, ,Hilton Head Island-Bluffton  SC ,95,95,34717,0,0,0,0,0,0,0,0,0,61,61,17384,0,0,0,0,0,0,0,0,0
202012,999,26140, ,Homosassa Springs  FL ,74,74,15256,1,2,55,0,0,0,0,0,0,0,0,0,0,0,0,0,0,0,0,0,0
202012,999,26380, ,Houma-Thibodaux  LA ,27,27,6186,1,2,156,0,0,0,0,0,0,13,13,2369,0,0,0,0,0,0,0,0,0
202012,999,27100, ,Jackson  MI ,0,0,0,0,0,0,0,0,0,0,0,0,0,0,0,0,0,0,0,0,0,0,0,0
202012,999,27340,C,Jacksonville  NC ,79,79,12974,0,0,0,0,0,0,0,0,0,79,79,12974,0,0,0,0,0,0,0,0,0
202012,999,27980,C,Kahului-Wailuku-Lahaina  HI ,24,24,6812,1,2,500,0,0,0,0,0,0,24,24,6812,1,2,500,0,0,0,0,0,0
202012,999,28660,C,Killeen-Temple  TX ,235,235,26623,10,20,1605,0,0,0,0,0,0,224,224,24220,8,16,1212,0,0,0,0,0,0
202012,999,29100, ,La Crosse-Onalaska  WI-MN ,10,10,2457,0,0,0,0,0,0,0,0,0,10,10,2457,0,0,0,0,0,0,0,0,0
202012,999,29420, ,Lake Havasu City-Kingman  AZ ,127,127,27726,2,4,429,1,3,209,0,0,0,127,127,27726,2,4,429,1,3,209,0,0,0
202012,999,29540, ,Lancaster  PA ,5,5,925,2,4,400,0,0,0,0,0,0,5,5,925,2,4,400,0,0,0,0,0,0
202012,999,29620, ,Lansing-East Lansing  MI ,11,11,2558,0,0,0,0,0,0,1,5,568,8,8,2010,0,0,0,0,0,0,0,0,0
202012,999,29700, ,Laredo  TX ,140,140,28686,7,14,1310,1,4,445,1,11,940,0,0,0,0,0,0,0,0,0,0,0,0
202012,999,30020, ,Lawton  OK ,4,4,780,0,0,0,0,0,0,0,0,0,4,4,780,0,0,0,0,0,0,0,0,0
202012,999,30300, ,Lewiston  ID-WA ,0,0,0,0,0,0,0,0,0,0,0,0,0,0,0,0,0,0,0,0,0,0,0,0
202012,999,30860, ,Logan  UT-ID ,24,24,5181,0,0,0,0,0,0,6,49,7379,24,24,5181,0,0,0,0,0,0,6,49,7379
202012,999,30980, ,Longview  TX ,12,12,2509,0,0,0,0,0,0,0,0,0,12,12,2509,0,0,0,0,0,0,0,0,0
202012,999,31340, ,Lynchburg  VA ,18,18,3718,0,0,0,0,0,0,0,0,0,14,14,2790,0,0,0,0,0,0,0,0,0
202012,999,31740, ,Manhattan  KS ,24,24,6690,1,2,368,0,0,0,2,72,13734,22,22,6170,1,2,368,0,0,0,2,72,13734
202012,999,33540,C,Missoula  MT ,39,39,9164,0,0,0,0,0,0,3,89,3281,39,39,9164,0,0,0,0,0,0,3,89,3281
202012,999,36100, ,Ocala  FL ,392,392,81958,0,0,0,0,0,0,0,0,0,392,392,81958,0,0,0,0,0,0,0,0,0
202012,999,36980, ,Owensboro  KY ,15,15,1579,0,0,0,0,0,0,0,0,0,14,14,1374,0,0,0,0,0,0,0,0,0
202012,999,37340, ,Palm Bay-Melbourne-Titusville  FL ,253,253,86667,0,0,0,4,12,792,17,97,3368,253,253,86667,0,0,0,4,12,792,17,97,3368
202012,999,37460, ,Panama City  FL ,79,79,23212,2,4,353,0,0,0,0,0,0,61,61,17453,2,4,353,0,0,0,0,0,0
202012,999,37900, ,Peoria  IL ,3,3,1065,0,0,0,0,0,0,0,0,0,0,0,0,0,0,0,0,0,0,0,0,0
202012,999,38340, ,Pittsfield  MA ,1,1,308,0,0,0,0,0,0,0,0,0,0,0,0,0,0,0,0,0,0,0,0,0
202012,999,38540, ,Pocatello  ID ,24,24,3487,0,0,0,0,0,0,12,288,13136,7,7,813,0,0,0,0,0,0,12,288,13136
202012,999,39150, ,Prescott Valley-Prescott  AZ ,147,147,45000,7,14,1901,0,0,0,0,0,0,147,147,45000,7,14,1901,0,0,0,0,0,0
202012,999,40060, ,Richmond  VA ,549,549,108856,0,0,0,0,0,0,2,176,16229,544,544,108211,0,0,0,0,0,0,1,171,15798
202012,999,41100, ,St. George  UT ,249,249,46711,0,0,0,0,0,0,1,16,1851,248,248,46655,0,0,0,0,0,0,1,16,1851
202012,999,41500, ,Salinas  CA ,13,13,2916,0,0,0,0,0,0,0,0,0,12,12,2702,0,0,0,0,0,0,0,0,0
202012,999,41660,C,San Angelo  TX ,57,57,11917,0,0,0,0,0,0,0,0,0,57,57,11917,0,0,0,0,0,0,0,0,0
202012,999,41740,C,San Diego-Chula Vista-Carlsbad  CA ,275,275,77146,3,6,1006,8,28,6782,51,1239,287569,249,249,70728,3,6,1006,8,28,6782,50,1201,283669
202012,999,42020, ,San Luis Obispo-Paso Robles  CA ,23,23,6802,0,0,0,0,0,0,0,0,0,23,23,6802,0,0,0,0,0,0,0,0,0
202012,999,42200, ,Santa Maria-Santa Barbara  CA ,11,11,2595,1,2,560,0,0,0,0,0,0,11,11,2595,1,2,560,0,0,0,0,0,0
202012,999,42540, ,Scranton--Wilkes-Barre  PA ,4,4,817,0,0,0,0,0,0,0,0,0,2,2,320,0,0,0,0,0,0,0,0,0
202012,999,43100, ,Sheboygan  WI ,3,3,2210,0,0,0,0,0,0,0,0,0,3,3,2210,0,0,0,0,0,0,0,0,0
202012,999,43420, ,Sierra Vista-Douglas  AZ ,29,29,5477,0,0,0,0,0,0,0,0,0,11,11,1749,0,0,0,0,0,0,0,0,0
202012,999,43580, ,Sioux City  IA-NE-SD ,11,11,3346,0,0,0,1,3,0,0,0,0,1,1,500,0,0,0,0,0,0,0,0,0
202012,999,43620, ,Sioux Falls  SD ,86,86,18397,0,0,0,2,8,1300,2,24,2008,85,85,18266,0,0,0,2,8,1300,2,24,2008
202012,999,44140, ,Springfield  MA ,5,5,1689,0,0,0,0,0,0,0,0,0,3,3,731,0,0,0,0,0,0,0,0,0
202012,999,44180, ,Springfield  MO ,78,78,20825,1,2,251,0,0,0,0,0,0,69,69,19135,0,0,0,0,0,0,0,0,0
202012,999,44940, ,Sumter  SC ,38,38,4723,0,0,0,0,0,0,0,0,0,38,38,4723,0,0,0,0,0,0,0,0,0
202012,999,45220, ,Tallahassee  FL ,108,108,20553,1,2,222,0,0,0,2,85,10921,35,35,6120,0,0,0,0,0,0,0,0,0
202012,999,45300,C,Tampa-St. Petersburg-Clearwater  FL ,1399,1399,387187,3,6,1192,0,0,0,3,177,66431,1377,1377,382811,3,6,1192,0,0,0,2,172,66000
202012,999,45460, ,Terre Haute  IN ,2,2,444,1,2,208,0,0,0,0,0,0,0,0,0,0,0,0,0,0,0,0,0,0
202012,999,45500, ,Texarkana  TX-AR ,3,3,628,0,0,0,0,0,0,0,0,0,0,0,0,0,0,0,0,0,0,0,0,0
202012,999,45820, ,Topeka  KS ,14,14,5041,0,0,0,0,0,0,0,0,0,14,14,5041,0,0,0,0,0,0,0,0,0
202012,999,46220, ,Tuscaloosa  AL ,45,45,11314,0,0,0,4,15,961,1,48,8817,11,11,3422,0,0,0,0,0,0,0,0,0
202012,999,46300, ,Twin Falls  ID ,76,76,13716,5,10,738,0,0,0,0,0,0,71,71,13057,5,10,738,0,0,0,0,0,0
202012,999,46520,C,Urban Honolulu  HI ,96,96,39380,0,0,0,1,4,2598,5,163,30526,0,0,0,0,0,0,0,0,0,0,0,0
202012,999,46540, ,Utica-Rome  NY ,1,1,100,0,0,0,0,0,0,0,0,0,1,1,100,0,0,0,0,0,0,0,0,0
202012,999,46660, ,Valdosta  GA ,87,87,15664,0,0,0,0,0,0,0,0,0,30,30,6049,0,0,0,0,0,0,0,0,0
202012,999,47300, ,Visalia  CA ,182,182,43605,3,6,613,0,0,0,1,5,352,182,182,43605,3,6,613,0,0,0,1,5,352
202012,999,47380, ,Waco  TX ,42,42,8781,3,6,563,0,0,0,0,0,0,42,42,8781,3,6,563,0,0,0,0,0,0
202012,999,47940, ,Waterloo-Cedar Falls  IA ,17,17,5007,0,0,0,0,0,0,0,0,0,17,17,5007,0,0,0,0,0,0,0,0,0
202012,999,48060, ,Watertown-Fort Drum  NY ,14,14,1868,0,0,0,0,0,0,0,0,0,1,1,150,0,0,0,0,0,0,0,0,0
202012,999,48300, ,Wenatchee  WA ,45,45,9947,1,2,386,0,0,0,0,0,0,16,16,4779,1,2,386,0,0,0,0,0,0
202012,999,48540, ,Wheeling  WV-OH ,0,0,0,0,0,0,0,0,0,0,0,0,0,0,0,0,0,0,0,0,0,0,0,0
202012,999,48660, ,Wichita Falls  TX ,0,0,0,0,0,0,0,0,0,0,0,0,0,0,0,0,0,0,0,0,0,0,0,0
202012,999,48900, ,Wilmington  NC ,149,149,47848,1,2,761,0,0,0,0,0,0,147,147,47203,1,2,761,0,0,0,0,0,0
202012,999,49420, ,Yakima  WA ,33,33,9076,0,0,0,1,4,75,0,0,0,33,33,9076,0,0,0,1,4,75,0,0,0
202012,999,49740, ,Yuma  AZ ,128,128,21170,0,0,0,0,0,0,0,0,0,128,128,21170,0,0,0,0,0,0,0,0,0
