Survey,CSA,CBSA,MONCOV,CBSA,,1-unit,,,2-units,,,3-4 units,,,5+ units,,,1-unit rep,,,2-units rep,,,3-4 units rep,,,5+ units rep
Date,Code,Code,,Name,Bldgs,Units,Value,Bldgs,Units,Value,Bldgs,Units,Value,Bldgs,Units,Value,Bldgs,Units,Value,Bldgs,Units,Value,      Bldgs,Units,Value,Bldgs,Units,Value
 
202008,104,10580,C,Albany-Schenectady-Troy  NY ,108,108,27084,3,6,1170,0,0,0,17,204,15983,85,85,20502,3,6,1170,0,0,0,17,204,15983
202008,104,24020, ,Glens Falls  NY ,18,18,4379,0,0,0,0,0,0,0,0,0,10,10,2396,0,0,0,0,0,0,0,0,0
202008,106,10740,C,Albuquerque  NM ,143,143,38117,0,0,0,1,3,324,1,5,208,73,73,22579,0,0,0,0,0,0,0,0,0
202008,106,42140,C,Santa Fe  NM ,29,29,7285,0,0,0,0,0,0,2,91,13588,29,29,7285,0,0,0,0,0,0,2,91,13588
202008,107,11020, ,Altoona  PA ,0,0,0,0,0,0,0,0,0,0,0,0,0,0,0,0,0,0,0,0,0,0,0,0
202008,108,11100, ,Amarillo  TX ,57,57,13288,0,0,0,0,0,0,0,0,0,57,57,13288,0,0,0,0,0,0,0,0,0
202008,118,11540, ,Appleton  WI ,52,52,17119,0,0,0,0,0,0,0,0,0,48,48,16237,0,0,0,0,0,0,0,0,0
202008,118,36780, ,Oshkosh-Neenah  WI ,24,24,6875,0,0,0,0,0,0,2,10,700,24,24,6875,0,0,0,0,0,0,2,10,700
202008,120,11700, ,Asheville  NC ,198,198,57618,0,0,0,0,0,0,3,52,5156,57,57,15144,0,0,0,0,0,0,0,0,0
202008,122,12020, ,Athens-Clarke County  GA ,59,59,18005,0,0,0,0,0,0,0,0,0,59,59,18005,0,0,0,0,0,0,0,0,0
202008,122,12060, ,Atlanta-Sandy Springs-Alpharetta  GA ,2563,2563,562873,1,2,139,14,47,5074,15,157,17950,2349,2349,516972,1,2,139,14,47,5074,14,124,13929
202008,122,23580, ,Gainesville  GA ,71,71,15491,0,0,0,0,0,0,0,0,0,12,12,1366,0,0,0,0,0,0,0,0,0
202008,122,40660,C,Rome  GA ,22,22,2670,0,0,0,0,0,0,0,0,0,22,22,2670,0,0,0,0,0,0,0,0,0
202008,140,13460,C,Bend  OR ,161,161,38770,4,8,359,3,10,1569,0,0,0,161,161,38770,4,8,359,3,10,1569,0,0,0
202008,142,13820,C,Birmingham-Hoover  AL ,291,291,81250,1,2,247,0,0,0,1,7,706,201,201,59281,0,0,0,0,0,0,0,0,0
202008,144,14020,C,Bloomington  IN ,16,16,4422,1,2,301,0,0,0,4,53,6622,13,13,3620,1,2,301,0,0,0,4,53,6622
202008,145,14010, ,Bloomington  IL ,24,24,4939,1,2,164,0,0,0,0,0,0,24,24,4939,1,2,164,0,0,0,0,0,0
202008,146,14100,C,Bloomsburg-Berwick  PA ,8,8,1766,2,4,480,0,0,0,0,0,0,3,3,869,2,4,480,0,0,0,0,0,0
202008,147,14260,C,Boise City  ID ,679,679,156506,2,4,500,2,7,520,10,104,12311,539,539,135439,1,2,376,0,0,0,8,68,9360
202008,148,12700, ,Barnstable Town  MA ,6,6,2502,1,2,450,0,0,0,0,0,0,2,2,500,1,2,450,0,0,0,0,0,0
202008,148,14460,C,Boston-Cambridge-Newton  MA-NH ,404,404,129131,28,56,11709,11,38,6078,45,346,40975,236,236,81662,20,40,7888,9,32,5078,9,136,21682
202008,148,31700, ,Manchester-Nashua  NH ,32,32,8216,1,2,280,0,0,0,0,0,0,17,17,5047,1,2,280,0,0,0,0,0,0
202008,148,39300,C,Providence-Warwick  RI-MA ,152,152,34951,6,12,1183,2,8,776,3,22,1324,94,94,22592,2,4,593,1,4,546,1,12,700
202008,148,49340, ,Worcester  MA-CT ,16,16,3775,0,0,0,0,0,0,0,0,0,6,6,1368,0,0,0,0,0,0,0,0,0
202008,150,14540, ,Bowling Green  KY ,87,87,18233,3,6,100,0,0,0,3,22,1460,87,87,18233,3,6,100,0,0,0,3,22,1460
202008,154,15180, ,Brownsville-Harlingen  TX ,102,102,9748,4,8,495,4,12,1490,0,0,0,72,72,6637,4,8,495,3,9,1369,0,0,0
202008,160,15380,C,Buffalo-Cheektowaga  NY ,91,91,24632,1,2,620,0,0,0,1,12,2690,83,83,22874,1,2,620,0,0,0,0,0,0
202008,162,15540, ,Burlington-South Burlington  VT ,29,29,7666,1,2,423,1,3,466,0,0,0,21,21,5670,0,0,0,1,3,466,0,0,0
202008,163,15980,C,Cape Coral-Fort Myers  FL ,592,592,122934,13,26,3425,4,16,3286,17,442,78395,592,592,122934,13,26,3425,4,16,3286,17,442,78395
202008,163,34940, ,Naples-Marco Island  FL ,280,280,57077,0,0,0,2,8,2047,1,8,600,280,280,57077,0,0,0,2,8,2047,1,8,600
202008,164,16020, ,Cape Girardeau  MO-IL ,0,0,0,0,0,0,0,0,0,0,0,0,0,0,0,0,0,0,0,0,0,0,0,0
202008,168,16300, ,Cedar Rapids  IA ,18,18,3705,3,6,1000,1,3,450,0,0,0,18,18,3705,3,6,1000,1,3,450,0,0,0
202008,168,26980, ,Iowa City  IA ,16,16,4392,0,0,0,1,3,555,2,78,6580,13,13,3867,0,0,0,1,3,555,2,78,6580
202008,170,16620, ,Charleston  WV ,23,23,2088,0,0,0,0,0,0,0,0,0,22,22,1985,0,0,0,0,0,0,0,0,0
202008,170,26580, ,Huntington-Ashland  WV-KY-OH ,25,25,3622,0,0,0,0,0,0,0,0,0,11,11,592,0,0,0,0,0,0,0,0,0
202008,172,16740, ,Charlotte-Concord-Gastonia  NC-SC ,1565,1565,409345,22,44,5117,4,12,2749,36,797,86780,1355,1355,336285,21,42,4931,3,9,2224,35,782,85077
202008,174,16860, ,Chattanooga  TN-GA ,165,165,34881,6,12,1021,3,9,986,3,50,5000,95,95,19056,0,0,0,1,3,416,0,0,0
202008,174,17420, ,Cleveland  TN ,51,51,10375,0,0,0,1,3,165,0,0,0,30,30,6592,0,0,0,1,3,165,0,0,0
202008,176,16980, ,Chicago-Naperville-Elgin  IL-IN-WI ,738,738,211352,23,46,6790,14,54,8174,8,120,8840,589,589,169882,21,42,5995,13,51,8009,5,101,6117
202008,176,28100, ,Kankakee  IL ,0,0,0,0,0,0,0,0,0,0,0,0,0,0,0,0,0,0,0,0,0,0,0,0
202008,176,33140, ,Michigan City-La Porte  IN ,7,7,1476,0,0,0,0,0,0,0,0,0,4,4,837,0,0,0,0,0,0,0,0,0
202008,178,17140, ,Cincinnati  OH-KY-IN ,523,523,125887,8,16,1516,6,24,3062,25,189,12782,391,391,94510,8,16,1516,6,24,3062,24,184,11760
202008,184,10420, ,Akron  OH ,57,57,29050,0,0,0,0,0,0,0,0,0,17,17,3839,0,0,0,0,0,0,0,0,0
202008,184,15940, ,Canton-Massillon  OH ,45,45,11823,1,2,250,1,3,154,1,5,384,40,40,11239,1,2,250,0,0,0,0,0,0
202008,184,17460, ,Cleveland-Elyria  OH ,280,280,85389,1,2,292,2,8,590,4,28,3275,193,193,63583,0,0,0,1,4,360,4,28,3275
202008,190,17860, ,Columbia  MO ,55,55,14403,0,0,0,0,0,0,0,0,0,23,23,7151,0,0,0,0,0,0,0,0,0
202008,192,17900,C,Columbia  SC ,490,490,102601,0,0,0,0,0,0,2,16,2686,264,264,45466,0,0,0,0,0,0,0,0,0
202008,194,12220,C,Auburn-Opelika  AL ,95,95,26258,2,4,621,0,0,0,21,270,41342,62,62,18516,2,4,621,0,0,0,21,270,41342
202008,194,17980, ,Columbus  GA-AL ,140,140,17560,5,10,568,0,0,0,4,313,54154,140,140,17560,5,10,568,0,0,0,4,313,54154
202008,198,18140, ,Columbus  OH ,545,545,162369,2,4,790,5,20,1412,24,255,43041,491,491,149397,1,2,490,5,20,1412,22,245,42311
202008,204,18580, ,Corpus Christi  TX ,120,120,33842,0,0,0,0,0,0,0,0,0,0,0,0,0,0,0,0,0,0,0,0,0
202008,206,19100, ,Dallas-Fort Worth-Arlington  TX ,3906,3906,996449,15,30,3687,3,12,1570,3,37,4491,3422,3422,866271,11,22,2602,3,12,1570,0,0,0
202008,209,19340, ,Davenport-Moline-Rock Island  IA-IL ,37,37,8585,0,0,0,1,4,460,1,11,1146,22,22,5925,0,0,0,1,4,460,0,0,0
202008,212,19430, ,Dayton-Kettering  OH ,101,101,34165,0,0,0,0,0,0,0,0,0,66,66,26510,0,0,0,0,0,0,0,0,0
202008,212,44220, ,Springfield  OH ,19,19,6224,0,0,0,0,0,0,0,0,0,19,19,6224,0,0,0,0,0,0,0,0,0
202008,216,14500, ,Boulder  CO ,68,68,28445,0,0,0,0,0,0,3,57,8661,10,10,6897,0,0,0,0,0,0,0,0,0
202008,216,19740,C,Denver-Aurora-Lakewood  CO ,955,955,280925,35,70,11482,4,13,2265,28,1062,105650,935,935,274824,35,70,11482,3,10,1691,28,1062,105650
202008,216,24540, ,Greeley  CO ,348,348,93414,0,0,0,1,3,674,3,48,6338,162,162,41651,0,0,0,0,0,0,0,0,0
202008,218,11180, ,Ames  IA ,15,15,4306,0,0,0,0,0,0,0,0,0,15,15,4306,0,0,0,0,0,0,0,0,0
202008,218,19780, ,Des Moines-West Des Moines  IA ,409,409,114365,5,10,2174,0,0,0,4,193,19663,385,385,105785,5,10,2174,0,0,0,2,179,18268
202008,220,11460, ,Ann Arbor  MI ,27,27,7481,0,0,0,1,3,805,2,12,1473,3,3,828,0,0,0,0,0,0,0,0,0
202008,220,19820, ,Detroit-Warren-Dearborn  MI ,506,506,151341,1,2,280,3,10,1266,11,94,15319,400,400,120813,0,0,0,2,7,1028,6,64,9933
202008,220,22420, ,Flint  MI ,14,14,4273,0,0,0,0,0,0,0,0,0,14,14,4273,0,0,0,0,0,0,0,0,0
202008,220,33780, ,Monroe  MI ,1,1,340,0,0,0,0,0,0,0,0,0,1,1,340,0,0,0,0,0,0,0,0,0
202008,222,20020, ,Dothan  AL ,45,45,12008,0,0,0,0,0,0,0,0,0,45,45,12008,0,0,0,0,0,0,0,0,0
202008,232,20740, ,Eau Claire  WI ,40,40,11863,13,26,3894,2,8,1001,4,38,5421,40,40,11863,13,26,3894,2,8,1001,4,38,5421
202008,236,21300, ,Elmira  NY ,0,0,0,0,0,0,0,0,0,0,0,0,0,0,0,0,0,0,0,0,0,0,0,0
202008,238,21340,C,El Paso  TX ,259,259,62000,5,10,1366,0,0,0,1,26,2977,58,58,13521,2,4,494,0,0,0,0,0,0
202008,238,29740,C,Las Cruces  NM ,98,98,23537,0,0,0,0,0,0,0,0,0,69,69,15756,0,0,0,0,0,0,0,0,0
202008,240,21500, ,Erie  PA ,11,11,2670,0,0,0,0,0,0,0,0,0,11,11,2670,0,0,0,0,0,0,0,0,0
202008,244,22020, ,Fargo  ND-MN ,136,136,38889,0,0,0,0,0,0,1,39,4008,133,133,38076,0,0,0,0,0,0,1,39,4008
202008,246,22180, ,Fayetteville  NC ,149,149,26073,0,0,0,0,0,0,0,0,0,86,86,18393,0,0,0,0,0,0,0,0,0
202008,258,23060,C,Fort Wayne  IN ,160,160,44506,2,4,600,1,3,300,0,0,0,160,160,44506,2,4,600,1,3,300,0,0,0
202008,260,23420,C,Fresno  CA ,304,304,95544,3,6,1041,0,0,0,5,25,3137,153,153,47303,0,0,0,0,0,0,0,0,0
202008,260,31460, ,Madera  CA ,100,100,27768,0,0,0,0,0,0,1,28,4167,100,100,27768,0,0,0,0,0,0,1,28,4167
202008,264,23540, ,Gainesville  FL ,70,70,19487,0,0,0,0,0,0,1,77,2622,56,56,17613,0,0,0,0,0,0,0,0,0
202008,266,24340, ,Grand Rapids-Kentwood  MI ,142,142,40592,1,2,369,1,3,90,2,13,1278,106,106,31786,1,2,369,0,0,0,0,0,0
202008,266,34740, ,Muskegon  MI ,5,5,1011,0,0,0,0,0,0,0,0,0,0,0,0,0,0,0,0,0,0,0,0,0
202008,267,24580, ,Green Bay  WI ,54,54,14522,0,0,0,0,0,0,4,36,2610,23,23,4751,0,0,0,0,0,0,3,31,2300
202008,268,15500, ,Burlington  NC ,87,87,17404,0,0,0,0,0,0,0,0,0,87,87,17404,0,0,0,0,0,0,0,0,0
202008,268,24660,C,Greensboro-High Point  NC ,217,217,53548,2,4,218,0,0,0,0,0,0,147,147,30516,1,2,120,0,0,0,0,0,0
202008,268,49180, ,Winston-Salem  NC ,306,306,49017,0,0,0,0,0,0,1,5,197,289,289,45158,0,0,0,0,0,0,0,0,0
202008,272,24780, ,Greenville  NC ,21,21,5316,0,0,0,0,0,0,0,0,0,21,21,5316,0,0,0,0,0,0,0,0,0
202008,273,24860, ,Greenville-Anderson  SC ,617,617,158317,10,20,1563,0,0,0,0,0,0,612,612,157833,10,20,1563,0,0,0,0,0,0
202008,273,43900, ,Spartanburg  SC ,273,273,44671,0,0,0,0,0,0,0,0,0,0,0,0,0,0,0,0,0,0,0,0,0
202008,276,23900,C,Gettysburg  PA ,19,19,4799,0,0,0,0,0,0,0,0,0,19,19,4799,0,0,0,0,0,0,0,0,0
202008,276,25420,C,Harrisburg-Carlisle  PA ,122,122,29835,2,4,725,2,8,1265,1,5,608,93,93,23369,2,4,725,2,8,1265,1,5,608
202008,276,30140, ,Lebanon  PA ,21,21,3974,0,0,0,0,0,0,0,0,0,0,0,0,0,0,0,0,0,0,0,0,0
202008,276,49620, ,York-Hanover  PA ,5,5,1353,2,4,381,2,8,757,0,0,0,4,4,1088,2,4,381,2,8,757,0,0,0
202008,277,25500,C,Harrisonburg  VA ,42,42,12797,0,0,0,0,0,0,0,0,0,34,34,11514,0,0,0,0,0,0,0,0,0
202008,277,44420, ,Staunton  VA ,11,11,3107,0,0,0,0,0,0,0,0,0,11,11,3107,0,0,0,0,0,0,0,0,0
202008,278,25540,C,Hartford-East Hartford-Middletown  CT ,77,77,17754,1,2,200,0,0,0,4,47,5486,53,53,12399,0,0,0,0,0,0,1,32,3989
202008,278,35980, ,Norwich-New London  CT ,7,7,1512,0,0,0,0,0,0,2,11,1975,4,4,1016,0,0,0,0,0,0,2,11,1975
202008,279,25620, ,Hattiesburg  MS ,10,10,2398,0,0,0,0,0,0,0,0,0,10,10,2398,0,0,0,0,0,0,0,0,0
202008,284,26300, ,Hot Springs  AR ,6,6,1242,0,0,0,0,0,0,0,0,0,6,6,1242,0,0,0,0,0,0,0,0,0
202008,288,26420, ,Houston-The Woodlands-Sugar Land  TX ,4768,4768,837325,25,50,672,0,0,0,29,1088,117739,3871,3871,771554,25,50,672,0,0,0,19,905,97738
202008,290,19460, ,Decatur  AL ,20,20,4105,0,0,0,0,0,0,0,0,0,16,16,3613,0,0,0,0,0,0,0,0,0
202008,290,26620,C,Huntsville  AL ,325,325,52583,12,24,2023,0,0,0,0,0,0,190,190,24956,12,24,2023,0,0,0,0,0,0
202008,292,26820, ,Idaho Falls  ID ,116,116,19649,0,0,0,0,0,0,0,0,0,116,116,19649,0,0,0,0,0,0,0,0,0
202008,294,18020, ,Columbus  IN ,11,11,4641,0,0,0,0,0,0,0,0,0,11,11,4641,0,0,0,0,0,0,0,0,0
202008,294,26900, ,Indianapolis-Carmel-Anderson  IN ,737,737,210797,7,14,1790,1,4,1065,3,72,7403,693,693,199043,7,14,1790,1,4,1065,2,67,7300
202008,294,34620, ,Muncie  IN ,3,3,211,0,0,0,0,0,0,0,0,0,3,3,211,0,0,0,0,0,0,0,0,0
202008,296,27060, ,Ithaca  NY ,1,1,256,1,2,237,0,0,0,1,5,600,0,0,0,0,0,0,0,0,0,0,0,0
202008,297,27180, ,Jackson  TN ,16,16,3505,0,0,0,0,0,0,0,0,0,0,0,0,0,0,0,0,0,0,0,0,0
202008,298,27140, ,Jackson  MS ,77,77,19277,1,2,247,0,0,0,1,24,2650,57,57,13242,1,2,247,0,0,0,0,0,0
202008,300,27260,C,Jacksonville  FL ,1257,1257,299558,0,0,0,4,16,2093,0,0,0,1241,1241,294548,0,0,0,4,16,2093,0,0,0
202008,304,27740, ,Johnson City  TN ,21,21,4720,0,0,0,0,0,0,10,119,1952,21,21,4720,0,0,0,0,0,0,10,119,1952
202008,304,28700, ,Kingsport-Bristol  TN-VA ,1,1,236,0,0,0,0,0,0,0,0,0,0,0,0,0,0,0,0,0,0,0,0,0
202008,306,27780, ,Johnstown  PA ,0,0,0,0,0,0,0,0,0,0,0,0,0,0,0,0,0,0,0,0,0,0,0,0
202008,308,27860, ,Jonesboro  AR ,44,44,6894,4,8,538,4,15,774,1,5,288,1,1,180,1,2,125,0,0,0,0,0,0
202008,309,27900, ,Joplin  MO ,35,35,5899,0,0,0,0,0,0,0,0,0,35,35,5899,0,0,0,0,0,0,0,0,0
202008,310,12980, ,Battle Creek  MI ,0,0,0,0,0,0,0,0,0,0,0,0,0,0,0,0,0,0,0,0,0,0,0,0
202008,310,28020, ,Kalamazoo-Portage  MI ,12,12,3559,0,0,0,0,0,0,0,0,0,0,0,0,0,0,0,0,0,0,0,0,0
202008,312,28140, ,Kansas City  MO-KS ,551,551,162165,5,10,1720,4,15,1227,13,441,25803,477,477,138400,3,6,1086,3,12,766,12,436,25222
202008,312,29940, ,Lawrence  KS ,19,19,4976,0,0,0,1,3,418,1,11,1205,0,0,0,0,0,0,0,0,0,0,0,0
202008,312,41140, ,St. Joseph  MO-KS ,0,0,0,0,0,0,0,0,0,0,0,0,0,0,0,0,0,0,0,0,0,0,0,0
202008,313,28420,C,Kennewick-Richland  WA ,144,144,42222,3,6,906,0,0,0,1,24,2869,34,34,12333,0,0,0,0,0,0,0,0,0
202008,313,47460, ,Walla Walla  WA ,10,10,2757,0,0,0,1,4,522,0,0,0,9,9,2657,0,0,0,1,4,522,0,0,0
202008,315,28940, ,Knoxville  TN ,347,347,72297,3,6,450,8,30,3501,11,155,32028,327,327,69165,3,6,450,8,30,3501,10,143,31239
202008,316,29020, ,Kokomo  IN ,10,10,1899,0,0,0,0,0,0,0,0,0,10,10,1899,0,0,0,0,0,0,0,0,0
202008,318,29180, ,Lafayette  LA ,207,207,36632,0,0,0,0,0,0,0,0,0,182,182,31603,0,0,0,0,0,0,0,0,0
202008,320,29200, ,Lafayette-West Lafayette  IN ,17,17,4760,0,0,0,0,0,0,0,0,0,17,17,4760,0,0,0,0,0,0,0,0,0
202008,324,29340, ,Lake Charles  LA ,90,90,15997,3,6,401,0,0,0,1,16,1660,0,0,0,0,0,0,0,0,0,0,0,0
202008,332,29820,C,Las Vegas-Henderson-Paradise  NV ,854,854,211238,41,82,3859,13,44,5579,13,78,6443,854,854,211238,41,82,3859,13,44,5579,13,78,6443
202008,336,30460,C,Lexington-Fayette  KY ,130,130,31795,8,16,1744,2,7,1146,1,62,6745,51,51,14857,8,16,1744,1,4,720,0,0,0
202008,338,30620, ,Lima  OH ,1,1,288,0,0,0,0,0,0,0,0,0,0,0,0,0,0,0,0,0,0,0,0,0
202008,339,30700, ,Lincoln  NE ,111,111,25260,1,2,286,0,0,0,2,54,6055,9,9,2000,0,0,0,0,0,0,0,0,0
202008,340,30780, ,Little Rock-North Little Rock-Conway  AR ,198,198,39931,2,4,324,1,3,175,1,9,246,141,141,31146,1,2,172,1,3,175,0,0,0
202008,340,38220, ,Pine Bluff  AR ,2,2,301,0,0,0,0,0,0,0,0,0,0,0,0,0,0,0,0,0,0,0,0,0
202008,348,31080,C,Los Angeles-Long Beach-Anaheim  CA ,860,860,264618,64,128,26762,11,35,7999,47,733,98425,708,708,200615,58,116,23181,7,21,5481,35,626,80210
202008,348,37100, ,Oxnard-Thousand Oaks-Ventura  CA ,9,9,3191,1,2,565,1,3,806,0,0,0,2,2,700,0,0,0,0,0,0,0,0,0
202008,348,40140, ,Riverside-San Bernardino-Ontario  CA ,1005,1005,263614,0,0,0,10,37,6841,7,38,4431,909,909,236938,0,0,0,10,37,6841,5,28,3808
202008,350,21060, ,Elizabethtown-Fort Knox  KY ,56,56,11113,3,6,1040,0,0,0,2,16,960,38,38,7632,3,6,1040,0,0,0,2,16,960
202008,350,31140, ,Louisville-Jefferson County  KY-IN ,330,330,95581,1,2,208,0,0,0,9,168,16103,156,156,43110,0,0,0,0,0,0,0,0,0
202008,352,31180, ,Lubbock  TX ,155,155,34425,6,12,853,0,0,0,0,0,0,153,153,34242,6,12,853,0,0,0,0,0,0
202008,356,31420, ,Macon-Bibb County  GA ,31,31,7635,0,0,0,0,0,0,0,0,0,17,17,5160,0,0,0,0,0,0,0,0,0
202008,356,47580, ,Warner Robins  GA ,93,93,19591,0,0,0,6,24,2442,0,0,0,93,93,19591,0,0,0,6,24,2442,0,0,0
202008,357,27500, ,Janesville-Beloit  WI ,42,42,6267,0,0,0,0,0,0,0,0,0,41,41,6060,0,0,0,0,0,0,0,0,0
202008,357,31540, ,Madison  WI ,171,171,57657,8,16,3860,0,0,0,9,418,55330,154,154,53735,7,14,3495,0,0,0,9,418,55330
202008,359,31860, ,Mankato  MN ,19,19,4850,0,0,0,0,0,0,0,0,0,18,18,4536,0,0,0,0,0,0,0,0,0
202008,365,32580,C,McAllen-Edinburg-Mission  TX ,415,415,77060,24,48,9695,11,44,4893,2,38,3247,273,273,50691,10,20,900,11,44,4893,1,8,959
202008,366,32780, ,Medford  OR ,42,42,13087,0,0,0,0,0,0,1,8,970,42,42,13087,0,0,0,0,0,0,1,8,970
202008,368,32820, ,Memphis  TN-MS-AR ,327,327,68896,0,0,0,0,0,0,4,227,28516,267,267,58284,0,0,0,0,0,0,4,227,28516
202008,370,33100, ,Miami-Fort Lauderdale-Pompano Beach  FL ,682,682,202597,13,26,3981,2,8,1115,31,1116,193618,580,580,164980,13,26,3981,2,8,1115,26,1059,187228
202008,370,38940, ,Port St. Lucie  FL ,384,384,84809,5,10,1190,0,0,0,0,0,0,384,384,84809,5,10,1190,0,0,0,0,0,0
202008,370,42680, ,Sebastian-Vero Beach  FL ,78,78,30179,0,0,0,0,0,0,0,0,0,78,78,30179,0,0,0,0,0,0,0,0,0
202008,372,33260, ,Midland  TX ,208,208,24927,0,0,0,0,0,0,0,0,0,208,208,24927,0,0,0,0,0,0,0,0,0
202008,372,36220,C,Odessa  TX ,77,77,17951,0,0,0,0,0,0,0,0,0,77,77,17951,0,0,0,0,0,0,0,0,0
202008,376,33340,C,Milwaukee-Waukesha  WI ,219,219,73582,38,76,12281,0,0,0,4,29,4407,173,173,55306,34,68,11492,0,0,0,3,24,3821
202008,376,39540, ,Racine  WI ,8,8,3826,0,0,0,0,0,0,0,0,0,8,8,3826,0,0,0,0,0,0,0,0,0
202008,378,33460, ,Minneapolis-St. Paul-Bloomington  MN-WI ,1057,1057,320493,8,16,2353,8,31,6233,11,384,44480,955,955,290094,7,14,1860,8,31,6233,9,367,42959
202008,378,41060, ,St. Cloud  MN ,1,1,277,0,0,0,0,0,0,0,0,0,0,0,0,0,0,0,0,0,0,0,0,0
202008,380,19300, ,Daphne-Fairhope-Foley  AL ,223,223,45837,1,2,304,0,0,0,1,11,881,71,71,19817,0,0,0,0,0,0,0,0,0
202008,380,33660, ,Mobile  AL ,104,104,19879,0,0,0,0,0,0,0,0,0,61,61,9686,0,0,0,0,0,0,0,0,0
202008,384,33740, ,Monroe  LA ,39,39,8837,2,4,320,1,4,629,1,5,579,30,30,6994,1,2,247,0,0,0,0,0,0
202008,388,33860, ,Montgomery  AL ,112,112,26400,0,0,0,0,0,0,0,0,0,112,112,26400,0,0,0,0,0,0,0,0,0
202008,390,34060, ,Morgantown  WV ,1,1,538,0,0,0,0,0,0,0,0,0,1,1,538,0,0,0,0,0,0,0,0,0
202008,396,34820, ,Myrtle Beach-Conway-North Myrtle Beach  SC-NC ,608,608,112428,2,4,850,0,0,0,1,5,250,423,423,66994,1,2,350,0,0,0,0,0,0
202008,400,34980, ,Nashville-Davidson--Murfreesboro--Franklin  TN ,1165,1165,309025,4,8,2243,3,11,1312,48,1320,152878,907,907,257807,4,8,2243,2,8,1046,46,1289,149886
202008,406,25220, ,Hammond  LA ,84,84,16338,0,0,0,0,0,0,0,0,0,0,0,0,0,0,0,0,0,0,0,0,0
202008,406,35380, ,New Orleans-Metairie  LA ,301,301,67388,15,30,3147,0,0,0,1,38,7071,239,239,53918,2,4,352,0,0,0,0,0,0
202008,408,14860,C,Bridgeport-Stamford-Norwalk  CT ,53,53,35235,3,6,1242,0,0,0,4,242,16031,28,28,17192,2,4,1090,0,0,0,3,233,13545
202008,408,20700, ,East Stroudsburg  PA ,15,15,4292,0,0,0,0,0,0,0,0,0,12,12,3502,0,0,0,0,0,0,0,0,0
202008,408,28740, ,Kingston  NY ,12,12,2535,0,0,0,0,0,0,0,0,0,11,11,2360,0,0,0,0,0,0,0,0,0
202008,408,35300, ,New Haven-Milford  CT ,24,24,4760,1,2,282,0,0,0,2,14,884,8,8,2467,1,2,282,0,0,0,0,0,0
202008,408,35620,C,New York-Newark-Jersey City  NY-NJ-PA ,954,954,223793,93,186,19000,17,56,5800,96,2186,246231,671,671,148268,60,120,10337,11,36,3853,55,1693,190699
202008,408,39100, ,Poughkeepsie-Newburgh-Middletown  NY ,28,28,8562,3,6,1633,1,4,325,6,86,11564,13,13,3012,2,4,1473,1,4,325,4,63,8531
202008,408,45940,C,Trenton-Princeton  NJ ,11,11,1586,0,0,0,0,0,0,4,131,12929,7,7,638,0,0,0,0,0,0,3,126,12516
202008,412,35840,C,North Port-Sarasota-Bradenton  FL ,823,823,207303,1,2,400,2,8,1030,5,74,10050,798,798,200102,1,2,400,0,0,0,3,29,5300
202008,412,39460, ,Punta Gorda  FL ,225,225,59116,10,20,3341,1,4,1139,0,0,0,225,225,59116,10,20,3341,1,4,1139,0,0,0
202008,416,36420,C,Oklahoma City  OK ,631,631,150052,16,32,5236,0,0,0,0,0,0,568,568,135153,16,32,5236,0,0,0,0,0,0
202008,420,36540, ,Omaha-Council Bluffs  NE-IA ,384,384,80144,2,4,636,0,0,0,0,0,0,324,324,63722,1,2,411,0,0,0,0,0,0
202008,422,19660, ,Deltona-Daytona Beach-Ormond Beach  FL ,287,287,78959,10,20,2580,0,0,0,2,38,5613,257,257,70233,10,20,2580,0,0,0,0,0,0
202008,422,29460, ,Lakeland-Winter Haven  FL ,612,612,121371,4,8,297,1,3,322,0,0,0,454,454,78942,4,8,297,1,3,322,0,0,0
202008,422,36740, ,Orlando-Kissimmee-Sanford  FL ,1496,1496,408426,12,24,5382,5,20,2908,39,1918,189950,1290,1290,348048,11,22,4882,5,20,2908,37,1882,186574
202008,422,45540,C,The Villages  FL ,244,244,66755,0,0,0,0,0,0,1,198,21333,243,243,66563,0,0,0,0,0,0,1,198,21333
202008,425,37620, ,Parkersburg-Vienna  WV ,7,7,1655,0,0,0,0,0,0,0,0,0,7,7,1655,0,0,0,0,0,0,0,0,0
202008,426,37860,C,Pensacola-Ferry Pass-Brent  FL ,382,382,89857,0,0,0,0,0,0,0,0,0,382,382,89857,0,0,0,0,0,0,0,0,0
202008,428,12100,C,Atlantic City-Hammonton  NJ ,45,45,7786,0,0,0,0,0,0,3,16,1716,37,37,5918,0,0,0,0,0,0,0,0,0
202008,428,20100,C,Dover  DE ,169,169,24265,0,0,0,0,0,0,11,199,18407,167,167,23834,0,0,0,0,0,0,11,199,18407
202008,428,36140,C,Ocean City  NJ ,28,28,9064,5,10,2537,0,0,100,0,0,0,27,27,8818,5,10,2537,0,0,100,0,0,0
202008,428,37980,C,Philadelphia-Camden-Wilmington  PA-NJ-DE-MD ,724,724,143513,15,30,4104,18,60,7353,33,369,35148,387,387,81730,0,0,0,0,0,0,10,81,6064
202008,428,39740, ,Reading  PA ,5,5,1105,0,0,0,0,0,0,0,0,0,0,0,0,0,0,0,0,0,0,0,0,0
202008,428,47220,C,Vineland-Bridgeton  NJ ,9,9,840,0,0,0,0,0,0,0,0,0,9,9,840,0,0,0,0,0,0,0,0,0
202008,429,38060,C,Phoenix-Mesa-Chandler  AZ ,2808,2808,766568,36,72,11806,8,27,5301,22,744,107563,2773,2773,755126,35,70,11546,8,27,5301,21,663,93467
202008,430,38300, ,Pittsburgh  PA ,97,97,28030,1,2,182,0,0,0,2,44,5623,58,58,18448,0,0,0,0,0,0,0,0,0
202008,430,48260, ,Weirton-Steubenville  WV-OH ,0,0,0,0,0,0,0,0,0,0,0,0,0,0,0,0,0,0,0,0,0,0,0,0
202008,438,30340, ,Lewiston-Auburn  ME ,3,3,503,1,2,60,0,0,0,0,0,0,2,2,315,1,2,60,0,0,0,0,0,0
202008,438,38860, ,Portland-South Portland  ME ,138,138,40539,5,10,2328,2,6,1400,0,0,0,76,76,24254,2,4,1150,1,3,1150,0,0,0
202008,440,10540, ,Albany-Lebanon  OR ,46,46,10195,3,6,1211,0,0,0,2,13,1251,19,19,4378,3,6,1211,0,0,0,0,0,0
202008,440,18700, ,Corvallis  OR ,8,8,2283,0,0,0,0,0,0,0,0,0,8,8,2283,0,0,0,0,0,0,0,0,0
202008,440,31020, ,Longview  WA ,25,25,5657,0,0,0,0,0,0,0,0,0,0,0,0,0,0,0,0,0,0,0,0,0
202008,440,38900, ,Portland-Vancouver-Hillsboro  OR-WA ,757,757,223854,15,30,5859,2,8,851,9,363,53861,560,560,165249,14,28,5494,2,8,851,9,363,53861
202008,440,41420, ,Salem  OR ,78,78,23353,2,4,373,0,0,0,1,142,25000,78,78,23353,2,4,373,0,0,0,1,142,25000
202008,444,39380,C,Pueblo  CO ,53,53,7862,0,0,0,0,0,0,0,0,0,53,53,7862,0,0,0,0,0,0,0,0,0
202008,450,20500,C,Durham-Chapel Hill  NC ,363,363,80215,1,2,300,1,4,1000,3,138,20908,132,132,35229,1,2,300,0,0,0,0,0,0
202008,450,39580,C,Raleigh-Cary  NC ,1193,1193,262788,7,14,1757,0,0,0,5,285,34020,1188,1188,261773,7,14,1757,0,0,0,5,285,34020
202008,452,39660, ,Rapid City  SD ,59,59,12253,0,0,0,0,0,0,2,74,8550,59,59,12253,0,0,0,0,0,0,2,74,8550
202008,454,39820, ,Redding  CA ,12,12,3389,0,0,0,0,0,0,0,0,0,12,12,3389,0,0,0,0,0,0,0,0,0
202008,456,16180,C,Carson City  NV ,17,17,4525,0,0,0,0,0,0,1,5,499,0,0,0,0,0,0,0,0,0,0,0,0
202008,456,39900,C,Reno  NV ,230,230,63506,2,4,414,1,4,539,8,129,16911,50,50,12346,0,0,0,0,0,0,0,0,0
202008,462,40340, ,Rochester  MN ,23,23,6949,0,0,0,0,0,0,0,0,0,23,23,6949,0,0,0,0,0,0,0,0,0
202008,464,40380, ,Rochester  NY ,101,101,24814,7,14,1063,6,22,2346,7,49,4813,76,76,18807,7,14,1063,5,19,2020,5,27,1805
202008,466,40420, ,Rockford  IL ,15,15,2676,0,0,0,0,0,0,0,0,0,13,13,2272,0,0,0,0,0,0,0,0,0
202008,472,40900,C,Sacramento-Roseville-Folsom  CA ,658,658,201760,5,10,1485,0,0,0,13,143,18429,642,642,196276,4,8,1002,0,0,0,12,138,17146
202008,474,13020, ,Bay City  MI ,0,0,0,0,0,0,0,0,0,0,0,0,0,0,0,0,0,0,0,0,0,0,0,0
202008,474,33220, ,Midland  MI ,6,6,732,0,0,0,0,0,0,0,0,0,6,6,732,0,0,0,0,0,0,0,0,0
202008,474,40980, ,Saginaw  MI ,2,2,400,0,0,0,0,0,0,0,0,0,2,2,400,0,0,0,0,0,0,0,0,0
202008,476,41180, ,St. Louis  MO-IL ,527,527,154985,11,22,3455,0,0,0,5,90,13020,429,429,120241,11,22,3455,0,0,0,3,74,11467
202008,480,41540, ,Salisbury  MD-DE ,457,457,63552,12,24,3587,1,3,657,7,149,11456,457,457,63552,12,24,3587,1,3,657,7,149,11456
202008,482,36260, ,Ogden-Clearfield  UT ,411,411,106316,0,0,0,2,7,783,3,15,1946,382,382,98009,0,0,0,0,0,0,0,0,0
202008,482,39340, ,Provo-Orem  UT ,665,665,193545,0,0,0,8,31,3385,5,52,8583,648,648,185154,0,0,0,8,31,3385,5,52,8583
202008,482,41620, ,Salt Lake City  UT ,507,507,129207,11,22,2833,6,22,4116,7,732,122004,370,370,91579,9,18,2304,4,16,3058,5,710,118743
202008,484,41700,C,San Antonio-New Braunfels  TX ,920,920,211884,31,62,6648,2,7,523,21,859,41626,867,867,198870,31,62,6648,1,4,523,21,859,41626
202008,488,32900, ,Merced  CA ,8,8,1695,0,0,0,0,0,0,0,0,0,2,2,386,0,0,0,0,0,0,0,0,0
202008,488,33700, ,Modesto  CA ,0,0,0,0,0,0,0,0,0,0,0,0,0,0,0,0,0,0,0,0,0,0,0,0
202008,488,41860,C,San Francisco-Oakland-Berkeley  CA ,324,324,123008,3,6,2240,3,9,1622,19,343,69841,214,214,87035,1,2,133,2,6,766,11,269,54382
202008,488,41940,C,San Jose-Sunnyvale-Santa Clara  CA ,262,262,95664,1,2,593,1,3,795,7,106,15913,164,164,58048,0,0,0,0,0,0,4,46,3445
202008,488,42100, ,Santa Cruz-Watsonville  CA ,12,12,2584,0,0,0,1,4,459,1,7,712,0,0,0,0,0,0,0,0,0,0,0,0
202008,488,42220, ,Santa Rosa-Petaluma  CA ,90,90,29860,0,0,0,0,0,0,0,0,0,79,79,27144,0,0,0,0,0,0,0,0,0
202008,488,44700, ,Stockton  CA ,252,252,73898,0,0,0,1,3,204,1,10,1282,159,159,43065,0,0,0,0,0,0,0,0,0
202008,488,46700, ,Vallejo  CA ,68,68,18396,0,0,0,0,0,0,0,0,0,68,68,18396,0,0,0,0,0,0,0,0,0
202008,496,25980, ,Hinesville  GA ,40,40,8026,0,0,0,0,0,0,0,0,0,40,40,8026,0,0,0,0,0,0,0,0,0
202008,496,42340, ,Savannah  GA ,191,191,49692,0,0,0,2,8,1120,2,60,5189,124,124,31579,0,0,0,2,8,1120,2,60,5189
202008,500,14740,C,Bremerton-Silverdale-Port Orchard  WA ,80,80,24211,1,2,391,0,0,0,1,7,591,61,61,19576,1,2,391,0,0,0,0,0,0
202008,500,34580, ,Mount Vernon-Anacortes  WA ,22,22,6754,0,0,0,0,0,0,0,0,0,22,22,6754,0,0,0,0,0,0,0,0,0
202008,500,36500, ,Olympia-Lacey-Tumwater  WA ,54,54,14484,0,0,0,0,0,0,2,11,1458,46,46,12782,0,0,0,0,0,0,1,6,1245
202008,500,42660,C,Seattle-Tacoma-Bellevue  WA ,795,795,284012,28,56,14058,16,56,11735,46,1049,121749,673,673,235706,26,52,13068,15,53,11085,40,888,104019
202008,508,43340,C,Shreveport-Bossier City  LA ,107,107,22226,0,0,0,0,0,0,0,0,0,2,2,550,0,0,0,0,0,0,0,0,0
202008,515,21140, ,Elkhart-Goshen  IN ,12,12,3206,0,0,0,0,0,0,0,0,0,12,12,3206,0,0,0,0,0,0,0,0,0
202008,515,35660, ,Niles  MI ,1,1,120,0,0,0,0,0,0,0,0,0,1,1,120,0,0,0,0,0,0,0,0,0
202008,515,43780, ,South Bend-Mishawaka  IN-MI ,32,32,9725,0,0,0,0,0,0,0,0,0,31,31,9429,0,0,0,0,0,0,0,0,0
202008,518,17660, ,Coeur dAlene  ID ,129,129,35754,1,2,422,0,0,0,2,31,3305,100,100,29174,0,0,0,0,0,0,1,14,1400
202008,518,44060, ,Spokane-Spokane Valley  WA ,197,197,48844,8,16,2650,0,0,0,4,43,6323,162,162,39592,7,14,2425,0,0,0,3,36,5531
202008,522,44100, ,Springfield  IL ,7,7,2314,3,6,1200,0,0,0,0,0,0,6,6,2064,3,6,1200,0,0,0,0,0,0
202008,524,44300, ,State College  PA ,20,20,5944,0,0,0,0,0,0,0,0,0,11,11,3139,0,0,0,0,0,0,0,0,0
202008,532,45060, ,Syracuse  NY ,25,25,5033,0,0,0,0,0,0,0,0,0,24,24,4880,0,0,0,0,0,0,0,0,0
202008,534,45780, ,Toledo  OH ,64,64,17832,34,68,3832,0,0,0,0,0,0,62,62,17607,34,68,3832,0,0,0,0,0,0
202008,536,46060,C,Tucson  AZ ,389,389,113582,2,4,474,0,0,0,3,49,7362,287,287,87418,0,0,0,0,0,0,0,0,0
202008,538,46140,C,Tulsa  OK ,433,433,94064,2,4,460,0,0,0,1,7,538,413,413,90531,2,4,460,0,0,0,0,0,0
202008,540,46340, ,Tyler  TX ,25,25,5828,3,6,741,1,4,523,0,0,0,25,25,5828,3,6,741,1,4,523,0,0,0
202008,545,47260, ,Virginia Beach-Norfolk-Newport News  VA-NC ,394,394,81793,0,0,0,0,0,0,3,118,16330,347,347,75161,0,0,0,0,0,0,3,118,16330
202008,548,12580,C,Baltimore-Columbia-Towson  MD ,441,441,93993,0,0,0,0,0,0,6,573,118910,412,412,87757,0,0,0,0,0,0,4,551,113974
202008,548,15680,C,California-Lexington Park  MD ,67,67,15069,1,2,325,0,0,0,1,5,896,7,7,2541,0,0,0,0,0,0,0,0,0
202008,548,16540,C,Chambersburg-Waynesboro  PA ,21,21,5986,0,0,0,0,0,0,0,0,0,20,20,5723,0,0,0,0,0,0,0,0,0
202008,548,25180, ,Hagerstown-Martinsburg  MD-WV ,119,119,24391,2,4,720,0,0,0,7,156,13500,115,115,23924,2,4,720,0,0,0,7,156,13500
202008,548,47900, ,Washington-Arlington-Alexandria  DC-VA-MD-WV ,1024,1024,243031,11,22,2717,6,23,3008,16,499,59295,937,937,220411,11,22,2717,6,23,3008,14,447,53127
202008,548,49020, ,Winchester  VA-WV ,75,75,17914,0,0,0,0,0,0,0,0,0,75,75,17914,0,0,0,0,0,0,0,0,0
202008,554,48140, ,Wausau-Weston  WI ,21,21,5265,0,0,0,0,0,0,0,0,0,14,14,3494,0,0,0,0,0,0,0,0,0
202008,556,48620, ,Wichita  KS ,94,94,20916,12,24,1897,2,8,1416,2,10,700,26,26,8171,0,0,0,2,8,1416,0,0,0
202008,558,48700, ,Williamsport  PA ,1,1,86,0,0,0,0,0,0,0,0,0,0,0,0,0,0,0,0,0,0,0,0,0
202008,566,49660, ,Youngstown-Warren-Boardman  OH-PA ,14,14,2574,1,2,322,0,0,0,0,0,0,14,14,2574,1,2,322,0,0,0,0,0,0
202008,999,10180, ,Abilene  TX ,31,31,6481,1,2,188,0,0,0,0,0,0,31,31,6481,1,2,188,0,0,0,0,0,0
202008,999,10500, ,Albany  GA ,12,12,983,0,0,0,0,0,0,1,16,2388,10,10,573,0,0,0,0,0,0,0,0,0
202008,999,10780, ,Alexandria  LA ,17,17,4324,0,0,0,0,0,0,0,0,0,10,10,2478,0,0,0,0,0,0,0,0,0
202008,999,10900, ,Allentown-Bethlehem-Easton  PA-NJ ,26,26,4953,1,2,40,0,0,0,0,0,0,23,23,4442,0,0,0,0,0,0,0,0,0
202008,999,11260,C,Anchorage  AK ,88,88,27340,2,4,691,2,8,1289,2,11,1739,2,2,430,2,4,691,1,4,595,0,0,0
202008,999,11500, ,Anniston-Oxford  AL ,5,5,743,0,0,0,0,0,0,0,0,0,5,5,743,0,0,0,0,0,0,0,0,0
202008,999,12260, ,Augusta-Richmond County  GA-SC ,325,325,67533,0,0,0,1,3,290,0,0,0,157,157,34123,0,0,0,1,3,290,0,0,0
202008,999,12420, ,Austin-Round Rock-Georgetown  TX ,1854,1854,416505,17,34,3410,2,7,578,35,1358,125462,1489,1489,335448,16,32,3223,2,7,578,35,1358,125462
202008,999,12540, ,Bakersfield  CA ,179,179,45694,1,2,234,0,0,0,0,0,0,32,32,5211,0,0,0,0,0,0,0,0,0
202008,999,12620, ,Bangor  ME ,21,21,5171,1,2,247,0,0,0,0,0,0,19,19,4736,0,0,0,0,0,0,0,0,0
202008,999,12940, ,Baton Rouge  LA ,374,374,78964,0,0,0,0,0,0,0,0,0,175,175,42980,0,0,0,0,0,0,0,0,0
202008,999,13140, ,Beaumont-Port Arthur  TX ,60,60,12348,0,0,0,0,0,0,2,13,1111,11,11,2643,0,0,0,0,0,0,0,0,0
202008,999,13220,C,Beckley  WV ,6,6,620,0,0,0,0,0,0,0,0,0,5,5,563,0,0,0,0,0,0,0,0,0
202008,999,13380, ,Bellingham  WA ,69,69,20047,4,8,1284,3,11,1748,3,18,3515,58,58,17247,4,8,1284,2,8,1200,3,18,3515
202008,999,13740, ,Billings  MT ,34,34,9580,2,4,846,0,0,0,0,0,0,34,34,9580,2,4,846,0,0,0,0,0,0
202008,999,13780, ,Binghamton  NY ,0,0,0,0,0,0,0,0,0,0,0,0,0,0,0,0,0,0,0,0,0,0,0,0
202008,999,13900, ,Bismarck  ND ,47,47,12249,4,8,1372,0,0,0,0,0,0,47,47,12249,4,8,1372,0,0,0,0,0,0
202008,999,13980, ,Blacksburg-Christiansburg  VA ,2,2,1280,0,0,0,0,0,0,0,0,0,2,2,1280,0,0,0,0,0,0,0,0,0
202008,999,15260, ,Brunswick  GA ,47,47,11402,3,6,440,0,0,0,1,18,12000,47,47,11402,3,6,440,0,0,0,1,18,12000
202008,999,16220,C,Casper  WY ,10,10,2472,0,0,0,0,0,0,0,0,0,9,9,2350,0,0,0,0,0,0,0,0,0
202008,999,16580, ,Champaign-Urbana  IL ,11,11,3063,0,0,0,0,0,0,1,12,1600,11,11,3063,0,0,0,0,0,0,1,12,1600
202008,999,16700,C,Charleston-North Charleston  SC ,489,489,132296,0,0,0,1,3,238,6,140,8333,130,130,46342,0,0,0,0,0,0,0,0,0
202008,999,16820, ,Charlottesville  VA ,76,76,23080,1,2,380,0,0,0,1,21,2030,0,0,0,0,0,0,0,0,0,0,0,0
202008,999,16940, ,Cheyenne  WY ,41,41,8722,0,0,0,1,3,350,0,0,0,24,24,5107,0,0,0,0,0,0,0,0,0
202008,999,17020, ,Chico  CA ,18,18,4082,0,0,0,0,0,0,0,0,0,18,18,4082,0,0,0,0,0,0,0,0,0
202008,999,17300,C,Clarksville  TN-KY ,414,414,42841,0,0,0,0,0,0,1,24,1200,323,323,25564,0,0,0,0,0,0,1,24,1200
202008,999,17780, ,College Station-Bryan  TX ,112,112,22260,1,2,225,0,0,0,1,9,485,105,105,20831,1,2,225,0,0,0,1,9,485
202008,999,17820,C,Colorado Springs  CO ,438,438,165919,0,0,0,0,0,0,0,0,0,438,438,165919,0,0,0,0,0,0,0,0,0
202008,999,18880,C,Crestview-Fort Walton Beach-Destin  FL ,226,226,90088,0,0,0,0,0,0,2,13,3516,201,201,82372,0,0,0,0,0,0,2,13,3516
202008,999,19060, ,Cumberland  MD-WV ,3,3,773,0,0,0,0,0,0,0,0,0,3,3,773,0,0,0,0,0,0,0,0,0
202008,999,19180, ,Danville  IL ,2,2,550,0,0,0,0,0,0,0,0,0,2,2,550,0,0,0,0,0,0,0,0,0
202008,999,19500, ,Decatur  IL ,4,4,1166,0,0,0,0,0,0,0,0,0,4,4,1166,0,0,0,0,0,0,0,0,0
202008,999,20220, ,Dubuque  IA ,6,6,1528,0,0,0,0,0,0,0,0,0,4,4,960,0,0,0,0,0,0,0,0,0
202008,999,20260, ,Duluth  MN-WI ,12,12,2081,0,0,0,0,0,0,0,0,0,12,12,2081,0,0,0,0,0,0,0,0,0
202008,999,20940, ,El Centro  CA ,7,7,1524,0,0,0,0,0,0,0,0,0,7,7,1524,0,0,0,0,0,0,0,0,0
202008,999,21420, ,Enid  OK ,0,0,0,0,0,0,0,0,0,0,0,0,0,0,0,0,0,0,0,0,0,0,0,0
202008,999,21660, ,Eugene-Springfield  OR ,65,65,17274,0,0,0,0,0,0,2,109,9970,39,39,10764,0,0,0,0,0,0,2,109,9970
202008,999,21780, ,Evansville  IN-KY ,97,97,24942,3,6,592,0,0,0,0,0,0,82,82,22071,2,4,345,0,0,0,0,0,0
202008,999,21820,C,Fairbanks  AK ,5,5,1745,0,0,0,3,11,2280,0,0,0,5,5,1745,0,0,0,3,11,2280,0,0,0
202008,999,22140,C,Farmington  NM ,10,10,3329,0,0,0,0,0,0,1,8,500,10,10,3329,0,0,0,0,0,0,1,8,500
202008,999,22220, ,Fayetteville-Springdale-Rogers  AR-MO ,453,453,116201,19,38,5391,0,0,0,6,134,10970,274,274,70124,15,30,3386,0,0,0,0,0,0
202008,999,22380, ,Flagstaff  AZ ,65,65,14243,0,0,0,0,0,0,0,0,0,65,65,14243,0,0,0,0,0,0,0,0,0
202008,999,22500, ,Florence  SC ,60,60,8097,1,2,193,0,0,0,2,29,2831,0,0,0,0,0,0,0,0,0,0,0,0
202008,999,22520, ,Florence-Muscle Shoals  AL ,25,25,3046,0,0,0,0,0,0,0,0,0,9,9,1192,0,0,0,0,0,0,0,0,0
202008,999,22540, ,Fond du Lac  WI ,5,5,1220,0,0,0,0,0,0,0,0,0,1,1,240,0,0,0,0,0,0,0,0,0
202008,999,22660,C,Fort Collins  CO ,169,169,53858,0,0,0,0,0,0,6,63,7702,169,169,53858,0,0,0,0,0,0,6,63,7702
202008,999,22900, ,Fort Smith  AR-OK ,20,20,4395,2,4,619,0,0,0,0,0,0,15,15,3885,2,4,619,0,0,0,0,0,0
202008,999,23460, ,Gadsden  AL ,2,2,373,0,0,0,0,0,0,0,0,0,2,2,373,0,0,0,0,0,0,0,0,0
202008,999,24220, ,Grand Forks  ND-MN ,18,18,4442,0,0,0,0,0,0,1,24,3840,18,18,4442,0,0,0,0,0,0,1,24,3840
202008,999,24260, ,Grand Island  NE ,6,6,1039,0,0,0,0,0,0,0,0,0,6,6,1039,0,0,0,0,0,0,0,0,0
202008,999,24300,C,Grand Junction  CO ,76,76,12461,0,0,0,0,0,0,0,0,0,76,76,12461,0,0,0,0,0,0,0,0,0
202008,999,24500,C,Great Falls  MT ,20,20,4288,0,0,0,0,0,0,0,0,0,20,20,4288,0,0,0,0,0,0,0,0,0
202008,999,25060, ,Gulfport-Biloxi  MS ,195,195,37903,0,0,0,1,4,401,1,7,593,86,86,20344,0,0,0,0,0,0,0,0,0
202008,999,25860, ,Hickory-Lenoir-Morganton  NC ,1,1,151,0,0,0,0,0,0,1,6,334,0,0,0,0,0,0,0,0,0,0,0,0
202008,999,25940, ,Hilton Head Island-Bluffton  SC ,97,97,29311,0,0,0,0,0,0,0,0,0,91,91,26782,0,0,0,0,0,0,0,0,0
202008,999,26140, ,Homosassa Springs  FL ,73,73,15049,1,2,55,0,0,0,1,5,432,0,0,0,0,0,0,0,0,0,0,0,0
202008,999,26380, ,Houma-Thibodaux  LA ,55,55,11089,1,2,156,1,3,262,0,0,0,41,41,7271,0,0,0,0,0,0,0,0,0
202008,999,27100, ,Jackson  MI ,0,0,0,0,0,0,0,0,0,0,0,0,0,0,0,0,0,0,0,0,0,0,0,0
202008,999,27340,C,Jacksonville  NC ,160,160,22116,0,0,0,0,0,0,0,0,0,160,160,22116,0,0,0,0,0,0,0,0,0
202008,999,27980,C,Kahului-Wailuku-Lahaina  HI ,34,34,9233,0,0,0,0,0,0,0,0,0,34,34,9233,0,0,0,0,0,0,0,0,0
202008,999,28660,C,Killeen-Temple  TX ,348,348,61606,21,42,4037,9,36,2974,4,76,7021,217,217,42447,18,36,3446,9,36,2974,4,76,7021
202008,999,29100, ,La Crosse-Onalaska  WI-MN ,19,19,5599,2,4,739,0,0,0,1,5,455,10,10,3607,1,2,345,0,0,0,0,0,0
202008,999,29420, ,Lake Havasu City-Kingman  AZ ,130,130,29770,3,6,961,0,0,0,0,0,0,130,130,29770,3,6,961,0,0,0,0,0,0
202008,999,29540, ,Lancaster  PA ,6,6,1423,0,0,0,0,0,0,0,0,0,6,6,1423,0,0,0,0,0,0,0,0,0
202008,999,29620, ,Lansing-East Lansing  MI ,13,13,2134,0,0,0,0,0,0,0,0,0,9,9,1447,0,0,0,0,0,0,0,0,0
202008,999,29700, ,Laredo  TX ,138,138,28276,7,14,1310,1,3,334,2,12,1026,0,0,0,0,0,0,0,0,0,0,0,0
202008,999,30020, ,Lawton  OK ,3,3,615,0,0,0,0,0,0,0,0,0,3,3,615,0,0,0,0,0,0,0,0,0
202008,999,30300, ,Lewiston  ID-WA ,0,0,0,0,0,0,0,0,0,0,0,0,0,0,0,0,0,0,0,0,0,0,0,0
202008,999,30860, ,Logan  UT-ID ,13,13,3002,1,2,634,0,0,0,1,8,1133,13,13,3002,1,2,634,0,0,0,1,8,1133
202008,999,30980, ,Longview  TX ,19,19,8558,0,0,0,0,0,0,0,0,0,19,19,8558,0,0,0,0,0,0,0,0,0
202008,999,31340, ,Lynchburg  VA ,17,17,3847,0,0,0,1,3,603,0,0,0,14,14,3151,0,0,0,0,0,0,0,0,0
202008,999,31740, ,Manhattan  KS ,27,27,7437,1,2,279,0,0,0,0,0,0,25,25,6957,0,0,0,0,0,0,0,0,0
202008,999,33540,C,Missoula  MT ,50,50,10393,2,4,236,1,3,175,1,34,1456,50,50,10393,2,4,236,1,3,175,1,34,1456
202008,999,36100, ,Ocala  FL ,354,354,73993,0,0,0,0,0,0,0,0,0,354,354,73993,0,0,0,0,0,0,0,0,0
202008,999,36980, ,Owensboro  KY ,23,23,2144,0,0,0,0,0,0,0,0,0,22,22,1939,0,0,0,0,0,0,0,0,0
202008,999,37340, ,Palm Bay-Melbourne-Titusville  FL ,237,237,74846,0,0,0,0,0,0,0,0,0,237,237,74846,0,0,0,0,0,0,0,0,0
202008,999,37460, ,Panama City  FL ,98,98,31397,0,0,0,0,0,0,8,64,1551,98,98,31397,0,0,0,0,0,0,8,64,1551
202008,999,37900, ,Peoria  IL ,6,6,1956,0,0,0,0,0,0,0,0,0,2,2,536,0,0,0,0,0,0,0,0,0
202008,999,38340, ,Pittsfield  MA ,1,1,308,0,0,0,0,0,0,0,0,0,0,0,0,0,0,0,0,0,0,0,0,0
202008,999,38540, ,Pocatello  ID ,25,25,4336,8,16,615,0,0,0,0,0,0,15,15,3339,8,16,615,0,0,0,0,0,0
202008,999,39150, ,Prescott Valley-Prescott  AZ ,131,131,38951,7,14,1709,0,0,0,0,0,0,131,131,38951,7,14,1709,0,0,0,0,0,0
202008,999,40060, ,Richmond  VA ,405,405,83146,2,4,360,7,27,3052,6,80,5702,386,386,80230,2,4,360,7,27,3052,5,75,5271
202008,999,41100, ,St. George  UT ,189,189,35323,0,0,0,0,0,0,0,0,0,189,189,35323,0,0,0,0,0,0,0,0,0
202008,999,41500, ,Salinas  CA ,41,41,9925,0,0,0,0,0,0,10,150,18390,40,40,9710,0,0,0,0,0,0,10,150,18390
202008,999,41660,C,San Angelo  TX ,108,108,22580,0,0,0,0,0,0,0,0,0,108,108,22580,0,0,0,0,0,0,0,0,0
202008,999,41740,C,San Diego-Chula Vista-Carlsbad  CA ,257,257,75793,11,22,4895,17,59,5889,10,657,117999,254,254,74081,11,22,4895,17,59,5889,9,652,117464
202008,999,42020, ,San Luis Obispo-Paso Robles  CA ,34,34,10271,0,0,0,0,0,0,0,0,0,0,0,0,0,0,0,0,0,0,0,0,0
202008,999,42200, ,Santa Maria-Santa Barbara  CA ,10,10,4325,0,0,0,0,0,0,0,0,0,10,10,4325,0,0,0,0,0,0,0,0,0
202008,999,42540, ,Scranton--Wilkes-Barre  PA ,5,5,1073,0,0,0,0,0,0,0,0,0,5,5,1073,0,0,0,0,0,0,0,0,0
202008,999,43100, ,Sheboygan  WI ,1,1,379,0,0,0,0,0,0,0,0,0,0,0,0,0,0,0,0,0,0,0,0,0
202008,999,43420, ,Sierra Vista-Douglas  AZ ,18,18,2703,0,0,0,0,0,0,0,0,0,17,17,2630,0,0,0,0,0,0,0,0,0
202008,999,43580, ,Sioux City  IA-NE-SD ,16,16,4420,0,0,0,1,3,0,0,0,0,4,4,1005,0,0,0,0,0,0,0,0,0
202008,999,43620, ,Sioux Falls  SD ,183,183,37434,5,10,1748,6,24,3067,1,41,11640,183,183,37434,5,10,1748,6,24,3067,1,41,11640
202008,999,44140, ,Springfield  MA ,1,1,150,0,0,0,0,0,0,0,0,0,0,0,0,0,0,0,0,0,0,0,0,0
202008,999,44180, ,Springfield  MO ,92,92,25336,3,6,871,0,0,0,0,0,0,82,82,23458,1,2,369,0,0,0,0,0,0
202008,999,44940, ,Sumter  SC ,22,22,3615,0,0,0,0,0,0,0,0,0,22,22,3615,0,0,0,0,0,0,0,0,0
202008,999,45220, ,Tallahassee  FL ,109,109,20325,0,0,0,0,0,0,3,94,12077,37,37,6068,0,0,0,0,0,0,0,0,0
202008,999,45300,C,Tampa-St. Petersburg-Clearwater  FL ,848,848,260606,3,6,755,5,16,4472,14,817,118162,819,819,253765,1,2,90,5,16,4472,13,812,117731
202008,999,45460, ,Terre Haute  IN ,4,4,903,1,2,208,0,0,0,0,0,0,3,3,681,0,0,0,0,0,0,0,0,0
202008,999,45500, ,Texarkana  TX-AR ,5,5,1203,0,0,0,0,0,0,0,0,0,5,5,1203,0,0,0,0,0,0,0,0,0
202008,999,45820, ,Topeka  KS ,26,26,6360,1,2,280,0,0,0,0,0,0,26,26,6360,1,2,280,0,0,0,0,0,0
202008,999,46220, ,Tuscaloosa  AL ,50,50,12182,0,0,0,5,18,1153,2,52,9551,15,15,4058,0,0,0,0,0,0,0,0,0
202008,999,46300, ,Twin Falls  ID ,47,47,10684,4,8,1927,6,24,2750,3,17,1214,47,47,10684,4,8,1927,6,24,2750,3,17,1214
202008,999,46520,C,Urban Honolulu  HI ,93,93,38150,0,0,0,1,3,1949,4,85,15919,0,0,0,0,0,0,0,0,0,0,0,0
202008,999,46540, ,Utica-Rome  NY ,1,1,282,0,0,0,0,0,0,0,0,0,0,0,0,0,0,0,0,0,0,0,0,0
202008,999,46660, ,Valdosta  GA ,117,117,21797,0,0,0,0,0,0,0,0,0,59,59,12014,0,0,0,0,0,0,0,0,0
202008,999,47300, ,Visalia  CA ,115,115,27038,0,0,0,0,0,0,0,0,0,115,115,27038,0,0,0,0,0,0,0,0,0
202008,999,47380, ,Waco  TX ,153,153,31989,0,0,0,0,0,0,0,0,0,153,153,31989,0,0,0,0,0,0,0,0,0
202008,999,47940, ,Waterloo-Cedar Falls  IA ,9,9,2264,0,0,0,0,0,0,0,0,0,9,9,2264,0,0,0,0,0,0,0,0,0
202008,999,48060, ,Watertown-Fort Drum  NY ,12,12,1586,0,0,0,0,0,0,0,0,0,0,0,0,0,0,0,0,0,0,0,0,0
202008,999,48300, ,Wenatchee  WA ,40,40,8697,0,0,0,0,0,0,0,0,0,12,12,3707,0,0,0,0,0,0,0,0,0
202008,999,48540, ,Wheeling  WV-OH ,1,1,200,0,0,0,0,0,0,0,0,0,1,1,200,0,0,0,0,0,0,0,0,0
202008,999,48660, ,Wichita Falls  TX ,0,0,0,0,0,0,0,0,0,0,0,0,0,0,0,0,0,0,0,0,0,0,0,0
202008,999,48900, ,Wilmington  NC ,115,115,38664,0,0,0,0,0,0,3,223,31274,114,114,38342,0,0,0,0,0,0,3,223,31274
202008,999,49420, ,Yakima  WA ,33,33,7414,1,2,379,1,4,454,0,0,0,33,33,7414,1,2,379,1,4,454,0,0,0
202008,999,49740, ,Yuma  AZ ,85,85,15596,15,30,2123,0,0,0,0,0,0,85,85,15596,15,30,2123,0,0,0,0,0,0
