Survey,CSA,CBSA,MONCOV,CBSA,,1-unit,,,2-units,,,3-4 units,,,5+ units,,,1-unit rep,,,2-units rep,,,3-4 units rep,,,5+ units rep
Date,Code,Code,,Name,Bldgs,Units,Value,Bldgs,Units,Value,Bldgs,Units,Value,Bldgs,Units,Value,Bldgs,Units,Value,Bldgs,Units,Value,      Bldgs,Units,Value,Bldgs,Units,Value
 
202103,104,10580,C,Albany-Schenectady-Troy  NY ,134,134,41167,1,2,330,0,0,0,9,81,9352,107,107,32358,1,2,330,0,0,0,8,76,8977
202103,104,24020, ,Glens Falls  NY ,21,21,5175,0,0,0,0,0,0,0,0,0,11,11,2697,0,0,0,0,0,0,0,0,0
202103,106,10740,C,Albuquerque  NM ,308,308,73613,0,0,0,0,0,0,2,22,1959,182,182,45949,0,0,0,0,0,0,0,0,0
202103,106,42140,C,Santa Fe  NM ,42,42,9607,0,0,0,0,0,0,1,21,2575,0,0,0,0,0,0,0,0,0,0,0,0
202103,107,11020, ,Altoona  PA ,0,0,0,0,0,0,0,0,0,0,0,0,0,0,0,0,0,0,0,0,0,0,0,0
202103,108,11100, ,Amarillo  TX ,37,37,8626,0,0,0,0,0,0,0,0,0,37,37,8626,0,0,0,0,0,0,0,0,0
202103,118,11540, ,Appleton  WI ,32,32,11140,5,10,1869,0,0,0,12,144,14000,32,32,11140,5,10,1869,0,0,0,12,144,14000
202103,118,36780, ,Oshkosh-Neenah  WI ,21,21,5775,2,4,415,0,0,0,0,0,0,21,21,5775,2,4,415,0,0,0,0,0,0
202103,120,11700, ,Asheville  NC ,258,258,80697,0,0,0,0,0,0,4,65,6702,85,85,28528,0,0,0,0,0,0,0,0,0
202103,122,12020, ,Athens-Clarke County  GA ,35,35,11544,0,0,0,1,4,493,9,240,24284,35,35,11544,0,0,0,1,4,493,9,240,24284
202103,122,12060, ,Atlanta-Sandy Springs-Alpharetta  GA ,3466,3466,793256,1,2,936,8,29,5592,22,130,20214,3147,3147,717565,1,2,936,8,29,5592,21,124,18414
202103,122,23580, ,Gainesville  GA ,96,96,22690,1,2,175,1,4,530,1,16,2119,23,23,5214,1,2,175,1,4,530,1,16,2119
202103,122,40660,C,Rome  GA ,22,22,4724,0,0,0,0,0,0,0,0,0,22,22,4724,0,0,0,0,0,0,0,0,0
202103,140,13460,C,Bend  OR ,169,169,46824,5,10,1570,3,9,540,8,140,18577,169,169,46824,5,10,1570,3,9,540,8,140,18577
202103,142,13820,C,Birmingham-Hoover  AL ,380,380,114044,1,2,247,0,0,0,1,9,908,233,233,71164,0,0,0,0,0,0,0,0,0
202103,144,14020,C,Bloomington  IN ,30,30,7987,1,2,283,0,0,0,1,41,4760,0,0,0,0,0,0,0,0,0,0,0,0
202103,145,14010, ,Bloomington  IL ,10,10,1733,0,0,0,0,0,0,1,5,253,5,5,1135,0,0,0,0,0,0,0,0,0
202103,146,14100,C,Bloomsburg-Berwick  PA ,10,10,2201,1,2,250,0,0,0,0,0,0,5,5,961,0,0,0,0,0,0,0,0,0
202103,147,14260,C,Boise City  ID ,928,928,237692,1,2,124,23,92,9693,4,140,20158,761,761,212564,0,0,0,22,88,9396,2,90,16059
202103,148,12700, ,Barnstable Town  MA ,8,8,4001,1,2,250,0,0,0,0,0,0,3,3,1270,1,2,250,0,0,0,0,0,0
202103,148,14460,C,Boston-Cambridge-Newton  MA-NH ,470,470,167258,22,44,8672,6,20,5140,67,811,136228,227,227,98937,14,28,5799,4,14,4140,14,426,99453
202103,148,31700, ,Manchester-Nashua  NH ,31,31,6503,0,0,0,0,0,0,0,0,0,15,15,3040,0,0,0,0,0,0,0,0,0
202103,148,39300,C,Providence-Warwick  RI-MA ,158,158,39909,7,14,1912,2,6,523,2,11,681,79,79,23159,3,6,1289,1,3,350,0,0,0
202103,148,49340, ,Worcester  MA-CT ,19,19,5034,0,0,0,0,0,0,1,5,90,6,6,1969,0,0,0,0,0,0,0,0,0
202103,150,14540, ,Bowling Green  KY ,139,139,32405,7,14,1314,0,0,0,13,200,20045,139,139,32405,7,14,1314,0,0,0,13,200,20045
202103,154,15180, ,Brownsville-Harlingen  TX ,126,126,12946,8,16,1689,0,0,0,1,16,1796,0,0,0,0,0,0,0,0,0,0,0,0
202103,160,15380,C,Buffalo-Cheektowaga  NY ,120,120,46569,5,10,1436,1,4,480,8,70,8423,104,104,42936,5,10,1436,1,4,480,6,52,4387
202103,162,15540, ,Burlington-South Burlington  VT ,37,37,10325,4,8,1783,0,0,0,3,53,7290,20,20,5623,3,6,1556,0,0,0,1,43,6150
202103,163,15980,C,Cape Coral-Fort Myers  FL ,798,798,182956,9,18,2163,3,12,3982,2,97,8080,798,798,182956,9,18,2163,3,12,3982,2,97,8080
202103,163,34940, ,Naples-Marco Island  FL ,371,371,93614,1,2,189,0,0,0,9,150,10345,371,371,93614,1,2,189,0,0,0,9,150,10345
202103,164,16020, ,Cape Girardeau  MO-IL ,0,0,0,0,0,0,0,0,0,0,0,0,0,0,0,0,0,0,0,0,0,0,0,0
202103,168,16300, ,Cedar Rapids  IA ,57,57,8426,11,22,1673,0,0,0,0,0,0,56,56,8251,11,22,1673,0,0,0,0,0,0
202103,168,26980, ,Iowa City  IA ,42,42,13012,0,0,0,2,8,1500,1,40,5000,39,39,12487,0,0,0,2,8,1500,1,40,5000
202103,170,16620, ,Charleston  WV ,25,25,2106,0,0,0,0,0,0,0,0,0,18,18,1853,0,0,0,0,0,0,0,0,0
202103,170,26580, ,Huntington-Ashland  WV-KY-OH ,19,19,3697,1,2,215,0,0,0,0,0,0,0,0,0,0,0,0,0,0,0,0,0,0
202103,172,16740, ,Charlotte-Concord-Gastonia  NC-SC ,1907,1907,485439,5,10,1381,1,3,524,17,537,76764,1615,1615,386839,4,8,1195,0,0,0,15,504,71725
202103,174,16860, ,Chattanooga  TN-GA ,200,200,43755,6,12,897,2,8,841,3,55,5443,144,144,31415,1,2,186,1,4,609,0,0,0
202103,174,17420, ,Cleveland  TN ,41,41,7284,0,0,0,1,3,367,0,0,0,15,15,2600,0,0,0,1,3,367,0,0,0
202103,176,16980, ,Chicago-Naperville-Elgin  IL-IN-WI ,1017,1017,308737,14,28,5222,11,37,6145,17,531,102410,847,847,263987,12,24,4427,10,34,5771,10,464,92620
202103,176,28100, ,Kankakee  IL ,1,1,254,0,0,0,0,0,0,0,0,0,1,1,254,0,0,0,0,0,0,0,0,0
202103,176,33140, ,Michigan City-La Porte  IN ,15,15,3270,0,0,0,0,0,0,0,0,0,3,3,273,0,0,0,0,0,0,0,0,0
202103,178,17140, ,Cincinnati  OH-KY-IN ,594,594,154231,3,6,977,4,12,2400,4,25,3564,515,515,134912,3,6,977,4,12,2400,3,20,2542
202103,184,10420, ,Akron  OH ,64,64,35350,0,0,0,0,0,0,0,0,0,15,15,4468,0,0,0,0,0,0,0,0,0
202103,184,15940, ,Canton-Massillon  OH ,56,56,14350,2,4,639,1,3,154,3,20,1061,50,50,13650,2,4,639,0,0,0,2,15,677
202103,184,17460, ,Cleveland-Elyria  OH ,295,295,99576,1,2,11,1,3,173,0,0,0,221,221,79907,0,0,0,0,0,0,0,0,0
202103,190,17860, ,Columbia  MO ,104,104,28527,0,0,0,0,0,0,0,0,0,103,103,28293,0,0,0,0,0,0,0,0,0
202103,192,17900,C,Columbia  SC ,629,629,138690,4,8,959,0,0,0,2,18,3092,329,329,62837,4,8,959,0,0,0,0,0,0
202103,194,12220,C,Auburn-Opelika  AL ,169,169,45476,5,10,1238,5,20,1295,0,0,0,128,128,35857,5,10,1238,5,20,1295,0,0,0
202103,194,17980, ,Columbus  GA-AL ,83,83,17355,0,0,0,0,0,0,2,34,4826,44,44,9998,0,0,0,0,0,0,0,0,0
202103,198,18140, ,Columbus  OH ,632,632,197787,2,4,1000,4,16,1399,14,159,10802,549,549,172848,2,4,1000,4,16,1399,11,144,9458
202103,204,18580, ,Corpus Christi  TX ,149,149,41952,0,0,0,0,0,0,0,0,0,0,0,0,0,0,0,0,0,0,0,0,0
202103,206,19100, ,Dallas-Fort Worth-Arlington  TX ,4875,4875,1266409,91,182,13936,5,18,4380,60,2341,203076,4128,4128,1063054,85,170,10867,4,15,3613,51,2246,191059
202103,209,19340, ,Davenport-Moline-Rock Island  IA-IL ,37,37,8134,0,0,0,1,4,460,4,42,4396,12,12,4224,0,0,0,1,4,460,3,26,2730
202103,212,19430, ,Dayton-Kettering  OH ,148,148,47510,0,0,0,0,0,0,5,34,4866,106,106,38324,0,0,0,0,0,0,5,34,4866
202103,212,44220, ,Springfield  OH ,22,22,6369,0,0,0,0,0,0,1,6,489,22,22,6369,0,0,0,0,0,0,1,6,489
202103,216,14500, ,Boulder  CO ,35,35,17701,0,0,0,0,0,0,1,26,5497,30,30,12860,0,0,0,0,0,0,0,0,0
202103,216,19740,C,Denver-Aurora-Lakewood  CO ,1229,1229,359849,18,36,7150,11,39,7499,36,876,62026,1153,1153,335749,17,34,6707,11,39,7499,36,876,62026
202103,216,24540, ,Greeley  CO ,372,372,102235,2,4,1173,7,26,5837,2,93,14407,169,169,45209,2,4,1173,6,23,5139,1,85,13028
202103,218,11180, ,Ames  IA ,11,11,3347,0,0,0,0,0,0,0,0,0,11,11,3347,0,0,0,0,0,0,0,0,0
202103,218,19780, ,Des Moines-West Des Moines  IA ,594,594,167504,1,2,530,0,0,0,6,278,43905,581,581,163380,1,2,530,0,0,0,4,261,42198
202103,220,11460, ,Ann Arbor  MI ,52,52,14610,4,8,2348,1,3,655,0,0,0,36,36,10083,4,8,2348,1,3,655,0,0,0
202103,220,19820, ,Detroit-Warren-Dearborn  MI ,617,617,202429,12,24,4898,4,14,2017,14,287,24601,440,440,158072,12,24,4898,2,8,1458,10,260,21509
202103,220,22420, ,Flint  MI ,25,25,6870,0,0,0,3,10,2069,0,0,0,17,17,4555,0,0,0,0,0,0,0,0,0
202103,220,33780, ,Monroe  MI ,1,1,405,0,0,0,0,0,0,0,0,0,1,1,405,0,0,0,0,0,0,0,0,0
202103,222,20020, ,Dothan  AL ,32,32,9561,0,0,0,0,0,0,0,0,0,32,32,9561,0,0,0,0,0,0,0,0,0
202103,232,20740, ,Eau Claire  WI ,38,38,10845,10,20,3255,0,0,0,3,69,10100,36,36,10384,10,20,3255,0,0,0,3,69,10100
202103,236,21300, ,Elmira  NY ,0,0,0,0,0,0,0,0,0,0,0,0,0,0,0,0,0,0,0,0,0,0,0,0
202103,238,21340,C,El Paso  TX ,294,294,70451,6,12,1657,3,12,1408,1,31,3549,48,48,11190,2,4,494,0,0,0,0,0,0
202103,238,29740,C,Las Cruces  NM ,117,117,31283,0,0,0,0,0,0,1,8,799,31,31,10592,0,0,0,0,0,0,0,0,0
202103,240,21500, ,Erie  PA ,7,7,2895,0,0,0,0,0,0,0,0,0,7,7,2895,0,0,0,0,0,0,0,0,0
202103,244,22020, ,Fargo  ND-MN ,117,117,33766,0,0,0,0,0,0,8,120,19402,105,105,30451,0,0,0,0,0,0,8,120,19402
202103,246,22180, ,Fayetteville  NC ,171,171,26361,0,0,0,0,0,0,0,0,0,94,94,16974,0,0,0,0,0,0,0,0,0
202103,258,23060,C,Fort Wayne  IN ,200,200,55688,0,0,0,0,0,0,0,0,0,200,200,55688,0,0,0,0,0,0,0,0,0
202103,260,23420,C,Fresno  CA ,339,339,100169,4,8,1388,0,0,0,5,41,5129,160,160,42895,0,0,0,0,0,0,0,0,0
202103,260,31460, ,Madera  CA ,116,116,32211,0,0,0,0,0,0,0,0,0,116,116,32211,0,0,0,0,0,0,0,0,0
202103,264,23540, ,Gainesville  FL ,76,76,20105,0,0,0,0,0,0,3,139,9473,0,0,0,0,0,0,0,0,0,0,0,0
202103,266,24340, ,Grand Rapids-Kentwood  MI ,177,177,50140,5,10,2455,0,0,0,1,12,1364,158,158,44805,5,10,2455,0,0,0,0,0,0
202103,266,34740, ,Muskegon  MI ,4,4,739,0,0,0,0,0,0,0,0,0,4,4,739,0,0,0,0,0,0,0,0,0
202103,267,24580, ,Green Bay  WI ,79,79,21764,1,2,583,0,0,0,2,10,660,37,37,9005,0,0,0,0,0,0,0,0,0
202103,268,15500, ,Burlington  NC ,99,99,18521,0,0,0,0,0,0,3,101,7530,99,99,18521,0,0,0,0,0,0,3,101,7530
202103,268,24660,C,Greensboro-High Point  NC ,266,266,69885,3,6,871,0,0,0,2,24,3374,179,179,41511,2,4,773,0,0,0,2,24,3374
202103,268,49180, ,Winston-Salem  NC ,210,210,49253,0,0,0,0,0,0,0,0,0,210,210,49253,0,0,0,0,0,0,0,0,0
202103,272,24780, ,Greenville  NC ,32,32,7327,0,0,0,0,0,0,5,124,12809,32,32,7327,0,0,0,0,0,0,5,124,12809
202103,273,24860, ,Greenville-Anderson  SC ,719,719,200285,5,10,855,0,0,0,1,11,1236,709,709,198019,5,10,855,0,0,0,0,0,0
202103,273,43900, ,Spartanburg  SC ,336,336,54980,0,0,0,0,0,0,0,0,0,0,0,0,0,0,0,0,0,0,0,0,0
202103,276,23900,C,Gettysburg  PA ,44,44,14192,0,0,0,0,0,0,0,0,0,44,44,14192,0,0,0,0,0,0,0,0,0
202103,276,25420,C,Harrisburg-Carlisle  PA ,144,144,32135,1,2,108,2,6,1284,2,17,1744,80,80,18060,1,2,108,0,0,0,0,0,0
202103,276,30140, ,Lebanon  PA ,26,26,4920,0,0,0,0,0,0,0,0,0,0,0,0,0,0,0,0,0,0,0,0,0
202103,276,49620, ,York-Hanover  PA ,23,23,4651,0,0,0,0,0,0,0,0,0,22,22,4388,0,0,0,0,0,0,0,0,0
202103,277,25500,C,Harrisonburg  VA ,55,55,29820,0,0,0,0,0,0,0,0,0,55,55,29820,0,0,0,0,0,0,0,0,0
202103,277,44420, ,Staunton  VA ,22,22,6291,0,0,0,0,0,0,0,0,0,22,22,6291,0,0,0,0,0,0,0,0,0
202103,278,25540,C,Hartford-East Hartford-Middletown  CT ,107,107,25756,1,2,200,0,0,0,6,30,2598,74,74,18483,0,0,0,0,0,0,0,0,0
202103,278,35980, ,Norwich-New London  CT ,9,9,2278,0,0,0,0,0,0,0,0,0,4,4,1305,0,0,0,0,0,0,0,0,0
202103,279,25620, ,Hattiesburg  MS ,7,7,1510,0,0,0,0,0,0,0,0,0,7,7,1510,0,0,0,0,0,0,0,0,0
202103,284,26300, ,Hot Springs  AR ,9,9,3457,0,0,0,0,0,0,0,0,0,9,9,3457,0,0,0,0,0,0,0,0,0
202103,288,26420, ,Houston-The Woodlands-Sugar Land  TX ,5142,5142,1175217,51,102,10183,0,0,0,14,313,21496,4510,4510,1016488,51,102,10183,0,0,0,12,300,20757
202103,290,19460, ,Decatur  AL ,23,23,6193,0,0,0,0,0,0,0,0,0,23,23,6193,0,0,0,0,0,0,0,0,0
202103,290,26620,C,Huntsville  AL ,448,448,71645,1,2,140,3,12,1020,2,10,258,119,119,33564,0,0,0,0,0,0,0,0,0
202103,292,26820, ,Idaho Falls  ID ,174,174,30653,0,0,0,2,8,930,0,0,0,174,174,30653,0,0,0,2,8,930,0,0,0
202103,294,18020, ,Columbus  IN ,28,28,6450,0,0,0,0,0,0,0,0,0,28,28,6450,0,0,0,0,0,0,0,0,0
202103,294,26900, ,Indianapolis-Carmel-Anderson  IN ,923,923,293171,14,28,4523,2,8,2474,4,23,2777,841,841,271913,13,26,4386,2,8,2474,2,13,2307
202103,294,34620, ,Muncie  IN ,7,7,1949,0,0,0,0,0,0,0,0,0,7,7,1949,0,0,0,0,0,0,0,0,0
202103,296,27060, ,Ithaca  NY ,2,2,579,0,0,0,0,0,0,2,10,1200,0,0,0,0,0,0,0,0,0,0,0,0
202103,297,27180, ,Jackson  TN ,20,20,4381,0,0,0,0,0,0,0,0,0,0,0,0,0,0,0,0,0,0,0,0,0
202103,298,27140, ,Jackson  MS ,132,132,31612,0,0,0,0,0,0,1,29,3202,99,99,20356,0,0,0,0,0,0,0,0,0
202103,300,27260,C,Jacksonville  FL ,1400,1400,297970,0,0,0,43,172,9480,24,1075,126803,1239,1239,259537,0,0,0,43,172,9480,24,1075,126803
202103,304,27740, ,Johnson City  TN ,38,38,7470,0,0,0,0,0,0,0,0,0,38,38,7470,0,0,0,0,0,0,0,0,0
202103,304,28700, ,Kingsport-Bristol  TN-VA ,3,3,611,1,2,276,0,0,0,0,0,0,1,1,140,1,2,276,0,0,0,0,0,0
202103,306,27780, ,Johnstown  PA ,1,1,180,0,0,0,0,0,0,0,0,0,1,1,180,0,0,0,0,0,0,0,0,0
202103,308,27860, ,Jonesboro  AR ,54,54,8513,5,10,689,6,20,1032,2,10,575,1,1,238,0,0,0,0,0,0,0,0,0
202103,309,27900, ,Joplin  MO ,23,23,4726,0,0,0,0,0,0,0,0,0,23,23,4726,0,0,0,0,0,0,0,0,0
202103,310,12980, ,Battle Creek  MI ,1,1,278,0,0,0,0,0,0,0,0,0,1,1,278,0,0,0,0,0,0,0,0,0
202103,310,28020, ,Kalamazoo-Portage  MI ,15,15,4524,0,0,0,0,0,0,0,0,0,0,0,0,0,0,0,0,0,0,0,0,0
202103,312,28140, ,Kansas City  MO-KS ,732,732,214688,12,24,4908,7,28,3611,13,447,51912,678,678,196798,11,22,4714,7,28,3611,13,447,51912
202103,312,29940, ,Lawrence  KS ,17,17,5426,0,0,0,2,6,1200,0,0,0,17,17,5426,0,0,0,2,6,1200,0,0,0
202103,312,41140, ,St. Joseph  MO-KS ,1,1,600,0,0,0,0,0,0,0,0,0,1,1,600,0,0,0,0,0,0,0,0,0
202103,313,28420,C,Kennewick-Richland  WA ,221,221,63222,4,8,1265,1,3,438,2,39,4663,79,79,23699,1,2,360,0,0,0,0,0,0
202103,313,47460, ,Walla Walla  WA ,18,18,4576,0,0,0,0,0,0,0,0,0,16,16,4376,0,0,0,0,0,0,0,0,0
202103,315,28940, ,Knoxville  TN ,432,432,105168,0,0,0,1,3,300,1,15,987,405,405,101211,0,0,0,0,0,0,0,0,0
202103,316,29020, ,Kokomo  IN ,12,12,2620,0,0,0,0,0,0,0,0,0,12,12,2620,0,0,0,0,0,0,0,0,0
202103,318,29180, ,Lafayette  LA ,303,303,69776,0,0,0,0,0,0,0,0,0,258,258,61716,0,0,0,0,0,0,0,0,0
202103,320,29200, ,Lafayette-West Lafayette  IN ,61,61,15822,0,0,0,0,0,0,3,26,1843,4,4,1300,0,0,0,0,0,0,0,0,0
202103,324,29340, ,Lake Charles  LA ,89,89,14857,4,8,622,0,0,0,0,0,0,37,37,4859,4,8,622,0,0,0,0,0,0
202103,332,29820,C,Las Vegas-Henderson-Paradise  NV ,993,993,273156,10,20,868,19,60,7365,17,426,36921,989,989,271819,10,20,868,19,60,7365,17,426,36921
202103,336,30460,C,Lexington-Fayette  KY ,155,155,37900,0,0,0,2,7,1266,4,89,9499,53,53,15727,0,0,0,1,4,840,2,11,1211
202103,338,30620, ,Lima  OH ,1,1,300,0,0,0,0,0,0,0,0,0,1,1,300,0,0,0,0,0,0,0,0,0
202103,339,30700, ,Lincoln  NE ,129,129,29584,1,2,286,0,0,0,1,69,7737,5,5,1250,0,0,0,0,0,0,0,0,0
202103,340,30780, ,Little Rock-North Little Rock-Conway  AR ,248,248,55789,4,8,992,1,4,400,13,470,33593,184,184,45824,3,6,840,1,4,400,12,461,33347
202103,340,38220, ,Pine Bluff  AR ,2,2,466,0,0,0,0,0,0,0,0,0,1,1,300,0,0,0,0,0,0,0,0,0
202103,348,31080,C,Los Angeles-Long Beach-Anaheim  CA ,1264,1264,367874,60,120,26632,11,38,8271,51,2704,572948,1054,1054,272644,52,104,22008,6,21,4703,42,2625,558242
202103,348,37100, ,Oxnard-Thousand Oaks-Ventura  CA ,21,21,6313,1,2,598,0,0,0,9,127,17293,21,21,6313,1,2,598,0,0,0,9,127,17293
202103,348,40140, ,Riverside-San Bernardino-Ontario  CA ,1259,1259,306580,10,20,598,14,46,5905,14,113,13016,1177,1177,286541,10,20,598,14,46,5905,11,97,11781
202103,350,21060, ,Elizabethtown-Fort Knox  KY ,57,57,11851,1,2,200,0,0,0,0,0,0,57,57,11851,1,2,200,0,0,0,0,0,0
202103,350,31140, ,Louisville-Jefferson County  KY-IN ,436,436,130135,6,12,1850,1,4,720,11,228,20557,219,219,65224,5,10,1670,1,4,720,1,24,1000
202103,352,31180, ,Lubbock  TX ,201,201,46407,12,24,2733,0,0,0,7,54,3717,15,15,5357,0,0,0,0,0,0,0,0,0
202103,356,31420, ,Macon-Bibb County  GA ,40,40,9242,0,0,0,0,0,0,0,0,0,0,0,0,0,0,0,0,0,0,0,0,0
202103,356,47580, ,Warner Robins  GA ,150,150,32937,0,0,0,0,0,0,0,0,0,122,122,25987,0,0,0,0,0,0,0,0,0
202103,357,27500, ,Janesville-Beloit  WI ,23,23,5786,0,0,0,0,0,0,0,0,0,15,15,3647,0,0,0,0,0,0,0,0,0
202103,357,31540, ,Madison  WI ,172,172,64161,6,12,1990,1,3,763,6,294,35253,126,126,51260,4,8,1210,0,0,0,5,287,33443
202103,359,31860, ,Mankato  MN ,13,13,2988,0,0,0,2,7,1550,0,0,0,13,13,2988,0,0,0,2,7,1550,0,0,0
202103,365,32580,C,McAllen-Edinburg-Mission  TX ,438,438,86608,61,122,21440,4,16,1135,2,45,3172,354,354,78204,42,84,9423,4,16,1135,1,8,350
202103,366,32780, ,Medford  OR ,52,52,14281,1,2,848,0,0,0,0,0,0,52,52,14281,1,2,848,0,0,0,0,0,0
202103,368,32820, ,Memphis  TN-MS-AR ,403,403,87621,0,0,0,1,4,100,5,80,9398,291,291,63963,0,0,0,1,4,100,5,80,9398
202103,370,33100, ,Miami-Fort Lauderdale-Pompano Beach  FL ,743,743,281631,11,22,3745,1,4,1166,21,383,49922,619,619,229387,11,22,3745,1,4,1166,13,240,34308
202103,370,38940, ,Port St. Lucie  FL ,463,463,127967,22,44,3661,0,0,0,4,192,24184,463,463,127967,22,44,3661,0,0,0,4,192,24184
202103,370,42680, ,Sebastian-Vero Beach  FL ,102,102,39861,0,0,0,0,0,0,0,0,0,102,102,39861,0,0,0,0,0,0,0,0,0
202103,372,33260, ,Midland  TX ,79,79,16481,0,0,0,0,0,0,0,0,0,79,79,16481,0,0,0,0,0,0,0,0,0
202103,372,36220,C,Odessa  TX ,68,68,15853,0,0,0,0,0,0,0,0,0,68,68,15853,0,0,0,0,0,0,0,0,0
202103,376,33340,C,Milwaukee-Waukesha  WI ,193,193,77909,12,24,2918,0,0,0,3,45,5142,132,132,51736,10,20,2818,0,0,0,1,24,4000
202103,376,39540, ,Racine  WI ,14,14,5320,0,0,0,0,0,0,0,0,0,14,14,5320,0,0,0,0,0,0,0,0,0
202103,378,33460, ,Minneapolis-St. Paul-Bloomington  MN-WI ,1133,1133,355130,6,12,2419,9,35,7023,21,1146,158685,1018,1018,321172,5,10,2062,9,35,7023,15,1084,151517
202103,378,41060, ,St. Cloud  MN ,1,1,277,0,0,0,0,0,0,0,0,0,0,0,0,0,0,0,0,0,0,0,0,0
202103,380,19300, ,Daphne-Fairhope-Foley  AL ,249,249,62160,0,0,0,0,0,0,1,13,1041,195,195,53006,0,0,0,0,0,0,0,0,0
202103,380,33660, ,Mobile  AL ,79,79,17786,0,0,0,0,0,0,0,0,0,79,79,17786,0,0,0,0,0,0,0,0,0
202103,384,33740, ,Monroe  LA ,21,21,4612,1,2,73,1,4,629,1,5,579,11,11,2564,0,0,0,0,0,0,0,0,0
202103,388,33860, ,Montgomery  AL ,91,91,22105,0,0,0,1,4,370,0,0,0,91,91,22105,0,0,0,1,4,370,0,0,0
202103,390,34060, ,Morgantown  WV ,1,1,45,0,0,0,0,0,0,0,0,0,1,1,45,0,0,0,0,0,0,0,0,0
202103,396,34820, ,Myrtle Beach-Conway-North Myrtle Beach  SC-NC ,894,894,165401,6,12,2225,2,7,808,2,10,850,595,595,94473,3,6,875,2,7,808,1,5,600
202103,400,34980, ,Nashville-Davidson--Murfreesboro--Franklin  TN ,1846,1846,546139,0,0,0,3,11,1958,28,1937,104835,1610,1610,495703,0,0,0,2,8,1693,27,1910,101741
202103,406,25220, ,Hammond  LA ,104,104,20230,1,2,180,0,0,0,0,0,0,0,0,0,0,0,0,0,0,0,0,0,0
202103,406,35380, ,New Orleans-Metairie  LA ,377,377,98230,19,38,4156,1,3,722,1,48,8932,283,283,75979,1,2,285,0,0,0,0,0,0
202103,408,14860,C,Bridgeport-Stamford-Norwalk  CT ,83,83,51308,1,2,152,0,0,0,8,183,15959,51,51,28284,0,0,0,0,0,0,5,160,9107
202103,408,20700, ,East Stroudsburg  PA ,11,11,3156,0,0,0,0,0,0,0,0,0,7,7,2099,0,0,0,0,0,0,0,0,0
202103,408,28740, ,Kingston  NY ,5,5,1099,0,0,0,0,0,0,1,5,1220,5,5,1099,0,0,0,0,0,0,0,0,0
202103,408,35300, ,New Haven-Milford  CT ,30,30,5703,0,0,0,0,0,0,2,12,778,18,18,3871,0,0,0,0,0,0,0,0,0
202103,408,35620,C,New York-Newark-Jersey City  NY-NJ-PA ,1211,1211,337773,97,194,22649,16,51,4730,128,2116,219534,866,866,245550,55,110,11725,8,26,2777,71,1387,134763
202103,408,39100, ,Poughkeepsie-Newburgh-Middletown  NY ,34,34,25504,1,2,304,1,4,1136,3,60,6769,28,28,24214,1,2,304,1,4,1136,3,60,6769
202103,408,45940,C,Trenton-Princeton  NJ ,29,29,3061,0,0,0,0,0,0,1,5,414,29,29,3061,0,0,0,0,0,0,0,0,0
202103,412,35840,C,North Port-Sarasota-Bradenton  FL ,1010,1010,262242,2,4,578,4,13,2244,8,390,33438,1001,1001,260768,2,4,578,1,4,1085,7,368,31057
202103,412,39460, ,Punta Gorda  FL ,224,224,58719,8,16,2438,1,4,1139,0,0,0,224,224,58719,8,16,2438,1,4,1139,0,0,0
202103,416,36420,C,Oklahoma City  OK ,852,852,197782,29,58,4357,1,3,383,1,5,1050,317,317,87607,16,32,1585,0,0,0,1,5,1050
202103,420,36540, ,Omaha-Council Bluffs  NE-IA ,344,344,75014,2,4,443,0,0,0,2,178,8219,265,265,53905,1,2,218,0,0,0,1,173,7665
202103,422,19660, ,Deltona-Daytona Beach-Ormond Beach  FL ,421,421,101823,38,76,10509,0,0,0,1,23,2843,404,404,95724,38,76,10509,0,0,0,0,0,0
202103,422,29460, ,Lakeland-Winter Haven  FL ,886,886,191046,1,2,30,0,0,0,16,396,42894,696,696,140074,1,2,30,0,0,0,16,396,42894
202103,422,36740, ,Orlando-Kissimmee-Sanford  FL ,1675,1675,449922,5,10,1199,0,0,0,22,648,72618,1480,1480,396021,5,10,1199,0,0,0,20,603,68399
202103,422,45540,C,The Villages  FL ,310,310,82238,0,0,0,0,0,0,1,8,1772,309,309,82046,0,0,0,0,0,0,1,8,1772
202103,425,37620, ,Parkersburg-Vienna  WV ,27,27,2622,0,0,0,0,0,0,0,0,0,27,27,2622,0,0,0,0,0,0,0,0,0
202103,426,37860,C,Pensacola-Ferry Pass-Brent  FL ,246,246,57817,52,104,6915,0,0,0,0,0,0,246,246,57817,52,104,6915,0,0,0,0,0,0
202103,428,12100,C,Atlantic City-Hammonton  NJ ,33,33,12884,0,0,0,1,3,15,4,70,2207,30,30,11613,0,0,0,1,3,15,3,60,1013
202103,428,20100,C,Dover  DE ,154,154,21587,2,4,425,0,0,0,0,0,0,50,50,6297,2,4,425,0,0,0,0,0,0
202103,428,36140,C,Ocean City  NJ ,55,55,16815,9,18,5105,1,3,325,1,5,416,50,50,15755,8,16,4751,0,0,0,0,0,0
202103,428,37980,C,Philadelphia-Camden-Wilmington  PA-NJ-DE-MD ,793,793,149424,26,52,7602,20,66,8673,63,1752,184909,421,421,92926,25,50,7590,20,66,8673,38,1503,170229
202103,428,39740, ,Reading  PA ,3,3,642,0,0,0,0,0,0,0,0,0,1,1,110,0,0,0,0,0,0,0,0,0
202103,428,47220,C,Vineland-Bridgeton  NJ ,7,7,755,0,0,0,0,0,0,0,0,0,6,6,705,0,0,0,0,0,0,0,0,0
202103,429,38060,C,Phoenix-Mesa-Chandler  AZ ,3536,3536,902380,36,72,11685,7,24,4527,12,291,44954,3386,3386,866459,35,70,11425,7,24,4527,10,172,24630
202103,430,38300, ,Pittsburgh  PA ,148,148,43346,1,2,182,1,4,525,2,56,7295,96,96,31055,0,0,0,0,0,0,0,0,0
202103,430,48260, ,Weirton-Steubenville  WV-OH ,0,0,0,0,0,0,0,0,0,0,0,0,0,0,0,0,0,0,0,0,0,0,0,0
202103,438,30340, ,Lewiston-Auburn  ME ,8,8,1847,0,0,0,0,0,0,0,0,0,5,5,1390,0,0,0,0,0,0,0,0,0
202103,438,38860, ,Portland-South Portland  ME ,154,154,44822,6,12,2430,0,0,0,2,10,852,55,55,16805,2,4,745,0,0,0,0,0,0
202103,440,10540, ,Albany-Lebanon  OR ,55,55,13107,0,0,0,0,0,0,2,24,2246,11,11,2923,0,0,0,0,0,0,0,0,0
202103,440,18700, ,Corvallis  OR ,9,9,2132,0,0,0,0,0,0,0,0,0,9,9,2132,0,0,0,0,0,0,0,0,0
202103,440,31020, ,Longview  WA ,38,38,9882,0,0,0,0,0,0,0,0,0,38,38,9882,0,0,0,0,0,0,0,0,0
202103,440,38900, ,Portland-Vancouver-Hillsboro  OR-WA ,899,899,261382,16,32,6011,2,6,1471,15,373,43822,676,676,193229,15,30,5646,1,3,900,11,296,35057
202103,440,41420, ,Salem  OR ,73,73,22186,2,4,810,0,0,0,3,50,4844,20,20,6518,0,0,0,0,0,0,0,0,0
202103,444,39380,C,Pueblo  CO ,59,59,9539,0,0,0,0,0,0,0,0,0,0,0,0,0,0,0,0,0,0,0,0,0
202103,450,20500,C,Durham-Chapel Hill  NC ,463,463,108974,4,8,1215,1,4,1000,5,199,29801,71,71,20622,4,8,1215,0,0,0,0,0,0
202103,450,39580,C,Raleigh-Cary  NC ,1443,1443,341986,4,8,1189,0,0,0,16,1011,263294,1437,1437,340768,4,8,1189,0,0,0,16,1011,263294
202103,452,39660, ,Rapid City  SD ,54,54,13484,0,0,0,2,8,880,3,71,6182,54,54,13484,0,0,0,2,8,880,3,71,6182
202103,454,39820, ,Redding  CA ,11,11,5222,0,0,0,0,0,0,0,0,0,11,11,5222,0,0,0,0,0,0,0,0,0
202103,456,16180,C,Carson City  NV ,21,21,5590,0,0,0,0,0,0,1,6,599,0,0,0,0,0,0,0,0,0,0,0,0
202103,456,39900,C,Reno  NV ,273,273,75388,5,10,1284,2,6,809,8,183,23990,57,57,14001,2,4,663,0,0,0,0,0,0
202103,462,40340, ,Rochester  MN ,44,44,14094,0,0,0,0,0,0,0,0,0,42,42,13530,0,0,0,0,0,0,0,0,0
202103,464,40380, ,Rochester  NY ,104,104,30489,2,4,646,9,30,3480,5,55,6880,81,81,24139,2,4,646,9,30,3480,2,20,2080
202103,466,40420, ,Rockford  IL ,36,36,6216,3,6,720,0,0,0,0,0,0,36,36,6216,3,6,720,0,0,0,0,0,0
202103,472,40900,C,Sacramento-Roseville-Folsom  CA ,874,874,254433,6,12,1871,0,0,0,8,290,47819,860,860,250686,6,12,1871,0,0,0,7,284,46279
202103,474,13020, ,Bay City  MI ,1,1,229,0,0,0,0,0,0,0,0,0,0,0,0,0,0,0,0,0,0,0,0,0
202103,474,33220, ,Midland  MI ,9,9,1043,0,0,0,0,0,0,0,0,0,9,9,1043,0,0,0,0,0,0,0,0,0
202103,474,40980, ,Saginaw  MI ,6,6,1590,0,0,0,0,0,0,0,0,0,6,6,1590,0,0,0,0,0,0,0,0,0
202103,476,41180, ,St. Louis  MO-IL ,610,610,172310,4,8,991,1,4,946,6,84,11350,447,447,116793,4,8,991,1,4,946,2,26,5932
202103,480,41540, ,Salisbury  MD-DE ,504,504,76782,14,28,3676,1,3,270,1,8,720,503,503,76664,14,28,3676,1,3,270,1,8,720
202103,482,36260, ,Ogden-Clearfield  UT ,392,392,104349,0,0,0,2,7,1388,10,235,33085,351,351,94500,0,0,0,1,3,605,6,215,30514
202103,482,39340, ,Provo-Orem  UT ,836,836,260794,1,2,311,3,9,1815,16,171,26437,828,828,256194,1,2,311,3,9,1815,16,171,26437
202103,482,41620, ,Salt Lake City  UT ,596,596,171020,15,30,3596,6,20,4191,11,450,67506,454,454,135019,10,20,2067,4,14,3133,5,122,18854
202103,484,41700,C,San Antonio-New Braunfels  TX ,1474,1474,333735,16,32,3952,0,0,0,36,246,288367,1314,1314,303591,16,32,3952,0,0,0,35,241,287302
202103,488,32900, ,Merced  CA ,11,11,2335,0,0,0,0,0,0,0,0,0,3,3,588,0,0,0,0,0,0,0,0,0
202103,488,33700, ,Modesto  CA ,0,0,0,0,0,0,0,0,0,0,0,0,0,0,0,0,0,0,0,0,0,0,0,0
202103,488,41860,C,San Francisco-Oakland-Berkeley  CA ,432,432,156313,3,6,1643,2,7,2257,19,466,108571,336,336,119024,3,6,1643,1,4,1400,10,359,86499
202103,488,41940,C,San Jose-Sunnyvale-Santa Clara  CA ,222,222,70805,2,4,1393,0,0,0,5,328,39966,153,153,45754,1,2,800,0,0,0,3,298,34645
202103,488,42100, ,Santa Cruz-Watsonville  CA ,15,15,3230,0,0,0,1,3,344,1,10,1017,0,0,0,0,0,0,0,0,0,0,0,0
202103,488,42220, ,Santa Rosa-Petaluma  CA ,90,90,24494,0,0,0,0,0,0,0,0,0,66,66,19249,0,0,0,0,0,0,0,0,0
202103,488,44700, ,Stockton  CA ,206,206,63059,0,0,0,1,3,204,1,14,1635,121,121,34598,0,0,0,0,0,0,0,0,0
202103,488,46700, ,Vallejo  CA ,59,59,17229,0,0,0,0,0,0,0,0,0,53,53,15585,0,0,0,0,0,0,0,0,0
202103,496,25980, ,Hinesville  GA ,56,56,13918,0,0,0,0,0,0,0,0,0,56,56,13918,0,0,0,0,0,0,0,0,0
202103,496,42340, ,Savannah  GA ,274,274,72323,0,0,0,1,3,255,1,5,425,192,192,50204,0,0,0,0,0,0,0,0,0
202103,500,14740,C,Bremerton-Silverdale-Port Orchard  WA ,88,88,29553,0,0,0,2,6,1672,1,8,1725,88,88,29553,0,0,0,2,6,1672,1,8,1725
202103,500,34580, ,Mount Vernon-Anacortes  WA ,17,17,5589,2,4,620,0,0,0,0,0,0,7,7,2837,2,4,620,0,0,0,0,0,0
202103,500,36500, ,Olympia-Lacey-Tumwater  WA ,84,84,19478,1,2,228,1,4,879,1,6,255,75,75,17563,1,2,228,1,4,879,0,0,0
202103,500,42660,C,Seattle-Tacoma-Bellevue  WA ,959,959,317967,40,80,16091,28,95,25506,28,1509,234215,814,814,266132,38,76,15052,27,92,25041,21,1404,220485
202103,508,43340,C,Shreveport-Bossier City  LA ,120,120,27923,0,0,0,0,0,0,0,0,0,73,73,17024,0,0,0,0,0,0,0,0,0
202103,515,21140, ,Elkhart-Goshen  IN ,41,41,12866,0,0,0,0,0,0,0,0,0,41,41,12866,0,0,0,0,0,0,0,0,0
202103,515,35660, ,Niles  MI ,5,5,1492,0,0,0,0,0,0,0,0,0,5,5,1492,0,0,0,0,0,0,0,0,0
202103,515,43780, ,South Bend-Mishawaka  IN-MI ,43,43,13415,0,0,0,0,0,0,0,0,0,43,43,13415,0,0,0,0,0,0,0,0,0
202103,518,17660, ,Coeur dAlene  ID ,164,164,40937,2,4,472,1,3,209,14,185,22109,130,130,33222,1,2,50,0,0,0,13,161,19419
202103,518,44060, ,Spokane-Spokane Valley  WA ,211,211,57119,24,48,9347,1,4,693,2,26,2912,32,32,10491,20,40,8098,1,4,693,0,0,0
202103,522,44100, ,Springfield  IL ,9,9,2817,1,2,357,0,0,0,1,7,292,0,0,0,0,0,0,0,0,0,0,0,0
202103,524,44300, ,State College  PA ,26,26,7903,0,0,0,0,0,0,0,0,0,21,21,7003,0,0,0,0,0,0,0,0,0
202103,532,45060, ,Syracuse  NY ,24,24,4956,0,0,0,0,0,0,0,0,0,21,21,4206,0,0,0,0,0,0,0,0,0
202103,534,45780, ,Toledo  OH ,111,111,31405,0,0,0,0,0,0,1,6,1200,109,109,31180,0,0,0,0,0,0,1,6,1200
202103,536,46060,C,Tucson  AZ ,461,461,140261,3,6,711,0,0,0,4,68,10217,339,339,108967,0,0,0,0,0,0,0,0,0
202103,538,46140,C,Tulsa  OK ,398,398,94189,0,0,0,0,0,0,2,75,1931,390,390,92433,0,0,0,0,0,0,1,66,1239
202103,540,46340, ,Tyler  TX ,30,30,6994,8,16,1976,4,15,1962,0,0,0,30,30,6994,8,16,1976,4,15,1962,0,0,0
202103,545,47260, ,Virginia Beach-Norfolk-Newport News  VA-NC ,463,463,105468,2,4,600,1,4,440,1,6,1137,400,400,96391,2,4,600,1,4,440,1,6,1137
202103,548,12580,C,Baltimore-Columbia-Towson  MD ,530,530,123863,1,2,371,1,3,463,3,65,11022,507,507,119629,0,0,0,0,0,0,1,14,1678
202103,548,15680,C,California-Lexington Park  MD ,81,81,18221,0,0,0,0,0,0,1,6,1075,8,8,2979,0,0,0,0,0,0,0,0,0
202103,548,16540,C,Chambersburg-Waynesboro  PA ,52,52,13151,1,2,340,0,0,0,1,5,645,51,51,12888,1,2,340,0,0,0,0,0,0
202103,548,25180, ,Hagerstown-Martinsburg  MD-WV ,178,178,44703,2,4,350,0,0,0,0,0,0,172,172,44002,2,4,350,0,0,0,0,0,0
202103,548,47900, ,Washington-Arlington-Alexandria  DC-VA-MD-WV ,1419,1419,361500,1,2,250,1,3,859,20,1689,186101,1310,1310,332487,1,2,250,0,0,0,16,1597,167640
202103,548,49020, ,Winchester  VA-WV ,75,75,18514,0,0,0,0,0,0,0,0,0,75,75,18514,0,0,0,0,0,0,0,0,0
202103,554,48140, ,Wausau-Weston  WI ,20,20,4711,0,0,0,0,0,0,4,56,6691,3,3,1532,0,0,0,0,0,0,4,56,6691
202103,556,48620, ,Wichita  KS ,94,94,35057,10,20,2130,0,0,0,0,0,0,94,94,35057,10,20,2130,0,0,0,0,0,0
202103,558,48700, ,Williamsport  PA ,1,1,120,0,0,0,0,0,0,0,0,0,1,1,120,0,0,0,0,0,0,0,0,0
202103,566,49660, ,Youngstown-Warren-Boardman  OH-PA ,36,36,7542,0,0,0,0,0,0,0,0,0,36,36,7542,0,0,0,0,0,0,0,0,0
202103,999,10180, ,Abilene  TX ,45,45,9408,3,6,563,0,0,0,2,48,4435,45,45,9408,3,6,563,0,0,0,2,48,4435
202103,999,10500, ,Albany  GA ,29,29,3313,0,0,0,0,0,0,1,20,2985,27,27,2903,0,0,0,0,0,0,0,0,0
202103,999,10780, ,Alexandria  LA ,26,26,6178,0,0,0,0,0,0,0,0,0,17,17,3805,0,0,0,0,0,0,0,0,0
202103,999,10900, ,Allentown-Bethlehem-Easton  PA-NJ ,67,67,15482,0,0,0,0,0,0,2,16,2188,58,58,14277,0,0,0,0,0,0,2,16,2188
202103,999,11260,C,Anchorage  AK ,102,102,31953,0,0,0,2,6,1042,2,15,2371,0,0,0,0,0,0,0,0,0,0,0,0
202103,999,11500, ,Anniston-Oxford  AL ,8,8,897,0,0,0,0,0,0,0,0,0,7,7,817,0,0,0,0,0,0,0,0,0
202103,999,12260, ,Augusta-Richmond County  GA-SC ,372,372,80729,0,0,0,2,7,575,1,7,402,117,117,31876,0,0,0,2,7,575,0,0,0
202103,999,12420, ,Austin-Round Rock-Georgetown  TX ,2428,2428,516995,30,60,8541,6,23,3771,23,1962,197405,1917,1917,394516,30,60,8541,6,23,3771,23,1962,197405
202103,999,12540, ,Bakersfield  CA ,143,143,34999,2,4,130,0,0,0,0,0,0,142,142,34839,2,4,130,0,0,0,0,0,0
202103,999,12620, ,Bangor  ME ,12,12,3017,0,0,0,1,3,375,0,0,0,6,6,1395,0,0,0,0,0,0,0,0,0
202103,999,12940, ,Baton Rouge  LA ,447,447,96988,0,0,0,0,0,0,0,0,0,196,196,51876,0,0,0,0,0,0,0,0,0
202103,999,13140, ,Beaumont-Port Arthur  TX ,101,101,21569,0,0,0,0,0,0,0,0,0,101,101,21569,0,0,0,0,0,0,0,0,0
202103,999,13220,C,Beckley  WV ,7,7,878,0,0,0,0,0,0,0,0,0,6,6,821,0,0,0,0,0,0,0,0,0
202103,999,13380, ,Bellingham  WA ,87,87,24165,3,6,1292,1,3,548,2,95,9980,34,34,9369,2,4,861,0,0,0,2,95,9980
202103,999,13740, ,Billings  MT ,58,58,14255,5,10,1722,0,0,0,0,0,0,58,58,14255,5,10,1722,0,0,0,0,0,0
202103,999,13780, ,Binghamton  NY ,0,0,0,0,0,0,0,0,0,0,0,0,0,0,0,0,0,0,0,0,0,0,0,0
202103,999,13900, ,Bismarck  ND ,54,54,16061,3,6,596,0,0,0,0,0,0,45,45,13596,3,6,596,0,0,0,0,0,0
202103,999,13980, ,Blacksburg-Christiansburg  VA ,3,3,796,0,0,0,0,0,0,0,0,0,3,3,796,0,0,0,0,0,0,0,0,0
202103,999,15260, ,Brunswick  GA ,51,51,22256,0,0,0,0,0,0,0,0,0,51,51,22256,0,0,0,0,0,0,0,0,0
202103,999,16220,C,Casper  WY ,8,8,2655,0,0,0,1,4,495,0,0,0,8,8,2655,0,0,0,1,4,495,0,0,0
202103,999,16580, ,Champaign-Urbana  IL ,9,9,2257,0,0,0,0,0,0,0,0,0,9,9,2257,0,0,0,0,0,0,0,0,0
202103,999,16700,C,Charleston-North Charleston  SC ,648,648,181917,0,0,0,1,3,238,7,170,10119,203,203,75342,0,0,0,0,0,0,0,0,0
202103,999,16820, ,Charlottesville  VA ,93,93,28273,1,2,380,0,0,0,2,26,2513,0,0,0,0,0,0,0,0,0,0,0,0
202103,999,16940, ,Cheyenne  WY ,46,46,11471,0,0,0,0,0,0,1,7,475,46,46,11471,0,0,0,0,0,0,1,7,475
202103,999,17020, ,Chico  CA ,19,19,3575,0,0,0,0,0,0,2,48,5456,19,19,3575,0,0,0,0,0,0,2,48,5456
202103,999,17300,C,Clarksville  TN-KY ,323,323,53111,2,4,80,3,10,970,34,305,16840,210,210,31841,2,4,80,1,4,380,33,300,16265
202103,999,17780, ,College Station-Bryan  TX ,191,191,35980,0,0,0,0,0,0,0,0,0,182,182,34142,0,0,0,0,0,0,0,0,0
202103,999,17820,C,Colorado Springs  CO ,461,461,173123,0,0,0,0,0,0,0,0,0,460,460,173023,0,0,0,0,0,0,0,0,0
202103,999,18880,C,Crestview-Fort Walton Beach-Destin  FL ,352,352,132043,1,2,431,0,0,0,0,0,0,325,325,123392,1,2,431,0,0,0,0,0,0
202103,999,19060, ,Cumberland  MD-WV ,7,7,1191,0,0,0,0,0,0,0,0,0,7,7,1191,0,0,0,0,0,0,0,0,0
202103,999,19180, ,Danville  IL ,0,0,0,0,0,0,0,0,0,0,0,0,0,0,0,0,0,0,0,0,0,0,0,0
202103,999,19500, ,Decatur  IL ,0,0,0,0,0,0,0,0,0,0,0,0,0,0,0,0,0,0,0,0,0,0,0,0
202103,999,20220, ,Dubuque  IA ,7,7,2210,1,2,280,0,0,0,2,160,41913,4,4,1358,1,2,280,0,0,0,2,160,41913
202103,999,20260, ,Duluth  MN-WI ,6,6,1373,0,0,0,0,0,0,0,0,0,6,6,1373,0,0,0,0,0,0,0,0,0
202103,999,20940, ,El Centro  CA ,29,29,5337,0,0,0,0,0,0,0,0,0,7,7,1057,0,0,0,0,0,0,0,0,0
202103,999,21420, ,Enid  OK ,2,2,660,0,0,0,0,0,0,0,0,0,2,2,660,0,0,0,0,0,0,0,0,0
202103,999,21660, ,Eugene-Springfield  OR ,98,98,24818,0,0,0,0,0,0,3,577,111717,67,67,17064,0,0,0,0,0,0,3,577,111717
202103,999,21780, ,Evansville  IN-KY ,82,82,21078,3,6,1047,4,16,2045,0,0,0,63,63,17441,2,4,800,4,16,2045,0,0,0
202103,999,21820,C,Fairbanks  AK ,0,0,0,0,0,0,0,0,0,0,0,0,0,0,0,0,0,0,0,0,0,0,0,0
202103,999,22140,C,Farmington  NM ,11,11,2496,0,0,0,0,0,0,0,0,0,11,11,2496,0,0,0,0,0,0,0,0,0
202103,999,22220, ,Fayetteville-Springdale-Rogers  AR-MO ,631,631,173943,13,26,4365,10,37,5776,5,70,5992,519,519,148472,13,26,4365,9,33,5213,0,0,0
202103,999,22380, ,Flagstaff  AZ ,67,67,23658,0,0,0,0,0,0,0,0,0,67,67,23658,0,0,0,0,0,0,0,0,0
202103,999,22500, ,Florence  SC ,73,73,9849,0,0,0,0,0,0,3,35,3409,0,0,0,0,0,0,0,0,0,0,0,0
202103,999,22520, ,Florence-Muscle Shoals  AL ,30,30,3486,0,0,0,0,0,0,0,0,0,11,11,1278,0,0,0,0,0,0,0,0,0
202103,999,22540, ,Fond du Lac  WI ,6,6,2081,0,0,0,0,0,0,0,0,0,6,6,2081,0,0,0,0,0,0,0,0,0
202103,999,22660,C,Fort Collins  CO ,235,235,71215,2,4,409,0,0,0,2,24,2777,235,235,71215,2,4,409,0,0,0,2,24,2777
202103,999,22900, ,Fort Smith  AR-OK ,31,31,6061,13,26,1913,0,0,0,0,0,0,23,23,4867,12,24,1727,0,0,0,0,0,0
202103,999,23460, ,Gadsden  AL ,5,5,649,0,0,0,0,0,0,0,0,0,5,5,649,0,0,0,0,0,0,0,0,0
202103,999,24220, ,Grand Forks  ND-MN ,23,23,5901,0,0,0,0,0,0,0,0,0,23,23,5901,0,0,0,0,0,0,0,0,0
202103,999,24260, ,Grand Island  NE ,16,16,3817,1,2,244,0,0,0,0,0,0,16,16,3817,1,2,244,0,0,0,0,0,0
202103,999,24300,C,Grand Junction  CO ,101,101,14883,0,0,0,1,3,325,0,0,0,101,101,14883,0,0,0,1,3,325,0,0,0
202103,999,24500,C,Great Falls  MT ,16,16,2613,0,0,0,0,0,0,0,0,0,16,16,2613,0,0,0,0,0,0,0,0,0
202103,999,25060, ,Gulfport-Biloxi  MS ,264,264,56734,1,2,185,1,4,401,1,10,847,137,137,36471,0,0,0,0,0,0,0,0,0
202103,999,25860, ,Hickory-Lenoir-Morganton  NC ,1,1,151,0,0,0,0,0,0,2,10,557,0,0,0,0,0,0,0,0,0,0,0,0
202103,999,25940, ,Hilton Head Island-Bluffton  SC ,112,112,39637,0,0,0,0,0,0,0,0,0,6,6,3922,0,0,0,0,0,0,0,0,0
202103,999,26140, ,Homosassa Springs  FL ,90,90,18554,1,2,55,0,0,0,1,5,432,0,0,0,0,0,0,0,0,0,0,0,0
202103,999,26380, ,Houma-Thibodaux  LA ,52,52,11944,1,2,156,0,0,0,0,0,0,34,34,7035,0,0,0,0,0,0,0,0,0
202103,999,27100, ,Jackson  MI ,1,1,226,0,0,0,0,0,0,0,0,0,0,0,0,0,0,0,0,0,0,0,0,0
202103,999,27340,C,Jacksonville  NC ,184,184,33385,0,0,0,0,0,0,0,0,0,184,184,33385,0,0,0,0,0,0,0,0,0
202103,999,27980,C,Kahului-Wailuku-Lahaina  HI ,53,53,23530,1,2,150,0,0,0,0,0,0,53,53,23530,1,2,150,0,0,0,0,0,0
202103,999,28660,C,Killeen-Temple  TX ,217,217,46129,43,86,8338,0,0,0,0,0,0,194,194,40247,39,78,7551,0,0,0,0,0,0
202103,999,29100, ,La Crosse-Onalaska  WI-MN ,25,25,6784,1,2,394,0,0,0,1,5,455,15,15,4570,0,0,0,0,0,0,0,0,0
202103,999,29420, ,Lake Havasu City-Kingman  AZ ,147,147,31449,7,14,1799,0,0,0,2,10,1679,147,147,31449,7,14,1799,0,0,0,2,10,1679
202103,999,29540, ,Lancaster  PA ,4,4,933,0,0,0,0,0,0,0,0,0,4,4,933,0,0,0,0,0,0,0,0,0
202103,999,29620, ,Lansing-East Lansing  MI ,12,12,3277,0,0,0,0,0,0,1,5,568,3,3,1220,0,0,0,0,0,0,0,0,0
202103,999,29700, ,Laredo  TX ,171,171,35037,11,22,2059,2,6,667,2,13,1111,0,0,0,0,0,0,0,0,0,0,0,0
202103,999,30020, ,Lawton  OK ,3,3,625,0,0,0,0,0,0,0,0,0,3,3,625,0,0,0,0,0,0,0,0,0
202103,999,30300, ,Lewiston  ID-WA ,0,0,0,0,0,0,0,0,0,0,0,0,0,0,0,0,0,0,0,0,0,0,0,0
202103,999,30860, ,Logan  UT-ID ,23,23,7106,0,0,0,0,0,0,1,36,2825,23,23,7106,0,0,0,0,0,0,1,36,2825
202103,999,30980, ,Longview  TX ,28,28,5854,0,0,0,0,0,0,1,28,8400,28,28,5854,0,0,0,0,0,0,1,28,8400
202103,999,31340, ,Lynchburg  VA ,24,24,7483,0,0,0,1,3,603,0,0,0,20,20,6555,0,0,0,0,0,0,0,0,0
202103,999,31740, ,Manhattan  KS ,38,38,12171,0,0,0,0,0,0,0,0,0,36,36,11651,0,0,0,0,0,0,0,0,0
202103,999,33540,C,Missoula  MT ,46,46,10327,1,2,547,0,0,0,2,104,10576,46,46,10327,1,2,547,0,0,0,2,104,10576
202103,999,36100, ,Ocala  FL ,444,444,92872,0,0,0,0,0,0,0,0,0,444,444,92872,0,0,0,0,0,0,0,0,0
202103,999,36980, ,Owensboro  KY ,37,37,3566,0,0,0,0,0,0,0,0,0,36,36,3361,0,0,0,0,0,0,0,0,0
202103,999,37340, ,Palm Bay-Melbourne-Titusville  FL ,309,309,99592,0,0,0,0,0,0,2,41,6553,174,174,47086,0,0,0,0,0,0,0,0,0
202103,999,37460, ,Panama City  FL ,95,95,25537,1,2,167,0,0,0,6,37,1121,9,9,3418,0,0,0,0,0,0,0,0,0
202103,999,37900, ,Peoria  IL ,8,8,2185,0,0,0,0,0,0,0,0,0,8,8,2185,0,0,0,0,0,0,0,0,0
202103,999,38340, ,Pittsfield  MA ,2,2,1743,0,0,0,0,0,0,0,0,0,0,0,0,0,0,0,0,0,0,0,0,0
202103,999,38540, ,Pocatello  ID ,34,34,5232,0,0,0,1,3,174,0,0,0,22,22,4036,0,0,0,0,0,0,0,0,0
202103,999,39150, ,Prescott Valley-Prescott  AZ ,163,163,49860,10,20,2317,0,0,0,0,0,0,163,163,49860,10,20,2317,0,0,0,0,0,0
202103,999,40060, ,Richmond  VA ,595,595,145652,19,38,2613,4,12,825,11,595,38726,575,575,142650,19,38,2613,4,12,825,11,595,38726
202103,999,41100, ,St. George  UT ,290,290,58017,0,0,0,0,0,0,0,0,0,289,289,57961,0,0,0,0,0,0,0,0,0
202103,999,41500, ,Salinas  CA ,17,17,3198,0,0,0,0,0,0,0,0,0,17,17,3198,0,0,0,0,0,0,0,0,0
202103,999,41660,C,San Angelo  TX ,29,29,6063,0,0,0,0,0,0,0,0,0,29,29,6063,0,0,0,0,0,0,0,0,0
202103,999,41740,C,San Diego-Chula Vista-Carlsbad  CA ,294,294,71756,2,4,395,6,23,4224,28,573,178094,293,293,71145,2,4,395,6,23,4224,28,573,178094
202103,999,42020, ,San Luis Obispo-Paso Robles  CA ,20,20,9500,0,0,0,0,0,0,0,0,0,20,20,9500,0,0,0,0,0,0,0,0,0
202103,999,42200, ,Santa Maria-Santa Barbara  CA ,28,28,12315,1,2,560,0,0,0,0,0,0,28,28,12315,1,2,560,0,0,0,0,0,0
202103,999,42540, ,Scranton--Wilkes-Barre  PA ,14,14,1863,0,0,0,0,0,0,0,0,0,13,13,1589,0,0,0,0,0,0,0,0,0
202103,999,43100, ,Sheboygan  WI ,1,1,379,0,0,0,0,0,0,0,0,0,0,0,0,0,0,0,0,0,0,0,0,0
202103,999,43420, ,Sierra Vista-Douglas  AZ ,29,29,5978,0,0,0,0,0,0,0,0,0,9,9,1679,0,0,0,0,0,0,0,0,0
202103,999,43580, ,Sioux City  IA-NE-SD ,17,17,5115,0,0,0,0,0,0,0,0,0,3,3,1131,0,0,0,0,0,0,0,0,0
202103,999,43620, ,Sioux Falls  SD ,189,189,44126,3,6,927,4,16,1942,16,213,22592,189,189,44126,3,6,927,4,16,1942,16,213,22592
202103,999,44140, ,Springfield  MA ,2,2,853,0,0,0,0,0,0,0,0,0,0,0,0,0,0,0,0,0,0,0,0,0
202103,999,44180, ,Springfield  MO ,136,136,40911,1,2,195,0,0,0,20,378,22883,136,136,40911,1,2,195,0,0,0,20,378,22883
202103,999,44940, ,Sumter  SC ,32,32,4933,0,0,0,0,0,0,0,0,0,32,32,4933,0,0,0,0,0,0,0,0,0
202103,999,45220, ,Tallahassee  FL ,152,152,26139,1,2,222,0,0,0,5,113,14518,63,63,8563,0,0,0,0,0,0,0,0,0
202103,999,45300,C,Tampa-St. Petersburg-Clearwater  FL ,1804,1804,450773,3,6,3075,0,0,0,9,311,24780,1773,1773,442905,1,2,2410,0,0,0,6,291,21069
202103,999,45460, ,Terre Haute  IN ,2,2,444,1,2,208,0,0,0,0,0,0,0,0,0,0,0,0,0,0,0,0,0,0
202103,999,45500, ,Texarkana  TX-AR ,5,5,1034,0,0,0,0,0,0,0,0,0,0,0,0,0,0,0,0,0,0,0,0,0
202103,999,45820, ,Topeka  KS ,32,32,7279,0,0,0,0,0,0,1,8,800,32,32,7279,0,0,0,0,0,0,1,8,800
202103,999,46220, ,Tuscaloosa  AL ,76,76,23016,1,2,475,7,25,1601,2,62,11388,34,34,13267,0,0,0,0,0,0,0,0,0
202103,999,46300, ,Twin Falls  ID ,64,64,13956,2,4,647,2,8,806,0,0,0,64,64,13956,2,4,647,2,8,806,0,0,0
202103,999,46520,C,Urban Honolulu  HI ,51,51,22304,17,34,5162,0,0,0,0,0,0,51,51,22304,17,34,5162,0,0,0,0,0,0
202103,999,46540, ,Utica-Rome  NY ,2,2,410,0,0,0,0,0,0,0,0,0,2,2,410,0,0,0,0,0,0,0,0,0
202103,999,46660, ,Valdosta  GA ,131,131,25648,1,2,133,0,0,0,0,0,0,61,61,13841,0,0,0,0,0,0,0,0,0
202103,999,47300, ,Visalia  CA ,115,115,29309,16,32,2400,0,0,0,0,0,0,115,115,29309,16,32,2400,0,0,0,0,0,0
202103,999,47380, ,Waco  TX ,82,82,17464,3,6,561,0,0,0,2,25,1457,0,0,0,0,0,0,0,0,0,0,0,0
202103,999,47940, ,Waterloo-Cedar Falls  IA ,11,11,3880,0,0,0,0,0,0,0,0,0,11,11,3880,0,0,0,0,0,0,0,0,0
202103,999,48060, ,Watertown-Fort Drum  NY ,16,16,2133,0,0,0,0,0,0,0,0,0,1,1,150,0,0,0,0,0,0,0,0,0
202103,999,48300, ,Wenatchee  WA ,100,100,24765,0,0,0,0,0,0,7,84,11161,66,66,18706,0,0,0,0,0,0,7,84,11161
202103,999,48540, ,Wheeling  WV-OH ,2,2,604,0,0,0,0,0,0,0,0,0,2,2,604,0,0,0,0,0,0,0,0,0
202103,999,48660, ,Wichita Falls  TX ,0,0,0,1,2,85,0,0,0,0,0,0,0,0,0,1,2,85,0,0,0,0,0,0
202103,999,48900, ,Wilmington  NC ,143,143,49132,8,16,4039,1,4,1896,0,0,0,141,141,48487,8,16,4039,1,4,1896,0,0,0
202103,999,49420, ,Yakima  WA ,47,47,11990,0,0,0,2,7,667,1,11,1118,47,47,11990,0,0,0,2,7,667,1,11,1118
202103,999,49740, ,Yuma  AZ ,146,146,23527,0,0,0,0,0,0,0,0,0,146,146,23527,0,0,0,0,0,0,0,0,0
