Survey,CSA,CBSA,MONCOV,CBSA,,1-unit,,,2-units,,,3-4 units,,,5+ units,,,1-unit rep,,,2-units rep,,,3-4 units rep,,,5+ units rep
Date,Code,Code,,Name,Bldgs,Units,Value,Bldgs,Units,Value,Bldgs,Units,Value,Bldgs,Units,Value,Bldgs,Units,Value,Bldgs,Units,Value,      Bldgs,Units,Value,Bldgs,Units,Value
 
202102,104,10580,C,Albany-Schenectady-Troy  NY ,118,118,33194,2,4,919,0,0,0,2,146,27240,107,107,30240,0,0,0,0,0,0,2,146,27240
202102,104,24020, ,Glens Falls  NY ,10,10,2415,0,0,0,0,0,0,0,0,0,3,3,681,0,0,0,0,0,0,0,0,0
202102,106,10740,C,Albuquerque  NM ,211,211,53454,0,0,0,1,4,259,12,260,15980,191,191,49068,0,0,0,1,4,259,11,254,15730
202102,106,42140,C,Santa Fe  NM ,34,34,7777,0,0,0,0,0,0,1,19,2329,0,0,0,0,0,0,0,0,0,0,0,0
202102,107,11020, ,Altoona  PA ,0,0,0,0,0,0,0,0,0,0,0,0,0,0,0,0,0,0,0,0,0,0,0,0
202102,108,11100, ,Amarillo  TX ,58,58,13521,0,0,0,0,0,0,0,0,0,58,58,13521,0,0,0,0,0,0,0,0,0
202102,118,11540, ,Appleton  WI ,48,48,14443,1,2,474,0,0,0,0,0,0,48,48,14443,1,2,474,0,0,0,0,0,0
202102,118,36780, ,Oshkosh-Neenah  WI ,21,21,6014,1,2,350,0,0,0,0,0,0,21,21,6014,1,2,350,0,0,0,0,0,0
202102,120,11700, ,Asheville  NC ,206,206,62794,0,0,0,0,0,0,3,54,5299,76,76,23618,0,0,0,0,0,0,0,0,0
202102,122,12020, ,Athens-Clarke County  GA ,63,63,19119,0,0,0,0,0,0,0,0,0,63,63,19119,0,0,0,0,0,0,0,0,0
202102,122,12060, ,Atlanta-Sandy Springs-Alpharetta  GA ,2819,2819,608973,3,6,871,7,22,5798,15,93,16113,2626,2626,567982,3,6,871,7,22,5798,14,88,14613
202102,122,23580, ,Gainesville  GA ,66,66,20352,0,0,0,0,0,0,0,0,0,12,12,7424,0,0,0,0,0,0,0,0,0
202102,122,40660,C,Rome  GA ,18,18,24200,0,0,0,0,0,0,0,0,0,18,18,24200,0,0,0,0,0,0,0,0,0
202102,140,13460,C,Bend  OR ,145,145,41065,5,10,1640,0,0,0,2,72,6428,145,145,41065,5,10,1640,0,0,0,2,72,6428
202102,142,13820,C,Birmingham-Hoover  AL ,322,322,83443,1,2,247,0,0,0,1,7,706,268,268,72247,0,0,0,0,0,0,0,0,0
202102,144,14020,C,Bloomington  IN ,22,22,5861,0,0,0,0,0,0,1,30,3483,0,0,0,0,0,0,0,0,0,0,0,0
202102,145,14010, ,Bloomington  IL ,6,6,1440,0,0,0,0,0,0,0,0,0,6,6,1440,0,0,0,0,0,0,0,0,0
202102,146,14100,C,Bloomsburg-Berwick  PA ,7,7,1422,0,0,0,0,0,0,0,0,0,3,3,619,0,0,0,0,0,0,0,0,0
202102,147,14260,C,Boise City  ID ,715,715,172348,1,2,124,5,19,2882,14,185,24534,585,585,152512,0,0,0,4,15,2585,11,141,20927
202102,148,12700, ,Barnstable Town  MA ,7,7,4270,0,0,0,0,0,0,0,0,0,4,4,2084,0,0,0,0,0,0,0,0,0
202102,148,14460,C,Boston-Cambridge-Newton  MA-NH ,412,412,139213,7,14,3667,2,6,1258,46,523,68585,201,201,75422,3,6,1305,1,3,653,6,160,29842
202102,148,31700, ,Manchester-Nashua  NH ,28,28,7248,0,0,0,0,0,0,0,0,0,15,15,4536,0,0,0,0,0,0,0,0,0
202102,148,39300,C,Providence-Warwick  RI-MA ,127,127,29056,8,16,2966,2,7,800,0,0,0,55,55,13429,6,12,2463,1,4,600,0,0,0
202102,148,49340, ,Worcester  MA-CT ,15,15,3830,0,0,0,0,0,0,1,5,90,7,7,1888,0,0,0,0,0,0,0,0,0
202102,150,14540, ,Bowling Green  KY ,96,96,19959,0,0,0,0,0,0,11,88,5450,96,96,19959,0,0,0,0,0,0,11,88,5450
202102,154,15180, ,Brownsville-Harlingen  TX ,95,95,9798,5,10,1118,0,0,0,1,13,1459,0,0,0,0,0,0,0,0,0,0,0,0
202102,160,15380,C,Buffalo-Cheektowaga  NY ,52,52,16252,1,2,150,0,0,0,3,42,7048,40,40,13622,1,2,150,0,0,0,2,24,3012
202102,162,15540, ,Burlington-South Burlington  VT ,22,22,6220,1,2,301,0,0,0,3,15,1512,8,8,2160,0,0,0,0,0,0,0,0,0
202102,163,15980,C,Cape Coral-Fort Myers  FL ,690,690,273274,49,98,11594,3,12,3627,3,30,3244,690,690,273274,49,98,11594,3,12,3627,3,30,3244
202102,163,34940, ,Naples-Marco Island  FL ,190,190,59521,2,4,429,17,66,10203,0,0,0,190,190,59521,2,4,429,17,66,10203,0,0,0
202102,164,16020, ,Cape Girardeau  MO-IL ,0,0,0,0,0,0,0,0,0,0,0,0,0,0,0,0,0,0,0,0,0,0,0,0
202102,168,16300, ,Cedar Rapids  IA ,19,19,2564,3,6,1130,0,0,0,0,0,0,18,18,2388,3,6,1130,0,0,0,0,0,0
202102,168,26980, ,Iowa City  IA ,5,5,1183,0,0,0,0,0,0,1,30,6387,4,4,1045,0,0,0,0,0,0,1,30,6387
202102,170,16620, ,Charleston  WV ,9,9,770,0,0,0,0,0,0,0,0,0,5,5,670,0,0,0,0,0,0,0,0,0
202102,170,26580, ,Huntington-Ashland  WV-KY-OH ,15,15,2949,1,2,215,0,0,0,0,0,0,0,0,0,0,0,0,0,0,0,0,0,0
202102,172,16740, ,Charlotte-Concord-Gastonia  NC-SC ,1588,1588,494105,0,0,0,8,30,5005,8,559,85327,1367,1367,419552,0,0,0,6,24,3877,6,531,81098
202102,174,16860, ,Chattanooga  TN-GA ,156,156,36040,4,8,568,1,3,174,10,347,24651,114,114,26785,0,0,0,0,0,0,8,300,20000
202102,174,17420, ,Cleveland  TN ,36,36,6301,0,0,0,0,0,0,0,0,0,16,16,2699,0,0,0,0,0,0,0,0,0
202102,176,16980, ,Chicago-Naperville-Elgin  IL-IN-WI ,583,583,176669,5,10,2016,11,34,5820,11,303,40977,468,468,147613,4,8,1615,11,34,5820,8,271,35255
202102,176,28100, ,Kankakee  IL ,1,1,214,0,0,0,0,0,0,0,0,0,1,1,214,0,0,0,0,0,0,0,0,0
202102,176,33140, ,Michigan City-La Porte  IN ,8,8,2174,0,0,0,0,0,0,0,0,0,8,8,2174,0,0,0,0,0,0,0,0,0
202102,178,17140, ,Cincinnati  OH-KY-IN ,440,440,111396,1,2,300,3,11,2074,47,765,64256,374,374,96095,1,2,300,3,11,2074,47,765,64256
202102,184,10420, ,Akron  OH ,45,45,23382,0,0,0,0,0,0,0,0,0,13,13,3214,0,0,0,0,0,0,0,0,0
202102,184,15940, ,Canton-Massillon  OH ,26,26,7752,3,6,895,0,0,0,1,5,384,22,22,7285,3,6,895,0,0,0,0,0,0
202102,184,17460, ,Cleveland-Elyria  OH ,215,215,59057,1,2,11,1,4,1159,1,5,1362,193,193,54516,0,0,0,1,4,1159,1,5,1362
202102,190,17860, ,Columbia  MO ,56,56,16397,0,0,0,0,0,0,0,0,0,56,56,16397,0,0,0,0,0,0,0,0,0
202102,192,17900,C,Columbia  SC ,423,423,97994,0,0,0,0,0,0,2,16,2686,217,217,45852,0,0,0,0,0,0,0,0,0
202102,194,12220,C,Auburn-Opelika  AL ,133,133,36735,2,4,854,1,4,690,0,0,0,102,102,29462,2,4,854,1,4,690,0,0,0
202102,194,17980, ,Columbus  GA-AL ,59,59,12634,0,0,0,1,3,95,1,29,4116,30,30,7164,0,0,0,0,0,0,0,0,0
202102,198,18140, ,Columbus  OH ,484,484,156903,5,10,1940,1,4,645,14,606,45679,441,441,144992,5,10,1940,1,4,645,12,596,44940
202102,204,18580, ,Corpus Christi  TX ,111,111,31248,0,0,0,0,0,0,0,0,0,0,0,0,0,0,0,0,0,0,0,0,0
202102,206,19100, ,Dallas-Fort Worth-Arlington  TX ,3796,3796,955593,44,88,8699,3,11,2345,18,1239,87021,3293,3293,816436,41,82,7818,3,11,2345,15,1210,83737
202102,209,19340, ,Davenport-Moline-Rock Island  IA-IL ,28,28,4216,0,0,0,3,11,1700,1,12,1250,12,12,1729,0,0,0,3,11,1700,0,0,0
202102,212,19430, ,Dayton-Kettering  OH ,81,81,30418,0,0,0,1,3,600,0,0,0,54,54,24513,0,0,0,1,3,600,0,0,0
202102,212,44220, ,Springfield  OH ,24,24,5019,0,0,0,0,0,0,0,0,0,24,24,5019,0,0,0,0,0,0,0,0,0
202102,216,14500, ,Boulder  CO ,63,63,26014,3,6,1501,0,0,0,3,65,10145,17,17,7510,3,6,1501,0,0,0,0,0,0
202102,216,19740,C,Denver-Aurora-Lakewood  CO ,1001,1001,295733,16,32,7819,0,0,0,24,579,52078,987,987,290983,16,32,7819,0,0,0,24,579,52078
202102,216,24540, ,Greeley  CO ,233,233,65480,2,4,948,2,7,1571,4,29,3610,34,34,10360,2,4,948,2,7,1571,1,6,1190
202102,218,11180, ,Ames  IA ,4,4,1321,0,0,0,0,0,0,0,0,0,4,4,1321,0,0,0,0,0,0,0,0,0
202102,218,19780, ,Des Moines-West Des Moines  IA ,354,354,86804,0,0,0,0,0,0,2,122,19831,346,346,84170,0,0,0,0,0,0,1,114,19000
202102,220,11460, ,Ann Arbor  MI ,51,51,11151,1,2,779,0,0,0,0,0,0,42,42,8554,1,2,779,0,0,0,0,0,0
202102,220,19820, ,Detroit-Warren-Dearborn  MI ,431,431,133409,1,2,565,1,3,238,12,195,18928,339,339,111510,1,2,565,0,0,0,7,165,14153
202102,220,22420, ,Flint  MI ,13,13,3527,0,0,0,1,4,827,0,0,0,8,8,2080,0,0,0,0,0,0,0,0,0
202102,220,33780, ,Monroe  MI ,1,1,402,0,0,0,0,0,0,0,0,0,1,1,402,0,0,0,0,0,0,0,0,0
202102,222,20020, ,Dothan  AL ,32,32,10030,0,0,0,0,0,0,0,0,0,32,32,10030,0,0,0,0,0,0,0,0,0
202102,232,20740, ,Eau Claire  WI ,15,15,5786,2,4,740,0,0,0,0,0,0,15,15,5786,2,4,740,0,0,0,0,0,0
202102,236,21300, ,Elmira  NY ,0,0,0,0,0,0,0,0,0,0,0,0,0,0,0,0,0,0,0,0,0,0,0,0
202102,238,21340,C,El Paso  TX ,236,236,56539,3,6,872,3,9,1056,1,26,2977,52,52,12123,0,0,0,0,0,0,0,0,0
202102,238,29740,C,Las Cruces  NM ,92,92,24046,0,0,0,0,0,0,1,8,799,23,23,7444,0,0,0,0,0,0,0,0,0
202102,240,21500, ,Erie  PA ,6,6,2070,0,0,0,0,0,0,0,0,0,5,5,1924,0,0,0,0,0,0,0,0,0
202102,244,22020, ,Fargo  ND-MN ,33,33,9440,0,0,0,0,0,0,0,0,0,31,31,8854,0,0,0,0,0,0,0,0,0
202102,246,22180, ,Fayetteville  NC ,116,116,18686,0,0,0,0,0,0,0,0,0,58,58,11616,0,0,0,0,0,0,0,0,0
202102,258,23060,C,Fort Wayne  IN ,141,141,39238,1,2,359,0,0,0,0,0,0,141,141,39238,1,2,359,0,0,0,0,0,0
202102,260,23420,C,Fresno  CA ,239,239,73384,2,4,694,5,15,957,7,49,6519,18,18,4760,0,0,0,0,0,0,0,0,0
202102,260,31460, ,Madera  CA ,51,51,14162,0,0,0,0,0,0,0,0,0,51,51,14162,0,0,0,0,0,0,0,0,0
202102,264,23540, ,Gainesville  FL ,57,57,15037,1,2,450,0,0,0,2,120,8248,0,0,0,0,0,0,0,0,0,0,0,0
202102,266,24340, ,Grand Rapids-Kentwood  MI ,141,141,38498,2,4,1012,1,3,645,2,45,2796,113,113,31696,2,4,1012,1,3,645,1,36,1773
202102,266,34740, ,Muskegon  MI ,0,0,0,0,0,0,0,0,0,0,0,0,0,0,0,0,0,0,0,0,0,0,0,0
202102,267,24580, ,Green Bay  WI ,37,37,12481,0,0,0,0,0,0,1,5,310,23,23,8414,0,0,0,0,0,0,0,0,0
202102,268,15500, ,Burlington  NC ,52,52,9730,0,0,0,0,0,0,1,5,157,34,34,5930,0,0,0,0,0,0,0,0,0
202102,268,24660,C,Greensboro-High Point  NC ,229,229,50925,2,4,705,0,0,0,7,187,42870,169,169,30338,2,4,705,0,0,0,7,187,42870
202102,268,49180, ,Winston-Salem  NC ,152,152,29996,0,0,0,0,0,0,1,6,237,137,137,26591,0,0,0,0,0,0,0,0,0
202102,272,24780, ,Greenville  NC ,34,34,7887,0,0,0,0,0,0,0,0,0,34,34,7887,0,0,0,0,0,0,0,0,0
202102,273,24860, ,Greenville-Anderson  SC ,615,615,160728,2,4,194,0,0,0,0,0,0,611,611,160349,2,4,194,0,0,0,0,0,0
202102,273,43900, ,Spartanburg  SC ,370,370,59871,0,0,0,0,0,0,13,220,26389,370,370,59871,0,0,0,0,0,0,13,220,26389
202102,276,23900,C,Gettysburg  PA ,16,16,3235,0,0,0,0,0,0,0,0,0,16,16,3235,0,0,0,0,0,0,0,0,0
202102,276,25420,C,Harrisburg-Carlisle  PA ,97,97,20565,1,2,306,0,0,0,3,16,1855,60,60,12973,1,2,306,0,0,0,1,6,1048
202102,276,30140, ,Lebanon  PA ,22,22,4163,0,0,0,0,0,0,0,0,0,0,0,0,0,0,0,0,0,0,0,0,0
202102,276,49620, ,York-Hanover  PA ,42,42,5073,0,0,0,0,0,0,0,0,0,40,40,4548,0,0,0,0,0,0,0,0,0
202102,277,25500,C,Harrisonburg  VA ,50,50,15690,0,0,0,0,0,0,1,9,882,50,50,15690,0,0,0,0,0,0,1,9,882
202102,277,44420, ,Staunton  VA ,9,9,1710,0,0,0,0,0,0,0,0,0,9,9,1710,0,0,0,0,0,0,0,0,0
202102,278,25540,C,Hartford-East Hartford-Middletown  CT ,56,56,11904,1,2,200,0,0,0,4,22,1912,26,26,5246,0,0,0,0,0,0,0,0,0
202102,278,35980, ,Norwich-New London  CT ,10,10,2337,0,0,0,0,0,0,1,6,1700,4,4,1197,0,0,0,0,0,0,1,6,1700
202102,279,25620, ,Hattiesburg  MS ,1,1,240,0,0,0,0,0,0,0,0,0,1,1,240,0,0,0,0,0,0,0,0,0
202102,284,26300, ,Hot Springs  AR ,2,2,238,0,0,0,0,0,0,0,0,0,2,2,238,0,0,0,0,0,0,0,0,0
202102,288,26420, ,Houston-The Woodlands-Sugar Land  TX ,3395,3395,755706,10,20,2146,2,8,745,21,902,79556,2950,2950,643174,10,20,2146,2,8,745,19,891,78861
202102,290,19460, ,Decatur  AL ,11,11,2102,0,0,0,0,0,0,0,0,0,8,8,1732,0,0,0,0,0,0,0,0,0
202102,290,26620,C,Huntsville  AL ,278,278,48063,0,0,0,0,0,0,13,456,54714,151,151,21891,0,0,0,0,0,0,13,456,54714
202102,292,26820, ,Idaho Falls  ID ,105,105,18463,0,0,0,2,8,956,0,0,0,105,105,18463,0,0,0,2,8,956,0,0,0
202102,294,18020, ,Columbus  IN ,14,14,3362,0,0,0,0,0,0,0,0,0,14,14,3362,0,0,0,0,0,0,0,0,0
202102,294,26900, ,Indianapolis-Carmel-Anderson  IN ,737,737,225740,8,16,2753,2,8,1990,6,38,5728,699,699,216074,8,16,2753,2,8,1990,5,33,5625
202102,294,34620, ,Muncie  IN ,0,0,0,0,0,0,0,0,0,0,0,0,0,0,0,0,0,0,0,0,0,0,0,0
202102,296,27060, ,Ithaca  NY ,1,1,323,0,0,0,0,0,0,0,0,0,0,0,0,0,0,0,0,0,0,0,0,0
202102,297,27180, ,Jackson  TN ,15,15,3286,0,0,0,0,0,0,0,0,0,0,0,0,0,0,0,0,0,0,0,0,0
202102,298,27140, ,Jackson  MS ,56,56,15817,0,0,0,0,0,0,1,25,2760,39,39,9981,0,0,0,0,0,0,0,0,0
202102,300,27260,C,Jacksonville  FL ,1244,1244,288583,0,0,0,1,4,732,19,560,63939,1113,1113,256717,0,0,0,1,4,732,19,560,63939
202102,304,27740, ,Johnson City  TN ,16,16,3723,0,0,0,0,0,0,0,0,0,16,16,3723,0,0,0,0,0,0,0,0,0
202102,304,28700, ,Kingsport-Bristol  TN-VA ,1,1,236,0,0,0,0,0,0,1,5,500,0,0,0,0,0,0,0,0,0,1,5,500
202102,306,27780, ,Johnstown  PA ,0,0,0,0,0,0,0,0,0,0,0,0,0,0,0,0,0,0,0,0,0,0,0,0
202102,308,27860, ,Jonesboro  AR ,42,42,6584,4,8,551,4,15,774,1,7,403,3,3,495,0,0,0,0,0,0,0,0,0
202102,309,27900, ,Joplin  MO ,12,12,1470,1,2,302,0,0,0,0,0,0,12,12,1470,1,2,302,0,0,0,0,0,0
202102,310,12980, ,Battle Creek  MI ,1,1,165,0,0,0,0,0,0,0,0,0,1,1,165,0,0,0,0,0,0,0,0,0
202102,310,28020, ,Kalamazoo-Portage  MI ,8,8,2893,0,0,0,0,0,0,0,0,0,5,5,2211,0,0,0,0,0,0,0,0,0
202102,312,28140, ,Kansas City  MO-KS ,512,512,150710,19,38,5630,2,8,901,13,454,53957,468,468,136003,19,38,5630,2,8,901,13,454,53957
202102,312,29940, ,Lawrence  KS ,15,15,3929,0,0,0,1,3,418,1,11,1205,0,0,0,0,0,0,0,0,0,0,0,0
202102,312,41140, ,St. Joseph  MO-KS ,0,0,0,0,0,0,0,0,0,0,0,0,0,0,0,0,0,0,0,0,0,0,0,0
202102,313,28420,C,Kennewick-Richland  WA ,165,165,50060,1,2,174,0,0,0,1,30,3586,40,40,13663,0,0,0,0,0,0,0,0,0
202102,313,47460, ,Walla Walla  WA ,10,10,3098,0,0,0,0,0,0,0,0,0,9,9,2998,0,0,0,0,0,0,0,0,0
202102,315,28940, ,Knoxville  TN ,254,254,62014,0,0,0,0,0,0,1,13,855,114,114,32875,0,0,0,0,0,0,0,0,0
202102,316,29020, ,Kokomo  IN ,9,9,1675,0,0,0,0,0,0,0,0,0,9,9,1675,0,0,0,0,0,0,0,0,0
202102,318,29180, ,Lafayette  LA ,158,158,36262,0,0,0,0,0,0,0,0,0,58,58,13290,0,0,0,0,0,0,0,0,0
202102,320,29200, ,Lafayette-West Lafayette  IN ,23,23,5774,0,0,0,0,0,0,1,20,1418,18,18,5097,0,0,0,0,0,0,0,0,0
202102,324,29340, ,Lake Charles  LA ,70,70,12909,0,0,0,0,0,0,0,0,0,30,30,5224,0,0,0,0,0,0,0,0,0
202102,332,29820,C,Las Vegas-Henderson-Paradise  NV ,998,998,273639,0,0,0,9,33,5466,19,574,66585,995,995,272636,0,0,0,9,33,5466,19,574,66585
202102,336,30460,C,Lexington-Fayette  KY ,108,108,27218,0,0,0,0,0,0,5,85,9002,32,32,10627,0,0,0,0,0,0,3,18,1911
202102,338,30620, ,Lima  OH ,0,0,0,0,0,0,0,0,0,0,0,0,0,0,0,0,0,0,0,0,0,0,0,0
202102,339,30700, ,Lincoln  NE ,88,88,20242,0,0,0,0,0,0,1,51,5719,6,6,1500,0,0,0,0,0,0,0,0,0
202102,340,30780, ,Little Rock-North Little Rock-Conway  AR ,140,140,26958,4,8,557,0,0,0,1,8,219,91,91,19248,3,6,405,0,0,0,0,0,0
202102,340,38220, ,Pine Bluff  AR ,1,1,166,0,0,0,0,0,0,0,0,0,0,0,0,0,0,0,0,0,0,0,0,0
202102,348,31080,C,Los Angeles-Long Beach-Anaheim  CA ,741,741,224380,54,108,23773,10,31,8097,46,1302,239010,575,575,151756,49,98,21328,7,21,5937,36,1172,218746
202102,348,37100, ,Oxnard-Thousand Oaks-Ventura  CA ,9,9,3500,0,0,0,0,0,0,5,31,4004,9,9,3500,0,0,0,0,0,0,5,31,4004
202102,348,40140, ,Riverside-San Bernardino-Ontario  CA ,888,888,227305,7,14,2963,7,27,3331,12,132,19967,827,827,211236,7,14,2963,7,27,3331,9,117,18786
202102,350,21060, ,Elizabethtown-Fort Knox  KY ,17,17,3105,3,6,970,0,0,0,0,0,0,17,17,3105,3,6,970,0,0,0,0,0,0
202102,350,31140, ,Louisville-Jefferson County  KY-IN ,301,301,85906,1,2,291,0,0,0,6,171,16635,162,162,45410,0,0,0,0,0,0,0,0,0
202102,352,31180, ,Lubbock  TX ,242,242,52151,31,62,7430,0,0,0,1,5,359,241,241,51978,31,62,7430,0,0,0,0,0,0
202102,356,31420, ,Macon-Bibb County  GA ,30,30,6908,0,0,0,0,0,0,0,0,0,0,0,0,0,0,0,0,0,0,0,0,0
202102,356,47580, ,Warner Robins  GA ,83,83,18862,0,0,0,0,0,0,0,0,0,62,62,13649,0,0,0,0,0,0,0,0,0
202102,357,27500, ,Janesville-Beloit  WI ,16,16,3963,0,0,0,0,0,0,0,0,0,11,11,2627,0,0,0,0,0,0,0,0,0
202102,357,31540, ,Madison  WI ,125,125,52265,1,2,307,1,4,600,6,434,60493,104,104,46623,1,2,307,1,4,600,5,429,59200
202102,359,31860, ,Mankato  MN ,1,1,205,0,0,0,0,0,0,0,0,0,1,1,205,0,0,0,0,0,0,0,0,0
202102,365,32580,C,McAllen-Edinburg-Mission  TX ,324,324,61899,6,12,734,10,40,1945,1,23,2183,242,242,52262,6,12,734,9,36,1686,0,0,0
202102,366,32780, ,Medford  OR ,51,51,14748,0,0,0,0,0,0,2,27,3955,51,51,14748,0,0,0,0,0,0,2,27,3955
202102,368,32820, ,Memphis  TN-MS-AR ,301,301,65020,0,0,0,0,0,0,0,0,0,212,212,46526,0,0,0,0,0,0,0,0,0
202102,370,33100, ,Miami-Fort Lauderdale-Pompano Beach  FL ,734,734,373183,14,28,5868,0,0,0,15,435,60032,649,649,337410,13,26,5641,0,0,0,9,348,51394
202102,370,38940, ,Port St. Lucie  FL ,316,316,79467,1,2,144,0,0,0,2,96,87,316,316,79467,1,2,144,0,0,0,2,96,87
202102,370,42680, ,Sebastian-Vero Beach  FL ,110,110,44374,0,0,0,0,0,0,0,0,0,110,110,44374,0,0,0,0,0,0,0,0,0
202102,372,33260, ,Midland  TX ,61,61,11209,0,0,0,0,0,0,0,0,0,61,61,11209,0,0,0,0,0,0,0,0,0
202102,372,36220,C,Odessa  TX ,49,49,11423,0,0,0,0,0,0,0,0,0,49,49,11423,0,0,0,0,0,0,0,0,0
202102,376,33340,C,Milwaukee-Waukesha  WI ,121,121,49387,19,38,11753,0,0,0,1,10,842,93,93,38486,17,34,11064,0,0,0,0,0,0
202102,376,39540, ,Racine  WI ,12,12,4200,0,0,0,0,0,0,0,0,0,12,12,4200,0,0,0,0,0,0,0,0,0
202102,378,33460, ,Minneapolis-St. Paul-Bloomington  MN-WI ,805,805,261439,3,6,1086,1,4,868,15,943,151691,740,740,241265,2,4,729,1,4,868,9,895,146437
202102,378,41060, ,St. Cloud  MN ,0,0,0,0,0,0,0,0,0,0,0,0,0,0,0,0,0,0,0,0,0,0,0,0
202102,380,19300, ,Daphne-Fairhope-Foley  AL ,212,212,45395,1,2,304,0,0,0,1,11,881,110,110,29918,0,0,0,0,0,0,0,0,0
202102,380,33660, ,Mobile  AL ,63,63,13357,0,0,0,0,0,0,0,0,0,57,57,12121,0,0,0,0,0,0,0,0,0
202102,384,33740, ,Monroe  LA ,20,20,4436,1,2,73,2,6,943,1,5,579,12,12,2798,0,0,0,0,0,0,0,0,0
202102,388,33860, ,Montgomery  AL ,93,93,23848,0,0,0,2,7,564,0,0,0,93,93,23848,0,0,0,2,7,564,0,0,0
202102,390,34060, ,Morgantown  WV ,0,0,0,0,0,0,0,0,0,0,0,0,0,0,0,0,0,0,0,0,0,0,0,0
202102,396,34820, ,Myrtle Beach-Conway-North Myrtle Beach  SC-NC ,638,638,131313,0,0,0,1,4,738,1,5,250,497,497,101050,0,0,0,1,4,738,0,0,0
202102,400,34980, ,Nashville-Davidson--Murfreesboro--Franklin  TN ,1157,1157,322009,0,0,0,7,25,3068,11,546,35376,991,991,277671,0,0,0,6,22,2468,10,540,34626
202102,406,25220, ,Hammond  LA ,78,78,15177,0,0,0,0,0,0,0,0,0,0,0,0,0,0,0,0,0,0,0,0,0
202102,406,35380, ,New Orleans-Metairie  LA ,300,300,76487,16,32,3405,0,0,0,1,40,7444,227,227,60120,3,6,610,0,0,0,0,0,0
202102,408,14860,C,Bridgeport-Stamford-Norwalk  CT ,67,67,38655,0,0,0,0,0,0,4,52,12755,51,51,24845,0,0,0,0,0,0,2,35,6385
202102,408,20700, ,East Stroudsburg  PA ,10,10,3425,0,0,0,0,0,0,0,0,0,9,9,3163,0,0,0,0,0,0,0,0,0
202102,408,28740, ,Kingston  NY ,1,1,150,1,2,200,0,0,0,1,5,1220,1,1,150,1,2,200,0,0,0,0,0,0
202102,408,35300, ,New Haven-Milford  CT ,14,14,3355,0,0,0,0,0,0,1,11,713,8,8,2420,0,0,0,0,0,0,0,0,0
202102,408,35620,C,New York-Newark-Jersey City  NY-NJ-PA ,956,956,242731,50,100,12225,9,31,4102,98,2706,265735,706,706,177262,43,86,10794,6,21,2774,50,2071,193143
202102,408,39100, ,Poughkeepsie-Newburgh-Middletown  NY ,13,13,12215,0,0,0,0,0,0,6,153,18331,5,5,10512,0,0,0,0,0,0,5,144,17731
202102,408,45940,C,Trenton-Princeton  NJ ,6,6,1602,0,0,0,0,0,0,2,10,432,2,2,654,0,0,0,0,0,0,1,5,18
202102,412,35840,C,North Port-Sarasota-Bradenton  FL ,790,790,214746,1,2,392,4,16,2522,10,80,13394,790,790,214746,1,2,392,4,16,2522,10,80,13394
202102,412,39460, ,Punta Gorda  FL ,207,207,57320,2,4,928,3,12,2734,2,28,5537,207,207,57320,2,4,928,3,12,2734,2,28,5537
202102,416,36420,C,Oklahoma City  OK ,596,596,145922,23,46,3692,0,0,0,0,0,0,530,530,134911,21,42,3350,0,0,0,0,0,0
202102,420,36540, ,Omaha-Council Bluffs  NE-IA ,315,315,61526,0,0,0,0,0,0,0,0,0,260,260,46891,0,0,0,0,0,0,0,0,0
202102,422,19660, ,Deltona-Daytona Beach-Ormond Beach  FL ,329,329,69389,15,30,5846,0,0,0,1,20,2473,316,316,64725,15,30,5846,0,0,0,0,0,0
202102,422,29460, ,Lakeland-Winter Haven  FL ,688,688,142507,1,2,250,0,0,0,2,48,10942,545,545,104171,1,2,250,0,0,0,2,48,10942
202102,422,36740, ,Orlando-Kissimmee-Sanford  FL ,912,912,261223,6,12,1993,0,0,0,7,106,12741,763,763,220319,6,12,1993,0,0,0,5,68,9173
202102,422,45540,C,The Villages  FL ,277,277,75503,0,0,0,0,0,0,1,6,1334,276,276,75311,0,0,0,0,0,0,1,6,1334
202102,425,37620, ,Parkersburg-Vienna  WV ,3,3,455,0,0,0,0,0,0,0,0,0,3,3,455,0,0,0,0,0,0,0,0,0
202102,426,37860,C,Pensacola-Ferry Pass-Brent  FL ,160,160,37301,56,112,13833,0,0,0,0,0,0,160,160,37301,56,112,13833,0,0,0,0,0,0
202102,428,12100,C,Atlantic City-Hammonton  NJ ,60,60,20154,0,0,0,0,0,0,0,0,0,56,56,18761,0,0,0,0,0,0,0,0,0
202102,428,20100,C,Dover  DE ,119,119,17910,5,10,1018,0,0,0,0,0,0,41,41,6407,5,10,1018,0,0,0,0,0,0
202102,428,36140,C,Ocean City  NJ ,34,34,11914,15,30,4712,0,0,0,0,0,0,33,33,11668,15,30,4712,0,0,0,0,0,0
202102,428,37980,C,Philadelphia-Camden-Wilmington  PA-NJ-DE-MD ,719,719,151195,29,58,7689,23,73,7636,45,1370,176624,465,465,110833,28,56,7239,22,70,7246,34,1273,168464
202102,428,39740, ,Reading  PA ,4,4,737,0,0,0,0,0,0,0,0,0,2,2,205,0,0,0,0,0,0,0,0,0
202102,428,47220,C,Vineland-Bridgeton  NJ ,19,19,2122,0,0,0,0,0,0,0,0,0,18,18,2012,0,0,0,0,0,0,0,0,0
202102,429,38060,C,Phoenix-Mesa-Chandler  AZ ,3094,3094,728452,20,40,7562,1,4,979,52,1255,168874,3049,3049,715811,20,40,7562,1,4,979,51,1155,151472
202102,430,38300, ,Pittsburgh  PA ,106,106,31207,0,0,0,2,6,704,2,60,7535,58,58,19934,0,0,0,0,0,0,1,6,500
202102,430,48260, ,Weirton-Steubenville  WV-OH ,0,0,0,0,0,0,0,0,0,0,0,0,0,0,0,0,0,0,0,0,0,0,0,0
202102,438,30340, ,Lewiston-Auburn  ME ,5,5,1363,0,0,0,0,0,0,0,0,0,4,4,1175,0,0,0,0,0,0,0,0,0
202102,438,38860, ,Portland-South Portland  ME ,115,115,36507,8,16,2570,3,11,2635,1,5,348,52,52,19215,6,12,1660,3,11,2635,0,0,0
202102,440,10540, ,Albany-Lebanon  OR ,37,37,8614,0,0,0,0,0,0,3,21,1958,2,2,493,0,0,0,0,0,0,0,0,0
202102,440,18700, ,Corvallis  OR ,5,5,1169,0,0,0,0,0,0,0,0,0,5,5,1169,0,0,0,0,0,0,0,0,0
202102,440,31020, ,Longview  WA ,24,24,5430,0,0,0,0,0,0,0,0,0,0,0,0,0,0,0,0,0,0,0,0,0
202102,440,38900, ,Portland-Vancouver-Hillsboro  OR-WA ,647,647,190239,3,6,1099,7,25,3559,10,207,23060,483,483,139444,3,6,1099,6,22,3231,8,187,21132
202102,440,41420, ,Salem  OR ,72,72,21178,1,2,346,0,0,0,25,246,25771,72,72,21178,1,2,346,0,0,0,25,246,25771
202102,444,39380,C,Pueblo  CO ,63,63,10259,0,0,0,0,0,0,0,0,0,63,63,10259,0,0,0,0,0,0,0,0,0
202102,450,20500,C,Durham-Chapel Hill  NC ,363,363,81221,2,4,331,0,0,0,2,107,11068,309,309,63540,2,4,331,0,0,0,1,80,7282
202102,450,39580,C,Raleigh-Cary  NC ,1257,1257,299247,0,0,0,0,0,0,24,1633,143071,1253,1253,298435,0,0,0,0,0,0,24,1633,143071
202102,452,39660, ,Rapid City  SD ,57,57,11911,0,0,0,0,0,0,0,0,0,57,57,11911,0,0,0,0,0,0,0,0,0
202102,454,39820, ,Redding  CA ,20,20,5146,0,0,0,0,0,0,0,0,0,20,20,5146,0,0,0,0,0,0,0,0,0
202102,456,16180,C,Carson City  NV ,17,17,4525,0,0,0,1,3,382,1,6,599,0,0,0,0,0,0,0,0,0,0,0,0
202102,456,39900,C,Reno  NV ,253,253,68127,2,4,414,1,4,539,10,160,20975,79,79,18672,0,0,0,0,0,0,0,0,0
202102,462,40340, ,Rochester  MN ,14,14,3760,0,0,0,0,0,0,0,0,0,14,14,3760,0,0,0,0,0,0,0,0,0
202102,464,40380, ,Rochester  NY ,62,62,16002,3,6,1363,1,3,240,2,29,4504,46,46,12368,3,6,1363,0,0,0,0,0,0
202102,466,40420, ,Rockford  IL ,5,5,903,0,0,0,0,0,0,0,0,0,5,5,903,0,0,0,0,0,0,0,0,0
202102,472,40900,C,Sacramento-Roseville-Folsom  CA ,843,843,245000,0,0,0,0,0,0,1,5,1283,829,829,240958,0,0,0,0,0,0,0,0,0
202102,474,13020, ,Bay City  MI ,1,1,229,0,0,0,0,0,0,0,0,0,0,0,0,0,0,0,0,0,0,0,0,0
202102,474,33220, ,Midland  MI ,4,4,497,0,0,0,0,0,0,0,0,0,4,4,497,0,0,0,0,0,0,0,0,0
202102,474,40980, ,Saginaw  MI ,3,3,796,0,0,0,0,0,0,0,0,0,3,3,796,0,0,0,0,0,0,0,0,0
202102,476,41180, ,St. Louis  MO-IL ,458,458,129809,0,0,0,1,4,507,8,172,24661,359,359,95083,0,0,0,1,4,507,5,143,21724
202102,480,41540, ,Salisbury  MD-DE ,474,474,68773,14,28,2822,0,0,0,1,36,1700,467,467,67527,14,28,2822,0,0,0,1,36,1700
202102,482,36260, ,Ogden-Clearfield  UT ,262,262,67712,0,0,0,1,3,587,5,25,3619,216,216,56145,0,0,0,0,0,0,1,5,1048
202102,482,39340, ,Provo-Orem  UT ,603,603,180618,8,16,2128,3,12,1726,18,255,35055,598,598,177795,8,16,2128,3,12,1726,18,255,35055
202102,482,41620, ,Salt Lake City  UT ,421,421,118154,23,46,10300,10,35,4736,9,332,47198,306,306,88947,20,40,9368,9,32,4207,3,44,4440
202102,484,41700,C,San Antonio-New Braunfels  TX ,1000,1000,228504,1,2,247,0,0,0,13,323,39180,885,885,207372,1,2,247,0,0,0,12,318,38115
202102,488,32900, ,Merced  CA ,12,12,3284,0,0,0,0,0,0,0,0,0,6,6,1974,0,0,0,0,0,0,0,0,0
202102,488,33700, ,Modesto  CA ,7,7,1859,0,0,0,0,0,0,0,0,0,7,7,1859,0,0,0,0,0,0,0,0,0
202102,488,41860,C,San Francisco-Oakland-Berkeley  CA ,410,410,126380,11,22,6218,3,10,1517,26,244,55058,334,334,98759,9,18,4167,3,10,1517,17,151,35876
202102,488,41940,C,San Jose-Sunnyvale-Santa Clara  CA ,190,190,71659,0,0,0,1,3,745,4,39,7520,142,142,53951,0,0,0,0,0,0,2,13,2832
202102,488,42100, ,Santa Cruz-Watsonville  CA ,12,12,2459,0,0,0,1,3,344,1,9,915,1,1,90,0,0,0,0,0,0,0,0,0
202102,488,42220, ,Santa Rosa-Petaluma  CA ,93,93,26311,1,2,276,0,0,0,0,0,0,93,93,26311,1,2,276,0,0,0,0,0,0
202102,488,44700, ,Stockton  CA ,221,221,65500,0,0,0,0,0,0,0,0,0,182,182,52246,0,0,0,0,0,0,0,0,0
202102,488,46700, ,Vallejo  CA ,85,85,22617,0,0,0,0,0,0,0,0,0,85,85,22617,0,0,0,0,0,0,0,0,0
202102,496,25980, ,Hinesville  GA ,57,57,12503,0,0,0,0,0,0,0,0,0,57,57,12503,0,0,0,0,0,0,0,0,0
202102,496,42340, ,Savannah  GA ,185,185,46010,2,4,1182,2,8,1418,0,0,0,122,122,28824,2,4,1182,2,8,1418,0,0,0
202102,500,14740,C,Bremerton-Silverdale-Port Orchard  WA ,118,118,34363,1,2,283,0,0,0,1,11,1418,118,118,34363,1,2,283,0,0,0,1,11,1418
202102,500,34580, ,Mount Vernon-Anacortes  WA ,12,12,4881,0,0,0,0,0,0,0,0,0,12,12,4881,0,0,0,0,0,0,0,0,0
202102,500,36500, ,Olympia-Lacey-Tumwater  WA ,72,72,18509,0,0,0,0,0,0,1,5,213,64,64,16807,0,0,0,0,0,0,0,0,0
202102,500,42660,C,Seattle-Tacoma-Bellevue  WA ,882,882,281318,23,46,13172,15,52,9401,24,1475,247289,726,726,222287,21,42,12181,14,49,8398,16,1263,224717
202102,508,43340,C,Shreveport-Bossier City  LA ,77,77,15325,0,0,0,0,0,0,0,0,0,42,42,6869,0,0,0,0,0,0,0,0,0
202102,515,21140, ,Elkhart-Goshen  IN ,27,27,6519,0,0,0,0,0,0,0,0,0,27,27,6519,0,0,0,0,0,0,0,0,0
202102,515,35660, ,Niles  MI ,1,1,170,0,0,0,0,0,0,0,0,0,1,1,170,0,0,0,0,0,0,0,0,0
202102,515,43780, ,South Bend-Mishawaka  IN-MI ,26,26,11044,0,0,0,0,0,0,0,0,0,26,26,11044,0,0,0,0,0,0,0,0,0
202102,518,17660, ,Coeur dAlene  ID ,80,80,21812,1,2,257,0,0,0,2,46,4598,52,52,15459,1,2,257,0,0,0,1,24,2133
202102,518,44060, ,Spokane-Spokane Valley  WA ,139,139,31797,7,14,2305,0,0,0,2,179,22441,89,89,18715,6,12,2081,0,0,0,1,170,21422
202102,522,44100, ,Springfield  IL ,7,7,2175,0,0,0,0,0,0,1,5,208,0,0,0,0,0,0,0,0,0,0,0,0
202102,524,44300, ,State College  PA ,23,23,6329,2,4,330,0,0,0,0,0,0,23,23,6329,2,4,330,0,0,0,0,0,0
202102,532,45060, ,Syracuse  NY ,13,13,2710,0,0,0,0,0,0,1,12,500,12,12,2557,0,0,0,0,0,0,1,12,500
202102,534,45780, ,Toledo  OH ,53,53,14745,0,0,0,1,3,213,1,27,1484,26,26,7385,0,0,0,0,0,0,0,0,0
202102,536,46060,C,Tucson  AZ ,462,462,134564,2,4,474,0,0,0,4,60,9015,363,363,109170,0,0,0,0,0,0,0,0,0
202102,538,46140,C,Tulsa  OK ,278,278,63260,3,6,652,0,0,0,2,84,7318,272,272,61962,3,6,652,0,0,0,1,76,6703
202102,540,46340, ,Tyler  TX ,23,23,5362,2,4,494,0,0,0,0,0,0,23,23,5362,2,4,494,0,0,0,0,0,0
202102,545,47260, ,Virginia Beach-Norfolk-Newport News  VA-NC ,465,465,108849,0,0,0,0,0,0,0,0,2236,421,421,102686,0,0,0,0,0,0,0,0,2236
202102,548,12580,C,Baltimore-Columbia-Towson  MD ,425,425,100139,1,2,371,1,3,463,2,44,8112,409,409,97206,0,0,0,0,0,0,0,0,0
202102,548,15680,C,California-Lexington Park  MD ,60,60,13429,0,0,0,0,0,0,1,6,1075,5,5,1945,0,0,0,0,0,0,0,0,0
202102,548,16540,C,Chambersburg-Waynesboro  PA ,36,36,8998,0,0,0,0,0,0,0,0,0,35,35,8735,0,0,0,0,0,0,0,0,0
202102,548,25180, ,Hagerstown-Martinsburg  MD-WV ,127,127,26640,1,2,175,0,0,0,2,18,1185,123,123,26172,1,2,175,0,0,0,2,18,1185
202102,548,47900, ,Washington-Arlington-Alexandria  DC-VA-MD-WV ,1108,1108,286458,0,0,0,2,8,1046,41,2364,260571,1026,1026,264748,0,0,0,2,8,1046,36,2280,244128
202102,548,49020, ,Winchester  VA-WV ,61,61,17190,0,0,0,0,0,0,0,0,0,61,61,17190,0,0,0,0,0,0,0,0,0
202102,554,48140, ,Wausau-Weston  WI ,20,20,5184,0,0,0,0,0,0,0,0,0,14,14,3675,0,0,0,0,0,0,0,0,0
202102,556,48620, ,Wichita  KS ,41,41,15991,8,16,1285,0,0,0,0,0,0,41,41,15991,8,16,1285,0,0,0,0,0,0
202102,558,48700, ,Williamsport  PA ,0,0,0,0,0,0,0,0,0,0,0,0,0,0,0,0,0,0,0,0,0,0,0,0
202102,566,49660, ,Youngstown-Warren-Boardman  OH-PA ,17,17,3909,0,0,0,0,0,0,0,0,0,17,17,3909,0,0,0,0,0,0,0,0,0
202102,999,10180, ,Abilene  TX ,31,31,6481,1,2,188,0,0,0,0,0,0,31,31,6481,1,2,188,0,0,0,0,0,0
202102,999,10500, ,Albany  GA ,15,15,2100,0,0,0,0,0,0,1,17,2538,13,13,1690,0,0,0,0,0,0,0,0,0
202102,999,10780, ,Alexandria  LA ,19,19,5172,0,0,0,0,0,0,0,0,0,13,13,3590,0,0,0,0,0,0,0,0,0
202102,999,10900, ,Allentown-Bethlehem-Easton  PA-NJ ,46,46,13532,0,0,0,0,0,0,3,20,2381,27,27,8811,0,0,0,0,0,0,1,8,1094
202102,999,11260,C,Anchorage  AK ,85,85,26437,2,4,691,1,3,521,2,13,2055,2,2,466,2,4,691,0,0,0,0,0,0
202102,999,11500, ,Anniston-Oxford  AL ,4,4,481,0,0,0,0,0,0,0,0,0,3,3,401,0,0,0,0,0,0,0,0,0
202102,999,12260, ,Augusta-Richmond County  GA-SC ,268,268,54897,3,6,623,1,3,319,1,6,345,69,69,16204,0,0,0,1,3,319,0,0,0
202102,999,12420, ,Austin-Round Rock-Georgetown  TX ,1862,1862,417839,19,38,6511,5,20,4412,25,2587,368817,1538,1538,344954,18,36,6324,5,20,4412,25,2587,368817
202102,999,12540, ,Bakersfield  CA ,157,157,39535,0,0,0,0,0,0,0,0,0,156,156,39376,0,0,0,0,0,0,0,0,0
202102,999,12620, ,Bangor  ME ,3,3,731,2,4,611,0,0,0,0,0,0,2,2,573,2,4,611,0,0,0,0,0,0
202102,999,12940, ,Baton Rouge  LA ,333,333,68636,0,0,0,0,0,0,0,0,0,132,132,32374,0,0,0,0,0,0,0,0,0
202102,999,13140, ,Beaumont-Port Arthur  TX ,77,77,15598,2,4,441,0,0,0,0,0,0,77,77,15598,2,4,441,0,0,0,0,0,0
202102,999,13220,C,Beckley  WV ,4,4,416,0,0,0,0,0,0,0,0,0,3,3,359,0,0,0,0,0,0,0,0,0
202102,999,13380, ,Bellingham  WA ,64,64,19990,1,2,431,0,0,0,2,343,38606,21,21,8000,0,0,0,0,0,0,2,343,38606
202102,999,13740, ,Billings  MT ,32,32,7511,8,16,3025,0,0,0,0,0,0,32,32,7511,8,16,3025,0,0,0,0,0,0
202102,999,13780, ,Binghamton  NY ,0,0,0,0,0,0,0,0,0,0,0,0,0,0,0,0,0,0,0,0,0,0,0,0
202102,999,13900, ,Bismarck  ND ,5,5,1354,7,14,2472,0,0,0,0,0,0,5,5,1354,7,14,2472,0,0,0,0,0,0
202102,999,13980, ,Blacksburg-Christiansburg  VA ,4,4,2065,0,0,0,0,0,0,0,0,0,4,4,2065,0,0,0,0,0,0,0,0,0
202102,999,15260, ,Brunswick  GA ,40,40,12131,1,2,277,0,0,0,0,0,0,4,4,543,0,0,0,0,0,0,0,0,0
202102,999,16220,C,Casper  WY ,14,14,2380,0,0,0,1,4,385,0,0,0,14,14,2380,0,0,0,1,4,385,0,0,0
202102,999,16580, ,Champaign-Urbana  IL ,16,16,4100,0,0,0,0,0,0,0,0,0,16,16,4100,0,0,0,0,0,0,0,0,0
202102,999,16700,C,Charleston-North Charleston  SC ,442,442,124181,0,0,0,2,7,1705,13,132,14429,159,159,47788,0,0,0,2,7,1705,9,52,10698
202102,999,16820, ,Charlottesville  VA ,70,70,21280,0,0,0,0,0,0,1,23,2223,0,0,0,0,0,0,0,0,0,0,0,0
202102,999,16940, ,Cheyenne  WY ,55,55,11444,0,0,0,0,0,0,0,0,0,55,55,11444,0,0,0,0,0,0,0,0,0
202102,999,17020, ,Chico  CA ,17,17,4514,2,4,721,0,0,0,7,113,11785,17,17,4514,2,4,721,0,0,0,7,113,11785
202102,999,17300,C,Clarksville  TN-KY ,139,139,26565,0,0,0,0,0,0,0,0,0,136,136,26351,0,0,0,0,0,0,0,0,0
202102,999,17780, ,College Station-Bryan  TX ,116,116,24496,0,0,0,0,0,0,0,0,0,110,110,23271,0,0,0,0,0,0,0,0,0
202102,999,17820,C,Colorado Springs  CO ,561,561,216329,0,0,0,0,0,0,4,339,81419,561,561,216329,0,0,0,0,0,0,4,339,81419
202102,999,18880,C,Crestview-Fort Walton Beach-Destin  FL ,346,346,145539,2,4,672,0,0,0,3,252,26551,346,346,145539,2,4,672,0,0,0,3,252,26551
202102,999,19060, ,Cumberland  MD-WV ,6,6,1994,0,0,0,0,0,0,0,0,0,6,6,1994,0,0,0,0,0,0,0,0,0
202102,999,19180, ,Danville  IL ,0,0,0,0,0,0,0,0,0,0,0,0,0,0,0,0,0,0,0,0,0,0,0,0
202102,999,19500, ,Decatur  IL ,1,1,329,0,0,0,0,0,0,0,0,0,1,1,329,0,0,0,0,0,0,0,0,0
202102,999,20220, ,Dubuque  IA ,2,2,568,0,0,0,0,0,0,0,0,0,0,0,0,0,0,0,0,0,0,0,0,0
202102,999,20260, ,Duluth  MN-WI ,5,5,1252,0,0,0,0,0,0,0,0,0,5,5,1252,0,0,0,0,0,0,0,0,0
202102,999,20940, ,El Centro  CA ,19,19,3312,0,0,0,0,0,0,0,0,0,19,19,3312,0,0,0,0,0,0,0,0,0
202102,999,21420, ,Enid  OK ,0,0,0,0,0,0,0,0,0,0,0,0,0,0,0,0,0,0,0,0,0,0,0,0
202102,999,21660, ,Eugene-Springfield  OR ,70,70,18354,3,6,1042,0,0,0,3,24,2990,49,49,12987,3,6,1042,0,0,0,3,24,2990
202102,999,21780, ,Evansville  IN-KY ,53,53,14624,2,4,847,0,0,0,0,0,0,41,41,12327,1,2,600,0,0,0,0,0,0
202102,999,21820,C,Fairbanks  AK ,0,0,0,0,0,0,0,0,0,0,0,0,0,0,0,0,0,0,0,0,0,0,0,0
202102,999,22140,C,Farmington  NM ,9,9,2717,0,0,0,0,0,0,0,0,0,9,9,2717,0,0,0,0,0,0,0,0,0
202102,999,22220, ,Fayetteville-Springdale-Rogers  AR-MO ,413,413,105530,27,54,6928,1,3,422,5,66,5727,321,321,84685,27,54,6928,0,0,0,0,0,0
202102,999,22380, ,Flagstaff  AZ ,34,34,6708,0,0,0,0,0,0,0,0,0,34,34,6708,0,0,0,0,0,0,0,0,0
202102,999,22500, ,Florence  SC ,55,55,7422,0,0,0,0,0,0,2,30,2918,0,0,0,0,0,0,0,0,0,0,0,0
202102,999,22520, ,Florence-Muscle Shoals  AL ,17,17,2044,0,0,0,0,0,0,0,0,0,4,4,507,0,0,0,0,0,0,0,0,0
202102,999,22540, ,Fond du Lac  WI ,5,5,1510,0,0,0,0,0,0,1,7,496,2,2,775,0,0,0,0,0,0,0,0,0
202102,999,22660,C,Fort Collins  CO ,166,166,50151,0,0,0,0,0,0,2,24,2407,166,166,50151,0,0,0,0,0,0,2,24,2407
202102,999,22900, ,Fort Smith  AR-OK ,23,23,4774,22,44,4959,0,0,0,0,0,0,16,16,3682,22,44,4959,0,0,0,0,0,0
202102,999,23460, ,Gadsden  AL ,5,5,903,0,0,0,0,0,0,0,0,0,0,0,0,0,0,0,0,0,0,0,0,0
202102,999,24220, ,Grand Forks  ND-MN ,0,0,0,0,0,0,0,0,0,0,0,0,0,0,0,0,0,0,0,0,0,0,0,0
202102,999,24260, ,Grand Island  NE ,4,4,852,0,0,0,0,0,0,2,24,3580,4,4,852,0,0,0,0,0,0,2,24,3580
202102,999,24300,C,Grand Junction  CO ,121,121,18668,0,0,0,0,0,0,0,0,0,121,121,18668,0,0,0,0,0,0,0,0,0
202102,999,24500,C,Great Falls  MT ,6,6,975,0,0,0,0,0,0,0,0,0,6,6,975,0,0,0,0,0,0,0,0,0
202102,999,25060, ,Gulfport-Biloxi  MS ,166,166,33473,1,2,245,1,4,401,1,9,762,78,78,19737,0,0,0,0,0,0,0,0,0
202102,999,25860, ,Hickory-Lenoir-Morganton  NC ,1,1,151,0,0,0,0,0,0,1,5,279,0,0,0,0,0,0,0,0,0,0,0,0
202102,999,25940, ,Hilton Head Island-Bluffton  SC ,90,90,30801,0,0,0,0,0,0,0,0,0,60,60,15507,0,0,0,0,0,0,0,0,0
202102,999,26140, ,Homosassa Springs  FL ,68,68,14019,0,0,0,0,0,0,1,5,432,0,0,0,0,0,0,0,0,0,0,0,0
202102,999,26380, ,Houma-Thibodaux  LA ,35,35,7837,1,2,156,0,0,0,0,0,0,22,22,4292,0,0,0,0,0,0,0,0,0
202102,999,27100, ,Jackson  MI ,1,1,238,0,0,0,0,0,0,0,0,0,1,1,238,0,0,0,0,0,0,0,0,0
202102,999,27340,C,Jacksonville  NC ,123,123,21903,0,0,0,0,0,0,0,0,0,123,123,21903,0,0,0,0,0,0,0,0,0
202102,999,27980,C,Kahului-Wailuku-Lahaina  HI ,40,40,9285,0,0,0,0,0,0,0,0,0,40,40,9285,0,0,0,0,0,0,0,0,0
202102,999,28660,C,Killeen-Temple  TX ,169,169,29121,11,22,2278,0,0,0,0,0,0,153,153,25706,8,16,1688,0,0,0,0,0,0
202102,999,29100, ,La Crosse-Onalaska  WI-MN ,10,10,3003,1,2,329,0,0,0,1,5,455,3,3,1453,1,2,329,0,0,0,0,0,0
202102,999,29420, ,Lake Havasu City-Kingman  AZ ,165,165,39789,1,2,223,0,0,0,0,0,0,137,137,35031,0,0,0,0,0,0,0,0,0
202102,999,29540, ,Lancaster  PA ,5,5,1141,2,4,536,0,0,0,0,0,0,3,3,644,1,2,320,0,0,0,0,0,0
202102,999,29620, ,Lansing-East Lansing  MI ,7,7,1611,0,0,0,0,0,0,1,5,568,0,0,0,0,0,0,0,0,0,0,0,0
202102,999,29700, ,Laredo  TX ,128,128,26227,7,14,1310,1,4,445,1,11,940,0,0,0,0,0,0,0,0,0,0,0,0
202102,999,30020, ,Lawton  OK ,4,4,938,0,0,0,0,0,0,0,0,0,0,0,0,0,0,0,0,0,0,0,0,0
202102,999,30300, ,Lewiston  ID-WA ,0,0,0,0,0,0,0,0,0,0,0,0,0,0,0,0,0,0,0,0,0,0,0,0
202102,999,30860, ,Logan  UT-ID ,13,13,3474,0,0,0,0,0,0,0,0,0,13,13,3474,0,0,0,0,0,0,0,0,0
202102,999,30980, ,Longview  TX ,6,6,1254,1,2,188,0,0,0,0,0,0,6,6,1254,1,2,188,0,0,0,0,0,0
202102,999,31340, ,Lynchburg  VA ,10,10,1981,0,0,0,1,3,603,0,0,0,6,6,1053,0,0,0,0,0,0,0,0,0
202102,999,31740, ,Manhattan  KS ,22,22,6346,0,0,0,0,0,0,0,0,0,21,21,6086,0,0,0,0,0,0,0,0,0
202102,999,33540,C,Missoula  MT ,23,23,5845,0,0,0,0,0,0,0,0,0,23,23,5845,0,0,0,0,0,0,0,0,0
202102,999,36100, ,Ocala  FL ,423,423,88439,0,0,0,0,0,0,0,0,0,423,423,88439,0,0,0,0,0,0,0,0,0
202102,999,36980, ,Owensboro  KY ,27,27,2060,0,0,0,0,0,0,0,0,0,27,27,2060,0,0,0,0,0,0,0,0,0
202102,999,37340, ,Palm Bay-Melbourne-Titusville  FL ,232,232,75718,12,24,5968,0,0,0,0,0,0,232,232,75718,12,24,5968,0,0,0,0,0,0
202102,999,37460, ,Panama City  FL ,121,121,37617,1,2,191,0,0,0,5,232,30897,121,121,37617,1,2,191,0,0,0,5,232,30897
202102,999,37900, ,Peoria  IL ,4,4,1219,0,0,0,0,0,0,0,0,0,1,1,154,0,0,0,0,0,0,0,0,0
202102,999,38340, ,Pittsfield  MA ,1,1,308,0,0,0,0,0,0,0,0,0,0,0,0,0,0,0,0,0,0,0,0,0
202102,999,38540, ,Pocatello  ID ,28,28,4420,0,0,0,10,40,2900,0,0,0,18,18,3423,0,0,0,10,40,2900,0,0,0
202102,999,39150, ,Prescott Valley-Prescott  AZ ,139,139,42929,10,20,2235,0,0,0,0,0,0,139,139,42929,10,20,2235,0,0,0,0,0,0
202102,999,40060, ,Richmond  VA ,489,489,106351,24,48,8227,2,8,1736,1,12,651,474,474,104130,24,48,8227,2,8,1736,1,12,651
202102,999,41100, ,St. George  UT ,193,193,36561,0,0,0,0,0,0,1,10,988,192,192,36506,0,0,0,0,0,0,1,10,988
202102,999,41500, ,Salinas  CA ,10,10,2267,0,0,0,0,0,0,0,0,0,10,10,2267,0,0,0,0,0,0,0,0,0
202102,999,41660,C,San Angelo  TX ,15,15,3136,0,0,0,0,0,0,0,0,0,15,15,3136,0,0,0,0,0,0,0,0,0
202102,999,41740,C,San Diego-Chula Vista-Carlsbad  CA ,251,251,61414,8,16,3090,0,0,0,10,481,60374,250,250,61350,8,16,3090,0,0,0,8,456,57975
202102,999,42020, ,San Luis Obispo-Paso Robles  CA ,13,13,5539,0,0,0,0,0,0,0,0,0,13,13,5539,0,0,0,0,0,0,0,0,0
202102,999,42200, ,Santa Maria-Santa Barbara  CA ,5,5,2498,1,2,560,0,0,0,0,0,0,5,5,2498,1,2,560,0,0,0,0,0,0
202102,999,42540, ,Scranton--Wilkes-Barre  PA ,3,3,600,0,0,0,0,0,0,0,0,0,3,3,600,0,0,0,0,0,0,0,0,0
202102,999,43100, ,Sheboygan  WI ,1,1,379,0,0,0,0,0,0,0,0,0,0,0,0,0,0,0,0,0,0,0,0,0
202102,999,43420, ,Sierra Vista-Douglas  AZ ,20,20,3971,0,0,0,0,0,0,0,0,0,4,4,673,0,0,0,0,0,0,0,0,0
202102,999,43580, ,Sioux City  IA-NE-SD ,10,10,2826,0,0,0,0,0,0,0,0,0,1,1,265,0,0,0,0,0,0,0,0,0
202102,999,43620, ,Sioux Falls  SD ,93,93,19921,1,2,334,0,0,0,0,0,0,93,93,19921,1,2,334,0,0,0,0,0,0
202102,999,44140, ,Springfield  MA ,2,2,484,0,0,0,0,0,0,0,0,0,0,0,0,0,0,0,0,0,0,0,0,0
202102,999,44180, ,Springfield  MO ,26,26,9278,0,0,0,0,0,0,0,0,0,26,26,9278,0,0,0,0,0,0,0,0,0
202102,999,44940, ,Sumter  SC ,13,13,1877,0,0,0,0,0,0,0,0,0,13,13,1877,0,0,0,0,0,0,0,0,0
202102,999,45220, ,Tallahassee  FL ,89,89,17846,1,2,222,0,0,0,4,98,12591,23,23,4809,0,0,0,0,0,0,0,0,0
202102,999,45300,C,Tampa-St. Petersburg-Clearwater  FL ,1269,1269,288694,2,4,578,0,0,0,6,423,45899,1262,1262,287000,2,4,578,0,0,0,4,413,43188
202102,999,45460, ,Terre Haute  IN ,1,1,222,0,0,0,0,0,0,0,0,0,0,0,0,0,0,0,0,0,0,0,0,0
202102,999,45500, ,Texarkana  TX-AR ,4,4,1082,0,0,0,0,0,0,0,0,0,4,4,1082,0,0,0,0,0,0,0,0,0
202102,999,45820, ,Topeka  KS ,16,16,4178,0,0,0,0,0,0,0,0,0,16,16,4178,0,0,0,0,0,0,0,0,0
202102,999,46220, ,Tuscaloosa  AL ,32,32,9397,0,0,0,0,0,0,6,42,953,32,32,9397,0,0,0,0,0,0,6,42,953
202102,999,46300, ,Twin Falls  ID ,71,71,13866,5,10,1743,0,0,0,1,18,13500,71,71,13866,5,10,1743,0,0,0,1,18,13500
202102,999,46520,C,Urban Honolulu  HI ,90,90,36919,0,0,0,1,3,1949,4,104,19477,0,0,0,0,0,0,0,0,0,0,0,0
202102,999,46540, ,Utica-Rome  NY ,0,0,0,0,0,0,0,0,0,0,0,0,0,0,0,0,0,0,0,0,0,0,0,0
202102,999,46660, ,Valdosta  GA ,111,111,21684,1,2,133,0,0,0,0,0,0,58,58,12744,0,0,0,0,0,0,0,0,0
202102,999,47300, ,Visalia  CA ,84,84,17706,0,0,0,0,0,0,2,16,1363,84,84,17706,0,0,0,0,0,0,2,16,1363
202102,999,47380, ,Waco  TX ,56,56,11708,1,2,160,0,0,0,0,0,0,56,56,11708,1,2,160,0,0,0,0,0,0
202102,999,47940, ,Waterloo-Cedar Falls  IA ,3,3,723,0,0,0,0,0,0,0,0,0,3,3,723,0,0,0,0,0,0,0,0,0
202102,999,48060, ,Watertown-Fort Drum  NY ,13,13,1618,0,0,0,0,0,0,0,0,0,0,0,0,0,0,0,0,0,0,0,0,0
202102,999,48300, ,Wenatchee  WA ,58,58,14434,0,0,0,0,0,0,1,5,288,31,31,9622,0,0,0,0,0,0,1,5,288
202102,999,48540, ,Wheeling  WV-OH ,0,0,0,0,0,0,0,0,0,0,0,0,0,0,0,0,0,0,0,0,0,0,0,0
202102,999,48660, ,Wichita Falls  TX ,1,1,60,0,0,0,0,0,0,0,0,0,1,1,60,0,0,0,0,0,0,0,0,0
202102,999,48900, ,Wilmington  NC ,148,148,50342,0,0,0,0,0,0,1,25,2224,147,147,50020,0,0,0,0,0,0,1,25,2224
202102,999,49420, ,Yakima  WA ,64,64,15410,3,6,952,0,0,0,0,0,0,64,64,15410,3,6,952,0,0,0,0,0,0
202102,999,49740, ,Yuma  AZ ,94,94,15129,0,0,0,0,0,0,0,0,0,94,94,15129,0,0,0,0,0,0,0,0,0
