Survey,CSA,CBSA,MONCOV,CBSA,,1-unit,,,2-units,,,3-4 units,,,5+ units,,,1-unit rep,,,2-units rep,,,3-4 units rep,,,5+ units rep
Date,Code,Code,,Name,Bldgs,Units,Value,Bldgs,Units,Value,Bldgs,Units,Value,Bldgs,Units,Value,Bldgs,Units,Value,Bldgs,Units,Value,      Bldgs,Units,Value,Bldgs,Units,Value
 
202110,104,10580,C,Albany-Schenectady-Troy  NY ,114,114,36166,2,4,750,0,0,0,4,70,7978,82,82,27608,2,4,750,0,0,0,1,52,7077
202110,104,24020, ,Glens Falls  NY ,29,29,7033,0,0,0,0,0,0,0,0,0,21,21,5075,0,0,0,0,0,0,0,0,0
202110,106,10740,C,Albuquerque  NM ,157,157,40867,0,0,0,0,0,0,2,10,417,145,145,37815,0,0,0,0,0,0,0,0,0
202110,106,42140,C,Santa Fe  NM ,41,41,10684,0,0,0,0,0,0,8,120,16448,41,41,10684,0,0,0,0,0,0,8,120,16448
202110,107,11020, ,Altoona  PA ,0,0,0,0,0,0,0,0,0,0,0,0,0,0,0,0,0,0,0,0,0,0,0,0
202110,108,11100, ,Amarillo  TX ,34,34,8134,8,16,2055,0,0,0,0,0,0,34,34,8134,8,16,2055,0,0,0,0,0,0
202110,118,11540, ,Appleton  WI ,38,38,16612,3,6,1150,0,0,0,33,276,24190,38,38,16612,3,6,1150,0,0,0,33,276,24190
202110,118,36780, ,Oshkosh-Neenah  WI ,19,19,6147,0,0,0,0,0,0,1,74,9395,19,19,6147,0,0,0,0,0,0,1,74,9395
202110,120,11700, ,Asheville  NC ,191,191,61316,0,0,0,0,0,0,5,94,9368,69,69,24588,0,0,0,0,0,0,0,0,0
202110,122,12020, ,Athens-Clarke County  GA ,18,18,7921,0,0,0,0,0,0,0,0,0,18,18,7921,0,0,0,0,0,0,0,0,0
202110,122,12060, ,Atlanta-Sandy Springs-Alpharetta  GA ,2314,2314,570322,3,6,771,5,16,2158,19,427,56185,1949,1949,485492,3,6,771,5,16,2158,15,407,52560
202110,122,23580, ,Gainesville  GA ,75,75,16492,0,0,0,0,0,0,12,395,47973,19,19,3093,0,0,0,0,0,0,12,395,47973
202110,122,40660,C,Rome  GA ,10,10,3211,0,0,0,0,0,0,0,0,0,10,10,3211,0,0,0,0,0,0,0,0,0
202110,140,13460,C,Bend  OR ,139,139,51980,0,0,0,0,0,0,1,18,2045,95,95,41627,0,0,0,0,0,0,0,0,0
202110,142,13820,C,Birmingham-Hoover  AL ,291,291,93120,1,2,2600,0,0,0,0,0,0,164,164,50196,1,2,2600,0,0,0,0,0,0
202110,144,14020,C,Bloomington  IN ,26,26,6993,2,4,568,0,0,0,2,50,5871,0,0,0,0,0,0,0,0,0,0,0,0
202110,145,14010, ,Bloomington  IL ,15,15,3728,0,0,0,0,0,0,0,0,0,15,15,3728,0,0,0,0,0,0,0,0,0
202110,146,14100,C,Bloomsburg-Berwick  PA ,9,9,3177,0,0,0,0,0,0,0,0,0,5,5,2075,0,0,0,0,0,0,0,0,0
202110,147,14260,C,Boise City  ID ,534,534,147699,7,14,3341,13,52,3978,11,216,36226,474,474,128425,7,14,3341,13,52,3978,11,216,36226
202110,148,12700, ,Barnstable Town  MA ,5,5,2338,0,0,0,0,0,0,0,0,0,3,3,1650,0,0,0,0,0,0,0,0,0
202110,148,14460,C,Boston-Cambridge-Newton  MA-NH ,376,376,131796,32,64,13572,5,17,3470,37,505,70712,173,173,75516,22,44,9297,3,11,2483,6,265,40832
202110,148,31700, ,Manchester-Nashua  NH ,22,22,5572,1,2,257,0,0,0,0,0,0,8,8,3320,1,2,257,0,0,0,0,0,0
202110,148,39300,C,Providence-Warwick  RI-MA ,134,134,34583,8,16,1823,3,10,932,2,10,1253,61,61,16965,1,2,275,1,4,319,0,0,0
202110,148,49340, ,Worcester  MA-CT ,14,14,3156,0,0,0,0,0,0,0,0,0,9,9,2121,0,0,0,0,0,0,0,0,0
202110,150,14540, ,Bowling Green  KY ,71,71,16986,0,0,0,0,0,0,0,0,0,71,71,16986,0,0,0,0,0,0,0,0,0
202110,154,15180, ,Brownsville-Harlingen  TX ,98,98,10024,2,4,282,1,3,412,1,10,824,0,0,0,0,0,0,0,0,0,0,0,0
202110,160,15380,C,Buffalo-Cheektowaga  NY ,78,78,39581,3,6,1395,1,3,1034,4,30,3802,67,67,36197,3,6,1395,1,3,1034,2,12,800
202110,162,15540, ,Burlington-South Burlington  VT ,20,20,6562,1,2,415,0,0,0,2,10,1087,5,5,1419,0,0,0,0,0,0,0,0,0
202110,163,15980,C,Cape Coral-Fort Myers  FL ,1034,1034,214913,22,44,4893,3,11,2046,4,144,13723,1032,1032,212898,22,44,4893,3,11,2046,4,144,13723
202110,163,34940, ,Naples-Marco Island  FL ,334,334,108784,1,2,550,1,4,457,5,46,4892,334,334,108784,1,2,550,1,4,457,5,46,4892
202110,164,16020, ,Cape Girardeau  MO-IL ,0,0,0,0,0,0,0,0,0,0,0,0,0,0,0,0,0,0,0,0,0,0,0,0
202110,168,16300, ,Cedar Rapids  IA ,47,47,8973,0,0,0,0,0,0,1,8,2027,47,47,8973,0,0,0,0,0,0,1,8,2027
202110,168,26980, ,Iowa City  IA ,65,65,14234,1,2,480,2,7,1680,4,72,8710,62,62,13821,1,2,480,2,7,1680,4,72,8710
202110,170,16620, ,Charleston  WV ,18,18,2624,1,2,180,0,0,0,0,0,0,15,15,2465,1,2,180,0,0,0,0,0,0
202110,170,26580, ,Huntington-Ashland  WV-KY-OH ,24,24,3032,0,0,0,0,0,0,0,0,0,11,11,1090,0,0,0,0,0,0,0,0,0
202110,172,16740, ,Charlotte-Concord-Gastonia  NC-SC ,1543,1543,406708,2,4,441,0,0,0,32,1602,136488,1178,1178,293421,2,4,441,0,0,0,31,1587,134785
202110,174,16860, ,Chattanooga  TN-GA ,163,163,36347,4,8,608,9,31,2470,2,38,3807,119,119,26458,1,2,175,8,28,2296,0,0,0
202110,174,17420, ,Cleveland  TN ,40,40,7597,0,0,0,0,0,0,0,0,0,21,21,4151,0,0,0,0,0,0,0,0,0
202110,176,16980, ,Chicago-Naperville-Elgin  IL-IN-WI ,714,714,231973,6,12,2042,22,70,14794,46,1531,97634,575,575,194686,4,8,1495,15,49,11770,32,1381,77161
202110,176,28100, ,Kankakee  IL ,3,3,1130,0,0,0,0,0,0,0,0,0,3,3,1130,0,0,0,0,0,0,0,0,0
202110,176,33140, ,Michigan City-La Porte  IN ,9,9,2620,0,0,0,0,0,0,0,0,0,0,0,0,0,0,0,0,0,0,0,0,0
202110,178,17140, ,Cincinnati  OH-KY-IN ,399,399,118877,0,0,0,3,10,2073,8,633,74700,339,339,102433,0,0,0,3,10,2073,7,628,74293
202110,184,10420, ,Akron  OH ,59,59,27663,0,0,0,1,3,175,1,5,152,28,28,6081,0,0,0,0,0,0,0,0,0
202110,184,15940, ,Canton-Massillon  OH ,36,36,10937,1,2,376,2,7,769,1,8,614,32,32,10470,1,2,376,1,3,564,0,0,0
202110,184,17460, ,Cleveland-Elyria  OH ,252,252,79559,5,10,1011,11,33,3795,1,166,15500,224,224,73590,4,8,1000,10,30,3587,1,166,15500
202110,190,17860, ,Columbia  MO ,89,89,28898,0,0,0,0,0,0,1,8,1199,88,88,28664,0,0,0,0,0,0,1,8,1199
202110,192,17900,C,Columbia  SC ,457,457,98249,0,0,0,0,0,0,2,283,41195,257,257,45947,0,0,0,0,0,0,1,278,40744
202110,194,12220,C,Auburn-Opelika  AL ,111,111,29995,0,0,0,0,0,0,5,74,10760,21,21,6734,0,0,0,0,0,0,0,0,0
202110,194,17980, ,Columbus  GA-AL ,46,46,8887,0,0,0,0,0,0,1,48,8955,46,46,8887,0,0,0,0,0,0,1,48,8955
202110,198,18140, ,Columbus  OH ,470,470,152038,2,4,900,2,7,1400,25,282,32648,417,417,138149,1,2,400,0,0,0,20,236,28342
202110,204,18580, ,Corpus Christi  TX ,101,101,23490,0,0,0,0,0,0,0,0,0,101,101,23490,0,0,0,0,0,0,0,0,0
202110,206,19100, ,Dallas-Fort Worth-Arlington  TX ,3724,3724,934032,23,46,6320,1,4,616,27,717,92303,3039,3039,755418,16,32,4980,0,0,0,14,292,39980
202110,209,19340, ,Davenport-Moline-Rock Island  IA-IL ,24,24,6311,0,0,0,1,3,574,0,0,0,7,7,3285,0,0,0,1,3,574,0,0,0
202110,212,19430, ,Dayton-Kettering  OH ,97,97,30085,0,0,0,0,0,0,8,45,5173,64,64,22652,0,0,0,0,0,0,8,45,5173
202110,212,44220, ,Springfield  OH ,15,15,4379,0,0,0,0,0,0,0,0,0,15,15,4379,0,0,0,0,0,0,0,0,0
202110,216,14500, ,Boulder  CO ,20,20,9569,2,4,769,1,3,703,3,52,8521,10,10,5240,0,0,0,0,0,0,0,0,0
202110,216,19740,C,Denver-Aurora-Lakewood  CO ,991,991,291750,36,72,15304,0,0,0,22,1234,177548,887,887,262707,30,60,12662,0,0,0,15,1023,142795
202110,216,24540, ,Greeley  CO ,201,201,58570,1,2,344,1,3,736,4,42,5163,80,80,24153,0,0,0,0,0,0,0,0,0
202110,218,11180, ,Ames  IA ,7,7,2513,0,0,0,0,0,0,0,0,0,7,7,2513,0,0,0,0,0,0,0,0,0
202110,218,19780, ,Des Moines-West Des Moines  IA ,414,414,128616,5,10,2538,6,21,5790,9,443,62933,404,404,125213,5,10,2538,6,21,5790,7,425,61122
202110,220,11460, ,Ann Arbor  MI ,42,42,11783,0,0,0,0,0,0,0,0,0,31,31,8614,0,0,0,0,0,0,0,0,0
202110,220,19820, ,Detroit-Warren-Dearborn  MI ,417,417,123548,3,6,700,8,27,3279,15,120,17312,337,337,104490,2,4,420,4,15,2122,10,76,9805
202110,220,22420, ,Flint  MI ,19,19,5542,0,0,0,4,16,3302,0,0,0,12,12,3540,0,0,0,0,0,0,0,0,0
202110,220,33780, ,Monroe  MI ,1,1,330,0,0,0,0,0,0,0,0,0,1,1,330,0,0,0,0,0,0,0,0,0
202110,222,20020, ,Dothan  AL ,14,14,4541,0,0,0,0,0,0,0,0,0,14,14,4541,0,0,0,0,0,0,0,0,0
202110,232,20740, ,Eau Claire  WI ,42,42,13414,12,24,4282,0,0,0,2,32,2400,41,41,13143,12,24,4282,0,0,0,2,32,2400
202110,236,21300, ,Elmira  NY ,0,0,0,0,0,0,0,0,0,0,0,0,0,0,0,0,0,0,0,0,0,0,0,0
202110,238,21340,C,El Paso  TX ,187,187,43467,2,4,493,0,0,0,2,11,1318,1,1,65,0,0,0,0,0,0,0,0,0
202110,238,29740,C,Las Cruces  NM ,89,89,23077,1,2,394,0,0,0,1,8,563,20,20,6004,0,0,0,0,0,0,0,0,0
202110,240,21500, ,Erie  PA ,2,2,700,0,0,0,0,0,0,0,0,0,2,2,700,0,0,0,0,0,0,0,0,0
202110,244,22020, ,Fargo  ND-MN ,63,63,19378,0,0,0,0,0,0,0,0,0,52,52,16226,0,0,0,0,0,0,0,0,0
202110,246,22180, ,Fayetteville  NC ,159,159,30937,0,0,0,0,0,0,7,168,20927,94,94,21807,0,0,0,0,0,0,7,168,20927
202110,258,23060,C,Fort Wayne  IN ,90,90,25718,16,32,1600,0,0,0,1,5,840,90,90,25718,16,32,1600,0,0,0,1,5,840
202110,260,23420,C,Fresno  CA ,152,152,50849,3,6,838,1,3,396,7,48,6698,33,33,14309,0,0,0,1,3,396,2,12,1734
202110,260,31460, ,Madera  CA ,67,67,18372,0,0,0,0,0,0,0,0,0,67,67,18372,0,0,0,0,0,0,0,0,0
202110,264,23540, ,Gainesville  FL ,53,53,15247,0,0,0,0,0,0,1,78,2656,0,0,0,0,0,0,0,0,0,0,0,0
202110,266,24340, ,Grand Rapids-Kentwood  MI ,140,140,43009,3,6,1290,3,10,2087,3,48,4997,106,106,35822,3,6,1290,1,4,1130,0,0,0
202110,266,34740, ,Muskegon  MI ,0,0,0,0,0,0,0,0,0,0,0,0,0,0,0,0,0,0,0,0,0,0,0,0
202110,267,24580, ,Green Bay  WI ,78,78,26449,4,8,1961,0,0,0,4,23,1932,53,53,19110,3,6,1700,0,0,0,0,0,0
202110,268,15500, ,Burlington  NC ,78,78,11467,0,0,0,0,0,0,1,5,705,78,78,11467,0,0,0,0,0,0,1,5,705
202110,268,24660,C,Greensboro-High Point  NC ,188,188,50295,0,0,0,0,0,0,0,0,0,117,117,25944,0,0,0,0,0,0,0,0,0
202110,268,49180, ,Winston-Salem  NC ,131,131,27110,0,0,0,0,0,0,1,5,197,114,114,23150,0,0,0,0,0,0,0,0,0
202110,272,24780, ,Greenville  NC ,30,30,7089,1,2,213,0,0,0,0,0,0,2,2,550,0,0,0,0,0,0,0,0,0
202110,273,24860, ,Greenville-Anderson  SC ,647,647,166183,0,0,0,0,0,0,11,246,24603,575,575,146173,0,0,0,0,0,0,10,240,24143
202110,273,43900, ,Spartanburg  SC ,251,251,40656,0,0,0,0,0,0,0,0,0,0,0,0,0,0,0,0,0,0,0,0,0
202110,276,23900,C,Gettysburg  PA ,60,60,16984,0,0,0,0,0,0,0,0,0,60,60,16984,0,0,0,0,0,0,0,0,0
202110,276,25420,C,Harrisburg-Carlisle  PA ,90,90,22439,0,0,0,0,0,0,0,0,0,67,67,17480,0,0,0,0,0,0,0,0,0
202110,276,30140, ,Lebanon  PA ,15,15,2871,0,0,0,0,0,0,0,0,0,0,0,0,0,0,0,0,0,0,0,0,0
202110,276,49620, ,York-Hanover  PA ,9,9,3126,0,0,0,0,0,0,0,0,0,7,7,2597,0,0,0,0,0,0,0,0,0
202110,277,25500,C,Harrisonburg  VA ,44,44,11505,0,0,0,0,0,0,0,0,0,44,44,11505,0,0,0,0,0,0,0,0,0
202110,277,44420, ,Staunton  VA ,14,14,4958,0,0,0,0,0,0,0,0,0,14,14,4958,0,0,0,0,0,0,0,0,0
202110,278,25540,C,Hartford-East Hartford-Middletown  CT ,64,64,17184,10,20,1017,0,0,0,6,74,5347,38,38,10886,10,20,1017,0,0,0,3,56,4116
202110,278,35980, ,Norwich-New London  CT ,8,8,1766,0,0,0,0,0,0,0,0,0,3,3,788,0,0,0,0,0,0,0,0,0
202110,279,25620, ,Hattiesburg  MS ,4,4,1212,0,0,0,0,0,0,0,0,0,4,4,1212,0,0,0,0,0,0,0,0,0
202110,284,26300, ,Hot Springs  AR ,17,17,3158,0,0,0,0,0,0,0,0,0,17,17,3158,0,0,0,0,0,0,0,0,0
202110,288,26420, ,Houston-The Woodlands-Sugar Land  TX ,4080,4080,955425,34,68,10087,3,10,1357,31,894,112101,3664,3664,854766,34,68,10087,2,7,1207,27,852,107680
202110,290,19460, ,Decatur  AL ,22,22,8117,0,0,0,0,0,0,0,0,0,17,17,7175,0,0,0,0,0,0,0,0,0
202110,290,26620,C,Huntsville  AL ,377,377,73608,1,2,169,0,0,0,1,5,584,76,76,25014,0,0,0,0,0,0,0,0,0
202110,292,26820, ,Idaho Falls  ID ,118,118,27904,0,0,0,0,0,0,0,0,0,117,117,27723,0,0,0,0,0,0,0,0,0
202110,294,18020, ,Columbus  IN ,11,11,3942,0,0,0,0,0,0,0,0,0,11,11,3942,0,0,0,0,0,0,0,0,0
202110,294,26900, ,Indianapolis-Carmel-Anderson  IN ,816,816,288807,8,16,3005,0,0,0,3,158,22200,793,793,282031,7,14,2826,0,0,0,3,158,22200
202110,294,34620, ,Muncie  IN ,0,0,0,0,0,0,0,0,0,0,0,0,0,0,0,0,0,0,0,0,0,0,0,0
202110,296,27060, ,Ithaca  NY ,1,1,331,0,0,0,0,0,0,0,0,0,0,0,0,0,0,0,0,0,0,0,0,0
202110,297,27180, ,Jackson  TN ,14,14,3561,0,0,0,0,0,0,0,0,0,0,0,0,0,0,0,0,0,0,0,0,0
202110,298,27140, ,Jackson  MS ,167,167,46909,0,0,0,0,0,0,0,0,0,152,152,43666,0,0,0,0,0,0,0,0,0
202110,300,27260,C,Jacksonville  FL ,1083,1083,229718,4,8,1761,1,3,889,19,965,113632,981,981,202114,4,8,1761,1,3,889,18,949,113452
202110,304,27740, ,Johnson City  TN ,12,12,5199,0,0,0,0,0,0,0,0,0,12,12,5199,0,0,0,0,0,0,0,0,0
202110,304,28700, ,Kingsport-Bristol  TN-VA ,1,1,263,0,0,0,0,0,0,0,0,0,0,0,0,0,0,0,0,0,0,0,0,0
202110,306,27780, ,Johnstown  PA ,3,3,788,0,0,0,0,0,0,0,0,0,3,3,788,0,0,0,0,0,0,0,0,0
202110,308,27860, ,Jonesboro  AR ,51,51,8746,2,4,275,3,10,519,1,7,395,10,10,2321,0,0,0,0,0,0,0,0,0
202110,309,27900, ,Joplin  MO ,50,50,8157,0,0,0,0,0,0,0,0,0,50,50,8157,0,0,0,0,0,0,0,0,0
202110,310,12980, ,Battle Creek  MI ,0,0,0,0,0,0,0,0,0,0,0,0,0,0,0,0,0,0,0,0,0,0,0,0
202110,310,28020, ,Kalamazoo-Portage  MI ,8,8,4944,0,0,0,0,0,0,0,0,0,8,8,4944,0,0,0,0,0,0,0,0,0
202110,312,28140, ,Kansas City  MO-KS ,607,607,183788,15,30,4650,38,152,18828,2,59,16743,565,565,168182,14,28,4358,38,152,18828,2,59,16743
202110,312,29940, ,Lawrence  KS ,10,10,3743,0,0,0,0,0,0,0,0,0,10,10,3743,0,0,0,0,0,0,0,0,0
202110,312,41140, ,St. Joseph  MO-KS ,1,1,120,0,0,0,0,0,0,0,0,0,1,1,120,0,0,0,0,0,0,0,0,0
202110,313,28420,C,Kennewick-Richland  WA ,151,151,46268,3,6,916,0,0,0,1,22,3283,46,46,15665,1,2,325,0,0,0,0,0,0
202110,313,47460, ,Walla Walla  WA ,6,6,1182,0,0,0,0,0,0,0,0,0,5,5,1082,0,0,0,0,0,0,0,0,0
202110,315,28940, ,Knoxville  TN ,396,396,91817,2,4,664,3,12,1739,28,501,45911,381,381,89433,2,4,664,3,12,1739,27,492,45303
202110,316,29020, ,Kokomo  IN ,7,7,1960,1,2,320,0,0,0,0,0,0,7,7,1960,1,2,320,0,0,0,0,0,0
202110,318,29180, ,Lafayette  LA ,228,228,47587,0,0,0,0,0,0,0,0,0,141,141,26163,0,0,0,0,0,0,0,0,0
202110,320,29200, ,Lafayette-West Lafayette  IN ,35,35,9324,0,0,0,0,0,0,2,90,10198,0,0,0,0,0,0,0,0,0,0,0,0
202110,324,29340, ,Lake Charles  LA ,75,75,12591,2,4,380,0,0,0,0,0,0,31,31,4309,2,4,380,0,0,0,0,0,0
202110,332,29820,C,Las Vegas-Henderson-Paradise  NV ,932,932,253403,0,0,0,16,64,7385,22,256,18914,929,929,252312,0,0,0,16,64,7385,22,256,18914
202110,336,30460,C,Lexington-Fayette  KY ,146,146,42511,0,0,0,2,6,885,3,68,6433,62,62,24795,0,0,0,0,0,0,0,0,0
202110,338,30620, ,Lima  OH ,1,1,250,0,0,0,0,0,0,0,0,0,1,1,250,0,0,0,0,0,0,0,0,0
202110,339,30700, ,Lincoln  NE ,94,94,21679,3,6,844,0,0,0,2,109,12371,0,0,0,0,0,0,0,0,0,0,0,0
202110,340,30780, ,Little Rock-North Little Rock-Conway  AR ,379,379,56910,16,32,2800,0,0,0,0,0,0,351,351,54175,16,32,2800,0,0,0,0,0,0
202110,340,38220, ,Pine Bluff  AR ,1,1,146,0,0,0,0,0,0,0,0,0,0,0,0,0,0,0,0,0,0,0,0,0
202110,348,31080,C,Los Angeles-Long Beach-Anaheim  CA ,1067,1067,316528,47,94,22752,16,54,11655,57,1529,235195,915,915,250944,41,82,19366,12,42,8659,46,1428,218573
202110,348,37100, ,Oxnard-Thousand Oaks-Ventura  CA ,26,26,6251,0,0,0,1,3,902,6,201,32930,24,24,5579,0,0,0,0,0,0,5,165,23975
202110,348,40140, ,Riverside-San Bernardino-Ontario  CA ,914,914,251584,12,24,2822,8,26,2884,63,1026,137526,807,807,224673,12,24,2822,4,12,417,55,972,129512
202110,350,21060, ,Elizabethtown-Fort Knox  KY ,35,35,6832,2,4,250,0,0,0,0,0,0,26,26,5022,2,4,250,0,0,0,0,0,0
202110,350,31140, ,Louisville-Jefferson County  KY-IN ,324,324,85004,5,10,2534,1,3,95,2,13,1976,157,157,46567,4,8,2208,1,3,95,0,0,0
202110,352,31180, ,Lubbock  TX ,176,176,38427,9,18,1977,0,0,0,11,133,12902,12,12,4854,0,0,0,0,0,0,0,0,0
202110,356,31420, ,Macon-Bibb County  GA ,32,32,6540,0,0,0,0,0,0,0,0,0,0,0,0,0,0,0,0,0,0,0,0,0
202110,356,47580, ,Warner Robins  GA ,98,98,19899,0,0,0,0,0,0,0,0,0,98,98,19899,0,0,0,0,0,0,0,0,0
202110,357,27500, ,Janesville-Beloit  WI ,40,40,8963,12,24,2640,0,0,0,0,0,0,31,31,6485,12,24,2640,0,0,0,0,0,0
202110,357,31540, ,Madison  WI ,141,141,58359,7,14,2872,1,3,611,9,330,47273,108,108,48977,0,0,0,0,0,0,7,244,34390
202110,359,31860, ,Mankato  MN ,19,19,4411,0,0,0,0,0,0,0,0,0,19,19,4411,0,0,0,0,0,0,0,0,0
202110,365,32580,C,McAllen-Edinburg-Mission  TX ,361,361,74732,7,14,1415,31,122,5648,3,20,655,306,306,67430,4,8,1093,31,122,5648,3,20,655
202110,366,32780, ,Medford  OR ,40,40,13760,1,2,386,0,0,0,0,0,0,40,40,13760,1,2,386,0,0,0,0,0,0
202110,368,32820, ,Memphis  TN-MS-AR ,343,343,77566,0,0,0,2,8,513,1,210,47282,291,291,67545,0,0,0,2,8,513,1,210,47282
202110,370,33100, ,Miami-Fort Lauderdale-Pompano Beach  FL ,602,602,216228,21,42,6140,6,20,2407,45,733,113076,518,518,176712,21,42,6140,6,20,2407,40,660,102791
202110,370,38940, ,Port St. Lucie  FL ,498,498,102907,0,0,0,0,0,0,6,96,15733,498,498,102907,0,0,0,0,0,0,6,96,15733
202110,370,42680, ,Sebastian-Vero Beach  FL ,106,106,43704,0,0,0,0,0,0,0,0,0,106,106,43704,0,0,0,0,0,0,0,0,0
202110,372,33260, ,Midland  TX ,48,48,10610,0,0,0,0,0,0,0,0,0,48,48,10610,0,0,0,0,0,0,0,0,0
202110,372,36220,C,Odessa  TX ,79,79,18510,0,0,0,0,0,0,1,25,2996,0,0,0,0,0,0,0,0,0,0,0,0
202110,376,33340,C,Milwaukee-Waukesha  WI ,143,143,62803,2,4,757,0,0,0,8,134,17434,88,88,40897,1,2,457,0,0,0,6,95,11800
202110,376,39540, ,Racine  WI ,7,7,3937,0,0,0,0,0,0,1,20,2059,6,6,3562,0,0,0,0,0,0,1,20,2059
202110,378,33460, ,Minneapolis-St. Paul-Bloomington  MN-WI ,972,972,306639,5,10,2369,9,34,7978,24,1970,300566,875,875,273720,3,6,1489,8,31,7393,20,1868,288625
202110,378,41060, ,St. Cloud  MN ,1,1,330,0,0,0,0,0,0,0,0,0,0,0,0,0,0,0,0,0,0,0,0,0
202110,380,19300, ,Daphne-Fairhope-Foley  AL ,195,195,34567,0,0,0,0,0,0,0,0,0,126,126,22389,0,0,0,0,0,0,0,0,0
202110,380,33660, ,Mobile  AL ,61,61,15105,0,0,0,0,0,0,0,0,0,60,60,14990,0,0,0,0,0,0,0,0,0
202110,384,33740, ,Monroe  LA ,28,28,6345,1,2,75,1,3,472,1,5,579,0,0,0,0,0,0,0,0,0,0,0,0
202110,388,33860, ,Montgomery  AL ,64,64,15251,0,0,0,0,0,0,0,0,0,39,39,11524,0,0,0,0,0,0,0,0,0
202110,390,34060, ,Morgantown  WV ,0,0,0,0,0,0,0,0,0,0,0,0,0,0,0,0,0,0,0,0,0,0,0,0
202110,396,34820, ,Myrtle Beach-Conway-North Myrtle Beach  SC-NC ,800,800,145209,37,74,26136,0,0,0,11,181,27668,610,610,97127,37,74,26136,0,0,0,10,176,27418
202110,400,34980, ,Nashville-Davidson--Murfreesboro--Franklin  TN ,1254,1254,360491,0,0,0,1,3,405,9,767,49627,1115,1115,340359,0,0,0,1,3,405,8,755,48946
202110,406,25220, ,Hammond  LA ,97,97,13951,0,0,0,0,0,0,0,0,0,90,90,12921,0,0,0,0,0,0,0,0,0
202110,406,35380, ,New Orleans-Metairie  LA ,269,269,68745,9,18,2062,1,3,590,1,42,7502,186,186,48121,1,2,229,0,0,0,0,0,0
202110,408,14860,C,Bridgeport-Stamford-Norwalk  CT ,63,63,38779,2,4,857,1,4,315,2,12,3433,43,43,26507,1,2,700,1,4,315,1,5,1500
202110,408,20700, ,East Stroudsburg  PA ,18,18,6340,0,0,0,0,0,0,0,0,0,17,17,6008,0,0,0,0,0,0,0,0,0
202110,408,28740, ,Kingston  NY ,18,18,5145,0,0,0,0,0,0,0,0,0,16,16,4200,0,0,0,0,0,0,0,0,0
202110,408,35300, ,New Haven-Milford  CT ,21,21,4318,0,0,0,0,0,0,1,8,512,10,10,2495,0,0,0,0,0,0,0,0,0
202110,408,35620,C,New York-Newark-Jersey City  NY-NJ-PA ,1114,1114,302333,62,124,16146,24,77,8039,99,2946,279305,826,826,232647,41,82,12748,16,51,5383,53,2289,206515
202110,408,39100, ,Poughkeepsie-Newburgh-Middletown  NY ,25,25,6273,1,2,712,1,3,600,2,33,4579,15,15,3858,0,0,0,0,0,0,0,0,0
202110,408,45940,C,Trenton-Princeton  NJ ,20,20,5258,1,2,20,0,0,0,1,5,341,6,6,617,1,2,20,0,0,0,0,0,0
202110,412,35840,C,North Port-Sarasota-Bradenton  FL ,909,909,268277,10,20,4593,0,0,0,9,301,42438,905,905,267212,10,20,4593,0,0,0,9,301,42438
202110,412,39460, ,Punta Gorda  FL ,200,200,55192,4,8,1245,1,3,808,1,33,5429,0,0,0,0,0,0,0,0,0,0,0,0
202110,416,36420,C,Oklahoma City  OK ,592,592,146454,8,16,1485,1,4,750,0,0,0,198,198,61358,2,4,500,1,4,750,0,0,0
202110,420,36540, ,Omaha-Council Bluffs  NE-IA ,301,301,70324,2,4,581,0,0,35,21,615,50600,271,271,61503,0,0,70,0,0,35,18,572,46915
202110,422,19660, ,Deltona-Daytona Beach-Ormond Beach  FL ,433,433,120576,24,48,7639,0,0,0,1,15,1854,416,416,114661,24,48,7639,0,0,0,0,0,0
202110,422,29460, ,Lakeland-Winter Haven  FL ,706,706,164931,2,4,264,0,0,0,1,88,12292,560,560,125983,2,4,264,0,0,0,1,88,12292
202110,422,36740, ,Orlando-Kissimmee-Sanford  FL ,1543,1543,458135,2,4,632,2,8,2149,53,1562,213957,1383,1383,413204,2,4,632,2,8,2149,50,1515,209799
202110,422,45540,C,The Villages  FL ,367,367,100680,0,0,0,0,0,0,0,0,0,366,366,100490,0,0,0,0,0,0,0,0,0
202110,425,37620, ,Parkersburg-Vienna  WV ,4,4,1009,0,0,0,0,0,0,0,0,0,4,4,1009,0,0,0,0,0,0,0,0,0
202110,426,37860,C,Pensacola-Ferry Pass-Brent  FL ,256,256,61957,0,0,0,0,0,0,0,0,0,256,256,61957,0,0,0,0,0,0,0,0,0
202110,428,12100,C,Atlantic City-Hammonton  NJ ,58,58,20354,0,0,0,1,3,816,1,9,1127,53,53,19265,0,0,0,1,3,816,0,0,0
202110,428,20100,C,Dover  DE ,131,131,19588,0,0,0,0,0,0,0,0,0,29,29,4391,0,0,0,0,0,0,0,0,0
202110,428,36140,C,Ocean City  NJ ,88,88,32209,4,8,2431,0,0,0,0,0,0,83,83,30576,4,8,2431,0,0,0,0,0,0
202110,428,37980,C,Philadelphia-Camden-Wilmington  PA-NJ-DE-MD ,705,705,133424,16,32,4825,16,55,6824,27,441,46587,351,351,66460,0,0,0,2,7,819,6,92,8479
202110,428,39740, ,Reading  PA ,2,2,481,0,0,0,0,0,0,0,0,0,0,0,0,0,0,0,0,0,0,0,0,0
202110,428,47220,C,Vineland-Bridgeton  NJ ,11,11,1328,0,0,0,0,0,0,0,0,0,11,11,1328,0,0,0,0,0,0,0,0,0
202110,429,38060,C,Phoenix-Mesa-Chandler  AZ ,2449,2449,634447,92,184,14176,10,35,5583,32,1361,188714,2241,2241,586615,91,182,13916,10,35,5583,29,1186,160728
202110,430,38300, ,Pittsburgh  PA ,95,95,25797,1,2,182,1,3,479,3,38,5382,48,48,14689,0,0,0,0,0,0,1,6,1003
202110,430,48260, ,Weirton-Steubenville  WV-OH ,0,0,0,0,0,0,0,0,0,0,0,0,0,0,0,0,0,0,0,0,0,0,0,0
202110,438,30340, ,Lewiston-Auburn  ME ,5,5,978,0,0,0,0,0,0,1,5,435,2,2,315,0,0,0,0,0,0,0,0,0
202110,438,38860, ,Portland-South Portland  ME ,133,133,39730,3,6,855,1,3,250,1,5,348,56,56,17197,1,2,200,0,0,0,0,0,0
202110,440,10540, ,Albany-Lebanon  OR ,28,28,6645,2,4,698,0,0,0,4,39,4724,2,2,548,0,0,0,0,0,0,0,0,0
202110,440,18700, ,Corvallis  OR ,14,14,4043,0,0,0,0,0,0,0,0,0,14,14,4043,0,0,0,0,0,0,0,0,0
202110,440,31020, ,Longview  WA ,21,21,5595,0,0,0,0,0,0,0,0,0,21,21,5595,0,0,0,0,0,0,0,0,0
202110,440,38900, ,Portland-Vancouver-Hillsboro  OR-WA ,581,581,175612,4,8,1447,10,37,3693,35,658,81328,363,363,113523,1,2,199,7,28,2152,22,382,47799
202110,440,41420, ,Salem  OR ,69,69,19137,0,0,0,0,0,0,9,97,11389,32,32,9266,0,0,0,0,0,0,0,0,0
202110,444,39380,C,Pueblo  CO ,66,66,9836,0,0,0,0,0,0,0,0,0,66,66,9836,0,0,0,0,0,0,0,0,0
202110,450,20500,C,Durham-Chapel Hill  NC ,301,301,97339,0,0,0,0,0,0,7,243,20845,245,245,78586,0,0,0,0,0,0,6,234,19517
202110,450,39580,C,Raleigh-Cary  NC ,1065,1065,259541,1,2,213,0,0,0,12,605,127322,1059,1059,258319,1,2,213,0,0,0,12,605,127322
202110,452,39660, ,Rapid City  SD ,65,65,17010,0,0,0,0,0,0,9,170,18478,65,65,17010,0,0,0,0,0,0,9,170,18478
202110,454,39820, ,Redding  CA ,7,7,2135,0,0,0,0,0,0,0,0,0,7,7,2135,0,0,0,0,0,0,0,0,0
202110,456,16180,C,Carson City  NV ,15,15,3952,0,0,0,0,0,0,2,10,998,0,0,0,0,0,0,0,0,0,0,0,0
202110,456,39900,C,Reno  NV ,182,182,50568,3,6,749,2,7,750,14,227,28642,25,25,6397,1,2,329,0,0,0,0,0,0
202110,462,40340, ,Rochester  MN ,19,19,7312,0,0,0,0,0,0,0,0,0,19,19,7312,0,0,0,0,0,0,0,0,0
202110,464,40380, ,Rochester  NY ,100,100,26564,1,2,183,1,3,315,2,47,5302,69,69,19515,0,0,0,0,0,0,0,0,0
202110,466,40420, ,Rockford  IL ,15,15,2308,6,12,1697,0,0,0,1,8,655,15,15,2308,6,12,1697,0,0,0,1,8,655
202110,472,40900,C,Sacramento-Roseville-Folsom  CA ,752,752,221400,19,38,6520,0,0,0,5,56,12711,739,739,217653,18,36,6033,0,0,0,3,38,7000
202110,474,13020, ,Bay City  MI ,0,0,0,0,0,0,0,0,0,0,0,0,0,0,0,0,0,0,0,0,0,0,0,0
202110,474,33220, ,Midland  MI ,3,3,568,1,2,252,0,0,0,0,0,0,3,3,568,1,2,252,0,0,0,0,0,0
202110,474,40980, ,Saginaw  MI ,4,4,1079,0,0,0,0,0,0,0,0,0,4,4,1079,0,0,0,0,0,0,0,0,0
202110,476,41180, ,St. Louis  MO-IL ,453,453,121535,9,18,2412,1,3,244,16,317,27422,346,346,84104,6,12,1799,0,0,0,12,264,22436
202110,480,41540, ,Salisbury  MD-DE ,348,348,55106,10,20,1804,0,0,0,1,7,1628,339,339,53351,10,20,1804,0,0,0,1,7,1628
202110,482,36260, ,Ogden-Clearfield  UT ,273,273,70052,0,0,0,5,16,3069,8,162,20283,225,225,56010,0,0,0,0,0,0,5,128,16397
202110,482,39340, ,Provo-Orem  UT ,660,660,184871,4,8,1317,6,23,3973,9,64,10460,654,654,181715,4,8,1317,6,23,3973,9,64,10460
202110,482,41620, ,Salt Lake City  UT ,294,294,80422,3,6,578,4,14,2621,10,390,55950,233,233,64669,0,0,0,1,4,816,4,42,9628
202110,484,41700,C,San Antonio-New Braunfels  TX ,1085,1085,257155,0,0,0,0,0,0,16,638,78009,990,990,238412,0,0,0,0,0,0,15,633,76944
202110,488,32900, ,Merced  CA ,5,5,1296,0,0,0,0,0,0,0,0,0,0,0,0,0,0,0,0,0,0,0,0,0
202110,488,33700, ,Modesto  CA ,2,2,511,0,0,0,0,0,0,0,0,0,0,0,0,0,0,0,0,0,0,0,0,0
202110,488,41860,C,San Francisco-Oakland-Berkeley  CA ,326,326,94722,18,36,4593,3,11,3073,26,547,111344,263,263,69163,17,34,3062,2,8,2216,15,419,82875
202110,488,41940,C,San Jose-Sunnyvale-Santa Clara  CA ,135,135,54004,0,0,0,0,0,0,5,126,26933,110,110,44073,0,0,0,0,0,0,1,16,2957
202110,488,42100, ,Santa Cruz-Watsonville  CA ,8,8,2742,0,0,0,0,0,0,0,0,0,4,4,1975,0,0,0,0,0,0,0,0,0
202110,488,42220, ,Santa Rosa-Petaluma  CA ,88,88,25373,0,0,0,0,0,0,3,19,3527,71,71,22144,0,0,0,0,0,0,2,14,2694
202110,488,44700, ,Stockton  CA ,223,223,63625,0,0,0,0,0,0,2,27,3410,130,130,34547,0,0,0,0,0,0,0,0,0
202110,488,46700, ,Vallejo  CA ,47,47,14210,0,0,0,0,0,0,0,0,0,47,47,14210,0,0,0,0,0,0,0,0,0
202110,496,25980, ,Hinesville  GA ,40,40,6410,0,0,0,0,0,0,0,0,0,40,40,6410,0,0,0,0,0,0,0,0,0
202110,496,42340, ,Savannah  GA ,166,166,45553,0,0,0,0,0,0,0,0,0,121,121,35768,0,0,0,0,0,0,0,0,0
202110,500,14740,C,Bremerton-Silverdale-Port Orchard  WA ,85,85,29403,1,2,141,0,0,0,11,200,19980,85,85,29403,1,2,141,0,0,0,11,200,19980
202110,500,34580, ,Mount Vernon-Anacortes  WA ,15,15,3289,0,0,0,0,0,0,2,10,2162,9,9,1729,0,0,0,0,0,0,2,10,2162
202110,500,36500, ,Olympia-Lacey-Tumwater  WA ,60,60,15473,0,0,0,7,24,3249,5,130,24434,49,49,12991,0,0,0,7,24,3249,4,124,24179
202110,500,42660,C,Seattle-Tacoma-Bellevue  WA ,667,667,225087,24,48,11553,11,37,7173,47,2198,291930,535,535,173437,23,46,11332,11,37,7173,36,1903,258170
202110,508,43340,C,Shreveport-Bossier City  LA ,87,87,17813,0,0,0,0,0,0,0,0,0,57,57,11410,0,0,0,0,0,0,0,0,0
202110,515,21140, ,Elkhart-Goshen  IN ,21,21,6309,0,0,0,0,0,0,0,0,0,21,21,6309,0,0,0,0,0,0,0,0,0
202110,515,35660, ,Niles  MI ,0,0,0,0,0,0,0,0,0,0,0,0,0,0,0,0,0,0,0,0,0,0,0,0
202110,515,43780, ,South Bend-Mishawaka  IN-MI ,31,31,11976,0,0,0,0,0,0,0,0,0,31,31,11976,0,0,0,0,0,0,0,0,0
202110,518,17660, ,Coeur dAlene  ID ,105,105,35314,0,0,0,0,0,0,14,240,26259,81,81,29525,0,0,0,0,0,0,12,216,23682
202110,518,44060, ,Spokane-Spokane Valley  WA ,166,166,39777,7,14,2510,4,15,2467,6,97,13523,72,72,18006,4,8,1608,3,12,2079,1,32,4657
202110,522,44100, ,Springfield  IL ,7,7,2239,5,10,1796,0,0,0,1,5,292,0,0,0,0,0,0,0,0,0,0,0,0
202110,524,44300, ,State College  PA ,35,35,12175,2,4,750,0,0,0,0,0,0,14,14,5536,2,4,750,0,0,0,0,0,0
202110,532,45060, ,Syracuse  NY ,20,20,4997,0,0,0,0,0,0,0,0,0,19,19,4787,0,0,0,0,0,0,0,0,0
202110,534,45780, ,Toledo  OH ,58,58,19033,0,0,0,1,4,343,5,90,8162,37,37,13491,0,0,0,0,0,0,1,6,1200
202110,536,46060,C,Tucson  AZ ,376,376,117792,2,4,476,0,0,0,7,85,12753,292,292,96510,0,0,0,0,0,0,0,0,0
202110,538,46140,C,Tulsa  OK ,377,377,90714,1,2,150,0,0,0,1,8,615,344,344,81508,1,2,150,0,0,0,0,0,0
202110,540,46340, ,Tyler  TX ,47,47,11244,0,0,0,0,0,0,0,0,0,47,47,11244,0,0,0,0,0,0,0,0,0
202110,545,47260, ,Virginia Beach-Norfolk-Newport News  VA-NC ,373,373,98104,0,0,0,0,0,0,4,128,6508,322,322,91276,0,0,0,0,0,0,4,128,6508
202110,548,12580,C,Baltimore-Columbia-Towson  MD ,347,347,82603,0,0,0,0,0,0,2,147,27216,333,333,79712,0,0,0,0,0,0,1,14,3200
202110,548,15680,C,California-Lexington Park  MD ,30,30,4552,5,10,1338,0,0,0,0,0,0,2,2,830,0,0,0,0,0,0,0,0,0
202110,548,16540,C,Chambersburg-Waynesboro  PA ,19,19,4277,0,0,0,0,0,0,1,5,625,16,16,3582,0,0,0,0,0,0,1,5,625
202110,548,25180, ,Hagerstown-Martinsburg  MD-WV ,132,132,28489,0,0,0,0,0,0,0,0,0,121,121,26841,0,0,0,0,0,0,0,0,0
202110,548,47900, ,Washington-Arlington-Alexandria  DC-VA-MD-WV ,906,906,253402,1,2,170,0,0,0,17,799,98899,799,799,226873,0,0,0,0,0,0,14,739,91784
202110,548,49020, ,Winchester  VA-WV ,46,46,14210,0,0,0,0,0,0,1,5,827,46,46,14210,0,0,0,0,0,0,1,5,827
202110,554,48140, ,Wausau-Weston  WI ,15,15,4234,0,0,0,0,0,0,0,0,0,9,9,2780,0,0,0,0,0,0,0,0,0
202110,556,48620, ,Wichita  KS ,88,88,30768,9,18,2365,1,4,700,0,0,0,88,88,30768,9,18,2365,1,4,700,0,0,0
202110,558,48700, ,Williamsport  PA ,1,1,331,0,0,0,0,0,0,0,0,0,1,1,331,0,0,0,0,0,0,0,0,0
202110,566,49660, ,Youngstown-Warren-Boardman  OH-PA ,23,23,4974,1,2,212,0,0,0,0,0,0,15,15,3613,0,0,0,0,0,0,0,0,0
202110,999,10180, ,Abilene  TX ,27,27,5873,5,10,983,0,0,0,0,0,0,27,27,5873,5,10,983,0,0,0,0,0,0
202110,999,10500, ,Albany  GA ,9,9,1251,0,0,0,0,0,0,1,13,1828,8,8,1004,0,0,0,0,0,0,0,0,0
202110,999,10780, ,Alexandria  LA ,27,27,6583,0,0,0,0,0,0,0,0,0,19,19,4476,0,0,0,0,0,0,0,0,0
202110,999,10900, ,Allentown-Bethlehem-Easton  PA-NJ ,30,30,7483,1,2,537,0,0,0,0,0,0,16,16,5731,0,0,0,0,0,0,0,0,0
202110,999,11260,C,Anchorage  AK ,61,61,19401,1,2,346,2,7,1134,2,24,3605,1,1,249,0,0,0,0,0,0,0,0,0
202110,999,11500, ,Anniston-Oxford  AL ,4,4,668,0,0,0,0,0,0,0,0,0,3,3,588,0,0,0,0,0,0,0,0,0
202110,999,12260, ,Augusta-Richmond County  GA-SC ,273,273,61558,0,0,0,0,0,0,0,0,0,102,102,28813,0,0,0,0,0,0,0,0,0
202110,999,12420, ,Austin-Round Rock-Georgetown  TX ,1677,1677,388807,15,30,1723,2,7,1069,22,1783,405585,1241,1241,291858,15,30,1723,2,7,1069,21,1778,405123
202110,999,12540, ,Bakersfield  CA ,143,143,35883,1,2,293,0,0,0,4,32,4416,27,27,3674,0,0,0,0,0,0,0,0,0
202110,999,12620, ,Bangor  ME ,7,7,1852,4,8,1009,1,4,622,0,0,0,2,2,541,3,6,846,1,4,622,0,0,0
202110,999,12940, ,Baton Rouge  LA ,340,340,76570,0,0,0,0,0,0,0,0,0,228,228,56587,0,0,0,0,0,0,0,0,0
202110,999,13140, ,Beaumont-Port Arthur  TX ,56,56,11813,2,4,373,0,0,0,0,0,0,56,56,11813,2,4,373,0,0,0,0,0,0
202110,999,13220,C,Beckley  WV ,11,11,1395,0,0,0,0,0,0,0,0,0,9,9,1185,0,0,0,0,0,0,0,0,0
202110,999,13380, ,Bellingham  WA ,61,61,17286,3,6,1209,3,11,1748,3,24,2690,28,28,8131,2,4,812,2,8,1200,2,19,2198
202110,999,13740, ,Billings  MT ,40,40,11296,0,0,0,0,0,0,0,0,0,40,40,11296,0,0,0,0,0,0,0,0,0
202110,999,13780, ,Binghamton  NY ,0,0,0,0,0,0,0,0,0,0,0,0,0,0,0,0,0,0,0,0,0,0,0,0
202110,999,13900, ,Bismarck  ND ,40,40,12644,9,18,3792,0,0,0,0,0,0,32,32,10171,9,18,3792,0,0,0,0,0,0
202110,999,13980, ,Blacksburg-Christiansburg  VA ,9,9,3150,0,0,0,0,0,0,0,0,0,9,9,3150,0,0,0,0,0,0,0,0,0
202110,999,15260, ,Brunswick  GA ,35,35,11008,1,2,301,0,0,0,1,5,2696,0,0,0,0,0,0,0,0,0,0,0,0
202110,999,16220,C,Casper  WY ,10,10,2568,0,0,0,1,4,476,1,6,598,6,6,1365,0,0,0,1,4,476,0,0,0
202110,999,16580, ,Champaign-Urbana  IL ,5,5,1255,0,0,0,0,0,0,2,64,10538,5,5,1255,0,0,0,0,0,0,2,64,10538
202110,999,16700,C,Charleston-North Charleston  SC ,446,446,152092,2,4,280,0,0,0,4,133,13295,177,177,75755,2,4,280,0,0,0,0,0,0
202110,999,16820, ,Charlottesville  VA ,68,68,20489,1,2,341,0,0,0,2,33,3235,0,0,0,0,0,0,0,0,0,0,0,0
202110,999,16940, ,Cheyenne  WY ,32,32,8194,7,14,1437,8,29,2303,0,0,0,32,32,8194,7,14,1437,8,29,2303,0,0,0
202110,999,17020, ,Chico  CA ,15,15,2942,0,0,0,0,0,0,4,138,14445,15,15,2942,0,0,0,0,0,0,4,138,14445
202110,999,17300,C,Clarksville  TN-KY ,175,175,32208,2,4,480,0,0,0,14,176,10830,173,173,32065,2,4,480,0,0,0,14,176,10830
202110,999,17780, ,College Station-Bryan  TX ,145,145,28857,0,0,0,2,7,947,4,170,17828,138,138,27401,0,0,0,2,7,947,4,170,17828
202110,999,17820,C,Colorado Springs  CO ,391,391,150982,29,58,4683,0,0,0,8,399,51413,391,391,150982,29,58,4683,0,0,0,8,399,51413
202110,999,18880,C,Crestview-Fort Walton Beach-Destin  FL ,295,295,116089,0,0,0,0,0,0,0,0,0,279,279,111977,0,0,0,0,0,0,0,0,0
202110,999,19060, ,Cumberland  MD-WV ,0,0,0,0,0,0,0,0,0,0,0,0,0,0,0,0,0,0,0,0,0,0,0,0
202110,999,19180, ,Danville  IL ,0,0,0,0,0,0,0,0,0,0,0,0,0,0,0,0,0,0,0,0,0,0,0,0
202110,999,19500, ,Decatur  IL ,2,2,927,1,2,400,0,0,0,0,0,0,2,2,927,1,2,400,0,0,0,0,0,0
202110,999,20220, ,Dubuque  IA ,8,8,3067,0,0,0,0,0,0,0,0,0,6,6,2504,0,0,0,0,0,0,0,0,0
202110,999,20260, ,Duluth  MN-WI ,9,9,2838,0,0,0,0,0,0,0,0,0,9,9,2838,0,0,0,0,0,0,0,0,0
202110,999,20940, ,El Centro  CA ,17,17,3069,0,0,0,1,4,298,6,48,6375,2,2,211,0,0,0,1,4,298,6,48,6375
202110,999,21420, ,Enid  OK ,4,4,1247,0,0,0,0,0,0,0,0,0,4,4,1247,0,0,0,0,0,0,0,0,0
202110,999,21660, ,Eugene-Springfield  OR ,66,66,17530,3,6,1183,0,0,0,5,52,6383,21,21,6073,0,0,0,0,0,0,1,8,715
202110,999,21780, ,Evansville  IN-KY ,78,78,25440,5,10,2750,0,0,0,1,25,1861,51,51,19781,3,6,1900,0,0,0,0,0,0
202110,999,21820,C,Fairbanks  AK ,0,0,0,0,0,0,0,0,0,0,0,0,0,0,0,0,0,0,0,0,0,0,0,0
202110,999,22140,C,Farmington  NM ,10,10,2678,0,0,0,0,0,0,0,0,0,10,10,2678,0,0,0,0,0,0,0,0,0
202110,999,22220, ,Fayetteville-Springdale-Rogers  AR-MO ,475,475,136524,0,0,0,5,19,3853,7,82,8641,389,389,116878,0,0,0,4,16,3388,3,47,5169
202110,999,22380, ,Flagstaff  AZ ,25,25,10109,0,0,0,0,0,0,0,0,0,25,25,10109,0,0,0,0,0,0,0,0,0
202110,999,22500, ,Florence  SC ,38,38,6083,1,2,187,1,3,243,1,9,757,0,0,0,0,0,0,0,0,0,0,0,0
202110,999,22520, ,Florence-Muscle Shoals  AL ,20,20,2480,0,0,0,0,0,0,0,0,0,5,5,625,0,0,0,0,0,0,0,0,0
202110,999,22540, ,Fond du Lac  WI ,9,9,2361,0,0,0,0,0,0,0,0,0,9,9,2361,0,0,0,0,0,0,0,0,0
202110,999,22660,C,Fort Collins  CO ,199,199,69497,0,0,0,0,0,0,8,196,28001,199,199,69497,0,0,0,0,0,0,8,196,28001
202110,999,22900, ,Fort Smith  AR-OK ,30,30,6391,11,22,2131,1,3,255,0,0,0,26,26,5983,11,22,2131,0,0,0,0,0,0
202110,999,23460, ,Gadsden  AL ,4,4,760,0,0,0,0,0,0,0,0,0,0,0,0,0,0,0,0,0,0,0,0,0
202110,999,24220, ,Grand Forks  ND-MN ,11,11,3309,0,0,0,0,0,0,0,0,0,11,11,3309,0,0,0,0,0,0,0,0,0
202110,999,24260, ,Grand Island  NE ,10,10,3926,2,4,625,0,0,0,0,0,0,10,10,3926,2,4,625,0,0,0,0,0,0
202110,999,24300,C,Grand Junction  CO ,66,66,11985,2,4,151,0,0,0,9,115,6591,66,66,11985,2,4,151,0,0,0,9,115,6591
202110,999,24500,C,Great Falls  MT ,24,24,4692,0,0,0,0,0,0,0,0,0,24,24,4692,0,0,0,0,0,0,0,0,0
202110,999,25060, ,Gulfport-Biloxi  MS ,150,150,31625,1,2,185,1,3,301,1,8,677,64,64,17729,0,0,0,0,0,0,0,0,0
202110,999,25860, ,Hickory-Lenoir-Morganton  NC ,1,1,150,0,0,0,0,0,0,1,7,390,0,0,0,0,0,0,0,0,0,0,0,0
202110,999,25940, ,Hilton Head Island-Bluffton  SC ,113,113,36877,0,0,0,0,0,0,0,0,0,80,80,21270,0,0,0,0,0,0,0,0,0
202110,999,26140, ,Homosassa Springs  FL ,75,75,15388,1,2,55,0,0,0,1,5,432,0,0,0,0,0,0,0,0,0,0,0,0
202110,999,26380, ,Houma-Thibodaux  LA ,49,49,9792,1,2,156,0,0,0,0,0,0,35,35,6024,0,0,0,0,0,0,0,0,0
202110,999,27100, ,Jackson  MI ,1,1,245,0,0,0,0,0,0,0,0,0,1,1,245,0,0,0,0,0,0,0,0,0
202110,999,27340,C,Jacksonville  NC ,138,138,26482,0,0,0,1,3,639,0,0,0,138,138,26482,0,0,0,1,3,639,0,0,0
202110,999,27980,C,Kahului-Wailuku-Lahaina  HI ,21,21,7363,0,0,0,0,0,0,1,6,22000,21,21,7363,0,0,0,0,0,0,1,6,22000
202110,999,28660,C,Killeen-Temple  TX ,274,274,51813,10,20,1588,0,0,0,0,0,0,147,147,33319,7,14,1097,0,0,0,0,0,0
202110,999,29100, ,La Crosse-Onalaska  WI-MN ,18,18,6660,2,4,820,0,0,0,2,56,5280,18,18,6660,2,4,820,0,0,0,2,56,5280
202110,999,29420, ,Lake Havasu City-Kingman  AZ ,108,108,23592,0,0,0,3,9,473,0,0,0,108,108,23592,0,0,0,3,9,473,0,0,0
202110,999,29540, ,Lancaster  PA ,5,5,1131,1,2,393,1,3,594,0,0,0,2,2,480,1,2,393,1,3,594,0,0,0
202110,999,29620, ,Lansing-East Lansing  MI ,15,15,3490,0,0,0,0,0,0,2,22,2186,8,8,1590,0,0,0,0,0,0,0,0,0
202110,999,29700, ,Laredo  TX ,112,112,16630,0,0,0,0,0,0,1,13,795,0,0,0,0,0,0,0,0,0,0,0,0
202110,999,30020, ,Lawton  OK ,4,4,1168,0,0,0,0,0,0,0,0,0,0,0,0,0,0,0,0,0,0,0,0,0
202110,999,30300, ,Lewiston  ID-WA ,0,0,0,0,0,0,0,0,0,0,0,0,0,0,0,0,0,0,0,0,0,0,0,0
202110,999,30860, ,Logan  UT-ID ,19,19,5210,0,0,0,0,0,0,2,16,3390,19,19,5210,0,0,0,0,0,0,2,16,3390
202110,999,30980, ,Longview  TX ,33,33,7178,0,0,0,0,0,0,0,0,0,33,33,7178,0,0,0,0,0,0,0,0,0
202110,999,31340, ,Lynchburg  VA ,9,9,2502,0,0,0,0,0,0,1,9,233,7,7,2130,0,0,0,0,0,0,0,0,0
202110,999,31740, ,Manhattan  KS ,13,13,3871,0,0,0,0,0,0,0,0,0,0,0,0,0,0,0,0,0,0,0,0,0
202110,999,33540,C,Missoula  MT ,43,43,10284,1,2,315,2,8,371,12,211,10284,43,43,10284,1,2,315,2,8,371,12,211,10284
202110,999,36100, ,Ocala  FL ,497,497,86677,0,0,0,0,0,0,3,72,4779,497,497,86677,0,0,0,0,0,0,3,72,4779
202110,999,36980, ,Owensboro  KY ,24,24,2455,0,0,0,0,0,0,0,0,0,23,23,2254,0,0,0,0,0,0,0,0,0
202110,999,37340, ,Palm Bay-Melbourne-Titusville  FL ,362,362,127227,0,0,0,0,0,0,0,0,0,360,360,126364,0,0,0,0,0,0,0,0,0
202110,999,37460, ,Panama City  FL ,90,90,27003,3,6,1574,0,0,0,2,30,548,20,20,7026,3,6,1574,0,0,0,0,0,0
202110,999,37900, ,Peoria  IL ,3,3,1003,0,0,0,0,0,0,0,0,0,0,0,0,0,0,0,0,0,0,0,0,0
202110,999,38340, ,Pittsfield  MA ,0,0,0,0,0,0,0,0,0,0,0,0,0,0,0,0,0,0,0,0,0,0,0,0
202110,999,38540, ,Pocatello  ID ,36,36,9710,2,4,303,1,4,350,0,0,0,29,29,8993,1,2,42,1,4,350,0,0,0
202110,999,39150, ,Prescott Valley-Prescott  AZ ,104,104,36097,0,0,0,0,0,0,1,6,1095,104,104,36097,0,0,0,0,0,0,1,6,1095
202110,999,40060, ,Richmond  VA ,535,535,113438,18,36,2504,0,0,0,4,289,16407,507,507,109230,18,36,2504,0,0,0,2,279,15322
202110,999,41100, ,St. George  UT ,171,171,33492,0,0,0,0,0,0,0,0,0,165,165,32355,0,0,0,0,0,0,0,0,0
202110,999,41500, ,Salinas  CA ,20,20,5508,0,0,0,0,0,0,1,19,5271,20,20,5508,0,0,0,0,0,0,1,19,5271
202110,999,41660,C,San Angelo  TX ,29,29,6308,0,0,0,0,0,0,0,0,0,29,29,6308,0,0,0,0,0,0,0,0,0
202110,999,41740,C,San Diego-Chula Vista-Carlsbad  CA ,299,299,87321,5,10,1048,15,58,13020,36,555,86399,288,288,84298,5,10,1048,15,58,13020,33,512,82192
202110,999,42020, ,San Luis Obispo-Paso Robles  CA ,23,23,8156,0,0,0,0,0,0,0,0,0,0,0,0,0,0,0,0,0,0,0,0,0
202110,999,42200, ,Santa Maria-Santa Barbara  CA ,9,9,7935,0,0,0,0,0,0,0,0,0,9,9,7935,0,0,0,0,0,0,0,0,0
202110,999,42540, ,Scranton--Wilkes-Barre  PA ,2,2,1110,0,0,0,0,0,0,0,0,0,2,2,1110,0,0,0,0,0,0,0,0,0
202110,999,43100, ,Sheboygan  WI ,2,2,1203,0,0,0,0,0,0,0,0,0,1,1,780,0,0,0,0,0,0,0,0,0
202110,999,43420, ,Sierra Vista-Douglas  AZ ,25,25,4197,0,0,0,0,0,0,0,0,0,6,6,1106,0,0,0,0,0,0,0,0,0
202110,999,43580, ,Sioux City  IA-NE-SD ,13,13,3978,0,0,0,1,3,0,0,0,0,2,2,848,0,0,0,0,0,0,0,0,0
202110,999,43620, ,Sioux Falls  SD ,161,161,37730,1,2,396,2,8,1600,1,30,5000,160,160,37615,1,2,396,2,8,1600,1,30,5000
202110,999,44140, ,Springfield  MA ,2,2,426,0,0,0,0,0,0,0,0,0,0,0,0,0,0,0,0,0,0,0,0,0
202110,999,44180, ,Springfield  MO ,74,74,17722,0,0,0,0,0,0,1,57,4000,74,74,17722,0,0,0,0,0,0,1,57,4000
202110,999,44940, ,Sumter  SC ,29,29,4245,0,0,0,0,0,0,0,0,0,29,29,4245,0,0,0,0,0,0,0,0,0
202110,999,45220, ,Tallahassee  FL ,98,98,19900,1,2,222,0,0,0,4,94,12013,28,28,6090,0,0,0,0,0,0,0,0,0
202110,999,45300,C,Tampa-St. Petersburg-Clearwater  FL ,1133,1133,277433,2,4,610,0,0,0,8,257,30723,1113,1113,274182,2,4,610,0,0,0,6,247,28011
202110,999,45460, ,Terre Haute  IN ,5,5,977,1,2,197,0,0,0,0,0,0,3,3,555,0,0,0,0,0,0,0,0,0
202110,999,45500, ,Texarkana  TX-AR ,2,2,475,0,0,0,0,0,0,0,0,0,0,0,0,0,0,0,0,0,0,0,0,0
202110,999,45820, ,Topeka  KS ,27,27,6557,0,0,0,0,0,0,0,0,0,27,27,6557,0,0,0,0,0,0,0,0,0
202110,999,46220, ,Tuscaloosa  AL ,45,45,11409,1,2,475,3,11,727,1,40,7235,9,9,2778,0,0,0,0,0,0,0,0,0
202110,999,46300, ,Twin Falls  ID ,70,70,14103,3,6,835,1,3,324,2,11,884,29,29,7255,0,0,0,0,0,0,0,0,0
202110,999,46520,C,Urban Honolulu  HI ,69,69,27694,0,0,0,0,0,0,3,96,17409,0,0,0,0,0,0,0,0,0,0,0,0
202110,999,46540, ,Utica-Rome  NY ,0,0,0,0,0,0,0,0,0,0,0,0,0,0,0,0,0,0,0,0,0,0,0,0
202110,999,46660, ,Valdosta  GA ,98,98,18895,1,2,133,0,0,0,0,0,0,42,42,9534,0,0,0,0,0,0,0,0,0
202110,999,47300, ,Visalia  CA ,86,86,23450,0,0,0,0,0,0,1,80,19000,86,86,23450,0,0,0,0,0,0,1,80,19000
202110,999,47380, ,Waco  TX ,38,38,3804,2,4,393,0,0,0,0,0,0,38,38,3804,2,4,393,0,0,0,0,0,0
202110,999,47940, ,Waterloo-Cedar Falls  IA ,5,5,1275,0,0,0,0,0,0,0,0,0,5,5,1275,0,0,0,0,0,0,0,0,0
202110,999,48060, ,Watertown-Fort Drum  NY ,12,12,1574,0,0,0,0,0,0,0,0,0,1,1,300,0,0,0,0,0,0,0,0,0
202110,999,48300, ,Wenatchee  WA ,47,47,12031,0,0,0,0,0,0,0,0,0,22,22,7224,0,0,0,0,0,0,0,0,0
202110,999,48540, ,Wheeling  WV-OH ,0,0,0,0,0,0,0,0,0,0,0,0,0,0,0,0,0,0,0,0,0,0,0,0
202110,999,48660, ,Wichita Falls  TX ,0,0,0,0,0,0,0,0,0,0,0,0,0,0,0,0,0,0,0,0,0,0,0,0
202110,999,48900, ,Wilmington  NC ,125,125,41210,1,2,433,0,0,0,3,131,16408,0,0,0,0,0,0,0,0,0,0,0,0
202110,999,49420, ,Yakima  WA ,47,47,11107,2,4,562,0,0,0,0,0,0,47,47,11107,2,4,562,0,0,0,0,0,0
202110,999,49740, ,Yuma  AZ ,71,71,12453,0,0,0,0,0,0,0,0,0,71,71,12453,0,0,0,0,0,0,0,0,0
