Survey,CSA,CBSA,MONCOV,CBSA,,1-unit,,,2-units,,,3-4 units,,,5+ units,,,1-unit rep,,,2-units rep,,,3-4 units rep,,,5+ units rep
Date,Code,Code,,Name,Bldgs,Units,Value,Bldgs,Units,Value,Bldgs,Units,Value,Bldgs,Units,Value,Bldgs,Units,Value,Bldgs,Units,Value,      Bldgs,Units,Value,Bldgs,Units,Value
 
202108,104,10580,C,Albany-Schenectady-Troy  NY ,99,99,29347,2,4,980,0,0,0,7,200,16963,77,77,23447,2,4,980,0,0,0,4,183,16028
202108,104,24020, ,Glens Falls  NY ,19,19,4741,0,0,0,0,0,0,7,56,13432,11,11,2783,0,0,0,0,0,0,7,56,13432
202108,106,10740,C,Albuquerque  NM ,228,228,59533,26,52,9669,0,0,0,1,9,375,215,215,56266,26,52,9669,0,0,0,0,0,0
202108,106,42140,C,Santa Fe  NM ,26,26,7063,0,0,0,0,0,0,2,38,5330,0,0,0,0,0,0,0,0,0,0,0,0
202108,107,11020, ,Altoona  PA ,0,0,0,0,0,0,0,0,0,0,0,0,0,0,0,0,0,0,0,0,0,0,0,0
202108,108,11100, ,Amarillo  TX ,52,52,12169,0,0,0,0,0,0,4,39,4627,0,0,0,0,0,0,0,0,0,0,0,0
202108,118,11540, ,Appleton  WI ,50,50,14993,4,8,1735,0,0,0,11,134,12800,50,50,14993,4,8,1735,0,0,0,11,134,12800
202108,118,36780, ,Oshkosh-Neenah  WI ,26,26,8190,0,0,0,0,0,0,9,135,14015,26,26,8190,0,0,0,0,0,0,9,135,14015
202108,120,11700, ,Asheville  NC ,192,192,62741,0,0,0,0,0,0,7,146,14383,64,64,24246,0,0,0,0,0,0,0,0,0
202108,122,12020, ,Athens-Clarke County  GA ,12,12,4700,5,10,1015,9,34,4296,24,176,20059,12,12,4700,5,10,1015,9,34,4296,24,176,20059
202108,122,12060, ,Atlanta-Sandy Springs-Alpharetta  GA ,2409,2409,582452,4,8,1043,1,3,907,24,1012,182615,1947,1947,475829,4,8,1043,1,3,907,21,994,179210
202108,122,23580, ,Gainesville  GA ,75,75,16774,0,0,0,1,3,405,0,0,0,17,17,2896,0,0,0,1,3,405,0,0,0
202108,122,40660,C,Rome  GA ,9,9,2197,0,0,0,0,0,0,0,0,0,9,9,2197,0,0,0,0,0,0,0,0,0
202108,140,13460,C,Bend  OR ,172,172,57523,7,14,1866,1,3,463,5,92,14821,172,172,57523,7,14,1866,1,3,463,5,92,14821
202108,142,13820,C,Birmingham-Hoover  AL ,266,266,74156,0,0,0,0,0,0,0,0,0,184,184,47817,0,0,0,0,0,0,0,0,0
202108,144,14020,C,Bloomington  IN ,26,26,6993,1,2,284,0,0,0,2,46,5401,0,0,0,0,0,0,0,0,0,0,0,0
202108,145,14010, ,Bloomington  IL ,17,17,3107,1,2,146,0,0,0,0,0,0,12,12,1994,0,0,0,0,0,0,0,0,0
202108,146,14100,C,Bloomsburg-Berwick  PA ,8,8,1918,0,0,0,0,0,0,0,0,0,6,6,1438,0,0,0,0,0,0,0,0,0
202108,147,14260,C,Boise City  ID ,592,592,168960,0,0,0,0,0,0,14,178,27481,567,567,163447,0,0,0,0,0,0,14,178,27481
202108,148,12700, ,Barnstable Town  MA ,9,9,4624,0,0,0,0,0,0,0,0,0,9,9,4624,0,0,0,0,0,0,0,0,0
202108,148,14460,C,Boston-Cambridge-Newton  MA-NH ,427,427,143233,20,40,8645,11,37,8215,75,584,100052,185,185,71757,12,24,5746,9,31,7438,11,176,55067
202108,148,31700, ,Manchester-Nashua  NH ,54,54,14014,2,4,587,0,0,0,0,0,0,39,39,11624,0,0,0,0,0,0,0,0,0
202108,148,39300,C,Providence-Warwick  RI-MA ,141,141,37934,13,26,4234,2,7,542,4,30,3165,62,62,20000,7,14,2844,1,4,319,1,15,1050
202108,148,49340, ,Worcester  MA-CT ,13,13,2961,0,0,0,0,0,0,0,0,0,9,9,2146,0,0,0,0,0,0,0,0,0
202108,150,14540, ,Bowling Green  KY ,105,105,22746,0,0,0,0,0,0,0,0,0,105,105,22746,0,0,0,0,0,0,0,0,0
202108,154,15180, ,Brownsville-Harlingen  TX ,102,102,10430,2,4,260,1,3,412,1,17,1401,0,0,0,0,0,0,0,0,0,0,0,0
202108,160,15380,C,Buffalo-Cheektowaga  NY ,81,81,26802,0,0,0,2,8,2242,8,70,10160,67,67,22730,0,0,0,2,8,2242,4,46,5333
202108,162,15540, ,Burlington-South Burlington  VT ,23,23,8176,1,2,300,0,0,0,3,15,1551,7,7,2550,0,0,0,0,0,0,0,0,0
202108,163,15980,C,Cape Coral-Fort Myers  FL ,1138,1138,217566,13,26,3300,2,8,2311,14,503,39531,1136,1136,215551,13,26,3300,2,8,2311,14,503,39531
202108,163,34940, ,Naples-Marco Island  FL ,398,398,127127,0,0,0,1,4,1068,11,396,47703,398,398,127127,0,0,0,1,4,1068,11,396,47703
202108,164,16020, ,Cape Girardeau  MO-IL ,0,0,0,0,0,0,0,0,0,0,0,0,0,0,0,0,0,0,0,0,0,0,0,0
202108,168,16300, ,Cedar Rapids  IA ,36,36,5687,1,2,437,0,0,0,1,24,2014,36,36,5687,1,2,437,0,0,0,1,24,2014
202108,168,26980, ,Iowa City  IA ,21,21,6103,0,0,0,0,0,0,0,0,0,19,19,5827,0,0,0,0,0,0,0,0,0
202108,170,16620, ,Charleston  WV ,20,20,1614,0,0,0,0,0,0,0,0,0,17,17,1455,0,0,0,0,0,0,0,0,0
202108,170,26580, ,Huntington-Ashland  WV-KY-OH ,16,16,2662,0,0,0,0,0,0,0,0,0,0,0,0,0,0,0,0,0,0,0,0,0
202108,172,16740, ,Charlotte-Concord-Gastonia  NC-SC ,1623,1623,412218,4,8,1194,0,0,0,36,1187,112840,1241,1241,293890,4,8,1194,0,0,0,35,1163,110115
202108,174,16860, ,Chattanooga  TN-GA ,163,163,30202,2,4,289,1,3,250,3,59,5911,116,116,19639,0,0,0,1,3,250,0,0,0
202108,174,17420, ,Cleveland  TN ,43,43,8971,0,0,0,0,0,0,0,0,0,23,23,5344,0,0,0,0,0,0,0,0,0
202108,176,16980, ,Chicago-Naperville-Elgin  IL-IN-WI ,967,967,269581,11,22,4457,18,58,10162,30,488,75435,789,789,218208,9,18,3725,14,46,7847,17,346,56951
202108,176,28100, ,Kankakee  IL ,3,3,729,0,0,0,0,0,0,0,0,0,3,3,729,0,0,0,0,0,0,0,0,0
202108,176,33140, ,Michigan City-La Porte  IN ,13,13,5359,0,0,0,0,0,0,0,0,0,6,6,3190,0,0,0,0,0,0,0,0,0
202108,178,17140, ,Cincinnati  OH-KY-IN ,386,386,107499,2,4,664,0,0,0,7,218,19007,215,215,64986,2,4,664,0,0,0,5,184,15670
202108,184,10420, ,Akron  OH ,44,44,25919,0,0,0,1,3,175,1,5,152,13,13,4338,0,0,0,0,0,0,0,0,0
202108,184,15940, ,Canton-Massillon  OH ,44,44,14907,2,4,726,2,6,574,1,8,614,39,39,14324,2,4,726,2,6,574,0,0,0
202108,184,17460, ,Cleveland-Elyria  OH ,261,261,80855,0,0,0,1,4,121,0,0,0,205,205,69965,0,0,0,0,0,0,0,0,0
202108,190,17860, ,Columbia  MO ,62,62,19636,0,0,0,0,0,0,0,0,0,61,61,19402,0,0,0,0,0,0,0,0,0
202108,192,17900,C,Columbia  SC ,479,479,103289,0,0,0,0,0,0,2,11,1557,261,261,47046,0,0,0,0,0,0,0,0,0
202108,194,12220,C,Auburn-Opelika  AL ,102,102,29347,1,2,1570,0,0,0,2,10,1416,66,66,20681,1,2,1570,0,0,0,1,5,800
202108,194,17980, ,Columbus  GA-AL ,53,53,9541,0,0,0,0,0,0,0,0,0,53,53,9541,0,0,0,0,0,0,0,0,0
202108,198,18140, ,Columbus  OH ,511,511,171048,3,6,1200,1,3,319,46,1213,67014,446,446,152193,3,6,1200,0,0,0,43,1185,64280
202108,204,18580, ,Corpus Christi  TX ,158,158,37801,0,0,0,0,0,0,0,0,0,158,158,37801,0,0,0,0,0,0,0,0,0
202108,206,19100, ,Dallas-Fort Worth-Arlington  TX ,3389,3389,937727,18,36,4938,16,62,5250,53,1977,248946,2611,2611,741898,12,24,3798,14,56,4326,37,1332,169913
202108,209,19340, ,Davenport-Moline-Rock Island  IA-IL ,30,30,8436,0,0,0,2,6,1350,0,0,0,14,14,5601,0,0,0,2,6,1350,0,0,0
202108,212,19430, ,Dayton-Kettering  OH ,88,88,28294,0,0,0,0,0,0,0,0,0,56,56,21085,0,0,0,0,0,0,0,0,0
202108,212,44220, ,Springfield  OH ,13,13,4736,0,0,0,0,0,0,0,0,0,13,13,4736,0,0,0,0,0,0,0,0,0
202108,216,14500, ,Boulder  CO ,44,44,17558,0,0,0,0,0,0,3,89,12335,7,7,5640,0,0,0,0,0,0,0,0,0
202108,216,19740,C,Denver-Aurora-Lakewood  CO ,1109,1109,293557,24,48,11161,7,27,7364,32,1987,315285,987,987,255315,18,36,8079,7,27,7364,27,1895,301587
202108,216,24540, ,Greeley  CO ,303,303,86941,3,6,1275,14,52,10583,7,120,16994,132,132,38611,2,4,931,13,49,9847,4,84,12288
202108,218,11180, ,Ames  IA ,8,8,2461,0,0,0,0,0,0,0,0,0,8,8,2461,0,0,0,0,0,0,0,0,0
202108,218,19780, ,Des Moines-West Des Moines  IA ,397,397,109804,9,18,4192,0,0,0,3,71,10338,373,373,102007,8,16,3613,0,0,0,2,60,9195
202108,220,11460, ,Ann Arbor  MI ,32,32,9116,2,4,879,1,4,1007,0,0,0,21,21,5947,2,4,879,1,4,1007,0,0,0
202108,220,19820, ,Detroit-Warren-Dearborn  MI ,501,501,150073,3,6,1139,3,10,1923,10,99,12513,406,406,123734,1,2,658,2,7,1685,4,49,5012
202108,220,22420, ,Flint  MI ,13,13,4386,0,0,0,3,9,1857,0,0,0,6,6,2384,0,0,0,0,0,0,0,0,0
202108,220,33780, ,Monroe  MI ,1,1,203,0,0,0,0,0,0,0,0,0,1,1,203,0,0,0,0,0,0,0,0,0
202108,222,20020, ,Dothan  AL ,21,21,6374,0,0,0,0,0,0,0,0,0,21,21,6374,0,0,0,0,0,0,0,0,0
202108,232,20740, ,Eau Claire  WI ,47,47,16536,6,12,2302,1,4,700,3,28,3000,47,47,16536,6,12,2302,1,4,700,3,28,3000
202108,236,21300, ,Elmira  NY ,0,0,0,0,0,0,0,0,0,0,0,0,0,0,0,0,0,0,0,0,0,0,0,0
202108,238,21340,C,El Paso  TX ,206,206,47969,3,6,740,0,0,0,2,17,2038,11,11,2467,0,0,0,0,0,0,0,0,0
202108,238,29740,C,Las Cruces  NM ,96,96,24583,0,0,0,0,0,0,1,8,563,0,0,0,0,0,0,0,0,0,0,0,0
202108,240,21500, ,Erie  PA ,7,7,2259,0,0,0,0,0,0,0,0,0,7,7,2259,0,0,0,0,0,0,0,0,0
202108,244,22020, ,Fargo  ND-MN ,130,130,35290,0,0,0,0,0,0,0,0,0,128,128,34704,0,0,0,0,0,0,0,0,0
202108,246,22180, ,Fayetteville  NC ,153,153,28511,0,0,0,0,0,0,1,9,1636,64,64,14114,0,0,0,0,0,0,0,0,0
202108,258,23060,C,Fort Wayne  IN ,123,123,35627,10,20,2141,1,4,867,0,0,0,123,123,35627,10,20,2141,1,4,867,0,0,0
202108,260,23420,C,Fresno  CA ,261,261,79249,3,6,838,1,3,225,5,45,6159,29,29,7790,0,0,0,0,0,0,0,0,0
202108,260,31460, ,Madera  CA ,82,82,24711,0,0,0,0,0,0,0,0,0,82,82,24711,0,0,0,0,0,0,0,0,0
202108,264,23540, ,Gainesville  FL ,75,75,21268,0,0,0,0,0,0,1,124,4222,61,61,19390,0,0,0,0,0,0,0,0,0
202108,266,24340, ,Grand Rapids-Kentwood  MI ,174,174,55298,4,8,1782,1,3,90,8,101,15220,137,137,47851,4,8,1782,0,0,0,3,19,2259
202108,266,34740, ,Muskegon  MI ,4,4,635,0,0,0,0,0,0,0,0,0,0,0,0,0,0,0,0,0,0,0,0,0
202108,267,24580, ,Green Bay  WI ,57,57,19741,2,4,800,0,0,0,3,17,1359,38,38,13824,2,4,800,0,0,0,0,0,0
202108,268,15500, ,Burlington  NC ,80,80,8539,0,0,0,3,9,1321,1,5,705,80,80,8539,0,0,0,3,9,1321,1,5,705
202108,268,24660,C,Greensboro-High Point  NC ,224,224,61015,0,0,0,0,0,0,5,152,24349,149,149,35295,0,0,0,0,0,0,5,152,24349
202108,268,49180, ,Winston-Salem  NC ,181,181,39066,0,0,0,0,0,0,1,7,276,163,163,34873,0,0,0,0,0,0,0,0,0
202108,272,24780, ,Greenville  NC ,36,36,9073,0,0,0,0,0,0,0,0,0,36,36,9073,0,0,0,0,0,0,0,0,0
202108,273,24860, ,Greenville-Anderson  SC ,521,521,124236,0,0,0,0,0,0,1,5,42,493,493,117383,0,0,0,0,0,0,0,0,0
202108,273,43900, ,Spartanburg  SC ,262,262,42438,0,0,0,0,0,0,0,0,0,0,0,0,0,0,0,0,0,0,0,0,0
202108,276,23900,C,Gettysburg  PA ,41,41,9122,0,0,0,0,0,0,0,0,0,41,41,9122,0,0,0,0,0,0,0,0,0
202108,276,25420,C,Harrisburg-Carlisle  PA ,129,129,33753,1,2,335,0,0,0,2,10,2153,113,113,29825,1,2,335,0,0,0,2,10,2153
202108,276,30140, ,Lebanon  PA ,17,17,3254,0,0,0,0,0,0,1,5,517,0,0,0,0,0,0,0,0,0,0,0,0
202108,276,49620, ,York-Hanover  PA ,17,17,3120,0,0,0,0,0,0,0,0,0,16,16,2853,0,0,0,0,0,0,0,0,0
202108,277,25500,C,Harrisonburg  VA ,26,26,6933,0,0,0,0,0,0,0,0,0,26,26,6933,0,0,0,0,0,0,0,0,0
202108,277,44420, ,Staunton  VA ,17,17,5027,0,0,0,0,0,0,0,0,0,17,17,5027,0,0,0,0,0,0,0,0,0
202108,278,25540,C,Hartford-East Hartford-Middletown  CT ,66,66,16903,1,2,200,0,0,0,7,43,3319,41,41,11361,0,0,0,0,0,0,1,6,727
202108,278,35980, ,Norwich-New London  CT ,15,15,3662,1,2,292,0,0,0,1,6,1664,10,10,2683,0,0,0,0,0,0,1,6,1664
202108,279,25620, ,Hattiesburg  MS ,7,7,1876,0,0,0,0,0,0,0,0,0,7,7,1876,0,0,0,0,0,0,0,0,0
202108,284,26300, ,Hot Springs  AR ,13,13,4355,0,0,0,0,0,0,0,0,0,13,13,4355,0,0,0,0,0,0,0,0,0
202108,288,26420, ,Houston-The Woodlands-Sugar Land  TX ,4202,4202,982273,21,42,4801,0,0,0,60,2747,307942,3749,3749,875515,21,42,4801,0,0,0,56,2685,301978
202108,290,19460, ,Decatur  AL ,25,25,5334,0,0,0,0,0,0,0,0,0,25,25,5334,0,0,0,0,0,0,0,0,0
202108,290,26620,C,Huntsville  AL ,370,370,66192,1,2,169,0,0,0,1,9,1051,57,57,15623,0,0,0,0,0,0,0,0,0
202108,292,26820, ,Idaho Falls  ID ,146,146,26120,0,0,0,0,0,0,0,0,0,144,144,25757,0,0,0,0,0,0,0,0,0
202108,294,18020, ,Columbus  IN ,8,8,3603,0,0,0,0,0,0,0,0,0,8,8,3603,0,0,0,0,0,0,0,0,0
202108,294,26900, ,Indianapolis-Carmel-Anderson  IN ,660,660,248787,12,24,4313,2,7,2050,3,255,34482,598,598,231487,12,24,4313,2,7,2050,3,255,34482
202108,294,34620, ,Muncie  IN ,3,3,322,0,0,0,0,0,0,0,0,0,3,3,322,0,0,0,0,0,0,0,0,0
202108,296,27060, ,Ithaca  NY ,0,0,0,1,2,320,0,0,0,0,0,0,0,0,0,0,0,0,0,0,0,0,0,0
202108,297,27180, ,Jackson  TN ,15,15,3816,0,0,0,0,0,0,0,0,0,0,0,0,0,0,0,0,0,0,0,0,0
202108,298,27140, ,Jackson  MS ,106,106,28814,0,0,0,0,0,0,0,0,0,73,73,18362,0,0,0,0,0,0,0,0,0
202108,300,27260,C,Jacksonville  FL ,1429,1429,361363,7,14,3566,8,32,7958,30,1130,123083,1321,1321,332234,7,14,3566,8,32,7958,29,1104,122789
202108,304,27740, ,Johnson City  TN ,47,47,7369,0,0,0,0,0,0,0,0,0,47,47,7369,0,0,0,0,0,0,0,0,0
202108,304,28700, ,Kingsport-Bristol  TN-VA ,1,1,263,0,0,0,0,0,0,0,0,0,0,0,0,0,0,0,0,0,0,0,0,0
202108,306,27780, ,Johnstown  PA ,0,0,0,0,0,0,0,0,0,0,0,0,0,0,0,0,0,0,0,0,0,0,0,0
202108,308,27860, ,Jonesboro  AR ,51,51,8431,3,6,412,3,10,519,2,10,565,7,7,1535,0,0,0,0,0,0,0,0,0
202108,309,27900, ,Joplin  MO ,12,12,2008,0,0,0,0,0,0,4,32,1500,12,12,2008,0,0,0,0,0,0,4,32,1500
202108,310,12980, ,Battle Creek  MI ,2,2,1178,0,0,0,0,0,0,0,0,0,1,1,900,0,0,0,0,0,0,0,0,0
202108,310,28020, ,Kalamazoo-Portage  MI ,6,6,2537,0,0,0,0,0,0,0,0,0,3,3,1855,0,0,0,0,0,0,0,0,0
202108,312,28140, ,Kansas City  MO-KS ,516,516,175701,2,4,678,0,0,0,9,207,20657,454,454,158309,2,4,678,0,0,0,8,200,20132
202108,312,29940, ,Lawrence  KS ,12,12,3542,0,0,0,0,0,0,12,248,18564,12,12,3542,0,0,0,0,0,0,12,248,18564
202108,312,41140, ,St. Joseph  MO-KS ,0,0,0,0,0,0,0,0,0,0,0,0,0,0,0,0,0,0,0,0,0,0,0,0
202108,313,28420,C,Kennewick-Richland  WA ,167,167,48913,4,8,1166,5,19,2101,1,21,3134,44,44,13132,2,4,574,5,19,2101,0,0,0
202108,313,47460, ,Walla Walla  WA ,8,8,1889,1,2,264,0,0,0,0,0,0,7,7,1789,1,2,264,0,0,0,0,0,0
202108,315,28940, ,Knoxville  TN ,275,275,79087,2,4,503,0,0,0,7,238,57553,251,251,75460,2,4,503,0,0,0,5,194,54000
202108,316,29020, ,Kokomo  IN ,15,15,4385,0,0,0,0,0,0,0,0,0,15,15,4385,0,0,0,0,0,0,0,0,0
202108,318,29180, ,Lafayette  LA ,246,246,49300,0,0,0,0,0,0,1,5,529,158,158,27329,0,0,0,0,0,0,0,0,0
202108,320,29200, ,Lafayette-West Lafayette  IN ,48,48,13605,0,0,0,0,0,0,2,55,5962,45,45,13152,0,0,0,0,0,0,0,0,0
202108,324,29340, ,Lake Charles  LA ,66,66,12244,0,0,0,0,0,0,0,0,0,20,20,3579,0,0,0,0,0,0,0,0,0
202108,332,29820,C,Las Vegas-Henderson-Paradise  NV ,1280,1280,348444,4,8,1532,4,14,2572,23,286,23292,1276,1276,346990,4,8,1532,4,14,2572,23,286,23292
202108,336,30460,C,Lexington-Fayette  KY ,143,143,35131,1,2,400,1,3,440,3,105,10000,55,55,16606,0,0,0,0,0,0,0,0,0
202108,338,30620, ,Lima  OH ,0,0,0,0,0,0,0,0,0,0,0,0,0,0,0,0,0,0,0,0,0,0,0,0
202108,339,30700, ,Lincoln  NE ,96,96,22404,2,4,563,0,0,0,2,101,11463,3,3,1065,0,0,0,0,0,0,0,0,0
202108,340,30780, ,Little Rock-North Little Rock-Conway  AR ,171,171,44181,1,2,119,0,0,0,3,56,4096,107,107,33774,0,0,0,0,0,0,0,0,0
202108,340,38220, ,Pine Bluff  AR ,2,2,206,0,0,0,0,0,0,0,0,0,1,1,60,0,0,0,0,0,0,0,0,0
202108,348,31080,C,Los Angeles-Long Beach-Anaheim  CA ,954,954,309325,41,82,21329,14,51,12139,51,1343,192387,721,721,222361,37,74,19038,10,39,9228,41,1170,160984
202108,348,37100, ,Oxnard-Thousand Oaks-Ventura  CA ,13,13,4237,1,2,639,0,0,0,2,43,5017,12,12,3981,1,2,639,0,0,0,0,0,0
202108,348,40140, ,Riverside-San Bernardino-Ontario  CA ,1021,1021,252343,11,22,3596,5,15,3910,10,153,15440,962,962,238775,10,20,3124,5,15,3910,7,135,13354
202108,350,21060, ,Elizabethtown-Fort Knox  KY ,38,38,9198,1,2,380,0,0,0,0,0,0,38,38,9198,1,2,380,0,0,0,0,0,0
202108,350,31140, ,Louisville-Jefferson County  KY-IN ,335,335,83206,2,4,500,0,0,0,8,173,16413,199,199,55216,1,2,175,0,0,0,7,168,14820
202108,352,31180, ,Lubbock  TX ,235,235,50226,4,8,830,0,0,0,1,5,359,234,234,50053,4,8,830,0,0,0,0,0,0
202108,356,31420, ,Macon-Bibb County  GA ,34,34,6943,0,0,0,0,0,0,0,0,0,0,0,0,0,0,0,0,0,0,0,0,0
202108,356,47580, ,Warner Robins  GA ,71,71,15544,0,0,0,0,0,0,0,0,0,49,49,10137,0,0,0,0,0,0,0,0,0
202108,357,27500, ,Janesville-Beloit  WI ,16,16,4327,0,0,0,0,0,0,1,48,9000,6,6,1574,0,0,0,0,0,0,1,48,9000
202108,357,31540, ,Madison  WI ,139,139,61196,10,20,5608,3,12,1800,5,224,27056,102,102,50445,7,14,4251,3,12,1800,3,145,15268
202108,359,31860, ,Mankato  MN ,15,15,4680,0,0,0,0,0,0,0,0,0,15,15,4680,0,0,0,0,0,0,0,0,0
202108,365,32580,C,McAllen-Edinburg-Mission  TX ,348,348,66955,5,10,602,24,95,4691,4,96,5770,297,297,59931,3,6,430,23,92,4288,4,96,5770
202108,366,32780, ,Medford  OR ,48,48,14330,0,0,0,3,12,1456,4,38,3846,48,48,14330,0,0,0,3,12,1456,4,38,3846
202108,368,32820, ,Memphis  TN-MS-AR ,330,330,74675,0,0,0,0,0,0,1,5,609,284,284,67482,0,0,0,0,0,0,0,0,0
202108,370,33100, ,Miami-Fort Lauderdale-Pompano Beach  FL ,688,688,246995,13,26,6009,3,9,2183,28,1806,332933,588,588,203854,13,26,6009,2,6,1036,19,1564,302945
202108,370,38940, ,Port St. Lucie  FL ,469,469,103397,16,32,2473,0,0,0,0,0,0,469,469,103397,16,32,2473,0,0,0,0,0,0
202108,370,42680, ,Sebastian-Vero Beach  FL ,104,104,37661,3,6,842,0,0,0,0,0,0,104,104,37661,3,6,842,0,0,0,0,0,0
202108,372,33260, ,Midland  TX ,72,72,13206,0,0,0,0,0,0,0,0,0,72,72,13206,0,0,0,0,0,0,0,0,0
202108,372,36220,C,Odessa  TX ,83,83,19447,0,0,0,0,0,0,1,40,4794,0,0,0,0,0,0,0,0,0,0,0,0
202108,376,33340,C,Milwaukee-Waukesha  WI ,136,136,62793,17,34,7972,0,0,0,6,448,62478,96,96,46961,16,32,7463,0,0,0,4,412,57302
202108,376,39540, ,Racine  WI ,11,11,3431,0,0,0,0,0,0,0,0,0,11,11,3431,0,0,0,0,0,0,0,0,0
202108,378,33460, ,Minneapolis-St. Paul-Bloomington  MN-WI ,988,988,319786,14,28,4548,4,15,3121,19,942,167115,887,887,286315,13,26,4148,3,12,2479,13,843,155434
202108,378,41060, ,St. Cloud  MN ,1,1,330,0,0,0,0,0,0,0,0,0,0,0,0,0,0,0,0,0,0,0,0,0
202108,380,19300, ,Daphne-Fairhope-Foley  AL ,204,204,51965,0,0,0,0,0,0,1,5,260,132,132,39252,0,0,0,0,0,0,0,0,0
202108,380,33660, ,Mobile  AL ,92,92,21375,0,0,0,0,0,0,2,52,7280,91,91,21261,0,0,0,0,0,0,2,52,7280
202108,384,33740, ,Monroe  LA ,32,32,7374,0,0,0,1,3,472,1,7,810,23,23,5503,0,0,0,0,0,0,0,0,0
202108,388,33860, ,Montgomery  AL ,43,43,10606,0,0,0,0,0,0,0,0,0,43,43,10606,0,0,0,0,0,0,0,0,0
202108,390,34060, ,Morgantown  WV ,1,1,1000,0,0,0,0,0,0,0,0,0,1,1,1000,0,0,0,0,0,0,0,0,0
202108,396,34820, ,Myrtle Beach-Conway-North Myrtle Beach  SC-NC ,598,598,124972,3,6,739,0,0,0,4,77,850,421,421,78752,2,4,514,0,0,0,3,72,600
202108,400,34980, ,Nashville-Davidson--Murfreesboro--Franklin  TN ,1517,1517,387199,5,10,3015,0,0,0,21,1237,129948,1242,1242,313450,5,10,3015,0,0,0,20,1219,128926
202108,406,25220, ,Hammond  LA ,94,94,15756,0,0,0,0,0,0,0,0,0,0,0,0,0,0,0,0,0,0,0,0,0
202108,406,35380, ,New Orleans-Metairie  LA ,279,279,77403,10,20,2319,0,0,0,1,66,11789,171,171,49787,1,2,257,0,0,0,0,0,0
202108,408,14860,C,Bridgeport-Stamford-Norwalk  CT ,49,49,28092,0,0,0,0,0,0,1,10,2762,26,26,13463,0,0,0,0,0,0,0,0,0
202108,408,20700, ,East Stroudsburg  PA ,13,13,4120,0,0,0,1,4,420,0,0,0,10,10,3331,0,0,0,1,4,420,0,0,0
202108,408,28740, ,Kingston  NY ,2,2,742,0,0,0,0,0,0,0,0,0,1,1,185,0,0,0,0,0,0,0,0,0
202108,408,35300, ,New Haven-Milford  CT ,16,16,3310,0,0,0,0,0,0,3,15,959,5,5,1202,0,0,0,0,0,0,0,0,0
202108,408,35620,C,New York-Newark-Jersey City  NY-NJ-PA ,1189,1189,333454,41,82,8243,51,173,14548,158,3602,449544,776,776,249211,26,52,5996,43,148,12186,76,2770,351611
202108,408,39100, ,Poughkeepsie-Newburgh-Middletown  NY ,36,36,8763,0,0,0,0,0,0,6,167,13166,19,19,4557,0,0,0,0,0,0,6,167,13166
202108,408,45940,C,Trenton-Princeton  NJ ,66,66,13331,0,0,0,0,0,0,4,40,2106,54,54,11161,0,0,0,0,0,0,2,30,1424
202108,412,35840,C,North Port-Sarasota-Bradenton  FL ,1021,1021,283669,6,12,1888,0,0,0,15,737,124593,1021,1021,283669,6,12,1888,0,0,0,15,737,124593
202108,412,39460, ,Punta Gorda  FL ,337,337,99416,26,52,7781,3,12,3432,3,52,9673,337,337,99416,26,52,7781,3,12,3432,3,52,9673
202108,416,36420,C,Oklahoma City  OK ,700,700,188108,12,24,2236,0,0,0,2,11,1950,244,244,92068,4,8,1000,0,0,0,2,11,1950
202108,420,36540, ,Omaha-Council Bluffs  NE-IA ,267,267,58314,2,4,743,1,4,690,2,10,1153,212,212,43409,2,4,743,1,4,690,0,0,0
202108,422,19660, ,Deltona-Daytona Beach-Ormond Beach  FL ,495,495,142565,11,22,3226,0,0,0,1,23,2843,477,477,136302,11,22,3226,0,0,0,0,0,0
202108,422,29460, ,Lakeland-Winter Haven  FL ,803,803,186937,0,0,0,0,0,0,8,312,25173,650,650,146137,0,0,0,0,0,0,8,312,25173
202108,422,36740, ,Orlando-Kissimmee-Sanford  FL ,1742,1742,431231,15,30,5047,16,62,10398,31,2413,218119,1521,1521,366794,14,28,4445,16,62,10398,25,2301,208048
202108,422,45540,C,The Villages  FL ,330,330,87385,0,0,0,0,0,0,10,258,59106,330,330,87385,0,0,0,0,0,0,10,258,59106
202108,425,37620, ,Parkersburg-Vienna  WV ,7,7,943,0,0,0,0,0,0,0,0,0,7,7,943,0,0,0,0,0,0,0,0,0
202108,426,37860,C,Pensacola-Ferry Pass-Brent  FL ,239,239,56868,0,0,0,0,0,0,38,292,3363,239,239,56868,0,0,0,0,0,0,38,292,3363
202108,428,12100,C,Atlantic City-Hammonton  NJ ,50,50,13114,0,0,0,0,0,0,2,13,1628,41,41,10132,0,0,0,0,0,0,0,0,0
202108,428,20100,C,Dover  DE ,124,124,20590,0,0,0,0,0,0,1,6,747,19,19,5020,0,0,0,0,0,0,1,6,747
202108,428,36140,C,Ocean City  NJ ,56,56,14549,4,8,2485,0,0,0,0,0,0,54,54,13886,4,8,2485,0,0,0,0,0,0
202108,428,37980,C,Philadelphia-Camden-Wilmington  PA-NJ-DE-MD ,747,747,151022,28,56,7332,14,48,6111,48,533,55038,353,353,78992,11,22,2206,0,0,0,4,24,2242
202108,428,39740, ,Reading  PA ,2,2,481,0,0,0,0,0,0,4,24,1100,0,0,0,0,0,0,0,0,0,4,24,1100
202108,428,47220,C,Vineland-Bridgeton  NJ ,11,11,1212,0,0,0,0,0,0,0,0,0,10,10,1101,0,0,0,0,0,0,0,0,0
202108,429,38060,C,Phoenix-Mesa-Chandler  AZ ,2789,2789,694449,44,88,6502,13,46,7523,19,947,152813,2459,2459,617606,43,86,6242,13,46,7523,17,774,125177
202108,430,38300, ,Pittsburgh  PA ,125,125,40050,1,2,182,1,3,479,2,44,5618,57,57,21795,0,0,0,0,0,0,0,0,0
202108,430,48260, ,Weirton-Steubenville  WV-OH ,0,0,0,0,0,0,0,0,0,0,0,0,0,0,0,0,0,0,0,0,0,0,0,0
202108,438,30340, ,Lewiston-Auburn  ME ,4,4,634,0,0,0,0,0,0,0,0,0,3,3,440,0,0,0,0,0,0,0,0,0
202108,438,38860, ,Portland-South Portland  ME ,183,183,55740,5,10,1827,1,3,250,6,55,5242,101,101,33149,3,6,1192,0,0,0,3,40,4050
202108,440,10540, ,Albany-Lebanon  OR ,42,42,10085,2,4,698,0,0,0,4,42,5228,12,12,3039,0,0,0,0,0,0,1,5,725
202108,440,18700, ,Corvallis  OR ,18,18,5195,1,2,362,3,9,1627,0,0,0,18,18,5195,1,2,362,3,9,1627,0,0,0
202108,440,31020, ,Longview  WA ,26,26,6337,0,0,0,0,0,0,0,0,0,0,0,0,0,0,0,0,0,0,0,0,0
202108,440,38900, ,Portland-Vancouver-Hillsboro  OR-WA ,780,780,220795,8,16,3214,17,65,6385,15,537,374474,585,585,164358,6,12,2490,15,59,5337,10,449,363321
202108,440,41420, ,Salem  OR ,65,65,12562,2,4,828,1,3,382,6,96,11271,21,21,824,2,4,828,0,0,0,0,0,0
202108,444,39380,C,Pueblo  CO ,63,63,9436,0,0,0,0,0,0,0,0,0,63,63,9436,0,0,0,0,0,0,0,0,0
202108,450,20500,C,Durham-Chapel Hill  NC ,258,258,87770,2,4,679,0,0,0,2,180,18713,255,255,86835,2,4,679,0,0,0,1,165,16500
202108,450,39580,C,Raleigh-Cary  NC ,1267,1267,287571,1,2,371,0,0,0,9,444,50972,939,939,226410,1,2,371,0,0,0,9,444,50972
202108,452,39660, ,Rapid City  SD ,41,41,12869,0,0,0,0,0,0,8,69,7865,41,41,12869,0,0,0,0,0,0,8,69,7865
202108,454,39820, ,Redding  CA ,11,11,12050,0,0,0,0,0,0,0,0,0,11,11,12050,0,0,0,0,0,0,0,0,0
202108,456,16180,C,Carson City  NV ,17,17,4478,0,0,0,0,0,0,1,8,799,0,0,0,0,0,0,0,0,0,0,0,0
202108,456,39900,C,Reno  NV ,226,226,61947,5,10,1293,2,6,787,10,223,28137,42,42,10146,2,4,663,0,0,0,0,0,0
202108,462,40340, ,Rochester  MN ,31,31,11275,0,0,0,0,0,0,1,192,23000,29,29,10647,0,0,0,0,0,0,1,192,23000
202108,464,40380, ,Rochester  NY ,93,93,27305,3,6,1065,0,0,0,7,126,10935,64,64,19395,3,6,1065,0,0,0,1,59,3376
202108,466,40420, ,Rockford  IL ,5,5,870,0,0,0,0,0,0,0,0,0,5,5,870,0,0,0,0,0,0,0,0,0
202108,472,40900,C,Sacramento-Roseville-Folsom  CA ,733,733,241907,3,6,1079,4,16,2923,8,243,24712,718,718,237520,3,6,1079,4,16,2923,7,229,19943
202108,474,13020, ,Bay City  MI ,1,1,229,0,0,0,0,0,0,0,0,0,0,0,0,0,0,0,0,0,0,0,0,0
202108,474,33220, ,Midland  MI ,11,11,1280,5,10,1087,0,0,0,0,0,0,11,11,1280,5,10,1087,0,0,0,0,0,0
202108,474,40980, ,Saginaw  MI ,3,3,890,0,0,0,0,0,0,0,0,0,3,3,890,0,0,0,0,0,0,0,0,0
202108,476,41180, ,St. Louis  MO-IL ,476,476,148333,8,16,2430,1,4,507,18,689,52312,358,358,104038,7,14,2198,1,4,507,15,646,48221
202108,480,41540, ,Salisbury  MD-DE ,375,375,58333,10,20,1848,0,0,0,0,0,0,367,367,56796,10,20,1848,0,0,0,0,0,0
202108,482,36260, ,Ogden-Clearfield  UT ,377,377,83899,2,4,695,2,6,1123,5,83,12458,267,267,53243,1,2,344,0,0,0,2,36,7449
202108,482,39340, ,Provo-Orem  UT ,757,757,217946,0,0,0,4,14,3092,29,428,62216,623,623,180386,0,0,0,3,10,2875,29,428,62216
202108,482,41620, ,Salt Lake City  UT ,453,453,112071,3,6,427,4,14,2428,15,642,90355,344,344,78660,0,0,0,0,0,0,6,234,32647
202108,484,41700,C,San Antonio-New Braunfels  TX ,1279,1279,305420,1,2,257,0,0,0,30,689,61426,1179,1179,283401,1,2,257,0,0,0,29,684,60360
202108,488,32900, ,Merced  CA ,6,6,1555,0,0,0,0,0,0,0,0,0,0,0,0,0,0,0,0,0,0,0,0,0
202108,488,33700, ,Modesto  CA ,4,4,1052,0,0,0,0,0,0,0,0,0,4,4,1052,0,0,0,0,0,0,0,0,0
202108,488,41860,C,San Francisco-Oakland-Berkeley  CA ,336,336,111179,3,6,3444,4,14,3494,26,964,145065,191,191,62148,2,4,1913,2,8,2260,13,741,100539
202108,488,41940,C,San Jose-Sunnyvale-Santa Clara  CA ,119,119,37884,1,2,600,0,0,0,3,180,31673,97,97,30018,1,2,600,0,0,0,1,90,10446
202108,488,42100, ,Santa Cruz-Watsonville  CA ,11,11,3248,0,0,0,0,0,0,0,0,0,5,5,2097,0,0,0,0,0,0,0,0,0
202108,488,42220, ,Santa Rosa-Petaluma  CA ,95,95,23618,0,0,0,0,0,0,1,5,833,72,72,18042,0,0,0,0,0,0,0,0,0
202108,488,44700, ,Stockton  CA ,232,232,68012,0,0,0,0,0,0,1,27,3410,124,124,34260,0,0,0,0,0,0,0,0,0
202108,488,46700, ,Vallejo  CA ,37,37,12332,0,0,0,0,0,0,0,0,0,37,37,12332,0,0,0,0,0,0,0,0,0
202108,496,25980, ,Hinesville  GA ,28,28,8074,0,0,0,0,0,0,0,0,0,28,28,8074,0,0,0,0,0,0,0,0,0
202108,496,42340, ,Savannah  GA ,246,246,62858,0,0,0,0,0,0,0,0,0,199,199,52653,0,0,0,0,0,0,0,0,0
202108,500,14740,C,Bremerton-Silverdale-Port Orchard  WA ,102,102,32492,0,0,0,1,4,1060,11,232,26708,102,102,32492,0,0,0,1,4,1060,11,232,26708
202108,500,34580, ,Mount Vernon-Anacortes  WA ,30,30,8504,0,0,0,0,0,0,1,8,1700,22,22,6424,0,0,0,0,0,0,1,8,1700
202108,500,36500, ,Olympia-Lacey-Tumwater  WA ,45,45,9615,0,0,0,0,0,0,10,138,14143,32,32,6682,0,0,0,0,0,0,9,132,13887
202108,500,42660,C,Seattle-Tacoma-Bellevue  WA ,772,772,255909,42,84,15915,22,74,19253,32,3025,323416,620,620,200218,42,84,15915,22,74,19253,25,2772,296138
202108,508,43340,C,Shreveport-Bossier City  LA ,83,83,17224,0,0,0,0,0,0,0,0,0,71,71,14513,0,0,0,0,0,0,0,0,0
202108,515,21140, ,Elkhart-Goshen  IN ,26,26,6913,0,0,0,0,0,0,0,0,0,0,0,0,0,0,0,0,0,0,0,0,0
202108,515,35660, ,Niles  MI ,1,1,297,0,0,0,0,0,0,0,0,0,0,0,0,0,0,0,0,0,0,0,0,0
202108,515,43780, ,South Bend-Mishawaka  IN-MI ,21,21,9636,0,0,0,0,0,0,0,0,0,21,21,9636,0,0,0,0,0,0,0,0,0
202108,518,17660, ,Coeur dAlene  ID ,102,102,28610,0,0,0,0,0,0,1,23,2470,75,75,22098,0,0,0,0,0,0,0,0,0
202108,518,44060, ,Spokane-Spokane Valley  WA ,149,149,37460,4,8,1339,9,32,4623,5,83,11809,37,37,11394,3,6,1101,8,29,4159,1,20,3200
202108,522,44100, ,Springfield  IL ,6,6,1907,3,6,1078,0,0,0,1,5,292,0,0,0,0,0,0,0,0,0,0,0,0
202108,524,44300, ,State College  PA ,42,42,14320,0,0,0,0,0,0,0,0,0,13,13,5464,0,0,0,0,0,0,0,0,0
202108,532,45060, ,Syracuse  NY ,17,17,3775,0,0,0,0,0,0,0,0,0,16,16,3428,0,0,0,0,0,0,0,0,0
202108,534,45780, ,Toledo  OH ,59,59,18407,4,8,451,1,3,225,2,12,1650,29,29,10339,0,0,0,0,0,0,1,6,1200
202108,536,46060,C,Tucson  AZ ,370,370,119848,2,4,476,0,0,0,5,84,12603,272,272,95003,0,0,0,0,0,0,0,0,0
202108,538,46140,C,Tulsa  OK ,344,344,83734,1,2,186,0,0,0,2,13,1000,293,293,71533,1,2,186,0,0,0,0,0,0
202108,540,46340, ,Tyler  TX ,44,44,10527,1,2,257,0,0,0,0,0,0,44,44,10527,1,2,257,0,0,0,0,0,0
202108,545,47260, ,Virginia Beach-Norfolk-Newport News  VA-NC ,378,378,94768,2,4,900,1,4,875,4,265,44154,352,352,92414,2,4,900,1,4,875,4,265,44154
202108,548,12580,C,Baltimore-Columbia-Towson  MD ,372,372,80242,0,0,0,0,0,0,12,539,70059,358,358,77379,0,0,0,0,0,0,10,331,32500
202108,548,15680,C,California-Lexington Park  MD ,42,42,8440,6,12,1605,0,0,0,0,0,0,12,12,4452,0,0,0,0,0,0,0,0,0
202108,548,16540,C,Chambersburg-Waynesboro  PA ,25,25,6024,2,4,400,0,0,0,0,0,0,20,20,4900,2,4,400,0,0,0,0,0,0
202108,548,25180, ,Hagerstown-Martinsburg  MD-WV ,168,168,37812,0,0,0,0,0,0,0,0,0,157,157,36164,0,0,0,0,0,0,0,0,0
202108,548,47900, ,Washington-Arlington-Alexandria  DC-VA-MD-WV ,994,994,263970,0,0,0,1,4,539,20,653,89725,898,898,239331,0,0,0,1,4,539,17,562,78960
202108,548,49020, ,Winchester  VA-WV ,59,59,18765,0,0,0,0,0,0,0,0,0,59,59,18765,0,0,0,0,0,0,0,0,0
202108,554,48140, ,Wausau-Weston  WI ,21,21,6632,0,0,0,0,0,0,1,141,22500,14,14,4920,0,0,0,0,0,0,1,141,22500
202108,556,48620, ,Wichita  KS ,71,71,23530,10,20,2033,1,4,600,0,0,0,71,71,23530,10,20,2033,1,4,600,0,0,0
202108,558,48700, ,Williamsport  PA ,0,0,0,0,0,0,0,0,0,0,0,0,0,0,0,0,0,0,0,0,0,0,0,0
202108,566,49660, ,Youngstown-Warren-Boardman  OH-PA ,20,20,4170,1,2,212,0,0,0,0,0,0,12,12,2809,0,0,0,0,0,0,0,0,0
202108,999,10180, ,Abilene  TX ,50,50,10875,4,8,787,0,0,0,0,0,0,50,50,10875,4,8,787,0,0,0,0,0,0
202108,999,10500, ,Albany  GA ,16,16,2246,0,0,0,0,0,0,1,20,2813,15,15,1999,0,0,0,0,0,0,0,0,0
202108,999,10780, ,Alexandria  LA ,21,21,5086,0,0,0,0,0,0,0,0,0,13,13,2979,0,0,0,0,0,0,0,0,0
202108,999,10900, ,Allentown-Bethlehem-Easton  PA-NJ ,65,65,18443,0,0,0,0,0,0,4,20,1616,50,50,16343,0,0,0,0,0,0,0,0,0
202108,999,11260,C,Anchorage  AK ,74,74,23592,0,0,0,1,4,688,2,24,3605,5,5,1538,0,0,0,0,0,0,0,0,0
202108,999,11500, ,Anniston-Oxford  AL ,3,3,608,0,0,0,0,0,0,0,0,0,3,3,608,0,0,0,0,0,0,0,0,0
202108,999,12260, ,Augusta-Richmond County  GA-SC ,274,274,56389,0,0,0,2,7,593,0,0,0,115,115,26692,0,0,0,2,7,593,0,0,0
202108,999,12420, ,Austin-Round Rock-Georgetown  TX ,1947,1947,414356,22,44,2615,2,6,11296,53,3323,144998,1475,1475,309093,22,44,2615,2,6,11296,52,3315,144259
202108,999,12540, ,Bakersfield  CA ,187,187,42189,2,4,586,0,0,0,2,32,4416,51,51,4408,0,0,0,0,0,0,0,0,0
202108,999,12620, ,Bangor  ME ,15,15,4305,1,2,425,0,0,0,0,0,0,14,14,4087,1,2,425,0,0,0,0,0,0
202108,999,12940, ,Baton Rouge  LA ,345,345,83564,0,0,0,0,0,0,0,0,0,150,150,46358,0,0,0,0,0,0,0,0,0
202108,999,13140, ,Beaumont-Port Arthur  TX ,73,73,15995,0,0,0,0,0,0,0,0,0,73,73,15995,0,0,0,0,0,0,0,0,0
202108,999,13220,C,Beckley  WV ,12,12,3015,0,0,0,0,0,0,0,0,0,11,11,2959,0,0,0,0,0,0,0,0,0
202108,999,13380, ,Bellingham  WA ,65,65,19497,1,2,559,0,0,0,3,40,3898,65,65,19497,1,2,559,0,0,0,3,40,3898
202108,999,13740, ,Billings  MT ,45,45,11752,11,22,3858,0,0,0,0,0,0,45,45,11752,11,22,3858,0,0,0,0,0,0
202108,999,13780, ,Binghamton  NY ,0,0,0,0,0,0,0,0,0,0,0,0,0,0,0,0,0,0,0,0,0,0,0,0
202108,999,13900, ,Bismarck  ND ,34,34,9154,15,30,6418,0,0,0,0,0,0,28,28,7195,15,30,6418,0,0,0,0,0,0
202108,999,13980, ,Blacksburg-Christiansburg  VA ,3,3,835,0,0,0,0,0,0,0,0,0,3,3,835,0,0,0,0,0,0,0,0,0
202108,999,15260, ,Brunswick  GA ,36,36,16164,0,0,0,0,0,0,0,0,0,36,36,16164,0,0,0,0,0,0,0,0,0
202108,999,16220,C,Casper  WY ,12,12,3931,1,2,126,0,0,0,1,6,598,6,6,2126,0,0,0,0,0,0,0,0,0
202108,999,16580, ,Champaign-Urbana  IL ,8,8,1892,0,0,0,0,0,0,0,0,0,8,8,1892,0,0,0,0,0,0,0,0,0
202108,999,16700,C,Charleston-North Charleston  SC ,496,496,146850,0,0,0,1,3,202,12,368,32918,156,156,60522,0,0,0,0,0,0,3,18,3758
202108,999,16820, ,Charlottesville  VA ,70,70,21047,1,2,341,0,0,0,3,52,5098,0,0,0,0,0,0,0,0,0,0,0,0
202108,999,16940, ,Cheyenne  WY ,33,33,7867,0,0,0,2,8,579,5,101,11856,33,33,7867,0,0,0,2,8,579,5,101,11856
202108,999,17020, ,Chico  CA ,30,30,6024,0,0,0,3,9,1351,3,22,2938,30,30,6024,0,0,0,3,9,1351,3,22,2938
202108,999,17300,C,Clarksville  TN-KY ,212,212,36863,0,0,0,2,8,755,19,142,10070,210,210,36721,0,0,0,2,8,755,19,142,10070
202108,999,17780, ,College Station-Bryan  TX ,147,147,28832,1,2,150,0,0,0,0,0,0,147,147,28832,1,2,150,0,0,0,0,0,0
202108,999,17820,C,Colorado Springs  CO ,376,376,129863,0,0,0,0,0,0,11,200,30296,376,376,129863,0,0,0,0,0,0,11,200,30296
202108,999,18880,C,Crestview-Fort Walton Beach-Destin  FL ,228,228,103714,0,0,0,0,0,0,1,16,1400,215,215,100314,0,0,0,0,0,0,1,16,1400
202108,999,19060, ,Cumberland  MD-WV ,0,0,0,0,0,0,0,0,0,0,0,0,0,0,0,0,0,0,0,0,0,0,0,0
202108,999,19180, ,Danville  IL ,1,1,290,0,0,0,0,0,0,0,0,0,1,1,290,0,0,0,0,0,0,0,0,0
202108,999,19500, ,Decatur  IL ,0,0,0,0,0,0,0,0,0,0,0,0,0,0,0,0,0,0,0,0,0,0,0,0
202108,999,20220, ,Dubuque  IA ,5,5,1993,0,0,0,0,0,0,0,0,0,3,3,1430,0,0,0,0,0,0,0,0,0
202108,999,20260, ,Duluth  MN-WI ,6,6,1339,0,0,0,0,0,0,0,0,0,6,6,1339,0,0,0,0,0,0,0,0,0
202108,999,20940, ,El Centro  CA ,18,18,3452,0,0,0,0,0,0,0,0,0,1,1,214,0,0,0,0,0,0,0,0,0
202108,999,21420, ,Enid  OK ,0,0,0,0,0,0,0,0,0,0,0,0,0,0,0,0,0,0,0,0,0,0,0,0
202108,999,21660, ,Eugene-Springfield  OR ,82,82,19297,0,0,0,0,0,0,1,9,1092,46,46,10372,0,0,0,0,0,0,0,0,0
202108,999,21780, ,Evansville  IN-KY ,65,65,17079,6,12,1735,0,0,0,1,22,1638,38,38,11420,5,10,1310,0,0,0,0,0,0
202108,999,21820,C,Fairbanks  AK ,0,0,0,0,0,0,0,0,0,0,0,0,0,0,0,0,0,0,0,0,0,0,0,0
202108,999,22140,C,Farmington  NM ,2,2,613,0,0,0,0,0,0,0,0,0,2,2,613,0,0,0,0,0,0,0,0,0
202108,999,22220, ,Fayetteville-Springdale-Rogers  AR-MO ,550,550,153556,3,6,1277,1,3,465,5,55,5376,468,468,135038,3,6,1277,0,0,0,0,0,0
202108,999,22380, ,Flagstaff  AZ ,34,34,11105,0,0,0,0,0,0,0,0,0,34,34,11105,0,0,0,0,0,0,0,0,0
202108,999,22500, ,Florence  SC ,39,39,6240,0,0,0,1,3,243,1,15,1262,0,0,0,0,0,0,0,0,0,0,0,0
202108,999,22520, ,Florence-Muscle Shoals  AL ,21,21,2664,0,0,0,0,0,0,0,0,0,6,6,891,0,0,0,0,0,0,0,0,0
202108,999,22540, ,Fond du Lac  WI ,4,4,1441,0,0,0,0,0,0,0,0,0,2,2,686,0,0,0,0,0,0,0,0,0
202108,999,22660,C,Fort Collins  CO ,161,161,55475,2,4,835,0,0,0,5,109,26760,161,161,55475,2,4,835,0,0,0,5,109,26760
202108,999,22900, ,Fort Smith  AR-OK ,22,22,3801,1,2,144,1,4,250,0,0,0,17,17,3291,1,2,144,1,4,250,0,0,0
202108,999,23460, ,Gadsden  AL ,0,0,0,0,0,0,0,0,0,0,0,0,0,0,0,0,0,0,0,0,0,0,0,0
202108,999,24220, ,Grand Forks  ND-MN ,16,16,4291,0,0,0,0,0,0,0,0,0,16,16,4291,0,0,0,0,0,0,0,0,0
202108,999,24260, ,Grand Island  NE ,6,6,1287,0,0,0,0,0,0,0,0,0,6,6,1287,0,0,0,0,0,0,0,0,0
202108,999,24300,C,Grand Junction  CO ,87,87,13250,1,2,210,0,0,0,0,0,0,87,87,13250,1,2,210,0,0,0,0,0,0
202108,999,24500,C,Great Falls  MT ,16,16,3679,0,0,0,0,0,0,0,0,0,7,7,1147,0,0,0,0,0,0,0,0,0
202108,999,25060, ,Gulfport-Biloxi  MS ,221,221,46264,1,2,257,1,3,301,1,12,1016,130,130,31567,1,2,257,0,0,0,0,0,0
202108,999,25860, ,Hickory-Lenoir-Morganton  NC ,1,1,150,1,2,360,0,0,0,2,11,613,0,0,0,0,0,0,0,0,0,0,0,0
202108,999,25940, ,Hilton Head Island-Bluffton  SC ,117,117,36213,0,0,0,0,0,0,0,0,0,82,82,19660,0,0,0,0,0,0,0,0,0
202108,999,26140, ,Homosassa Springs  FL ,78,78,16003,1,2,55,0,0,0,1,5,432,0,0,0,0,0,0,0,0,0,0,0,0
202108,999,26380, ,Houma-Thibodaux  LA ,43,43,9602,1,2,156,1,3,262,0,0,0,0,0,0,0,0,0,0,0,0,0,0,0
202108,999,27100, ,Jackson  MI ,0,0,0,0,0,0,0,0,0,0,0,0,0,0,0,0,0,0,0,0,0,0,0,0
202108,999,27340,C,Jacksonville  NC ,108,108,23391,1,2,500,0,0,0,2,12,672,108,108,23391,1,2,500,0,0,0,2,12,672
202108,999,27980,C,Kahului-Wailuku-Lahaina  HI ,27,27,12616,1,2,300,0,0,0,2,12,22903,27,27,12616,1,2,300,0,0,0,2,12,22903
202108,999,28660,C,Killeen-Temple  TX ,157,157,38762,22,44,3811,0,0,0,0,0,0,136,136,34483,21,42,3623,0,0,0,0,0,0
202108,999,29100, ,La Crosse-Onalaska  WI-MN ,9,9,3473,3,6,1105,0,0,0,1,82,6000,9,9,3473,3,6,1105,0,0,0,1,82,6000
202108,999,29420, ,Lake Havasu City-Kingman  AZ ,111,111,22540,0,0,0,0,0,0,0,0,0,111,111,22540,0,0,0,0,0,0,0,0,0
202108,999,29540, ,Lancaster  PA ,6,6,1944,0,0,0,0,0,0,0,0,0,6,6,1944,0,0,0,0,0,0,0,0,0
202108,999,29620, ,Lansing-East Lansing  MI ,6,6,1267,0,0,0,0,0,0,1,5,568,2,2,584,0,0,0,0,0,0,0,0,0
202108,999,29700, ,Laredo  TX ,117,117,17373,1,2,113,0,0,0,1,20,1223,0,0,0,0,0,0,0,0,0,0,0,0
202108,999,30020, ,Lawton  OK ,4,4,1168,0,0,0,0,0,0,0,0,0,0,0,0,0,0,0,0,0,0,0,0,0
202108,999,30300, ,Lewiston  ID-WA ,0,0,0,0,0,0,0,0,0,0,0,0,0,0,0,0,0,0,0,0,0,0,0,0
202108,999,30860, ,Logan  UT-ID ,26,26,8716,0,0,0,0,0,0,2,41,3260,26,26,8716,0,0,0,0,0,0,2,41,3260
202108,999,30980, ,Longview  TX ,25,25,5438,1,2,197,0,0,0,0,0,0,25,25,5438,1,2,197,0,0,0,0,0,0
202108,999,31340, ,Lynchburg  VA ,7,7,1754,0,0,0,0,0,0,1,15,389,5,5,1382,0,0,0,0,0,0,0,0,0
202108,999,31740, ,Manhattan  KS ,13,13,4482,0,0,0,0,0,0,0,0,0,11,11,3964,0,0,0,0,0,0,0,0,0
202108,999,33540,C,Missoula  MT ,38,38,9675,0,0,0,0,0,0,3,84,3509,38,38,9675,0,0,0,0,0,0,3,84,3509
202108,999,36100, ,Ocala  FL ,521,521,86025,0,0,0,0,0,0,0,0,0,521,521,86025,0,0,0,0,0,0,0,0,0
202108,999,36980, ,Owensboro  KY ,46,46,4217,0,0,0,0,0,0,0,0,0,45,45,4016,0,0,0,0,0,0,0,0,0
202108,999,37340, ,Palm Bay-Melbourne-Titusville  FL ,407,407,127612,0,0,0,0,0,0,12,300,22949,406,406,127181,0,0,0,0,0,0,12,300,22949
202108,999,37460, ,Panama City  FL ,86,86,24800,1,2,421,0,0,0,6,120,9399,0,0,0,0,0,0,0,0,0,0,0,0
202108,999,37900, ,Peoria  IL ,6,6,2113,0,0,0,0,0,0,0,0,0,1,1,600,0,0,0,0,0,0,0,0,0
202108,999,38340, ,Pittsfield  MA ,1,1,308,0,0,0,0,0,0,0,0,0,0,0,0,0,0,0,0,0,0,0,0,0
202108,999,38540, ,Pocatello  ID ,33,33,7690,1,2,261,0,0,0,0,0,0,24,24,6769,0,0,0,0,0,0,0,0,0
202108,999,39150, ,Prescott Valley-Prescott  AZ ,140,140,46844,1,2,390,0,0,0,1,40,5869,140,140,46844,1,2,390,0,0,0,1,40,5869
202108,999,40060, ,Richmond  VA ,397,397,88895,20,40,2750,1,3,807,10,761,53034,365,365,84215,20,40,2750,1,3,807,8,749,51687
202108,999,41100, ,St. George  UT ,190,190,39908,0,0,0,0,0,0,2,20,2349,184,184,38772,0,0,0,0,0,0,2,20,2349
202108,999,41500, ,Salinas  CA ,15,15,1920,0,0,0,0,0,0,0,0,0,15,15,1920,0,0,0,0,0,0,0,0,0
202108,999,41660,C,San Angelo  TX ,10,10,2175,0,0,0,0,0,0,0,0,0,10,10,2175,0,0,0,0,0,0,0,0,0
202108,999,41740,C,San Diego-Chula Vista-Carlsbad  CA ,323,323,92791,15,30,5275,15,48,10742,9,823,130402,311,311,91470,15,30,5275,15,48,10742,7,782,126398
202108,999,42020, ,San Luis Obispo-Paso Robles  CA ,14,14,7204,0,0,0,0,0,0,0,0,0,14,14,7204,0,0,0,0,0,0,0,0,0
202108,999,42200, ,Santa Maria-Santa Barbara  CA ,8,8,3633,0,0,0,0,0,0,0,0,0,8,8,3633,0,0,0,0,0,0,0,0,0
202108,999,42540, ,Scranton--Wilkes-Barre  PA ,1,1,219,0,0,0,0,0,0,0,0,0,0,0,0,0,0,0,0,0,0,0,0,0
202108,999,43100, ,Sheboygan  WI ,1,1,423,0,0,0,0,0,0,0,0,0,0,0,0,0,0,0,0,0,0,0,0,0
202108,999,43420, ,Sierra Vista-Douglas  AZ ,27,27,4291,0,0,0,0,0,0,0,0,0,5,5,700,0,0,0,0,0,0,0,0,0
202108,999,43580, ,Sioux City  IA-NE-SD ,12,12,3530,0,0,0,1,3,0,0,0,0,1,1,400,0,0,0,0,0,0,0,0,0
202108,999,43620, ,Sioux Falls  SD ,159,159,35901,3,6,837,10,34,5178,33,335,39376,159,159,35901,3,6,837,10,34,5178,33,335,39376
202108,999,44140, ,Springfield  MA ,1,1,237,0,0,0,0,0,0,0,0,0,0,0,0,0,0,0,0,0,0,0,0,0
202108,999,44180, ,Springfield  MO ,71,71,21878,0,0,0,0,0,0,0,0,0,71,71,21878,0,0,0,0,0,0,0,0,0
202108,999,44940, ,Sumter  SC ,26,26,3366,0,0,0,0,0,0,0,0,0,26,26,3366,0,0,0,0,0,0,0,0,0
202108,999,45220, ,Tallahassee  FL ,111,111,22698,0,0,0,0,0,0,5,149,19042,39,39,8483,0,0,0,0,0,0,0,0,0
202108,999,45300,C,Tampa-St. Petersburg-Clearwater  FL ,1502,1502,391583,1,2,450,3,12,2934,22,537,49890,1481,1481,388069,1,2,450,3,12,2934,20,527,47179
202108,999,45460, ,Terre Haute  IN ,2,2,422,3,6,827,0,0,0,0,0,0,0,0,0,2,4,630,0,0,0,0,0,0
202108,999,45500, ,Texarkana  TX-AR ,2,2,475,0,0,0,0,0,0,0,0,0,0,0,0,0,0,0,0,0,0,0,0,0
202108,999,45820, ,Topeka  KS ,38,38,9764,0,0,0,0,0,0,0,0,0,38,38,9764,0,0,0,0,0,0,0,0,0
202108,999,46220, ,Tuscaloosa  AL ,51,51,12926,0,0,0,3,10,661,1,63,11395,13,13,3815,0,0,0,0,0,0,0,0,0
202108,999,46300, ,Twin Falls  ID ,51,51,12877,2,4,745,0,0,0,0,0,0,40,40,10266,2,4,745,0,0,0,0,0,0
202108,999,46520,C,Urban Honolulu  HI ,102,102,35477,0,0,0,0,0,0,0,0,0,102,102,35477,0,0,0,0,0,0,0,0,0
202108,999,46540, ,Utica-Rome  NY ,2,2,443,0,0,0,0,0,0,0,0,0,2,2,443,0,0,0,0,0,0,0,0,0
202108,999,46660, ,Valdosta  GA ,87,87,15754,0,0,0,0,0,0,0,0,0,29,29,5972,0,0,0,0,0,0,0,0,0
202108,999,47300, ,Visalia  CA ,89,89,25489,0,0,0,0,0,0,0,0,0,89,89,25489,0,0,0,0,0,0,0,0,0
202108,999,47380, ,Waco  TX ,59,59,2906,5,10,810,0,0,0,0,0,0,59,59,2906,5,10,810,0,0,0,0,0,0
202108,999,47940, ,Waterloo-Cedar Falls  IA ,3,3,819,0,0,0,0,0,0,0,0,0,3,3,819,0,0,0,0,0,0,0,0,0
202108,999,48060, ,Watertown-Fort Drum  NY ,13,13,1766,0,0,0,0,0,0,0,0,0,2,2,400,0,0,0,0,0,0,0,0,0
202108,999,48300, ,Wenatchee  WA ,43,43,10841,0,0,0,0,0,0,0,0,0,14,14,5265,0,0,0,0,0,0,0,0,0
202108,999,48540, ,Wheeling  WV-OH ,0,0,0,0,0,0,0,0,0,0,0,0,0,0,0,0,0,0,0,0,0,0,0,0
202108,999,48660, ,Wichita Falls  TX ,1,1,40,0,0,0,0,0,0,0,0,0,1,1,40,0,0,0,0,0,0,0,0,0
202108,999,48900, ,Wilmington  NC ,130,130,42858,0,0,0,0,0,0,4,206,25802,0,0,0,0,0,0,0,0,0,0,0,0
202108,999,49420, ,Yakima  WA ,52,52,12492,1,2,239,0,0,0,0,0,0,52,52,12492,1,2,239,0,0,0,0,0,0
202108,999,49740, ,Yuma  AZ ,83,83,13692,1,2,202,0,0,0,0,0,0,83,83,13692,1,2,202,0,0,0,0,0,0
