Survey,CSA,CBSA,MONCOV,CBSA,,1-unit,,,2-units,,,3-4 units,,,5+ units,,,1-unit rep,,,2-units rep,,,3-4 units rep,,,5+ units rep
Date,Code,Code,,Name,Bldgs,Units,Value,Bldgs,Units,Value,Bldgs,Units,Value,Bldgs,Units,Value,Bldgs,Units,Value,Bldgs,Units,Value,      Bldgs,Units,Value,Bldgs,Units,Value
 
202106,104,10580,C,Albany-Schenectady-Troy  NY ,138,138,37627,1,2,300,3,10,1308,1,5,241,112,112,30619,0,0,0,3,10,1308,0,0,0
202106,104,24020, ,Glens Falls  NY ,33,33,9091,0,0,0,0,0,0,1,30,9307,24,24,6888,0,0,0,0,0,0,1,30,9307
202106,106,10740,C,Albuquerque  NM ,214,214,57923,0,0,0,0,0,0,15,162,2572,200,200,54441,0,0,0,0,0,0,14,155,2280
202106,106,42140,C,Santa Fe  NM ,27,27,7334,0,0,0,0,0,0,3,30,4208,0,0,0,0,0,0,0,0,0,0,0,0
202106,107,11020, ,Altoona  PA ,0,0,0,0,0,0,0,0,0,0,0,0,0,0,0,0,0,0,0,0,0,0,0,0
202106,108,11100, ,Amarillo  TX ,57,57,13637,0,0,0,0,0,0,0,0,0,57,57,13637,0,0,0,0,0,0,0,0,0
202106,118,11540, ,Appleton  WI ,63,63,21256,10,20,3640,0,0,0,0,0,0,54,54,19352,9,18,3382,0,0,0,0,0,0
202106,118,36780, ,Oshkosh-Neenah  WI ,28,28,6958,1,2,375,0,0,0,0,0,0,28,28,6958,1,2,375,0,0,0,0,0,0
202106,120,11700, ,Asheville  NC ,219,219,71616,1,2,600,0,0,0,5,109,10840,69,69,26454,1,2,600,0,0,0,0,0,0
202106,122,12020, ,Athens-Clarke County  GA ,21,21,9070,0,0,0,0,0,0,1,18,2307,21,21,9070,0,0,0,0,0,0,1,18,2307
202106,122,12060, ,Atlanta-Sandy Springs-Alpharetta  GA ,3102,3102,741755,8,16,3876,1,3,726,12,364,88017,2772,2772,657701,7,14,3666,0,0,0,8,315,80710
202106,122,23580, ,Gainesville  GA ,83,83,19723,0,0,0,1,3,498,0,0,0,14,14,3213,0,0,0,1,3,498,0,0,0
202106,122,40660,C,Rome  GA ,23,23,5322,0,0,0,0,0,0,0,0,0,23,23,5322,0,0,0,0,0,0,0,0,0
202106,140,13460,C,Bend  OR ,171,171,53748,4,8,1303,0,0,0,3,32,3405,171,171,53748,4,8,1303,0,0,0,3,32,3405
202106,142,13820,C,Birmingham-Hoover  AL ,285,285,97426,1,2,247,0,0,0,1,10,1008,176,176,71067,0,0,0,0,0,0,0,0,0
202106,144,14020,C,Bloomington  IN ,17,17,4844,0,0,0,0,0,0,1,181,25440,17,17,4844,0,0,0,0,0,0,1,181,25440
202106,145,14010, ,Bloomington  IL ,18,18,3973,1,2,146,0,0,0,0,0,0,11,11,2415,0,0,0,0,0,0,0,0,0
202106,146,14100,C,Bloomsburg-Berwick  PA ,9,9,2878,0,0,0,0,0,0,1,48,4445,7,7,2399,0,0,0,0,0,0,1,48,4445
202106,147,14260,C,Boise City  ID ,741,741,182776,3,6,1263,6,24,2321,8,328,37935,718,718,177575,3,6,1263,6,24,2321,8,328,37935
202106,148,12700, ,Barnstable Town  MA ,11,11,5481,0,0,0,0,0,0,0,0,0,5,5,2560,0,0,0,0,0,0,0,0,0
202106,148,14460,C,Boston-Cambridge-Newton  MA-NH ,483,483,161765,22,44,9084,11,36,8356,59,852,131779,240,240,90836,14,28,5142,10,33,7961,18,537,93779
202106,148,31700, ,Manchester-Nashua  NH ,32,32,8472,0,0,0,0,0,0,0,0,0,27,27,7180,0,0,0,0,0,0,0,0,0
202106,148,39300,C,Providence-Warwick  RI-MA ,164,164,39486,9,18,2126,15,58,6022,3,16,2211,75,75,19686,1,2,200,13,52,5560,2,11,1249
202106,148,49340, ,Worcester  MA-CT ,19,19,4931,0,0,0,0,0,0,0,0,0,18,18,4741,0,0,0,0,0,0,0,0,0
202106,150,14540, ,Bowling Green  KY ,99,99,21816,0,0,0,0,0,0,0,0,0,99,99,21816,0,0,0,0,0,0,0,0,0
202106,154,15180, ,Brownsville-Harlingen  TX ,120,120,12250,3,6,423,1,3,412,1,13,1071,0,0,0,0,0,0,0,0,0,0,0,0
202106,160,15380,C,Buffalo-Cheektowaga  NY ,125,125,46983,3,6,568,0,0,0,1,20,4485,104,104,40980,3,6,568,0,0,0,0,0,0
202106,162,15540, ,Burlington-South Burlington  VT ,26,26,8244,1,2,304,1,3,504,3,15,1551,6,6,1576,0,0,0,0,0,0,0,0,0
202106,163,15980,C,Cape Coral-Fort Myers  FL ,1178,1178,238777,9,18,2509,1,4,1216,7,169,12984,1178,1178,238777,9,18,2509,1,4,1216,7,169,12984
202106,163,34940, ,Naples-Marco Island  FL ,434,434,140193,0,0,0,6,21,5454,8,302,34304,434,434,140193,0,0,0,6,21,5454,8,302,34304
202106,164,16020, ,Cape Girardeau  MO-IL ,0,0,0,0,0,0,0,0,0,0,0,0,0,0,0,0,0,0,0,0,0,0,0,0
202106,168,16300, ,Cedar Rapids  IA ,38,38,6213,2,4,578,0,0,0,8,198,17160,38,38,6213,2,4,578,0,0,0,8,198,17160
202106,168,26980, ,Iowa City  IA ,25,25,5544,1,2,400,0,0,0,1,5,1126,23,23,5268,1,2,400,0,0,0,1,5,1126
202106,170,16620, ,Charleston  WV ,15,15,1347,0,0,0,0,0,0,1,40,4755,12,12,1188,0,0,0,0,0,0,1,40,4755
202106,170,26580, ,Huntington-Ashland  WV-KY-OH ,21,21,3593,0,0,0,0,0,0,0,0,0,2,2,380,0,0,0,0,0,0,0,0,0
202106,172,16740, ,Charlotte-Concord-Gastonia  NC-SC ,1642,1642,423725,0,0,0,0,0,0,30,1066,111974,1346,1346,321653,0,0,0,0,0,0,28,1049,110044
202106,174,16860, ,Chattanooga  TN-GA ,152,152,33478,5,10,808,1,3,174,4,64,5608,76,76,16822,0,0,0,0,0,0,2,20,1200
202106,174,17420, ,Cleveland  TN ,36,36,6628,0,0,0,2,8,560,0,0,0,13,13,2456,0,0,0,2,8,560,0,0,0
202106,176,16980, ,Chicago-Naperville-Elgin  IL-IN-WI ,928,928,278529,20,40,6388,31,100,18533,29,929,80004,737,737,228207,16,32,5129,27,87,16231,17,820,65701
202106,176,28100, ,Kankakee  IL ,0,0,0,0,0,0,0,0,0,0,0,0,0,0,0,0,0,0,0,0,0,0,0,0
202106,176,33140, ,Michigan City-La Porte  IN ,7,7,2262,0,0,0,0,0,0,0,0,0,6,6,2016,0,0,0,0,0,0,0,0,0
202106,178,17140, ,Cincinnati  OH-KY-IN ,501,501,151739,1,2,248,3,9,1500,9,380,35501,377,377,122173,1,2,248,3,9,1500,7,354,32973
202106,184,10420, ,Akron  OH ,45,45,29442,0,0,0,0,0,0,0,0,0,8,8,3683,0,0,0,0,0,0,0,0,0
202106,184,15940, ,Canton-Massillon  OH ,41,41,9715,3,6,944,0,0,0,1,6,461,35,35,9014,3,6,944,0,0,0,0,0,0
202106,184,17460, ,Cleveland-Elyria  OH ,275,275,82933,0,0,0,1,3,415,2,46,4455,202,202,69434,0,0,0,0,0,0,1,35,3900
202106,190,17860, ,Columbia  MO ,84,84,24105,1,2,265,0,0,0,5,128,17631,83,83,23871,1,2,265,0,0,0,5,128,17631
202106,192,17900,C,Columbia  SC ,569,569,124845,0,0,0,0,0,0,2,10,1467,331,331,61857,0,0,0,0,0,0,0,0,0
202106,194,12220,C,Auburn-Opelika  AL ,113,113,29421,0,0,0,1,4,1231,0,0,0,71,71,19312,0,0,0,1,4,1231,0,0,0
202106,194,17980, ,Columbus  GA-AL ,137,137,17629,0,0,0,0,0,0,1,44,6841,39,39,8190,0,0,0,0,0,0,0,0,0
202106,198,18140, ,Columbus  OH ,725,725,227854,0,0,0,1,4,425,8,125,16426,665,665,210489,0,0,0,0,0,0,5,103,14326
202106,204,18580, ,Corpus Christi  TX ,127,127,29525,0,0,0,0,0,0,0,0,0,116,116,27752,0,0,0,0,0,0,0,0,0
202106,206,19100, ,Dallas-Fort Worth-Arlington  TX ,4627,4627,1261263,28,56,7215,7,25,2657,58,2339,266095,3709,3709,1018501,20,40,5759,4,16,1271,44,1885,215652
202106,209,19340, ,Davenport-Moline-Rock Island  IA-IL ,30,30,8588,1,2,365,1,4,500,0,0,0,12,12,5395,1,2,365,1,4,500,0,0,0
202106,212,19430, ,Dayton-Kettering  OH ,124,124,45155,1,2,156,0,0,0,5,40,4866,86,86,36595,0,0,0,0,0,0,5,40,4866
202106,212,44220, ,Springfield  OH ,18,18,5689,0,0,0,0,0,0,0,0,0,18,18,5689,0,0,0,0,0,0,0,0,0
202106,216,14500, ,Boulder  CO ,48,48,19383,2,4,769,0,0,0,5,98,15077,5,5,3463,0,0,0,0,0,0,0,0,0
202106,216,19740,C,Denver-Aurora-Lakewood  CO ,1227,1227,372942,45,90,13499,22,84,15401,22,634,82194,1118,1118,340222,45,90,13499,22,84,15401,19,581,75426
202106,216,24540, ,Greeley  CO ,289,289,82396,1,2,344,5,17,3597,8,119,16323,141,141,40333,0,0,0,3,11,2411,4,84,11642
202106,218,11180, ,Ames  IA ,12,12,4955,0,0,0,0,0,0,0,0,0,12,12,4955,0,0,0,0,0,0,0,0,0
202106,218,19780, ,Des Moines-West Des Moines  IA ,386,386,112117,8,16,3124,0,0,0,2,182,18831,358,358,102789,8,16,3124,0,0,0,1,174,18000
202106,220,11460, ,Ann Arbor  MI ,58,58,18590,1,2,163,4,16,3862,1,5,550,45,45,14845,1,2,163,4,16,3862,0,0,0
202106,220,19820, ,Detroit-Warren-Dearborn  MI ,552,552,166804,4,8,1460,6,20,1557,13,415,42808,438,438,136896,2,4,1058,3,10,731,8,380,37645
202106,220,22420, ,Flint  MI ,22,22,5359,0,0,0,3,10,2063,0,0,0,14,14,3071,0,0,0,0,0,0,0,0,0
202106,220,33780, ,Monroe  MI ,0,0,0,0,0,0,0,0,0,0,0,0,0,0,0,0,0,0,0,0,0,0,0,0
202106,222,20020, ,Dothan  AL ,15,15,4623,0,0,0,0,0,0,0,0,0,15,15,4623,0,0,0,0,0,0,0,0,0
202106,232,20740, ,Eau Claire  WI ,41,41,12923,10,20,3679,0,0,0,4,36,4500,41,41,12923,10,20,3679,0,0,0,4,36,4500
202106,236,21300, ,Elmira  NY ,0,0,0,0,0,0,0,0,0,0,0,0,0,0,0,0,0,0,0,0,0,0,0,0
202106,238,21340,C,El Paso  TX ,242,242,56333,5,10,1233,0,0,0,2,13,1558,10,10,2392,0,0,0,0,0,0,0,0,0
202106,238,29740,C,Las Cruces  NM ,110,110,28565,0,0,0,0,0,0,1,7,492,25,25,7516,0,0,0,0,0,0,0,0,0
202106,240,21500, ,Erie  PA ,6,6,1520,1,2,352,0,0,0,0,0,0,5,5,1363,1,2,352,0,0,0,0,0,0
202106,244,22020, ,Fargo  ND-MN ,119,119,36551,0,0,0,0,0,0,1,57,7680,115,115,35411,0,0,0,0,0,0,1,57,7680
202106,246,22180, ,Fayetteville  NC ,155,155,26421,0,0,0,0,0,0,0,0,0,75,75,15184,0,0,0,0,0,0,0,0,0
202106,258,23060,C,Fort Wayne  IN ,160,160,44378,8,16,961,0,0,0,1,10,743,10,10,2837,0,0,0,0,0,0,0,0,0
202106,260,23420,C,Fresno  CA ,266,266,80889,4,8,1117,2,7,710,5,37,5066,19,19,5020,0,0,0,0,0,0,0,0,0
202106,260,31460, ,Madera  CA ,149,149,40856,0,0,0,0,0,0,0,0,0,149,149,40856,0,0,0,0,0,0,0,0,0
202106,264,23540, ,Gainesville  FL ,66,66,19025,0,0,0,0,0,0,1,91,3099,0,0,0,0,0,0,0,0,0,0,0,0
202106,266,24340, ,Grand Rapids-Kentwood  MI ,172,172,51668,1,2,678,4,12,2664,2,31,3228,134,134,43636,1,2,678,4,12,2664,0,0,0
202106,266,34740, ,Muskegon  MI ,2,2,553,0,0,0,0,0,0,0,0,0,2,2,553,0,0,0,0,0,0,0,0,0
202106,267,24580, ,Green Bay  WI ,76,76,25497,0,0,0,0,0,0,3,34,4333,50,50,17802,0,0,0,0,0,0,0,0,0
202106,268,15500, ,Burlington  NC ,121,121,15311,0,0,0,0,0,0,0,0,0,121,121,15311,0,0,0,0,0,0,0,0,0
202106,268,24660,C,Greensboro-High Point  NC ,249,249,57711,2,4,330,0,0,0,2,42,5771,182,182,33540,2,4,330,0,0,0,2,42,5771
202106,268,49180, ,Winston-Salem  NC ,223,223,49241,0,0,0,0,0,0,1,5,197,202,202,44349,0,0,0,0,0,0,0,0,0
202106,272,24780, ,Greenville  NC ,18,18,4333,4,8,1027,0,0,0,0,0,0,18,18,4333,4,8,1027,0,0,0,0,0,0
202106,273,24860, ,Greenville-Anderson  SC ,1367,1367,194437,30,60,693,3,12,560,21,488,42672,1359,1359,192987,30,60,693,3,12,560,21,488,42672
202106,273,43900, ,Spartanburg  SC ,308,308,49889,0,0,0,0,0,0,0,0,0,0,0,0,0,0,0,0,0,0,0,0,0
202106,276,23900,C,Gettysburg  PA ,28,28,5625,0,0,0,0,0,0,0,0,0,28,28,5625,0,0,0,0,0,0,0,0,0
202106,276,25420,C,Harrisburg-Carlisle  PA ,103,103,23562,0,0,0,0,0,0,1,7,585,75,75,17540,0,0,0,0,0,0,1,7,585
202106,276,30140, ,Lebanon  PA ,13,13,2692,0,0,0,0,0,0,0,0,0,13,13,2692,0,0,0,0,0,0,0,0,0
202106,276,49620, ,York-Hanover  PA ,23,23,4877,0,0,0,0,0,0,0,0,0,19,19,3819,0,0,0,0,0,0,0,0,0
202106,277,25500,C,Harrisonburg  VA ,65,65,20308,1,2,240,0,0,0,0,0,0,65,65,20308,1,2,240,0,0,0,0,0,0
202106,277,44420, ,Staunton  VA ,18,18,4013,0,0,0,0,0,0,1,48,4970,18,18,4013,0,0,0,0,0,0,1,48,4970
202106,278,25540,C,Hartford-East Hartford-Middletown  CT ,84,84,21101,1,2,200,1,3,427,4,27,2034,62,62,16431,0,0,0,1,3,427,0,0,0
202106,278,35980, ,Norwich-New London  CT ,13,13,3354,0,0,0,0,0,0,0,0,0,6,6,2013,0,0,0,0,0,0,0,0,0
202106,279,25620, ,Hattiesburg  MS ,5,5,1304,0,0,0,0,0,0,0,0,0,5,5,1304,0,0,0,0,0,0,0,0,0
202106,284,26300, ,Hot Springs  AR ,7,7,1605,0,0,0,0,0,0,0,0,0,7,7,1605,0,0,0,0,0,0,0,0,0
202106,288,26420, ,Houston-The Woodlands-Sugar Land  TX ,4789,4789,1140563,32,64,7291,0,0,0,16,767,71804,4324,4324,1028934,32,64,7291,0,0,0,13,729,67985
202106,290,19460, ,Decatur  AL ,18,18,4315,0,0,0,0,0,0,0,0,0,12,12,3185,0,0,0,0,0,0,0,0,0
202106,290,26620,C,Huntsville  AL ,412,412,76153,1,2,169,0,0,0,1,6,700,46,46,17154,0,0,0,0,0,0,0,0,0
202106,292,26820, ,Idaho Falls  ID ,95,95,21107,0,0,0,3,12,1395,0,0,0,94,94,20926,0,0,0,3,12,1395,0,0,0
202106,294,18020, ,Columbus  IN ,32,32,9897,0,0,0,0,0,0,0,0,0,32,32,9897,0,0,0,0,0,0,0,0,0
202106,294,26900, ,Indianapolis-Carmel-Anderson  IN ,1017,1017,351680,25,50,10487,5,20,5420,10,415,38171,953,953,333700,25,50,10487,5,20,5420,10,415,38171
202106,294,34620, ,Muncie  IN ,2,2,427,0,0,0,0,0,0,0,0,0,2,2,427,0,0,0,0,0,0,0,0,0
202106,296,27060, ,Ithaca  NY ,2,2,572,0,0,0,0,0,0,0,0,0,0,0,0,0,0,0,0,0,0,0,0,0
202106,297,27180, ,Jackson  TN ,18,18,4579,0,0,0,0,0,0,0,0,0,0,0,0,0,0,0,0,0,0,0,0,0
202106,298,27140, ,Jackson  MS ,76,76,22343,0,0,0,0,0,0,0,0,0,54,54,15414,0,0,0,0,0,0,0,0,0
202106,300,27260,C,Jacksonville  FL ,1812,1812,437960,1,2,257,1,4,808,6,193,20839,1571,1571,378247,1,2,257,1,4,808,4,146,18187
202106,304,27740, ,Johnson City  TN ,10,10,2386,0,0,0,0,0,0,0,0,0,10,10,2386,0,0,0,0,0,0,0,0,0
202106,304,28700, ,Kingsport-Bristol  TN-VA ,1,1,263,0,0,0,0,0,0,0,0,0,0,0,0,0,0,0,0,0,0,0,0,0
202106,306,27780, ,Johnstown  PA ,0,0,0,0,0,0,0,0,0,0,0,0,0,0,0,0,0,0,0,0,0,0,0,0
202106,308,27860, ,Jonesboro  AR ,59,59,9654,3,6,412,4,15,778,1,7,395,8,8,1661,0,0,0,0,0,0,0,0,0
202106,309,27900, ,Joplin  MO ,28,28,3986,1,2,275,0,0,0,0,0,0,28,28,3986,1,2,275,0,0,0,0,0,0
202106,310,12980, ,Battle Creek  MI ,1,1,278,0,0,0,0,0,0,0,0,0,0,0,0,0,0,0,0,0,0,0,0,0
202106,310,28020, ,Kalamazoo-Portage  MI ,21,21,5296,0,0,0,0,0,0,0,0,0,0,0,0,0,0,0,0,0,0,0,0,0
202106,312,28140, ,Kansas City  MO-KS ,611,611,196726,12,24,5365,3,11,1561,7,45,4178,569,569,183275,11,22,5074,3,11,1561,7,45,4178
202106,312,29940, ,Lawrence  KS ,13,13,3987,0,0,0,0,0,0,0,0,0,13,13,3987,0,0,0,0,0,0,0,0,0
202106,312,41140, ,St. Joseph  MO-KS ,0,0,0,0,0,0,0,0,0,0,0,0,0,0,0,0,0,0,0,0,0,0,0,0
202106,313,28420,C,Kennewick-Richland  WA ,176,176,53114,0,0,0,0,0,0,1,5,313,67,67,22799,0,0,0,0,0,0,0,0,0
202106,313,47460, ,Walla Walla  WA ,14,14,4236,2,4,577,0,0,0,0,0,0,13,13,4136,2,4,577,0,0,0,0,0,0
202106,315,28940, ,Knoxville  TN ,349,349,93978,0,0,0,0,0,0,4,81,8322,321,321,89703,0,0,0,0,0,0,2,48,5662
202106,316,29020, ,Kokomo  IN ,6,6,1540,0,0,0,0,0,0,0,0,0,6,6,1540,0,0,0,0,0,0,0,0,0
202106,318,29180, ,Lafayette  LA ,248,248,45873,0,0,0,0,0,0,0,0,0,140,140,19312,0,0,0,0,0,0,0,0,0
202106,320,29200, ,Lafayette-West Lafayette  IN ,42,42,11459,0,0,0,0,0,0,2,58,6582,2,2,749,0,0,0,0,0,0,0,0,0
202106,324,29340, ,Lake Charles  LA ,64,64,11943,2,4,297,0,0,0,0,0,0,10,10,1795,1,2,200,0,0,0,0,0,0
202106,332,29820,C,Las Vegas-Henderson-Paradise  NV ,1073,1073,288980,32,64,5002,15,51,5832,3,15,1457,773,773,208281,5,10,2281,4,16,2680,0,0,0
202106,336,30460,C,Lexington-Fayette  KY ,146,146,38566,0,0,0,4,14,1370,3,78,7397,50,50,18353,0,0,0,2,8,485,0,0,0
202106,338,30620, ,Lima  OH ,1,1,373,0,0,0,0,0,0,0,0,0,0,0,0,0,0,0,0,0,0,0,0,0
202106,339,30700, ,Lincoln  NE ,117,117,26685,2,4,563,0,0,0,2,69,7831,9,9,1900,0,0,0,0,0,0,0,0,0
202106,340,30780, ,Little Rock-North Little Rock-Conway  AR ,172,172,38431,6,12,1299,0,0,0,2,42,3072,87,87,23446,5,10,1180,0,0,0,0,0,0
202106,340,38220, ,Pine Bluff  AR ,1,1,146,0,0,0,0,0,0,0,0,0,0,0,0,0,0,0,0,0,0,0,0,0
202106,348,31080,C,Los Angeles-Long Beach-Anaheim  CA ,934,934,287912,58,116,25166,6,19,4917,27,865,162502,665,665,189888,54,108,22606,4,13,3538,16,687,136368
202106,348,37100, ,Oxnard-Thousand Oaks-Ventura  CA ,17,17,4177,0,0,0,0,0,0,4,245,37527,16,16,3921,0,0,0,0,0,0,1,210,33443
202106,348,40140, ,Riverside-San Bernardino-Ontario  CA ,1010,1010,264178,12,24,4613,8,26,8344,20,230,26109,948,948,249538,12,24,4613,8,26,8344,17,215,25209
202106,350,21060, ,Elizabethtown-Fort Knox  KY ,41,41,9402,0,0,0,0,0,0,0,0,0,30,30,7189,0,0,0,0,0,0,0,0,0
202106,350,31140, ,Louisville-Jefferson County  KY-IN ,305,305,80432,2,4,651,0,0,0,1,5,1593,144,144,47248,0,0,0,0,0,0,0,0,0
202106,352,31180, ,Lubbock  TX ,211,211,44897,13,26,2855,0,0,0,14,153,14842,13,13,4516,0,0,0,0,0,0,0,0,0
202106,356,31420, ,Macon-Bibb County  GA ,39,39,7974,0,0,0,0,0,0,0,0,0,0,0,0,0,0,0,0,0,0,0,0,0
202106,356,47580, ,Warner Robins  GA ,122,122,23646,1,2,207,0,0,0,0,0,0,97,97,17502,1,2,207,0,0,0,0,0,0
202106,357,27500, ,Janesville-Beloit  WI ,22,22,5773,0,0,0,0,0,0,0,0,0,11,11,2745,0,0,0,0,0,0,0,0,0
202106,357,31540, ,Madison  WI ,162,162,59523,10,20,4977,0,0,0,8,322,54929,108,108,43082,5,10,2746,0,0,0,4,251,44800
202106,359,31860, ,Mankato  MN ,12,12,4626,0,0,0,1,4,1500,0,0,0,11,11,4351,0,0,0,1,4,1500,0,0,0
202106,365,32580,C,McAllen-Edinburg-Mission  TX ,492,492,86890,11,22,1674,7,28,2873,1,22,975,442,442,80214,7,14,1267,7,28,2873,1,22,975
202106,366,32780, ,Medford  OR ,51,51,13900,0,0,0,0,0,0,1,15,1974,51,51,13900,0,0,0,0,0,0,1,15,1974
202106,368,32820, ,Memphis  TN-MS-AR ,371,371,78964,0,0,0,0,0,0,3,148,26475,265,265,63065,0,0,0,0,0,0,2,143,25866
202106,370,33100, ,Miami-Fort Lauderdale-Pompano Beach  FL ,736,736,283280,19,38,5421,1,4,1023,26,901,160039,615,615,230131,19,38,5421,1,4,1023,15,737,135492
202106,370,38940, ,Port St. Lucie  FL ,501,501,118173,11,22,3592,0,0,0,8,284,38339,501,501,118173,11,22,3592,0,0,0,8,284,38339
202106,370,42680, ,Sebastian-Vero Beach  FL ,138,138,52257,1,2,281,0,0,0,0,0,0,138,138,52257,1,2,281,0,0,0,0,0,0
202106,372,33260, ,Midland  TX ,96,96,18822,0,0,0,0,0,0,0,0,0,96,96,18822,0,0,0,0,0,0,0,0,0
202106,372,36220,C,Odessa  TX ,97,97,22727,0,0,0,0,0,0,1,29,3476,0,0,0,0,0,0,0,0,0,0,0,0
202106,376,33340,C,Milwaukee-Waukesha  WI ,166,166,73150,16,32,7779,0,0,0,11,89,12008,125,125,57106,16,32,7779,0,0,0,8,50,6917
202106,376,39540, ,Racine  WI ,9,9,3534,0,0,0,0,0,0,0,0,0,9,9,3534,0,0,0,0,0,0,0,0,0
202106,378,33460, ,Minneapolis-St. Paul-Bloomington  MN-WI ,1055,1055,345268,12,24,4810,3,10,2237,25,918,111283,924,924,303688,11,22,4410,2,7,1480,21,842,102664
202106,378,41060, ,St. Cloud  MN ,1,1,330,0,0,0,0,0,0,0,0,0,0,0,0,0,0,0,0,0,0,0,0,0
202106,380,19300, ,Daphne-Fairhope-Foley  AL ,309,309,76458,0,0,0,0,0,0,1,5,260,169,169,47499,0,0,0,0,0,0,0,0,0
202106,380,33660, ,Mobile  AL ,86,86,19925,0,0,0,0,0,0,0,0,0,34,34,7458,0,0,0,0,0,0,0,0,0
202106,384,33740, ,Monroe  LA ,30,30,6896,0,0,0,1,3,472,1,5,579,21,21,5024,0,0,0,0,0,0,0,0,0
202106,388,33860, ,Montgomery  AL ,77,77,17053,1,2,90,0,0,0,0,0,0,47,47,12580,0,0,0,0,0,0,0,0,0
202106,390,34060, ,Morgantown  WV ,1,1,217,0,0,0,0,0,0,0,0,0,0,0,0,0,0,0,0,0,0,0,0,0
202106,396,34820, ,Myrtle Beach-Conway-North Myrtle Beach  SC-NC ,972,972,201550,6,12,1521,3,9,1027,1,5,250,886,886,175843,6,12,1521,3,9,1027,0,0,0
202106,400,34980, ,Nashville-Davidson--Murfreesboro--Franklin  TN ,1526,1526,427014,1,2,210,4,15,1787,20,1721,49349,1226,1226,368085,0,0,0,2,7,944,16,1693,47009
202106,406,25220, ,Hammond  LA ,62,62,10305,0,0,0,0,0,0,0,0,0,54,54,9128,0,0,0,0,0,0,0,0,0
202106,406,35380, ,New Orleans-Metairie  LA ,414,414,96009,15,30,3300,0,0,0,1,48,8574,323,323,74049,2,4,322,0,0,0,0,0,0
202106,408,14860,C,Bridgeport-Stamford-Norwalk  CT ,63,63,34438,2,4,940,1,3,675,3,24,3437,36,36,17729,1,2,783,1,3,675,0,0,0
202106,408,20700, ,East Stroudsburg  PA ,19,19,5700,0,0,0,0,0,0,0,0,0,15,15,4580,0,0,0,0,0,0,0,0,0
202106,408,28740, ,Kingston  NY ,2,2,707,0,0,0,0,0,0,0,0,0,1,1,150,0,0,0,0,0,0,0,0,0
202106,408,35300, ,New Haven-Milford  CT ,18,18,3611,4,8,740,0,0,0,1,12,767,6,6,1286,4,8,740,0,0,0,0,0,0
202106,408,35620,C,New York-Newark-Jersey City  NY-NJ-PA ,1194,1194,355586,86,172,22166,26,82,7191,148,3867,428910,882,882,279566,68,136,18262,17,55,5909,89,3015,330166
202106,408,39100, ,Poughkeepsie-Newburgh-Middletown  NY ,22,22,5871,0,0,0,0,0,0,2,172,28377,8,8,2739,0,0,0,0,0,0,2,172,28377
202106,408,45940,C,Trenton-Princeton  NJ ,31,31,4153,0,0,0,0,0,0,5,25,1311,17,17,1592,0,0,0,0,0,0,4,20,970
202106,412,35840,C,North Port-Sarasota-Bradenton  FL ,1257,1257,342603,18,36,3733,2,8,958,5,64,8934,1257,1257,342603,18,36,3733,2,8,958,5,64,8934
202106,412,39460, ,Punta Gorda  FL ,386,386,112624,12,24,3401,2,8,2354,1,30,5304,386,386,112624,12,24,3401,2,8,2354,1,30,5304
202106,416,36420,C,Oklahoma City  OK ,744,744,180211,10,20,1794,0,0,0,1,11,2500,235,235,73765,3,6,750,0,0,0,1,11,2500
202106,420,36540, ,Omaha-Council Bluffs  NE-IA ,366,366,79213,0,0,0,0,0,0,11,112,11786,332,332,68579,0,0,0,0,0,0,10,107,11156
202106,422,19660, ,Deltona-Daytona Beach-Ormond Beach  FL ,668,668,147996,18,36,5764,0,0,0,1,17,2102,647,647,140689,18,36,5764,0,0,0,0,0,0
202106,422,29460, ,Lakeland-Winter Haven  FL ,773,773,178585,2,4,542,0,0,0,1,24,5471,592,592,130278,2,4,542,0,0,0,1,24,5471
202106,422,36740, ,Orlando-Kissimmee-Sanford  FL ,1672,1672,422484,14,28,5591,5,19,1691,22,1595,191704,1425,1425,354582,14,28,5591,5,19,1691,17,1513,184328
202106,422,45540,C,The Villages  FL ,366,366,99185,0,0,0,0,0,0,0,0,0,365,365,98996,0,0,0,0,0,0,0,0,0
202106,425,37620, ,Parkersburg-Vienna  WV ,7,7,804,0,0,0,0,0,0,0,0,0,7,7,804,0,0,0,0,0,0,0,0,0
202106,426,37860,C,Pensacola-Ferry Pass-Brent  FL ,189,189,45217,100,200,14061,6,21,1022,40,296,29875,189,189,45217,100,200,14061,6,21,1022,40,296,29875
202106,428,12100,C,Atlantic City-Hammonton  NJ ,47,47,10539,0,0,0,0,0,0,1,13,1628,36,36,6116,0,0,0,0,0,0,0,0,0
202106,428,20100,C,Dover  DE ,151,151,23080,9,18,1787,0,0,0,0,0,0,27,27,4717,9,18,1787,0,0,0,0,0,0
202106,428,36140,C,Ocean City  NJ ,65,65,17118,5,10,3761,1,4,640,0,0,0,60,60,15364,5,10,3761,1,4,640,0,0,0
202106,428,37980,C,Philadelphia-Camden-Wilmington  PA-NJ-DE-MD ,818,818,165794,21,42,8378,19,65,7317,32,470,56325,377,377,86601,2,4,2500,3,11,513,5,31,4085
202106,428,39740, ,Reading  PA ,1,1,266,0,0,0,0,0,0,0,0,0,0,0,0,0,0,0,0,0,0,0,0,0
202106,428,47220,C,Vineland-Bridgeton  NJ ,17,17,1939,0,0,0,0,0,0,0,0,0,14,14,1729,0,0,0,0,0,0,0,0,0
202106,429,38060,C,Phoenix-Mesa-Chandler  AZ ,3150,3150,736197,28,56,8798,7,25,5700,36,1308,207219,2951,2951,691706,27,54,8539,7,25,5700,33,1167,184805
202106,430,38300, ,Pittsburgh  PA ,151,151,46974,1,2,182,0,0,0,4,74,10273,74,74,26478,0,0,0,0,0,0,1,5,810
202106,430,48260, ,Weirton-Steubenville  WV-OH ,0,0,0,0,0,0,0,0,0,0,0,0,0,0,0,0,0,0,0,0,0,0,0,0
202106,438,30340, ,Lewiston-Auburn  ME ,8,8,1394,1,2,200,0,0,0,0,0,0,6,6,1005,0,0,0,0,0,0,0,0,0
202106,438,38860, ,Portland-South Portland  ME ,165,165,49294,6,12,2443,1,3,250,11,156,22948,76,76,23871,5,10,2068,0,0,0,10,151,22600
202106,440,10540, ,Albany-Lebanon  OR ,32,32,7581,2,4,698,0,0,0,5,36,4295,0,0,0,0,0,0,0,0,0,0,0,0
202106,440,18700, ,Corvallis  OR ,13,13,3433,0,0,0,0,0,0,0,0,0,13,13,3433,0,0,0,0,0,0,0,0,0
202106,440,31020, ,Longview  WA ,27,27,6580,0,0,0,0,0,0,0,0,0,0,0,0,0,0,0,0,0,0,0,0,0
202106,440,38900, ,Portland-Vancouver-Hillsboro  OR-WA ,716,716,212784,5,10,1777,10,40,4586,11,235,39638,515,515,155197,4,8,1298,9,36,3887,6,162,30424
202106,440,41420, ,Salem  OR ,51,51,16754,0,0,0,0,0,0,0,0,0,51,51,16754,0,0,0,0,0,0,0,0,0
202106,444,39380,C,Pueblo  CO ,66,66,10868,0,0,0,0,0,0,0,0,0,66,66,10868,0,0,0,0,0,0,0,0,0
202106,450,20500,C,Durham-Chapel Hill  NC ,369,369,110052,2,4,455,0,0,0,4,103,29333,300,300,86953,2,4,455,0,0,0,3,93,27857
202106,450,39580,C,Raleigh-Cary  NC ,1410,1410,328478,0,0,0,1,3,488,8,478,53393,936,936,240470,0,0,0,0,0,0,8,478,53393
202106,452,39660, ,Rapid City  SD ,55,55,14778,0,0,0,3,12,1320,2,10,1500,55,55,14778,0,0,0,3,12,1320,2,10,1500
202106,454,39820, ,Redding  CA ,18,18,5065,0,0,0,0,0,0,0,0,0,18,18,5065,0,0,0,0,0,0,0,0,0
202106,456,16180,C,Carson City  NV ,18,18,4742,0,0,0,1,3,382,1,7,699,0,0,0,0,0,0,0,0,0,0,0,0
202106,456,39900,C,Reno  NV ,205,205,56936,3,6,630,2,6,787,12,182,22964,15,15,3260,0,0,0,0,0,0,0,0,0
202106,462,40340, ,Rochester  MN ,33,33,11335,0,0,0,0,0,0,0,0,0,33,33,11335,0,0,0,0,0,0,0,0,0
202106,464,40380, ,Rochester  NY ,139,139,37706,0,0,0,0,0,0,7,99,10674,109,109,29826,0,0,0,0,0,0,3,26,2461
202106,466,40420, ,Rockford  IL ,4,4,1155,0,0,0,0,0,0,0,0,0,4,4,1155,0,0,0,0,0,0,0,0,0
202106,472,40900,C,Sacramento-Roseville-Folsom  CA ,911,911,258548,1,2,253,3,12,1370,23,310,45125,894,894,253574,1,2,253,3,12,1370,22,299,41378
202106,474,13020, ,Bay City  MI ,0,0,0,0,0,0,0,0,0,0,0,0,0,0,0,0,0,0,0,0,0,0,0,0
202106,474,33220, ,Midland  MI ,6,6,724,0,0,0,0,0,0,0,0,0,6,6,724,0,0,0,0,0,0,0,0,0
202106,474,40980, ,Saginaw  MI ,4,4,1220,0,0,0,0,0,0,0,0,0,4,4,1220,0,0,0,0,0,0,0,0,0
202106,476,41180, ,St. Louis  MO-IL ,487,487,147258,4,8,1300,0,0,0,5,57,9210,370,370,102658,3,6,1067,0,0,0,1,20,5800
202106,480,41540, ,Salisbury  MD-DE ,390,390,61161,4,8,945,0,0,0,0,0,0,379,379,59099,4,8,945,0,0,0,0,0,0
202106,482,36260, ,Ogden-Clearfield  UT ,375,375,99093,2,4,840,4,14,2471,6,279,33636,299,299,77346,1,2,416,0,0,0,3,250,30358
202106,482,39340, ,Provo-Orem  UT ,737,737,214918,4,8,1290,5,20,3832,28,384,48739,733,733,213361,4,8,1290,5,20,3832,28,384,48739
202106,482,41620, ,Salt Lake City  UT ,486,486,122401,4,8,727,17,59,8855,24,487,66521,330,330,74997,1,2,300,14,48,6900,14,152,19032
202106,484,41700,C,San Antonio-New Braunfels  TX ,1270,1270,298010,2,4,514,0,0,0,11,543,80916,1159,1159,277707,2,4,514,0,0,0,10,538,79851
202106,488,32900, ,Merced  CA ,17,17,4261,0,0,0,0,0,0,0,0,0,7,7,2099,0,0,0,0,0,0,0,0,0
202106,488,33700, ,Modesto  CA ,4,4,1053,0,0,0,0,0,0,0,0,0,4,4,1053,0,0,0,0,0,0,0,0,0
202106,488,41860,C,San Francisco-Oakland-Berkeley  CA ,270,270,118847,3,6,2785,2,6,1666,25,807,227876,122,122,67580,0,0,0,0,0,0,10,625,191936
202106,488,41940,C,San Jose-Sunnyvale-Santa Clara  CA ,159,159,58247,1,2,940,0,0,0,3,65,11829,124,124,42821,1,2,940,0,0,0,0,0,0
202106,488,42100, ,Santa Cruz-Watsonville  CA ,5,5,959,0,0,0,0,0,0,0,0,0,0,0,0,0,0,0,0,0,0,0,0,0
202106,488,42220, ,Santa Rosa-Petaluma  CA ,109,109,35132,4,8,1053,0,0,0,4,122,26563,89,89,31333,4,8,1053,0,0,0,3,117,25729
202106,488,44700, ,Stockton  CA ,228,228,69591,0,0,0,0,0,0,2,39,4923,178,178,55184,0,0,0,0,0,0,1,16,2017
202106,488,46700, ,Vallejo  CA ,99,99,32903,0,0,0,0,0,0,23,220,47120,99,99,32903,0,0,0,0,0,0,23,220,47120
202106,496,25980, ,Hinesville  GA ,42,42,10473,0,0,0,0,0,0,0,0,0,42,42,10473,0,0,0,0,0,0,0,0,0
202106,496,42340, ,Savannah  GA ,220,220,55709,0,0,0,0,0,0,15,342,33472,163,163,43321,0,0,0,0,0,0,10,316,31600
202106,500,14740,C,Bremerton-Silverdale-Port Orchard  WA ,100,100,31347,0,0,0,0,0,0,0,0,0,100,100,31347,0,0,0,0,0,0,0,0,0
202106,500,34580, ,Mount Vernon-Anacortes  WA ,14,14,5153,0,0,0,4,16,3900,1,6,950,14,14,5153,0,0,0,4,16,3900,1,6,950
202106,500,36500, ,Olympia-Lacey-Tumwater  WA ,70,70,8772,0,0,0,1,4,808,5,173,12584,56,56,5613,0,0,0,1,4,808,4,168,12372
202106,500,42660,C,Seattle-Tacoma-Bellevue  WA ,667,667,237144,30,60,16426,38,130,39857,39,852,128998,525,525,188282,28,56,15584,37,127,39207,30,666,107603
202106,508,43340,C,Shreveport-Bossier City  LA ,89,89,23171,0,0,0,0,0,0,0,0,0,83,83,21758,0,0,0,0,0,0,0,0,0
202106,515,21140, ,Elkhart-Goshen  IN ,30,30,7977,0,0,0,0,0,0,0,0,0,0,0,0,0,0,0,0,0,0,0,0,0
202106,515,35660, ,Niles  MI ,1,1,297,0,0,0,0,0,0,0,0,0,0,0,0,0,0,0,0,0,0,0,0,0
202106,515,43780, ,South Bend-Mishawaka  IN-MI ,32,32,10408,0,0,0,0,0,0,0,0,0,32,32,10408,0,0,0,0,0,0,0,0,0
202106,518,17660, ,Coeur dAlene  ID ,127,127,20386,1,2,378,0,0,0,1,19,2041,98,98,13391,0,0,0,0,0,0,0,0,0
202106,518,44060, ,Spokane-Spokane Valley  WA ,159,159,39282,6,12,2268,6,19,2427,8,158,16080,26,26,7790,5,10,1971,5,16,2039,4,111,9906
202106,522,44100, ,Springfield  IL ,8,8,2489,3,6,1078,0,0,0,1,5,292,0,0,0,0,0,0,0,0,0,0,0,0
202106,524,44300, ,State College  PA ,12,12,4779,0,0,0,0,0,0,0,0,0,9,9,4175,0,0,0,0,0,0,0,0,0
202106,532,45060, ,Syracuse  NY ,24,24,6301,0,0,0,0,0,0,1,24,1100,23,23,5954,0,0,0,0,0,0,1,24,1100
202106,534,45780, ,Toledo  OH ,63,63,19133,1,2,400,4,16,1674,1,32,2014,62,62,19022,1,2,400,4,16,1674,0,0,0
202106,536,46060,C,Tucson  AZ ,516,516,142143,2,4,476,0,0,0,5,69,10352,415,415,116436,0,0,0,0,0,0,0,0,0
202106,538,46140,C,Tulsa  OK ,382,382,85614,1,2,220,0,0,0,3,41,4249,288,288,64720,0,0,0,0,0,0,0,0,0
202106,540,46340, ,Tyler  TX ,16,16,3828,0,0,0,1,3,405,0,0,0,16,16,3828,0,0,0,1,3,405,0,0,0
202106,545,47260, ,Virginia Beach-Norfolk-Newport News  VA-NC ,394,394,94279,2,4,900,6,22,3088,7,275,21455,335,335,86507,2,4,900,6,22,3088,6,270,21081
202106,548,12580,C,Baltimore-Columbia-Towson  MD ,420,420,100885,0,0,0,0,0,0,2,153,27628,404,404,97484,0,0,0,0,0,0,0,0,0
202106,548,15680,C,California-Lexington Park  MD ,39,39,5957,9,18,2408,0,0,0,0,0,0,4,4,1304,0,0,0,0,0,0,0,0,0
202106,548,16540,C,Chambersburg-Waynesboro  PA ,21,21,5813,2,4,760,0,0,0,0,0,0,17,17,4853,2,4,760,0,0,0,0,0,0
202106,548,25180, ,Hagerstown-Martinsburg  MD-WV ,159,159,43285,1,2,380,0,0,0,0,0,0,151,151,42235,1,2,380,0,0,0,0,0,0
202106,548,47900, ,Washington-Arlington-Alexandria  DC-VA-MD-WV ,1229,1229,309918,3,6,771,1,3,405,23,840,77035,1099,1099,277961,3,6,771,1,3,405,19,767,68492
202106,548,49020, ,Winchester  VA-WV ,100,100,26791,0,0,0,0,0,0,0,0,0,100,100,26791,0,0,0,0,0,0,0,0,0
202106,554,48140, ,Wausau-Weston  WI ,22,22,6063,3,6,1670,0,0,0,0,0,0,14,14,4156,3,6,1670,0,0,0,0,0,0
202106,556,48620, ,Wichita  KS ,115,115,40742,12,24,2050,1,4,700,0,0,0,115,115,40742,12,24,2050,1,4,700,0,0,0
202106,558,48700, ,Williamsport  PA ,1,1,100,0,0,0,0,0,0,0,0,0,1,1,100,0,0,0,0,0,0,0,0,0
202106,566,49660, ,Youngstown-Warren-Boardman  OH-PA ,27,27,5165,1,2,212,0,0,0,0,0,0,18,18,3633,0,0,0,0,0,0,0,0,0
202106,999,10180, ,Abilene  TX ,48,48,10440,4,8,787,0,0,0,5,241,28700,48,48,10440,4,8,787,0,0,0,5,241,28700
202106,999,10500, ,Albany  GA ,14,14,690,0,0,0,0,0,0,1,15,2110,12,12,196,0,0,0,0,0,0,0,0,0
202106,999,10780, ,Alexandria  LA ,21,21,5163,0,0,0,0,0,0,0,0,0,12,12,2792,0,0,0,0,0,0,0,0,0
202106,999,10900, ,Allentown-Bethlehem-Easton  PA-NJ ,55,55,14043,0,0,0,0,0,0,3,15,1212,42,42,12295,0,0,0,0,0,0,0,0,0
202106,999,11260,C,Anchorage  AK ,79,79,24600,0,0,0,1,4,688,2,19,2854,6,6,1289,0,0,0,0,0,0,0,0,0
202106,999,11500, ,Anniston-Oxford  AL ,2,2,320,0,0,0,0,0,0,0,0,0,1,1,240,0,0,0,0,0,0,0,0,0
202106,999,12260, ,Augusta-Richmond County  GA-SC ,331,331,69028,0,0,0,1,4,239,0,0,0,142,142,33692,0,0,0,1,4,239,0,0,0
202106,999,12420, ,Austin-Round Rock-Georgetown  TX ,2346,2346,516643,41,82,14068,0,0,0,24,2939,350365,1808,1808,396624,41,82,14068,0,0,0,23,2933,349811
202106,999,12540, ,Bakersfield  CA ,155,155,39891,0,0,0,2,7,448,1,13,1859,154,154,39727,0,0,0,2,7,448,1,13,1859
202106,999,12620, ,Bangor  ME ,12,12,3801,2,4,1089,2,8,900,0,0,0,12,12,3801,2,4,1089,2,8,900,0,0,0
202106,999,12940, ,Baton Rouge  LA ,439,439,94695,0,0,0,0,0,0,0,0,0,207,207,50505,0,0,0,0,0,0,0,0,0
202106,999,13140, ,Beaumont-Port Arthur  TX ,110,110,23219,0,0,0,0,0,0,0,0,0,110,110,23219,0,0,0,0,0,0,0,0,0
202106,999,13220,C,Beckley  WV ,11,11,1832,0,0,0,0,0,0,0,0,0,10,10,1752,0,0,0,0,0,0,0,0,0
202106,999,13380, ,Bellingham  WA ,80,80,20322,3,6,1025,1,3,548,2,30,2822,39,39,8972,1,2,254,0,0,0,2,30,2822
202106,999,13740, ,Billings  MT ,111,111,20540,0,0,0,0,0,0,0,0,0,111,111,20540,0,0,0,0,0,0,0,0,0
202106,999,13780, ,Binghamton  NY ,0,0,0,0,0,0,0,0,0,0,0,0,0,0,0,0,0,0,0,0,0,0,0,0
202106,999,13900, ,Bismarck  ND ,37,37,10748,17,34,7830,0,0,0,0,0,0,31,31,8789,17,34,7830,0,0,0,0,0,0
202106,999,13980, ,Blacksburg-Christiansburg  VA ,28,28,4482,0,0,0,0,0,0,2,24,1752,28,28,4482,0,0,0,0,0,0,2,24,1752
202106,999,15260, ,Brunswick  GA ,43,43,13643,2,4,602,0,0,0,1,5,2696,5,5,1117,0,0,0,0,0,0,0,0,0
202106,999,16220,C,Casper  WY ,16,16,3431,0,0,0,0,0,0,2,71,12026,10,10,1625,0,0,0,0,0,0,1,66,11528
202106,999,16580, ,Champaign-Urbana  IL ,13,13,2926,0,0,0,0,0,0,0,0,0,13,13,2926,0,0,0,0,0,0,0,0,0
202106,999,16700,C,Charleston-North Charleston  SC ,582,582,172695,0,0,0,0,0,0,19,560,54491,214,214,73582,0,0,0,0,0,0,13,372,38180
202106,999,16820, ,Charlottesville  VA ,84,84,25286,1,2,341,0,0,0,2,39,3824,0,0,0,0,0,0,0,0,0,0,0,0
202106,999,16940, ,Cheyenne  WY ,44,44,11253,0,0,0,0,0,0,0,0,0,44,44,11253,0,0,0,0,0,0,0,0,0
202106,999,17020, ,Chico  CA ,12,12,2724,0,0,0,0,0,0,9,209,20932,12,12,2724,0,0,0,0,0,0,9,209,20932
202106,999,17300,C,Clarksville  TN-KY ,190,190,33420,2,4,370,2,8,433,16,159,12830,187,187,33206,2,4,370,2,8,433,16,159,12830
202106,999,17780, ,College Station-Bryan  TX ,143,143,32144,0,0,0,0,0,0,2,22,1408,136,136,30689,0,0,0,0,0,0,2,22,1408
202106,999,17820,C,Colorado Springs  CO ,469,469,170171,7,14,1362,0,0,0,12,308,40294,469,469,170171,7,14,1362,0,0,0,12,308,40294
202106,999,18880,C,Crestview-Fort Walton Beach-Destin  FL ,346,346,134999,0,0,0,6,24,5020,5,28,5258,325,325,129027,0,0,0,6,24,5020,4,23,4089
202106,999,19060, ,Cumberland  MD-WV ,4,4,1101,0,0,0,0,0,0,0,0,0,4,4,1101,0,0,0,0,0,0,0,0,0
202106,999,19180, ,Danville  IL ,0,0,0,0,0,0,0,0,0,0,0,0,0,0,0,0,0,0,0,0,0,0,0,0
202106,999,19500, ,Decatur  IL ,2,2,810,0,0,0,0,0,0,0,0,0,2,2,810,0,0,0,0,0,0,0,0,0
202106,999,20220, ,Dubuque  IA ,7,7,3598,0,0,0,0,0,0,0,0,0,5,5,3035,0,0,0,0,0,0,0,0,0
202106,999,20260, ,Duluth  MN-WI ,23,23,4617,0,0,0,0,0,0,1,6,350,23,23,4617,0,0,0,0,0,0,1,6,350
202106,999,20940, ,El Centro  CA ,28,28,5154,0,0,0,0,0,0,0,0,0,10,10,1725,0,0,0,0,0,0,0,0,0
202106,999,21420, ,Enid  OK ,0,0,0,0,0,0,0,0,0,0,0,0,0,0,0,0,0,0,0,0,0,0,0,0
202106,999,21660, ,Eugene-Springfield  OR ,53,53,15121,1,2,251,0,0,0,5,221,36381,30,30,9243,1,2,251,0,0,0,5,221,36381
202106,999,21780, ,Evansville  IN-KY ,101,101,27151,4,8,1790,0,0,0,1,15,1117,70,70,20654,2,4,940,0,0,0,0,0,0
202106,999,21820,C,Fairbanks  AK ,6,6,1505,0,0,0,2,6,912,0,0,0,6,6,1505,0,0,0,2,6,912,0,0,0
202106,999,22140,C,Farmington  NM ,8,8,2459,0,0,0,0,0,0,0,0,0,8,8,2459,0,0,0,0,0,0,0,0,0
202106,999,22220, ,Fayetteville-Springdale-Rogers  AR-MO ,465,465,124974,9,18,2613,2,6,931,5,45,4236,359,359,100447,9,18,2613,0,0,0,0,0,0
202106,999,22380, ,Flagstaff  AZ ,70,70,24195,0,0,0,0,0,0,4,85,12188,70,70,24195,0,0,0,0,0,0,4,85,12188
202106,999,22500, ,Florence  SC ,46,46,7368,1,2,187,1,3,243,1,12,1009,0,0,0,0,0,0,0,0,0,0,0,0
202106,999,22520, ,Florence-Muscle Shoals  AL ,24,24,2802,0,0,0,0,0,0,0,0,0,6,6,674,0,0,0,0,0,0,0,0,0
202106,999,22540, ,Fond du Lac  WI ,4,4,1425,0,0,0,0,0,0,0,0,0,1,1,292,0,0,0,0,0,0,0,0,0
202106,999,22660,C,Fort Collins  CO ,204,204,63260,0,0,0,0,0,0,2,85,14316,204,204,63260,0,0,0,0,0,0,2,85,14316
202106,999,22900, ,Fort Smith  AR-OK ,47,47,6708,2,4,330,1,4,390,0,0,0,41,41,5957,1,2,145,0,0,0,0,0,0
202106,999,23460, ,Gadsden  AL ,4,4,619,0,0,0,0,0,0,0,0,0,4,4,619,0,0,0,0,0,0,0,0,0
202106,999,24220, ,Grand Forks  ND-MN ,9,9,2588,0,0,0,0,0,0,0,0,0,9,9,2588,0,0,0,0,0,0,0,0,0
202106,999,24260, ,Grand Island  NE ,7,7,1747,0,0,0,0,0,0,0,0,0,7,7,1747,0,0,0,0,0,0,0,0,0
202106,999,24300,C,Grand Junction  CO ,104,104,16627,0,0,0,4,12,1298,1,62,9680,104,104,16627,0,0,0,4,12,1298,1,62,9680
202106,999,24500,C,Great Falls  MT ,16,16,3925,3,6,1800,0,0,0,4,48,2400,16,16,3925,3,6,1800,0,0,0,4,48,2400
202106,999,25060, ,Gulfport-Biloxi  MS ,211,211,44656,0,0,0,1,4,401,2,10,847,105,105,27538,0,0,0,0,0,0,0,0,0
202106,999,25860, ,Hickory-Lenoir-Morganton  NC ,2,2,301,1,2,360,0,0,0,2,10,557,0,0,0,0,0,0,0,0,0,0,0,0
202106,999,25940, ,Hilton Head Island-Bluffton  SC ,100,100,33447,0,0,0,0,0,0,0,0,0,60,60,14529,0,0,0,0,0,0,0,0,0
202106,999,26140, ,Homosassa Springs  FL ,92,92,18876,1,2,55,0,0,0,1,5,432,0,0,0,0,0,0,0,0,0,0,0,0
202106,999,26380, ,Houma-Thibodaux  LA ,45,45,10399,1,2,156,1,3,262,0,0,0,28,28,5824,0,0,0,0,0,0,0,0,0
202106,999,27100, ,Jackson  MI ,0,0,0,0,0,0,0,0,0,0,0,0,0,0,0,0,0,0,0,0,0,0,0,0
202106,999,27340,C,Jacksonville  NC ,111,111,20974,0,0,0,0,0,0,0,0,0,111,111,20974,0,0,0,0,0,0,0,0,0
202106,999,27980,C,Kahului-Wailuku-Lahaina  HI ,28,28,11553,1,2,172,1,4,691,1,8,985,28,28,11553,1,2,172,1,4,691,1,8,985
202106,999,28660,C,Killeen-Temple  TX ,217,217,40273,28,56,5166,0,0,0,0,0,0,61,61,17442,23,46,4349,0,0,0,0,0,0
202106,999,29100, ,La Crosse-Onalaska  WI-MN ,19,19,6301,4,8,1466,0,0,0,1,6,100,11,11,3495,3,6,1175,0,0,0,1,6,100
202106,999,29420, ,Lake Havasu City-Kingman  AZ ,169,169,33412,1,2,214,0,0,0,0,0,0,169,169,33412,1,2,214,0,0,0,0,0,0
202106,999,29540, ,Lancaster  PA ,11,11,3045,0,0,0,0,0,0,0,0,0,7,7,2178,0,0,0,0,0,0,0,0,0
202106,999,29620, ,Lansing-East Lansing  MI ,17,17,5668,0,0,0,0,0,0,1,5,568,13,13,4985,0,0,0,0,0,0,0,0,0
202106,999,29700, ,Laredo  TX ,138,138,20491,1,2,113,1,3,408,2,14,856,0,0,0,0,0,0,0,0,0,0,0,0
202106,999,30020, ,Lawton  OK ,10,10,2405,0,0,0,0,0,0,0,0,0,10,10,2405,0,0,0,0,0,0,0,0,0
202106,999,30300, ,Lewiston  ID-WA ,0,0,0,0,0,0,0,0,0,0,0,0,0,0,0,0,0,0,0,0,0,0,0,0
202106,999,30860, ,Logan  UT-ID ,14,14,5563,0,0,0,0,0,0,0,0,0,14,14,5563,0,0,0,0,0,0,0,0,0
202106,999,30980, ,Longview  TX ,24,24,5220,0,0,0,0,0,0,0,0,0,24,24,5220,0,0,0,0,0,0,0,0,0
202106,999,31340, ,Lynchburg  VA ,17,17,3112,0,0,0,0,0,0,1,11,285,15,15,2740,0,0,0,0,0,0,0,0,0
202106,999,31740, ,Manhattan  KS ,25,25,8187,0,0,0,0,0,0,0,0,0,24,24,7928,0,0,0,0,0,0,0,0,0
202106,999,33540,C,Missoula  MT ,26,26,5360,3,6,553,1,4,171,5,408,25712,26,26,5360,3,6,553,1,4,171,5,408,25712
202106,999,36100, ,Ocala  FL ,619,619,134442,1,2,159,1,4,522,0,0,0,619,619,134442,1,2,159,1,4,522,0,0,0
202106,999,36980, ,Owensboro  KY ,41,41,4030,0,0,0,0,0,0,0,0,0,40,40,3829,0,0,0,0,0,0,0,0,0
202106,999,37340, ,Palm Bay-Melbourne-Titusville  FL ,472,472,138572,0,0,0,0,0,0,1,17,8672,470,470,137710,0,0,0,0,0,0,1,17,8672
202106,999,37460, ,Panama City  FL ,89,89,31598,1,2,800,0,0,0,0,0,0,89,89,31598,1,2,800,0,0,0,0,0,0
202106,999,37900, ,Peoria  IL ,5,5,1443,0,0,0,0,0,0,0,0,0,0,0,0,0,0,0,0,0,0,0,0,0
202106,999,38340, ,Pittsfield  MA ,1,1,308,0,0,0,0,0,0,0,0,0,0,0,0,0,0,0,0,0,0,0,0,0
202106,999,38540, ,Pocatello  ID ,27,27,4655,0,0,0,1,4,290,0,0,0,9,9,1166,0,0,0,1,4,290,0,0,0
202106,999,39150, ,Prescott Valley-Prescott  AZ ,139,139,45539,3,6,1169,0,0,0,0,0,0,139,139,45539,3,6,1169,0,0,0,0,0,0
202106,999,40060, ,Richmond  VA ,568,568,133619,20,40,6098,0,0,0,4,82,8454,532,532,128293,20,40,6098,0,0,0,2,72,7369
202106,999,41100, ,St. George  UT ,205,205,43417,0,0,0,0,0,0,0,0,0,200,200,42335,0,0,0,0,0,0,0,0,0
202106,999,41500, ,Salinas  CA ,12,12,2433,0,0,0,0,0,0,2,31,3640,12,12,2433,0,0,0,0,0,0,2,31,3640
202106,999,41660,C,San Angelo  TX ,29,29,6308,0,0,0,0,0,0,0,0,0,29,29,6308,0,0,0,0,0,0,0,0,0
202106,999,41740,C,San Diego-Chula Vista-Carlsbad  CA ,288,288,82971,7,14,2556,3,12,2345,18,558,97710,276,276,81103,7,14,2556,3,12,2345,16,524,94388
202106,999,42020, ,San Luis Obispo-Paso Robles  CA ,22,22,9068,0,0,0,0,0,0,0,0,0,22,22,9068,0,0,0,0,0,0,0,0,0
202106,999,42200, ,Santa Maria-Santa Barbara  CA ,15,15,6260,0,0,0,0,0,0,0,0,0,15,15,6260,0,0,0,0,0,0,0,0,0
202106,999,42540, ,Scranton--Wilkes-Barre  PA ,4,4,883,0,0,0,0,0,0,0,0,0,2,2,459,0,0,0,0,0,0,0,0,0
202106,999,43100, ,Sheboygan  WI ,2,2,846,0,0,0,0,0,0,0,0,0,0,0,0,0,0,0,0,0,0,0,0,0
202106,999,43420, ,Sierra Vista-Douglas  AZ ,27,27,4402,0,0,0,0,0,0,0,0,0,5,5,811,0,0,0,0,0,0,0,0,0
202106,999,43580, ,Sioux City  IA-NE-SD ,13,13,3699,0,0,0,1,3,0,0,0,0,0,0,0,0,0,0,0,0,0,0,0,0
202106,999,43620, ,Sioux Falls  SD ,153,153,33811,0,0,0,7,28,4295,18,141,18383,153,153,33811,0,0,0,7,28,4295,18,141,18383
202106,999,44140, ,Springfield  MA ,0,0,0,0,0,0,0,0,0,0,0,0,0,0,0,0,0,0,0,0,0,0,0,0
202106,999,44180, ,Springfield  MO ,14,14,5758,0,0,0,1,4,720,0,0,0,14,14,5758,0,0,0,1,4,720,0,0,0
202106,999,44940, ,Sumter  SC ,16,16,2526,0,0,0,0,0,410,0,0,0,16,16,2526,0,0,0,0,0,410,0,0,0
202106,999,45220, ,Tallahassee  FL ,122,122,24788,1,2,222,0,0,0,4,109,13930,35,35,7613,0,0,0,0,0,0,0,0,0
202106,999,45300,C,Tampa-St. Petersburg-Clearwater  FL ,1757,1757,425355,2,4,672,0,0,0,39,252,15334,1723,1723,417900,1,2,392,0,0,0,37,242,12622
202106,999,45460, ,Terre Haute  IN ,3,3,524,1,2,197,0,0,0,0,0,0,1,1,102,0,0,0,0,0,0,0,0,0
202106,999,45500, ,Texarkana  TX-AR ,2,2,475,0,0,0,0,0,0,0,0,0,0,0,0,0,0,0,0,0,0,0,0,0
202106,999,45820, ,Topeka  KS ,24,24,6785,0,0,0,0,0,0,0,0,0,24,24,6785,0,0,0,0,0,0,0,0,0
202106,999,46220, ,Tuscaloosa  AL ,61,61,15525,0,0,0,4,16,1058,1,46,8320,16,16,4736,0,0,0,0,0,0,0,0,0
202106,999,46300, ,Twin Falls  ID ,58,58,10424,0,0,0,0,0,0,1,50,6288,58,58,10424,0,0,0,0,0,0,1,50,6288
202106,999,46520,C,Urban Honolulu  HI ,43,43,20173,0,0,0,0,0,0,0,0,0,43,43,20173,0,0,0,0,0,0,0,0,0
202106,999,46540, ,Utica-Rome  NY ,1,1,170,0,0,0,0,0,0,0,0,0,0,0,0,0,0,0,0,0,0,0,0,0
202106,999,46660, ,Valdosta  GA ,113,113,21366,0,0,0,0,0,0,0,0,0,45,45,9898,0,0,0,0,0,0,0,0,0
202106,999,47300, ,Visalia  CA ,169,169,42553,0,0,0,0,0,0,0,0,0,169,169,42553,0,0,0,0,0,0,0,0,0
202106,999,47380, ,Waco  TX ,31,31,3453,6,12,1175,0,0,0,0,0,0,31,31,3453,6,12,1175,0,0,0,0,0,0
202106,999,47940, ,Waterloo-Cedar Falls  IA ,17,17,4504,0,0,0,0,0,0,0,0,0,17,17,4504,0,0,0,0,0,0,0,0,0
202106,999,48060, ,Watertown-Fort Drum  NY ,14,14,1790,0,0,0,0,0,0,0,0,0,2,2,300,0,0,0,0,0,0,0,0,0
202106,999,48300, ,Wenatchee  WA ,53,53,12824,0,0,0,0,0,0,0,0,0,22,22,6864,0,0,0,0,0,0,0,0,0
202106,999,48540, ,Wheeling  WV-OH ,1,1,467,0,0,0,0,0,0,0,0,0,1,1,467,0,0,0,0,0,0,0,0,0
202106,999,48660, ,Wichita Falls  TX ,0,0,0,0,0,0,0,0,0,0,0,0,0,0,0,0,0,0,0,0,0,0,0,0
202106,999,48900, ,Wilmington  NC ,144,144,48839,2,4,588,0,0,0,13,196,25712,143,143,48516,2,4,588,0,0,0,13,196,25712
202106,999,49420, ,Yakima  WA ,44,44,10888,2,4,799,0,0,0,0,0,0,44,44,10888,2,4,799,0,0,0,0,0,0
202106,999,49740, ,Yuma  AZ ,97,97,25687,0,0,0,0,0,0,6,62,8558,97,97,25687,0,0,0,0,0,0,6,62,8558
