Survey,CSA,CBSA,MONCOV,CBSA,,1-unit,,,2-units,,,3-4 units,,,5+ units,,,1-unit rep,,,2-units rep,,,3-4 units rep,,,5+ units rep
Date,Code,Code,,Name,Bldgs,Units,Value,Bldgs,Units,Value,Bldgs,Units,Value,Bldgs,Units,Value,Bldgs,Units,Value,Bldgs,Units,Value,      Bldgs,Units,Value,Bldgs,Units,Value
 
202112,104,10580,C,Albany-Schenectady-Troy  NY ,95,95,28351,2,4,668,2,7,875,3,22,1836,76,76,23189,1,2,300,1,4,320,0,0,0
202112,104,24020, ,Glens Falls  NY ,23,23,4778,0,0,0,0,0,0,0,0,0,14,14,2575,0,0,0,0,0,0,0,0,0
202112,106,10740,C,Albuquerque  NM ,184,184,45847,0,0,0,0,0,0,5,299,17816,173,173,43167,0,0,0,0,0,0,3,289,17400
202112,106,42140,C,Santa Fe  NM ,22,22,5976,0,0,0,0,0,0,3,48,6733,0,0,0,0,0,0,0,0,0,0,0,0
202112,107,11020, ,Altoona  PA ,0,0,0,0,0,0,0,0,0,0,0,0,0,0,0,0,0,0,0,0,0,0,0,0
202112,108,11100, ,Amarillo  TX ,53,53,12680,6,12,1541,0,0,0,0,0,0,53,53,12680,6,12,1541,0,0,0,0,0,0
202112,118,11540, ,Appleton  WI ,24,24,8528,2,4,775,0,0,0,0,0,0,24,24,8528,2,4,775,0,0,0,0,0,0
202112,118,36780, ,Oshkosh-Neenah  WI ,22,22,5608,0,0,0,0,0,0,0,0,0,22,22,5608,0,0,0,0,0,0,0,0,0
202112,120,11700, ,Asheville  NC ,236,236,57507,1,2,441,0,0,0,9,182,15561,118,118,22004,0,0,0,0,0,0,4,64,3761
202112,122,12020, ,Athens-Clarke County  GA ,21,21,7423,4,8,877,0,0,0,3,57,3962,21,21,7423,4,8,877,0,0,0,3,57,3962
202112,122,12060, ,Atlanta-Sandy Springs-Alpharetta  GA ,2190,2190,561542,3,6,610,4,13,2052,56,1251,169837,1828,1828,477189,2,4,400,0,0,0,49,1173,159333
202112,122,23580, ,Gainesville  GA ,87,87,20451,1,2,212,2,6,840,2,10,1400,33,33,7530,0,0,0,2,6,840,2,10,1400
202112,122,40660,C,Rome  GA ,19,19,713,0,0,0,0,0,0,0,0,0,19,19,713,0,0,0,0,0,0,0,0,0
202112,140,13460,C,Bend  OR ,94,94,37721,6,12,1915,1,4,521,4,96,12000,94,94,37721,6,12,1915,1,4,521,4,96,12000
202112,142,13820,C,Birmingham-Hoover  AL ,203,203,71647,0,0,0,0,0,0,0,0,0,137,137,48862,0,0,0,0,0,0,0,0,0
202112,144,14020,C,Bloomington  IN ,27,27,7694,0,0,0,0,0,0,15,637,75898,27,27,7694,0,0,0,0,0,0,15,637,75898
202112,145,14010, ,Bloomington  IL ,6,6,1492,1,2,146,0,0,0,0,0,0,1,1,379,0,0,0,0,0,0,0,0,0
202112,146,14100,C,Bloomsburg-Berwick  PA ,7,7,1677,0,0,0,0,0,0,1,24,2087,2,2,495,0,0,0,0,0,0,1,24,2087
202112,147,14260,C,Boise City  ID ,649,649,164239,5,10,2519,4,15,1391,15,352,64984,632,632,160416,5,10,2519,4,15,1391,15,352,64984
202112,148,12700, ,Barnstable Town  MA ,9,9,6896,0,0,0,0,0,0,0,0,0,3,3,3975,0,0,0,0,0,0,0,0,0
202112,148,14460,C,Boston-Cambridge-Newton  MA-NH ,420,420,148470,24,48,13145,10,34,6752,72,1960,410913,190,190,86897,10,20,6801,4,16,3969,11,1069,305516
202112,148,31700, ,Manchester-Nashua  NH ,33,33,7432,4,8,1068,0,0,0,0,0,0,14,14,4132,2,4,481,0,0,0,0,0,0
202112,148,39300,C,Providence-Warwick  RI-MA ,159,159,42439,16,32,3879,2,8,817,3,18,3399,86,86,24970,6,12,1517,1,4,520,0,0,0
202112,148,49340, ,Worcester  MA-CT ,17,17,3944,0,0,0,0,0,0,1,6,108,10,10,2439,0,0,0,0,0,0,0,0,0
202112,150,14540, ,Bowling Green  KY ,84,84,20550,0,0,0,0,0,0,22,192,13000,84,84,20550,0,0,0,0,0,0,22,192,13000
202112,154,15180, ,Brownsville-Harlingen  TX ,97,97,14522,3,6,423,1,3,412,1,14,1154,30,30,7441,0,0,0,0,0,0,0,0,0
202112,160,15380,C,Buffalo-Cheektowaga  NY ,48,48,19640,3,6,900,1,4,800,4,71,15463,36,36,16775,3,6,900,1,4,800,2,16,3130
202112,162,15540, ,Burlington-South Burlington  VT ,24,24,7766,2,4,739,0,0,0,6,146,15923,8,8,2523,0,0,0,0,0,0,2,111,12818
202112,163,15980,C,Cape Coral-Fort Myers  FL ,707,707,150660,36,72,7858,0,0,0,8,224,36085,707,707,150660,36,72,7858,0,0,0,8,224,36085
202112,163,34940, ,Naples-Marco Island  FL ,297,297,86118,0,0,0,4,16,1957,5,116,8216,297,297,86118,0,0,0,4,16,1957,5,116,8216
202112,164,16020, ,Cape Girardeau  MO-IL ,0,0,0,0,0,0,0,0,0,0,0,0,0,0,0,0,0,0,0,0,0,0,0,0
202112,168,16300, ,Cedar Rapids  IA ,18,18,3902,1,2,400,0,0,0,0,0,0,18,18,3902,1,2,400,0,0,0,0,0,0
202112,168,26980, ,Iowa City  IA ,30,30,9882,2,4,1080,0,0,0,0,0,0,28,28,9466,2,4,1080,0,0,0,0,0,0
202112,170,16620, ,Charleston  WV ,9,9,927,0,0,0,0,0,0,0,0,0,8,8,818,0,0,0,0,0,0,0,0,0
202112,170,26580, ,Huntington-Ashland  WV-KY-OH ,15,15,2518,0,0,0,0,0,0,0,0,0,3,3,650,0,0,0,0,0,0,0,0,0
202112,172,16740, ,Charlotte-Concord-Gastonia  NC-SC ,1336,1336,323466,3,6,830,1,3,524,19,444,39634,1135,1135,262128,2,4,609,0,0,0,18,426,37591
202112,174,16860, ,Chattanooga  TN-GA ,143,143,32504,5,10,721,1,3,174,9,204,6809,100,100,22840,0,0,0,0,0,0,6,157,2100
202112,174,17420, ,Cleveland  TN ,25,25,5035,1,2,320,1,4,659,0,0,0,7,7,1770,1,2,320,1,4,659,0,0,0
202112,176,16980, ,Chicago-Naperville-Elgin  IL-IN-WI ,634,634,209586,11,22,5265,17,54,7996,15,225,37865,506,506,175228,10,20,5005,16,51,7771,8,166,30092
202112,176,28100, ,Kankakee  IL ,1,1,318,0,0,0,0,0,0,0,0,0,1,1,318,0,0,0,0,0,0,0,0,0
202112,176,33140, ,Michigan City-La Porte  IN ,9,9,2557,0,0,0,0,0,0,0,0,0,0,0,0,0,0,0,0,0,0,0,0,0
202112,178,17140, ,Cincinnati  OH-KY-IN ,413,413,125491,7,14,1753,0,0,0,4,150,13157,373,373,113774,7,14,1753,0,0,0,4,150,13157
202112,184,10420, ,Akron  OH ,90,90,22789,0,0,0,0,0,0,6,36,1050,90,90,22789,0,0,0,0,0,0,6,36,1050
202112,184,15940, ,Canton-Massillon  OH ,33,33,12687,0,0,0,0,0,0,1,7,538,28,28,12103,0,0,0,0,0,0,0,0,0
202112,184,17460, ,Cleveland-Elyria  OH ,203,203,63177,1,2,11,1,3,208,1,5,3958,156,156,54551,0,0,0,0,0,0,0,0,0
202112,190,17860, ,Columbia  MO ,65,65,25615,0,0,0,0,0,0,1,8,977,64,64,25380,0,0,0,0,0,0,1,8,977
202112,192,17900,C,Columbia  SC ,399,399,89027,0,0,0,0,0,0,2,10,1467,207,207,38832,0,0,0,0,0,0,0,0,0
202112,194,12220,C,Auburn-Opelika  AL ,103,103,26392,4,8,1667,0,0,0,1,5,616,70,70,18449,4,8,1667,0,0,0,0,0,0
202112,194,17980, ,Columbus  GA-AL ,70,70,16353,0,0,0,0,0,0,0,0,0,70,70,16353,0,0,0,0,0,0,0,0,0
202112,198,18140, ,Columbus  OH ,439,439,140375,2,4,760,5,18,2044,20,561,89089,391,391,127323,2,4,760,3,12,750,18,551,88216
202112,204,18580, ,Corpus Christi  TX ,173,173,40765,0,0,0,0,0,0,0,0,0,165,165,39475,0,0,0,0,0,0,0,0,0
202112,206,19100, ,Dallas-Fort Worth-Arlington  TX ,3323,3323,901077,22,44,5228,30,116,4202,19,821,101415,2616,2616,722138,7,14,1941,25,100,1911,7,417,56709
202112,209,19340, ,Davenport-Moline-Rock Island  IA-IL ,20,20,5482,1,2,384,1,4,660,0,0,0,12,12,3696,1,2,384,1,4,660,0,0,0
202112,212,19430, ,Dayton-Kettering  OH ,72,72,22351,0,0,0,1,3,890,0,0,0,43,43,15818,0,0,0,1,3,890,0,0,0
202112,212,44220, ,Springfield  OH ,9,9,3305,2,4,128,0,0,0,0,0,0,9,9,3305,2,4,128,0,0,0,0,0,0
202112,216,14500, ,Boulder  CO ,32,32,13142,0,0,0,1,3,703,5,306,49410,28,28,9734,0,0,0,0,0,0,3,266,41577
202112,216,19740,C,Denver-Aurora-Lakewood  CO ,1061,1061,325999,31,62,16820,7,26,4945,32,2331,413627,1013,1013,311521,29,58,15789,7,26,4945,28,2110,374515
202112,216,24540, ,Greeley  CO ,335,335,87704,0,0,0,1,3,736,4,50,6221,217,217,53964,0,0,0,0,0,0,0,0,0
202112,218,11180, ,Ames  IA ,3,3,1208,0,0,0,0,0,0,0,0,0,3,3,1208,0,0,0,0,0,0,0,0,0
202112,218,19780, ,Des Moines-West Des Moines  IA ,351,351,106106,6,12,3070,4,16,2695,4,44,6305,336,336,101057,5,10,2491,4,16,2695,2,28,4702
202112,220,11460, ,Ann Arbor  MI ,41,41,12547,0,0,0,1,3,580,1,10,4500,31,31,9666,0,0,0,1,3,580,1,10,4500
202112,220,19820, ,Detroit-Warren-Dearborn  MI ,316,316,96210,3,6,1657,5,19,2035,12,254,29570,230,230,76293,3,6,1657,4,15,1717,9,224,24420
202112,220,22420, ,Flint  MI ,13,13,4454,0,0,0,3,10,2063,0,0,0,7,7,2738,0,0,0,0,0,0,0,0,0
202112,220,33780, ,Monroe  MI ,0,0,0,0,0,0,0,0,0,0,0,0,0,0,0,0,0,0,0,0,0,0,0,0
202112,222,20020, ,Dothan  AL ,24,24,6666,0,0,0,0,0,0,0,0,0,24,24,6666,0,0,0,0,0,0,0,0,0
202112,232,20740, ,Eau Claire  WI ,15,15,5550,3,6,1246,0,0,0,1,38,5400,15,15,5550,3,6,1246,0,0,0,1,38,5400
202112,236,21300, ,Elmira  NY ,0,0,0,0,0,0,0,0,0,0,0,0,0,0,0,0,0,0,0,0,0,0,0,0
202112,238,21340,C,El Paso  TX ,186,186,43166,5,10,1233,1,3,392,2,14,1678,6,6,1279,0,0,0,0,0,0,0,0,0
202112,238,29740,C,Las Cruces  NM ,103,103,26896,0,0,0,0,0,0,1,11,773,34,34,9793,0,0,0,0,0,0,0,0,0
202112,240,21500, ,Erie  PA ,3,3,670,0,0,0,0,0,0,0,0,0,3,3,670,0,0,0,0,0,0,0,0,0
202112,244,22020, ,Fargo  ND-MN ,17,17,5830,0,0,0,0,0,0,1,133,19150,8,8,3159,0,0,0,0,0,0,1,133,19150
202112,246,22180, ,Fayetteville  NC ,133,133,22344,0,0,0,0,0,0,8,192,23917,71,71,13636,0,0,0,0,0,0,8,192,23917
202112,258,23060,C,Fort Wayne  IN ,153,153,44207,0,0,0,0,0,0,0,0,0,153,153,44207,0,0,0,0,0,0,0,0,0
202112,260,23420,C,Fresno  CA ,240,240,73222,3,6,838,1,3,225,5,56,7665,46,46,13214,0,0,0,0,0,0,0,0,0
202112,260,31460, ,Madera  CA ,56,56,15355,0,0,0,0,0,0,0,0,0,56,56,15355,0,0,0,0,0,0,0,0,0
202112,264,23540, ,Gainesville  FL ,51,51,14572,0,0,0,0,0,0,1,99,3371,0,0,0,0,0,0,0,0,0,0,0,0
202112,266,24340, ,Grand Rapids-Kentwood  MI ,123,123,38453,3,6,1744,4,15,1890,3,45,4531,94,94,32447,3,6,1744,3,12,1800,0,0,0
202112,266,34740, ,Muskegon  MI ,5,5,882,0,0,0,0,0,0,0,0,0,5,5,882,0,0,0,0,0,0,0,0,0
202112,267,24580, ,Green Bay  WI ,37,37,11310,3,6,1573,0,0,0,11,169,18440,24,24,7446,2,4,1175,0,0,0,9,154,17220
202112,268,15500, ,Burlington  NC ,92,92,16026,0,0,0,0,0,0,0,0,0,92,92,16026,0,0,0,0,0,0,0,0,0
202112,268,24660,C,Greensboro-High Point  NC ,203,203,50948,0,0,0,0,0,0,8,276,34630,135,135,27605,0,0,0,0,0,0,8,276,34630
202112,268,49180, ,Winston-Salem  NC ,246,246,52523,0,0,0,0,0,0,1,6,237,229,229,48563,0,0,0,0,0,0,0,0,0
202112,272,24780, ,Greenville  NC ,27,27,5835,7,14,2153,0,0,0,0,0,0,27,27,5835,7,14,2153,0,0,0,0,0,0
202112,273,24860, ,Greenville-Anderson  SC ,601,601,122755,27,54,4277,0,0,0,5,111,12935,576,576,116636,27,54,4277,0,0,0,4,106,12893
202112,273,43900, ,Spartanburg  SC ,241,241,39036,0,0,0,0,0,0,0,0,0,0,0,0,0,0,0,0,0,0,0,0,0
202112,276,23900,C,Gettysburg  PA ,23,23,7537,0,0,0,0,0,0,0,0,0,23,23,7537,0,0,0,0,0,0,0,0,0
202112,276,25420,C,Harrisburg-Carlisle  PA ,96,96,26483,2,4,669,0,0,0,2,23,2556,75,75,21909,2,4,669,0,0,0,0,0,0
202112,276,30140, ,Lebanon  PA ,18,18,3445,0,0,0,0,0,0,1,5,517,0,0,0,0,0,0,0,0,0,0,0,0
202112,276,49620, ,York-Hanover  PA ,8,8,2330,0,0,0,0,0,0,0,0,0,5,5,1536,0,0,0,0,0,0,0,0,0
202112,277,25500,C,Harrisonburg  VA ,33,33,5597,0,0,0,0,0,0,0,0,0,33,33,5597,0,0,0,0,0,0,0,0,0
202112,277,44420, ,Staunton  VA ,8,8,2058,0,0,0,0,0,0,0,0,0,8,8,2058,0,0,0,0,0,0,0,0,0
202112,278,25540,C,Hartford-East Hartford-Middletown  CT ,89,89,21764,1,2,220,0,0,0,5,77,5268,67,67,16403,0,0,0,0,0,0,0,0,0
202112,278,35980, ,Norwich-New London  CT ,23,23,4881,0,0,0,0,0,0,0,0,0,17,17,3730,0,0,0,0,0,0,0,0,0
202112,279,25620, ,Hattiesburg  MS ,4,4,1002,0,0,0,0,0,0,0,0,0,0,0,0,0,0,0,0,0,0,0,0,0
202112,284,26300, ,Hot Springs  AR ,1,1,600,0,0,0,0,0,0,0,0,0,1,1,600,0,0,0,0,0,0,0,0,0
202112,288,26420, ,Houston-The Woodlands-Sugar Land  TX ,4067,4067,958650,32,64,6766,0,0,0,73,2754,228283,3654,3654,859894,32,64,6766,0,0,0,68,2672,221647
202112,290,19460, ,Decatur  AL ,18,18,5289,0,0,0,0,0,0,0,0,0,18,18,5289,0,0,0,0,0,0,0,0,0
202112,290,26620,C,Huntsville  AL ,380,380,73819,1,2,169,0,0,0,1,7,817,94,94,27669,0,0,0,0,0,0,0,0,0
202112,292,26820, ,Idaho Falls  ID ,113,113,30521,0,0,0,0,0,0,0,0,0,112,112,30340,0,0,0,0,0,0,0,0,0
202112,294,18020, ,Columbus  IN ,11,11,2775,0,0,0,0,0,0,0,0,0,11,11,2775,0,0,0,0,0,0,0,0,0
202112,294,26900, ,Indianapolis-Carmel-Anderson  IN ,790,790,266307,10,20,4517,1,4,1238,13,702,84379,778,778,262723,10,20,4517,1,4,1238,13,702,84379
202112,294,34620, ,Muncie  IN ,0,0,0,0,0,0,0,0,0,0,0,0,0,0,0,0,0,0,0,0,0,0,0,0
202112,296,27060, ,Ithaca  NY ,1,1,331,1,2,320,0,0,0,0,0,0,0,0,0,0,0,0,0,0,0,0,0,0
202112,297,27180, ,Jackson  TN ,14,14,3561,0,0,0,0,0,0,0,0,0,0,0,0,0,0,0,0,0,0,0,0,0
202112,298,27140, ,Jackson  MS ,114,114,26530,0,0,0,0,0,0,0,0,0,110,110,25432,0,0,0,0,0,0,0,0,0
202112,300,27260,C,Jacksonville  FL ,1531,1531,336002,4,8,1263,0,0,0,2,72,6094,1525,1525,334161,4,8,1263,0,0,0,2,72,6094
202112,304,27740, ,Johnson City  TN ,52,52,7887,0,0,0,0,0,0,0,0,0,52,52,7887,0,0,0,0,0,0,0,0,0
202112,304,28700, ,Kingsport-Bristol  TN-VA ,1,1,263,0,0,0,0,0,0,0,0,0,0,0,0,0,0,0,0,0,0,0,0,0
202112,306,27780, ,Johnstown  PA ,0,0,0,0,0,0,0,0,0,0,0,0,0,0,0,0,0,0,0,0,0,0,0,0
202112,308,27860, ,Jonesboro  AR ,41,41,6669,4,8,550,5,17,882,1,8,452,1,1,400,0,0,0,0,0,0,0,0,0
202112,309,27900, ,Joplin  MO ,22,22,3103,1,2,443,2,7,760,0,0,0,22,22,3103,1,2,443,2,7,760,0,0,0
202112,310,12980, ,Battle Creek  MI ,2,2,557,0,0,0,0,0,0,0,0,0,0,0,0,0,0,0,0,0,0,0,0,0
202112,310,28020, ,Kalamazoo-Portage  MI ,9,9,2935,0,0,0,0,0,0,0,0,0,9,9,2935,0,0,0,0,0,0,0,0,0
202112,312,28140, ,Kansas City  MO-KS ,656,656,197749,17,34,9159,10,35,5751,4,285,31347,586,586,178193,17,34,9159,9,32,5466,3,279,30897
202112,312,29940, ,Lawrence  KS ,18,18,5685,0,0,0,0,0,0,0,0,0,18,18,5685,0,0,0,0,0,0,0,0,0
202112,312,41140, ,St. Joseph  MO-KS ,0,0,0,0,0,0,0,0,0,0,0,0,0,0,0,0,0,0,0,0,0,0,0,0
202112,313,28420,C,Kennewick-Richland  WA ,133,133,37821,0,0,0,0,0,0,1,5,313,46,46,13549,0,0,0,0,0,0,0,0,0
202112,313,47460, ,Walla Walla  WA ,6,6,1669,0,0,0,0,0,0,0,0,0,5,5,1569,0,0,0,0,0,0,0,0,0
202112,315,28940, ,Knoxville  TN ,270,270,70802,3,6,1274,3,9,1084,6,116,9900,130,130,43667,0,0,0,0,0,0,4,80,7000
202112,316,29020, ,Kokomo  IN ,9,9,1845,0,0,0,0,0,0,0,0,0,9,9,1845,0,0,0,0,0,0,0,0,0
202112,318,29180, ,Lafayette  LA ,182,182,41889,0,0,0,0,0,0,0,0,0,74,74,17143,0,0,0,0,0,0,0,0,0
202112,320,29200, ,Lafayette-West Lafayette  IN ,32,32,8766,0,0,0,0,0,0,3,75,8499,1,1,425,0,0,0,0,0,0,0,0,0
202112,324,29340, ,Lake Charles  LA ,69,69,12834,1,2,75,0,0,0,0,0,0,27,27,4935,1,2,75,0,0,0,0,0,0
202112,332,29820,C,Las Vegas-Henderson-Paradise  NV ,1131,1131,306838,5,10,2450,10,40,5500,5,30,1688,1128,1128,305748,5,10,2450,10,40,5500,5,30,1688
202112,336,30460,C,Lexington-Fayette  KY ,118,118,28736,0,0,0,2,7,1031,7,225,16672,37,37,11676,0,0,0,0,0,0,5,140,8600
202112,338,30620, ,Lima  OH ,0,0,0,0,0,0,0,0,0,0,0,0,0,0,0,0,0,0,0,0,0,0,0,0
202112,339,30700, ,Lincoln  NE ,84,84,19343,2,4,563,0,0,0,2,91,10328,0,0,0,0,0,0,0,0,0,0,0,0
202112,340,30780, ,Little Rock-North Little Rock-Conway  AR ,195,195,43316,2,4,238,33,131,21512,2,45,3292,148,148,35101,0,0,0,33,131,21512,0,0,0
202112,340,38220, ,Pine Bluff  AR ,1,1,146,0,0,0,0,0,0,0,0,0,0,0,0,0,0,0,0,0,0,0,0,0
202112,348,31080,C,Los Angeles-Long Beach-Anaheim  CA ,785,785,235576,51,102,21957,11,37,11653,64,1550,263480,602,602,171896,47,94,19798,8,28,9823,49,1398,240939
202112,348,37100, ,Oxnard-Thousand Oaks-Ventura  CA ,14,14,4212,4,8,1769,2,6,1563,4,99,17363,10,10,2947,3,6,1283,0,0,0,0,0,0
202112,348,40140, ,Riverside-San Bernardino-Ontario  CA ,829,829,223023,9,18,1860,13,42,3969,30,448,114957,635,635,175859,9,18,1860,12,38,3291,24,393,108064
202112,350,21060, ,Elizabethtown-Fort Knox  KY ,14,14,3492,0,0,0,0,0,0,0,0,0,14,14,3492,0,0,0,0,0,0,0,0,0
202112,350,31140, ,Louisville-Jefferson County  KY-IN ,377,377,102038,5,10,1211,0,0,0,7,149,20193,251,251,76087,3,6,560,0,0,0,6,144,18600
202112,352,31180, ,Lubbock  TX ,203,203,49745,57,114,16998,0,0,0,0,0,0,200,200,49089,57,114,16998,0,0,0,0,0,0
202112,356,31420, ,Macon-Bibb County  GA ,31,31,6313,0,0,0,0,0,0,0,0,0,0,0,0,0,0,0,0,0,0,0,0,0
202112,356,47580, ,Warner Robins  GA ,112,112,22831,0,0,0,0,0,0,0,0,0,92,92,17915,0,0,0,0,0,0,0,0,0
202112,357,27500, ,Janesville-Beloit  WI ,29,29,8670,0,0,0,0,0,0,1,32,1280,21,21,6468,0,0,0,0,0,0,1,32,1280
202112,357,31540, ,Madison  WI ,138,138,53834,6,12,2577,0,0,0,11,942,78443,125,125,50473,5,10,1970,0,0,0,11,942,78443
202112,359,31860, ,Mankato  MN ,11,11,2322,0,0,0,0,0,0,1,20,3246,0,0,0,0,0,0,0,0,0,0,0,0
202112,365,32580,C,McAllen-Edinburg-Mission  TX ,307,307,62880,19,38,2268,7,28,2048,3,37,1240,234,234,53108,15,30,1925,7,28,2048,3,37,1240
202112,366,32780, ,Medford  OR ,33,33,9747,2,4,1975,0,0,0,4,100,12598,33,33,9747,2,4,1975,0,0,0,4,100,12598
202112,368,32820, ,Memphis  TN-MS-AR ,348,348,76967,1,2,518,3,12,3046,0,0,0,296,296,67565,1,2,518,3,12,3046,0,0,0
202112,370,33100, ,Miami-Fort Lauderdale-Pompano Beach  FL ,598,598,251722,19,38,5133,15,47,8065,32,2837,503219,513,513,214707,19,38,5133,15,47,8065,25,2745,489409
202112,370,38940, ,Port St. Lucie  FL ,443,443,103999,0,0,0,0,0,0,3,15,3629,443,443,103999,0,0,0,0,0,0,3,15,3629
202112,370,42680, ,Sebastian-Vero Beach  FL ,57,57,29220,0,0,0,0,0,0,0,0,0,57,57,29220,0,0,0,0,0,0,0,0,0
202112,372,33260, ,Midland  TX ,88,88,18668,0,0,0,0,0,0,0,0,0,88,88,18668,0,0,0,0,0,0,0,0,0
202112,372,36220,C,Odessa  TX ,76,76,17807,1,2,224,0,0,0,1,31,3716,0,0,0,0,0,0,0,0,0,0,0,0
202112,376,33340,C,Milwaukee-Waukesha  WI ,124,124,55648,6,12,2425,0,0,0,5,54,7571,86,86,42361,6,12,2425,0,0,0,1,10,1301
202112,376,39540, ,Racine  WI ,8,8,3621,0,0,0,0,0,0,0,0,0,7,7,3246,0,0,0,0,0,0,0,0,0
202112,378,33460, ,Minneapolis-St. Paul-Bloomington  MN-WI ,918,918,298714,12,24,5740,2,7,2076,27,1307,274494,848,848,279930,11,22,4998,1,4,1434,25,1263,269583
202112,378,41060, ,St. Cloud  MN ,1,1,330,0,0,0,0,0,0,0,0,0,0,0,0,0,0,0,0,0,0,0,0,0
202112,380,19300, ,Daphne-Fairhope-Foley  AL ,262,262,63881,0,0,0,0,0,0,1,5,260,195,195,52059,0,0,0,0,0,0,0,0,0
202112,380,33660, ,Mobile  AL ,67,67,16608,0,0,0,0,0,0,0,0,0,67,67,16608,0,0,0,0,0,0,0,0,0
202112,384,33740, ,Monroe  LA ,31,31,7166,1,2,75,1,4,629,1,6,695,23,23,5503,0,0,0,0,0,0,0,0,0
202112,388,33860, ,Montgomery  AL ,86,86,21222,1,2,90,0,0,0,0,0,0,62,62,17644,0,0,0,0,0,0,0,0,0
202112,390,34060, ,Morgantown  WV ,1,1,245,0,0,0,0,0,0,0,0,0,1,1,245,0,0,0,0,0,0,0,0,0
202112,396,34820, ,Myrtle Beach-Conway-North Myrtle Beach  SC-NC ,606,606,122147,1,2,184,0,0,0,1,5,250,443,443,80310,1,2,184,0,0,0,0,0,0
202112,400,34980, ,Nashville-Davidson--Murfreesboro--Franklin  TN ,1247,1247,364474,1,2,257,2,8,1824,48,1863,206441,1154,1154,353340,1,2,257,2,8,1824,46,1849,205646
202112,406,25220, ,Hammond  LA ,86,86,14422,0,0,0,0,0,0,0,0,0,0,0,0,0,0,0,0,0,0,0,0,0
202112,406,35380, ,New Orleans-Metairie  LA ,235,235,66333,15,30,3458,1,3,590,1,53,9467,150,150,44699,1,2,251,0,0,0,0,0,0
202112,408,14860,C,Bridgeport-Stamford-Norwalk  CT ,50,50,30717,5,10,1618,0,0,0,3,33,7582,28,28,17729,3,6,1303,0,0,0,0,0,0
202112,408,20700, ,East Stroudsburg  PA ,8,8,2749,0,0,0,0,0,0,0,0,0,5,5,1960,0,0,0,0,0,0,0,0,0
202112,408,28740, ,Kingston  NY ,8,8,1997,0,0,0,0,0,0,0,0,0,7,7,1440,0,0,0,0,0,0,0,0,0
202112,408,35300, ,New Haven-Milford  CT ,19,19,3249,1,2,409,0,0,0,2,34,2174,2,2,392,1,2,409,0,0,0,0,0,0
202112,408,35620,C,New York-Newark-Jersey City  NY-NJ-PA ,1217,1217,329580,62,124,13855,34,123,10627,146,4681,480659,789,789,240420,34,68,9354,20,75,7411,60,2121,198262
202112,408,39100, ,Poughkeepsie-Newburgh-Middletown  NY ,16,16,4465,1,2,75,2,6,1118,4,134,18595,2,2,975,0,0,0,0,0,0,0,0,0
202112,408,45940,C,Trenton-Princeton  NJ ,43,43,5893,0,0,0,0,0,0,8,45,1024,31,31,3796,0,0,0,0,0,0,6,30,0
202112,412,35840,C,North Port-Sarasota-Bradenton  FL ,938,938,276960,15,30,6886,1,4,675,18,796,83005,938,938,276960,15,30,6886,1,4,675,18,796,83005
202112,412,39460, ,Punta Gorda  FL ,314,314,87770,11,22,3714,4,16,4698,14,348,57371,314,314,87770,11,22,3714,4,16,4698,14,348,57371
202112,416,36420,C,Oklahoma City  OK ,600,600,157024,11,22,1939,0,0,0,2,27,1842,142,142,56482,0,0,0,0,0,0,0,0,0
202112,420,36540, ,Omaha-Council Bluffs  NE-IA ,290,290,55218,0,0,0,8,32,5395,5,97,8902,274,274,49830,0,0,0,8,32,5395,5,97,8902
202112,422,19660, ,Deltona-Daytona Beach-Ormond Beach  FL ,363,363,102844,19,38,5726,0,0,0,3,61,7851,347,347,97277,19,38,5726,0,0,0,2,42,5502
202112,422,29460, ,Lakeland-Winter Haven  FL ,652,652,153643,3,6,482,0,0,0,2,35,4898,511,511,116069,3,6,482,0,0,0,2,35,4898
202112,422,36740, ,Orlando-Kissimmee-Sanford  FL ,1457,1457,370313,2,4,767,8,32,465,7,174,18553,1304,1304,328466,2,4,767,8,32,465,2,111,12751
202112,422,45540,C,The Villages  FL ,353,353,90372,0,0,0,0,0,0,1,8,1772,352,352,90182,0,0,0,0,0,0,1,8,1772
202112,425,37620, ,Parkersburg-Vienna  WV ,5,5,1489,0,0,0,0,0,0,0,0,0,5,5,1489,0,0,0,0,0,0,0,0,0
202112,426,37860,C,Pensacola-Ferry Pass-Brent  FL ,296,296,73188,0,0,0,0,0,0,0,0,0,296,296,73188,0,0,0,0,0,0,0,0,0
202112,428,12100,C,Atlantic City-Hammonton  NJ ,51,51,18302,1,2,630,0,0,0,1,39,4883,45,45,16924,1,2,630,0,0,0,0,0,0
202112,428,20100,C,Dover  DE ,126,126,18965,1,2,133,0,0,0,1,21,3445,23,23,4005,1,2,133,0,0,0,0,0,0
202112,428,36140,C,Ocean City  NJ ,53,53,21541,7,14,2472,1,3,465,1,5,616,44,44,19140,7,14,2472,0,0,0,0,0,0
202112,428,37980,C,Philadelphia-Camden-Wilmington  PA-NJ-DE-MD ,1153,1153,262464,89,178,33063,92,300,44932,173,10257,1834490,937,937,225040,87,174,32705,90,294,44167,152,9924,1799236
202112,428,39740, ,Reading  PA ,7,7,1347,0,0,0,0,0,0,0,0,0,4,4,600,0,0,0,0,0,0,0,0,0
202112,428,47220,C,Vineland-Bridgeton  NJ ,11,11,1169,0,0,0,0,0,0,1,63,6316,11,11,1169,0,0,0,0,0,0,1,63,6316
202112,429,38060,C,Phoenix-Mesa-Chandler  AZ ,2603,2603,677506,49,98,7846,16,58,11507,50,2159,280612,2402,2402,622120,48,96,7586,16,58,11507,47,1940,245679
202112,430,38300, ,Pittsburgh  PA ,120,120,35910,1,2,182,1,3,479,2,116,14932,59,59,21046,0,0,0,0,0,0,0,0,0
202112,430,48260, ,Weirton-Steubenville  WV-OH ,0,0,0,0,0,0,0,0,0,0,0,0,0,0,0,0,0,0,0,0,0,0,0,0
202112,438,30340, ,Lewiston-Auburn  ME ,4,4,628,1,2,150,0,0,0,0,0,0,2,2,250,0,0,0,0,0,0,0,0,0
202112,438,38860, ,Portland-South Portland  ME ,133,133,45758,9,18,3172,1,3,250,5,114,12776,53,53,22683,6,12,2162,0,0,0,3,104,11879
202112,440,10540, ,Albany-Lebanon  OR ,43,43,10584,0,0,0,0,0,0,2,16,1862,19,19,4837,0,0,0,0,0,0,0,0,0
202112,440,18700, ,Corvallis  OR ,10,10,2827,0,0,0,0,0,0,0,0,0,10,10,2827,0,0,0,0,0,0,0,0,0
202112,440,31020, ,Longview  WA ,22,22,5362,1,2,266,0,0,0,0,0,0,0,0,0,0,0,0,0,0,0,0,0,0
202112,440,38900, ,Portland-Vancouver-Hillsboro  OR-WA ,516,516,146964,2,4,723,4,13,1975,10,428,74144,482,482,137972,2,4,723,4,13,1975,7,296,58577
202112,440,41420, ,Salem  OR ,60,60,17456,2,4,1133,0,0,0,7,121,14207,23,23,7585,1,2,536,0,0,0,0,0,0
202112,444,39380,C,Pueblo  CO ,49,49,7702,0,0,0,0,0,0,0,0,0,49,49,7702,0,0,0,0,0,0,0,0,0
202112,450,20500,C,Durham-Chapel Hill  NC ,273,273,68535,0,0,0,0,0,0,4,236,26268,67,67,24622,0,0,0,0,0,0,1,23,1840
202112,450,39580,C,Raleigh-Cary  NC ,972,972,225858,0,0,0,0,0,0,3,142,18827,740,740,184761,0,0,0,0,0,0,3,142,18827
202112,452,39660, ,Rapid City  SD ,27,27,8778,0,0,0,0,0,0,5,165,18684,27,27,8778,0,0,0,0,0,0,5,165,18684
202112,454,39820, ,Redding  CA ,12,12,3855,0,0,0,0,0,0,0,0,0,12,12,3855,0,0,0,0,0,0,0,0,0
202112,456,16180,C,Carson City  NV ,15,15,3952,0,0,0,1,3,382,1,10,998,0,0,0,0,0,0,0,0,0,0,0,0
202112,456,39900,C,Reno  NV ,191,191,52770,3,6,750,1,4,525,12,284,35834,34,34,8594,1,2,330,0,0,0,0,0,0
202112,462,40340, ,Rochester  MN ,9,9,4897,1,2,316,1,4,538,1,180,24000,9,9,4897,1,2,316,1,4,538,1,180,24000
202112,464,40380, ,Rochester  NY ,67,67,26044,2,4,586,0,0,0,7,46,5659,37,37,18749,1,2,283,0,0,0,6,40,5010
202112,466,40420, ,Rockford  IL ,13,13,2022,0,0,0,0,0,0,0,0,0,13,13,2022,0,0,0,0,0,0,0,0,0
202112,472,40900,C,Sacramento-Roseville-Folsom  CA ,675,675,198174,3,6,1000,0,0,0,11,554,90792,661,661,194159,2,4,513,0,0,0,10,536,84661
202112,474,13020, ,Bay City  MI ,0,0,0,0,0,0,0,0,0,0,0,0,0,0,0,0,0,0,0,0,0,0,0,0
202112,474,33220, ,Midland  MI ,2,2,168,2,4,521,0,0,0,0,0,0,2,2,168,2,4,521,0,0,0,0,0,0
202112,474,40980, ,Saginaw  MI ,3,3,1000,0,0,0,0,0,0,0,0,0,3,3,1000,0,0,0,0,0,0,0,0,0
202112,476,41180, ,St. Louis  MO-IL ,465,465,146276,13,26,3674,0,0,0,23,528,70634,371,371,113313,11,22,3299,0,0,0,18,448,59975
202112,480,41540, ,Salisbury  MD-DE ,333,333,54515,1,2,452,1,4,1200,0,0,0,326,326,53195,1,2,452,1,4,1200,0,0,0
202112,482,36260, ,Ogden-Clearfield  UT ,228,228,57888,0,0,0,2,7,1349,8,127,21078,182,182,45529,0,0,0,1,3,600,6,92,16883
202112,482,39340, ,Provo-Orem  UT ,593,593,171624,1,2,322,10,38,783,17,255,38180,475,475,136483,1,2,322,9,34,567,17,255,38180
202112,482,41620, ,Salt Lake City  UT ,440,440,109940,4,8,1039,6,19,3344,15,568,76973,381,381,93705,0,0,0,3,10,1750,5,82,11256
202112,484,41700,C,San Antonio-New Braunfels  TX ,789,789,189120,8,16,2055,0,0,0,4,316,38609,706,706,172123,8,16,2055,0,0,0,3,311,37543
202112,488,32900, ,Merced  CA ,5,5,1296,0,0,0,0,0,0,0,0,0,0,0,0,0,0,0,0,0,0,0,0,0
202112,488,33700, ,Modesto  CA ,6,6,1638,0,0,0,0,0,0,0,0,0,6,6,1638,0,0,0,0,0,0,0,0,0
202112,488,41860,C,San Francisco-Oakland-Berkeley  CA ,274,274,72335,8,16,6256,5,18,5695,24,1284,336605,234,234,55044,7,14,4724,5,18,5695,16,1111,296964
202112,488,41940,C,San Jose-Sunnyvale-Santa Clara  CA ,179,179,56269,2,4,1400,0,0,0,8,629,113033,164,164,50186,2,4,1400,0,0,0,7,553,98096
202112,488,42100, ,Santa Cruz-Watsonville  CA ,5,5,959,0,0,0,0,0,0,0,0,0,0,0,0,0,0,0,0,0,0,0,0,0
202112,488,42220, ,Santa Rosa-Petaluma  CA ,71,71,18895,5,10,1395,0,0,0,11,348,47767,54,54,15666,5,10,1395,0,0,0,10,342,46767
202112,488,44700, ,Stockton  CA ,227,227,77333,0,0,0,0,0,0,2,34,4295,83,83,35661,0,0,0,0,0,0,0,0,0
202112,488,46700, ,Vallejo  CA ,81,81,21374,0,0,0,0,0,0,0,0,0,79,79,21162,0,0,0,0,0,0,0,0,0
202112,496,25980, ,Hinesville  GA ,58,58,7026,0,0,0,0,0,0,0,0,0,58,58,7026,0,0,0,0,0,0,0,0,0
202112,496,42340, ,Savannah  GA ,172,172,44789,0,0,0,0,0,0,0,0,0,137,137,37093,0,0,0,0,0,0,0,0,0
202112,500,14740,C,Bremerton-Silverdale-Port Orchard  WA ,109,109,33219,5,10,4186,0,0,0,2,42,5311,69,69,21237,4,8,3911,0,0,0,2,42,5311
202112,500,34580, ,Mount Vernon-Anacortes  WA ,21,21,6068,0,0,0,2,6,987,1,21,3564,21,21,6068,0,0,0,2,6,987,1,21,3564
202112,500,36500, ,Olympia-Lacey-Tumwater  WA ,55,55,15848,10,20,2574,0,0,0,25,538,55079,44,44,13366,10,20,2574,0,0,0,24,530,54739
202112,500,42660,C,Seattle-Tacoma-Bellevue  WA ,678,678,218414,27,54,12461,13,42,9097,34,2350,351822,556,556,173280,27,54,12461,11,36,7693,25,2172,330392
202112,508,43340,C,Shreveport-Bossier City  LA ,128,128,26702,0,0,0,0,0,0,0,0,0,101,101,20032,0,0,0,0,0,0,0,0,0
202112,515,21140, ,Elkhart-Goshen  IN ,20,20,11410,0,0,0,0,0,0,0,0,0,20,20,11410,0,0,0,0,0,0,0,0,0
202112,515,35660, ,Niles  MI ,1,1,330,0,0,0,0,0,0,0,0,0,1,1,330,0,0,0,0,0,0,0,0,0
202112,515,43780, ,South Bend-Mishawaka  IN-MI ,24,24,8344,0,0,0,0,0,0,0,0,0,24,24,8344,0,0,0,0,0,0,0,0,0
202112,518,17660, ,Coeur dAlene  ID ,69,69,29807,1,2,400,4,12,8171,0,0,0,69,69,29807,1,2,400,4,12,8171,0,0,0
202112,518,44060, ,Spokane-Spokane Valley  WA ,159,159,43948,13,26,5086,2,6,999,3,40,5375,126,126,35380,13,26,5086,2,6,999,1,6,1035
202112,522,44100, ,Springfield  IL ,5,5,1576,3,6,1078,0,0,0,1,5,292,0,0,0,0,0,0,0,0,0,0,0,0
202112,524,44300, ,State College  PA ,56,56,15247,0,0,0,0,0,0,0,0,0,29,29,6954,0,0,0,0,0,0,0,0,0
202112,532,45060, ,Syracuse  NY ,28,28,6258,1,2,161,0,0,0,0,0,0,26,26,5768,0,0,0,0,0,0,0,0,0
202112,534,45780, ,Toledo  OH ,56,56,18374,0,0,0,0,0,0,1,43,2706,55,55,18263,0,0,0,0,0,0,0,0,0
202112,536,46060,C,Tucson  AZ ,382,382,127121,2,4,476,0,0,0,5,107,16053,298,298,105840,0,0,0,0,0,0,0,0,0
202112,538,46140,C,Tulsa  OK ,351,351,93902,0,0,0,0,0,0,7,76,9870,344,344,92386,0,0,0,0,0,0,6,65,9024
202112,540,46340, ,Tyler  TX ,53,53,12680,1,2,257,1,3,405,2,12,1495,53,53,12680,1,2,257,1,3,405,2,12,1495
202112,545,47260, ,Virginia Beach-Norfolk-Newport News  VA-NC ,343,343,92245,2,4,640,2,7,1560,1,39,1400,319,319,90202,2,4,640,2,7,1560,1,39,1400
202112,548,12580,C,Baltimore-Columbia-Towson  MD ,371,371,86089,0,0,0,1,4,2684,4,219,39075,362,362,84851,0,0,0,1,4,2684,2,53,9100
202112,548,15680,C,California-Lexington Park  MD ,21,21,6671,0,0,0,0,0,0,0,0,0,21,21,6671,0,0,0,0,0,0,0,0,0
202112,548,16540,C,Chambersburg-Waynesboro  PA ,27,27,7254,0,0,0,0,0,0,1,5,649,24,24,6559,0,0,0,0,0,0,0,0,0
202112,548,25180, ,Hagerstown-Martinsburg  MD-WV ,116,116,31132,4,8,1600,0,0,0,0,0,0,112,112,30403,4,8,1600,0,0,0,0,0,0
202112,548,47900, ,Washington-Arlington-Alexandria  DC-VA-MD-WV ,951,951,262441,1,2,170,1,4,539,18,1415,209456,865,865,240959,0,0,0,1,4,539,15,1341,200693
202112,548,49020, ,Winchester  VA-WV ,89,89,27640,0,0,0,0,0,0,0,0,0,89,89,27640,0,0,0,0,0,0,0,0,0
202112,554,48140, ,Wausau-Weston  WI ,17,17,5356,0,0,0,0,0,0,0,0,0,4,4,1827,0,0,0,0,0,0,0,0,0
202112,556,48620, ,Wichita  KS ,92,92,37098,23,46,4659,0,0,0,0,0,0,83,83,34452,20,40,4057,0,0,0,0,0,0
202112,558,48700, ,Williamsport  PA ,0,0,0,0,0,0,0,0,0,0,0,0,0,0,0,0,0,0,0,0,0,0,0,0
202112,566,49660, ,Youngstown-Warren-Boardman  OH-PA ,22,22,4749,0,0,0,0,0,0,0,0,0,22,22,4749,0,0,0,0,0,0,0,0,0
202112,999,10180, ,Abilene  TX ,36,36,7830,3,6,590,0,0,0,0,0,0,36,36,7830,3,6,590,0,0,0,0,0,0
202112,999,10500, ,Albany  GA ,23,23,1246,0,0,0,0,0,0,1,16,2250,21,21,752,0,0,0,0,0,0,0,0,0
202112,999,10780, ,Alexandria  LA ,19,19,5347,0,0,0,0,0,0,0,0,0,12,12,3503,0,0,0,0,0,0,0,0,0
202112,999,10900, ,Allentown-Bethlehem-Easton  PA-NJ ,60,60,16817,1,2,35,0,0,0,0,0,0,44,44,14714,0,0,0,0,0,0,0,0,0
202112,999,11260,C,Anchorage  AK ,59,59,18855,0,0,0,1,4,688,2,30,4507,0,0,0,0,0,0,0,0,0,0,0,0
202112,999,11500, ,Anniston-Oxford  AL ,3,3,500,0,0,0,0,0,0,0,0,0,3,3,500,0,0,0,0,0,0,0,0,0
202112,999,12260, ,Augusta-Richmond County  GA-SC ,298,298,61016,0,0,0,8,30,3104,0,0,0,86,86,20097,0,0,0,8,30,3104,0,0,0
202112,999,12420, ,Austin-Round Rock-Georgetown  TX ,2101,2101,593239,27,54,5300,15,58,4943,53,2503,232535,1776,1776,519535,26,52,5113,14,55,4609,52,2497,231981
202112,999,12540, ,Bakersfield  CA ,143,143,36683,1,2,293,0,0,0,3,41,5658,26,26,4197,0,0,0,0,0,0,0,0,0
202112,999,12620, ,Bangor  ME ,8,8,2186,1,2,318,0,0,0,0,0,0,3,3,876,1,2,318,0,0,0,0,0,0
202112,999,12940, ,Baton Rouge  LA ,299,299,69021,1,2,244,0,0,0,0,0,0,129,129,36868,0,0,0,0,0,0,0,0,0
202112,999,13140, ,Beaumont-Port Arthur  TX ,74,74,16627,0,0,0,0,0,0,0,0,0,74,74,16627,0,0,0,0,0,0,0,0,0
202112,999,13220,C,Beckley  WV ,11,11,2987,0,0,0,0,0,0,0,0,0,10,10,2834,0,0,0,0,0,0,0,0,0
202112,999,13380, ,Bellingham  WA ,62,62,17314,2,4,771,0,0,0,2,46,7797,29,29,8159,0,0,0,0,0,0,2,46,7797
202112,999,13740, ,Billings  MT ,31,31,7560,5,10,1543,0,0,0,2,147,24522,31,31,7560,5,10,1543,0,0,0,2,147,24522
202112,999,13780, ,Binghamton  NY ,0,0,0,0,0,0,0,0,0,0,0,0,0,0,0,0,0,0,0,0,0,0,0,0
202112,999,13900, ,Bismarck  ND ,13,13,3855,8,16,2128,0,0,0,0,0,0,8,8,2285,8,16,2128,0,0,0,0,0,0
202112,999,13980, ,Blacksburg-Christiansburg  VA ,1,1,275,0,0,0,0,0,0,0,0,0,1,1,275,0,0,0,0,0,0,0,0,0
202112,999,15260, ,Brunswick  GA ,34,34,10678,2,4,602,0,0,0,1,5,2696,0,0,0,0,0,0,0,0,0,0,0,0
202112,999,16220,C,Casper  WY ,10,10,2844,0,0,0,0,0,0,1,7,697,2,2,697,0,0,0,0,0,0,0,0,0
202112,999,16580, ,Champaign-Urbana  IL ,3,3,1707,0,0,0,0,0,0,0,0,0,3,3,1707,0,0,0,0,0,0,0,0,0
202112,999,16700,C,Charleston-North Charleston  SC ,471,471,138591,4,8,520,0,0,0,6,176,18488,227,227,73027,4,8,520,0,0,0,1,8,1669
202112,999,16820, ,Charlottesville  VA ,65,65,19560,1,2,341,0,0,0,2,43,4215,0,0,0,0,0,0,0,0,0,0,0,0
202112,999,16940, ,Cheyenne  WY ,38,38,8198,0,0,0,0,0,0,0,0,0,38,38,8198,0,0,0,0,0,0,0,0,0
202112,999,17020, ,Chico  CA ,16,16,4085,0,0,0,0,0,0,0,0,0,16,16,4085,0,0,0,0,0,0,0,0,0
202112,999,17300,C,Clarksville  TN-KY ,111,111,22105,0,0,0,2,8,786,0,0,0,109,109,21962,0,0,0,2,8,786,0,0,0
202112,999,17780, ,College Station-Bryan  TX ,129,129,27355,2,4,695,0,0,0,11,288,22065,129,129,27355,2,4,695,0,0,0,11,288,22065
202112,999,17820,C,Colorado Springs  CO ,317,317,118984,48,96,9403,0,0,0,4,258,86050,311,311,117279,48,96,9403,0,0,0,4,258,86050
202112,999,18880,C,Crestview-Fort Walton Beach-Destin  FL ,245,245,106809,7,14,2287,0,0,0,3,22,4300,245,245,106809,7,14,2287,0,0,0,3,22,4300
202112,999,19060, ,Cumberland  MD-WV ,0,0,0,0,0,0,0,0,0,0,0,0,0,0,0,0,0,0,0,0,0,0,0,0
202112,999,19180, ,Danville  IL ,1,1,55,0,0,0,0,0,0,0,0,0,0,0,0,0,0,0,0,0,0,0,0,0
202112,999,19500, ,Decatur  IL ,0,0,0,0,0,0,0,0,0,0,0,0,0,0,0,0,0,0,0,0,0,0,0,0
202112,999,20220, ,Dubuque  IA ,3,3,1190,0,0,0,0,0,0,0,0,0,3,3,1190,0,0,0,0,0,0,0,0,0
202112,999,20260, ,Duluth  MN-WI ,2,2,522,0,0,0,0,0,0,0,0,0,2,2,522,0,0,0,0,0,0,0,0,0
202112,999,20940, ,El Centro  CA ,22,22,4156,0,0,0,0,0,0,0,0,0,7,7,1298,0,0,0,0,0,0,0,0,0
202112,999,21420, ,Enid  OK ,6,6,2021,0,0,0,0,0,0,0,0,0,6,6,2021,0,0,0,0,0,0,0,0,0
202112,999,21660, ,Eugene-Springfield  OR ,63,63,16268,3,6,1183,0,0,0,3,55,7085,14,14,3944,0,0,0,0,0,0,0,0,0
202112,999,21780, ,Evansville  IN-KY ,73,73,21860,1,2,425,0,0,0,3,57,2964,49,49,16830,0,0,0,0,0,0,2,36,1400
202112,999,21820,C,Fairbanks  AK ,0,0,0,0,0,0,0,0,0,0,0,0,0,0,0,0,0,0,0,0,0,0,0,0
202112,999,22140,C,Farmington  NM ,11,11,2173,0,0,0,0,0,0,0,0,0,11,11,2173,0,0,0,0,0,0,0,0,0
202112,999,22220, ,Fayetteville-Springdale-Rogers  AR-MO ,423,423,117499,22,44,7356,0,0,0,5,63,7170,320,320,93174,8,16,3720,0,0,0,1,5,650
202112,999,22380, ,Flagstaff  AZ ,18,18,7709,0,0,0,0,0,0,0,0,0,18,18,7709,0,0,0,0,0,0,0,0,0
202112,999,22500, ,Florence  SC ,43,43,6777,0,0,0,0,0,0,0,0,0,43,43,6777,0,0,0,0,0,0,0,0,0
202112,999,22520, ,Florence-Muscle Shoals  AL ,18,18,2174,0,0,0,0,0,0,0,0,0,5,5,637,0,0,0,0,0,0,0,0,0
202112,999,22540, ,Fond du Lac  WI ,2,2,755,0,0,0,0,0,0,0,0,0,0,0,0,0,0,0,0,0,0,0,0,0
202112,999,22660,C,Fort Collins  CO ,133,133,45378,0,0,0,0,0,0,4,36,5282,133,133,45378,0,0,0,0,0,0,4,36,5282
202112,999,22900, ,Fort Smith  AR-OK ,26,26,4077,16,32,2885,0,0,0,0,0,0,22,22,3669,16,32,2885,0,0,0,0,0,0
202112,999,23460, ,Gadsden  AL ,6,6,1187,0,0,0,0,0,0,0,0,0,6,6,1187,0,0,0,0,0,0,0,0,0
202112,999,24220, ,Grand Forks  ND-MN ,0,0,0,0,0,0,0,0,0,0,0,0,0,0,0,0,0,0,0,0,0,0,0,0
202112,999,24260, ,Grand Island  NE ,8,8,2195,0,0,0,0,0,0,9,90,16200,8,8,2195,0,0,0,0,0,0,9,90,16200
202112,999,24300,C,Grand Junction  CO ,61,61,9842,1,2,243,0,0,0,1,33,2620,0,0,0,0,0,0,0,0,0,0,0,0
202112,999,24500,C,Great Falls  MT ,12,12,3996,5,10,2667,0,0,0,0,0,0,12,12,3996,5,10,2667,0,0,0,0,0,0
202112,999,25060, ,Gulfport-Biloxi  MS ,175,175,37552,0,0,0,2,6,602,1,10,847,76,76,18998,0,0,0,0,0,0,0,0,0
202112,999,25860, ,Hickory-Lenoir-Morganton  NC ,1,1,150,0,0,0,0,0,0,2,10,557,0,0,0,0,0,0,0,0,0,0,0,0
202112,999,25940, ,Hilton Head Island-Bluffton  SC ,91,91,30026,0,0,0,0,0,0,0,0,0,59,59,14892,0,0,0,0,0,0,0,0,0
202112,999,26140, ,Homosassa Springs  FL ,72,72,14772,1,2,55,0,0,0,1,5,432,0,0,0,0,0,0,0,0,0,0,0,0
202112,999,26380, ,Houma-Thibodaux  LA ,36,36,8897,1,2,156,0,0,0,0,0,0,23,23,5398,0,0,0,0,0,0,0,0,0
202112,999,27100, ,Jackson  MI ,0,0,0,0,0,0,0,0,0,0,0,0,0,0,0,0,0,0,0,0,0,0,0,0
202112,999,27340,C,Jacksonville  NC ,107,107,19033,0,0,0,0,0,0,0,0,0,107,107,19033,0,0,0,0,0,0,0,0,0
202112,999,27980,C,Kahului-Wailuku-Lahaina  HI ,45,45,18083,1,2,323,0,0,0,0,0,0,45,45,18083,1,2,323,0,0,0,0,0,0
202112,999,28660,C,Killeen-Temple  TX ,274,274,59217,22,44,4087,0,0,0,16,376,38484,240,240,53824,18,36,3540,0,0,0,16,376,38484
202112,999,29100, ,La Crosse-Onalaska  WI-MN ,7,7,2305,0,0,0,1,4,320,1,72,8800,7,7,2305,0,0,0,1,4,320,1,72,8800
202112,999,29420, ,Lake Havasu City-Kingman  AZ ,123,123,30677,3,6,715,2,7,227,0,0,0,123,123,30677,3,6,715,2,7,227,0,0,0
202112,999,29540, ,Lancaster  PA ,4,4,901,0,0,0,1,3,164,0,0,0,1,1,250,0,0,0,1,3,164,0,0,0
202112,999,29620, ,Lansing-East Lansing  MI ,8,8,1982,0,0,0,0,0,0,2,20,1995,1,1,82,0,0,0,0,0,0,0,0,0
202112,999,29700, ,Laredo  TX ,108,108,16036,0,0,0,1,3,408,1,15,918,0,0,0,0,0,0,0,0,0,0,0,0
202112,999,30020, ,Lawton  OK ,4,4,1168,0,0,0,0,0,0,0,0,0,0,0,0,0,0,0,0,0,0,0,0,0
202112,999,30300, ,Lewiston  ID-WA ,0,0,0,0,0,0,0,0,0,0,0,0,0,0,0,0,0,0,0,0,0,0,0,0
202112,999,30860, ,Logan  UT-ID ,27,27,6840,0,0,0,0,0,0,3,18,2521,27,27,6840,0,0,0,0,0,0,3,18,2521
202112,999,30980, ,Longview  TX ,20,20,4350,0,0,0,0,0,0,1,60,6121,20,20,4350,0,0,0,0,0,0,1,60,6121
202112,999,31340, ,Lynchburg  VA ,10,10,2201,0,0,0,0,0,0,1,12,311,8,8,1829,0,0,0,0,0,0,0,0,0
202112,999,31740, ,Manhattan  KS ,22,22,7044,0,0,0,0,0,0,0,0,0,10,10,3474,0,0,0,0,0,0,0,0,0
202112,999,33540,C,Missoula  MT ,23,23,5224,1,2,230,0,0,0,2,12,1486,23,23,5224,1,2,230,0,0,0,2,12,1486
202112,999,36100, ,Ocala  FL ,358,358,76390,1,2,253,0,0,0,0,0,0,358,358,76390,1,2,253,0,0,0,0,0,0
202112,999,36980, ,Owensboro  KY ,39,39,3672,0,0,0,0,0,0,0,0,0,38,38,3471,0,0,0,0,0,0,0,0,0
202112,999,37340, ,Palm Bay-Melbourne-Titusville  FL ,332,332,125395,0,0,0,0,0,0,0,0,0,332,332,125395,0,0,0,0,0,0,0,0,0
202112,999,37460, ,Panama City  FL ,75,75,30817,1,2,750,0,0,0,0,0,0,75,75,30817,1,2,750,0,0,0,0,0,0
202112,999,37900, ,Peoria  IL ,5,5,1283,0,0,0,0,0,0,0,0,0,0,0,0,0,0,0,0,0,0,0,0,0
202112,999,38340, ,Pittsfield  MA ,0,0,0,0,0,0,0,0,0,0,0,0,0,0,0,0,0,0,0,0,0,0,0,0
202112,999,38540, ,Pocatello  ID ,23,23,4085,1,2,261,0,0,0,0,0,0,8,8,1086,0,0,0,0,0,0,0,0,0
202112,999,39150, ,Prescott Valley-Prescott  AZ ,88,88,30561,3,6,1083,0,0,0,1,6,1095,51,51,18145,3,6,1083,0,0,0,1,6,1095
202112,999,40060, ,Richmond  VA ,395,395,94353,30,60,5327,0,0,0,12,303,35370,365,365,89929,30,60,5327,0,0,0,10,293,34285
202112,999,41100, ,St. George  UT ,149,149,33751,0,0,0,0,0,0,0,0,0,144,144,32670,0,0,0,0,0,0,0,0,0
202112,999,41500, ,Salinas  CA ,11,11,2416,0,0,0,0,0,0,5,80,13061,11,11,2416,0,0,0,0,0,0,5,80,13061
202112,999,41660,C,San Angelo  TX ,20,20,4350,0,0,0,0,0,0,0,0,0,20,20,4350,0,0,0,0,0,0,0,0,0
202112,999,41740,C,San Diego-Chula Vista-Carlsbad  CA ,255,255,68279,6,12,2296,8,30,6162,30,737,216991,241,241,65249,6,12,2296,8,30,6162,29,721,215231
202112,999,42020, ,San Luis Obispo-Paso Robles  CA ,22,22,7801,0,0,0,0,0,0,0,0,0,0,0,0,0,0,0,0,0,0,0,0,0
202112,999,42200, ,Santa Maria-Santa Barbara  CA ,3,3,2035,0,0,0,0,0,0,0,0,0,3,3,2035,0,0,0,0,0,0,0,0,0
202112,999,42540, ,Scranton--Wilkes-Barre  PA ,1,1,115,0,0,0,0,0,0,0,0,0,1,1,115,0,0,0,0,0,0,0,0,0
202112,999,43100, ,Sheboygan  WI ,5,5,2174,0,0,0,0,0,0,0,0,0,4,4,1751,0,0,0,0,0,0,0,0,0
202112,999,43420, ,Sierra Vista-Douglas  AZ ,33,33,3953,0,0,0,0,0,0,0,0,0,32,32,3862,0,0,0,0,0,0,0,0,0
202112,999,43580, ,Sioux City  IA-NE-SD ,9,9,2561,0,0,0,0,0,0,0,0,0,0,0,0,0,0,0,0,0,0,0,0,0
202112,999,43620, ,Sioux Falls  SD ,58,58,14225,0,0,0,8,31,4540,7,44,16194,57,57,14110,0,0,0,8,31,4540,7,44,16194
202112,999,44140, ,Springfield  MA ,2,2,837,0,0,0,0,0,0,0,0,0,1,1,600,0,0,0,0,0,0,0,0,0
202112,999,44180, ,Springfield  MO ,73,73,24837,3,6,803,0,0,0,0,0,0,73,73,24837,3,6,803,0,0,0,0,0,0
202112,999,44940, ,Sumter  SC ,55,55,8957,1,2,280,0,0,0,0,0,0,55,55,8957,1,2,280,0,0,0,0,0,0
202112,999,45220, ,Tallahassee  FL ,114,114,23440,1,2,222,0,0,0,4,118,15080,48,48,10440,0,0,0,0,0,0,0,0,0
202112,999,45300,C,Tampa-St. Petersburg-Clearwater  FL ,1350,1350,345516,2,4,330,0,0,0,14,624,69490,1330,1330,342266,1,2,50,0,0,0,12,614,66779
202112,999,45460, ,Terre Haute  IN ,0,0,0,0,0,0,0,0,0,0,0,0,0,0,0,0,0,0,0,0,0,0,0,0
202112,999,45500, ,Texarkana  TX-AR ,2,2,455,0,0,0,0,0,0,0,0,0,0,0,0,0,0,0,0,0,0,0,0,0
202112,999,45820, ,Topeka  KS ,22,22,6335,0,0,0,0,0,0,0,0,0,21,21,6304,0,0,0,0,0,0,0,0,0
202112,999,46220, ,Tuscaloosa  AL ,44,44,10751,0,0,0,5,18,1190,1,50,9043,9,9,2360,0,0,0,0,0,0,0,0,0
202112,999,46300, ,Twin Falls  ID ,62,62,12282,2,4,556,1,3,324,2,13,1045,20,20,5267,0,0,0,0,0,0,0,0,0
202112,999,46520,C,Urban Honolulu  HI ,50,50,16950,0,0,0,5,17,4816,1,36,4700,50,50,16950,0,0,0,5,17,4816,1,36,4700
202112,999,46540, ,Utica-Rome  NY ,1,1,170,0,0,0,0,0,0,0,0,0,0,0,0,0,0,0,0,0,0,0,0,0
202112,999,46660, ,Valdosta  GA ,105,105,20133,0,0,0,0,0,0,0,0,0,52,52,11194,0,0,0,0,0,0,0,0,0
202112,999,47300, ,Visalia  CA ,180,180,30166,2,4,300,0,0,0,0,0,0,180,180,30166,2,4,300,0,0,0,0,0,0
202112,999,47380, ,Waco  TX ,65,65,6445,1,2,197,0,0,0,0,0,0,65,65,6445,1,2,197,0,0,0,0,0,0
202112,999,47940, ,Waterloo-Cedar Falls  IA ,4,4,969,0,0,0,0,0,0,0,0,0,4,4,969,0,0,0,0,0,0,0,0,0
202112,999,48060, ,Watertown-Fort Drum  NY ,15,15,3820,0,0,0,0,0,0,0,0,0,0,0,0,0,0,0,0,0,0,0,0,0
202112,999,48300, ,Wenatchee  WA ,44,44,11509,0,0,0,1,4,649,2,10,1621,19,19,6702,0,0,0,1,4,649,2,10,1621
202112,999,48540, ,Wheeling  WV-OH ,0,0,0,0,0,0,0,0,0,0,0,0,0,0,0,0,0,0,0,0,0,0,0,0
202112,999,48660, ,Wichita Falls  TX ,1,1,45,0,0,0,0,0,0,0,0,0,1,1,45,0,0,0,0,0,0,0,0,0
202112,999,48900, ,Wilmington  NC ,120,120,39561,1,2,433,0,0,0,4,164,20541,0,0,0,0,0,0,0,0,0,0,0,0
202112,999,49420, ,Yakima  WA ,34,34,8467,0,0,0,0,0,0,0,0,0,34,34,8467,0,0,0,0,0,0,0,0,0
202112,999,49740, ,Yuma  AZ ,51,51,10185,0,0,0,0,0,0,0,0,0,51,51,10185,0,0,0,0,0,0,0,0,0
