Survey,CSA,CBSA,MONCOV,CBSA,,1-unit,,,2-units,,,3-4 units,,,5+ units,,,1-unit rep,,,2-units rep,,,3-4 units rep,,,5+ units rep
Date,Code,Code,,Name,Bldgs,Units,Value,Bldgs,Units,Value,Bldgs,Units,Value,Bldgs,Units,Value,Bldgs,Units,Value,Bldgs,Units,Value,      Bldgs,Units,Value,Bldgs,Units,Value
 
202111,104,10580,C,Albany-Schenectady-Troy  NY ,80,80,25052,2,4,800,8,31,4194,5,168,39876,61,61,20429,2,4,800,7,28,3744,3,150,38883
202111,104,24020, ,Glens Falls  NY ,18,18,4883,0,0,0,0,0,0,0,0,0,10,10,2925,0,0,0,0,0,0,0,0,0
202111,106,10740,C,Albuquerque  NM ,148,148,40334,0,0,0,0,0,0,2,10,417,137,137,37654,0,0,0,0,0,0,0,0,0
202111,106,42140,C,Santa Fe  NM ,21,21,5705,0,0,0,0,0,0,3,39,5471,0,0,0,0,0,0,0,0,0,0,0,0
202111,107,11020, ,Altoona  PA ,0,0,0,0,0,0,0,0,0,0,0,0,0,0,0,0,0,0,0,0,0,0,0,0
202111,108,11100, ,Amarillo  TX ,45,45,10531,0,0,0,0,0,0,3,28,3322,0,0,0,0,0,0,0,0,0,0,0,0
202111,118,11540, ,Appleton  WI ,31,31,10727,5,10,2750,0,0,0,0,0,0,31,31,10727,5,10,2750,0,0,0,0,0,0
202111,118,36780, ,Oshkosh-Neenah  WI ,15,15,4148,0,0,0,0,0,0,0,0,0,15,15,4148,0,0,0,0,0,0,0,0,0
202111,120,11700, ,Asheville  NC ,173,173,56783,0,0,0,0,0,0,4,107,10669,62,62,23388,0,0,0,0,0,0,0,0,0
202111,122,12020, ,Athens-Clarke County  GA ,38,38,11301,0,0,0,0,0,0,5,104,9590,38,38,11301,0,0,0,0,0,0,5,104,9590
202111,122,12060, ,Atlanta-Sandy Springs-Alpharetta  GA ,2117,2117,497912,1,2,257,0,0,0,12,1067,152603,1775,1775,421078,1,2,257,0,0,0,9,1051,150103
202111,122,23580, ,Gainesville  GA ,58,58,15895,0,0,0,4,15,2140,6,158,20090,7,7,3692,0,0,0,4,15,2140,6,158,20090
202111,122,40660,C,Rome  GA ,14,14,2496,0,0,0,0,0,0,0,0,0,14,14,2496,0,0,0,0,0,0,0,0,0
202111,140,13460,C,Bend  OR ,126,126,46416,4,8,724,0,0,0,2,98,14625,84,84,36534,4,8,724,0,0,0,1,80,12579
202111,142,13820,C,Birmingham-Hoover  AL ,220,220,71537,1,2,223,0,0,0,0,0,0,169,169,57639,1,2,223,0,0,0,0,0,0
202111,144,14020,C,Bloomington  IN ,15,15,4251,0,0,0,0,0,0,1,16,2750,13,13,3705,0,0,0,0,0,0,1,16,2750
202111,145,14010, ,Bloomington  IL ,33,33,8881,0,0,0,0,0,0,0,0,0,33,33,8881,0,0,0,0,0,0,0,0,0
202111,146,14100,C,Bloomsburg-Berwick  PA ,5,5,1228,0,0,0,0,0,0,0,0,0,2,2,485,0,0,0,0,0,0,0,0,0
202111,147,14260,C,Boise City  ID ,673,673,157894,0,0,0,6,24,2428,19,277,40250,653,653,153429,0,0,0,6,24,2428,19,277,40250
202111,148,12700, ,Barnstable Town  MA ,5,5,2547,0,0,0,0,0,0,0,0,0,1,1,600,0,0,0,0,0,0,0,0,0
202111,148,14460,C,Boston-Cambridge-Newton  MA-NH ,378,378,132925,29,58,12628,13,41,7730,50,459,58386,188,188,80124,16,32,7001,10,32,6231,9,98,14224
202111,148,31700, ,Manchester-Nashua  NH ,27,27,6199,3,6,1041,0,0,0,0,0,0,12,12,3586,1,2,454,0,0,0,0,0,0
202111,148,39300,C,Providence-Warwick  RI-MA ,155,155,38349,15,30,3616,1,3,222,4,61,5094,95,95,23656,9,18,2164,0,0,0,1,46,3341
202111,148,49340, ,Worcester  MA-CT ,16,16,3725,0,0,0,0,0,0,0,0,0,8,8,1784,0,0,0,0,0,0,0,0,0
202111,150,14540, ,Bowling Green  KY ,66,66,16222,0,0,0,0,0,0,0,0,0,66,66,16222,0,0,0,0,0,0,0,0,0
202111,154,15180, ,Brownsville-Harlingen  TX ,90,90,9222,1,2,141,0,0,0,1,12,989,0,0,0,0,0,0,0,0,0,0,0,0
202111,160,15380,C,Buffalo-Cheektowaga  NY ,72,72,22547,4,8,1689,0,0,0,3,30,5139,61,61,20090,4,8,1689,0,0,0,0,0,0
202111,162,15540, ,Burlington-South Burlington  VT ,21,21,8246,1,2,300,0,0,0,2,41,8266,10,10,5107,0,0,0,0,0,0,1,36,7700
202111,163,15980,C,Cape Coral-Fort Myers  FL ,957,957,199143,24,48,6135,2,8,2153,2,14,2568,957,957,199143,24,48,6135,2,8,2153,2,14,2568
202111,163,34940, ,Naples-Marco Island  FL ,282,282,94806,0,0,0,7,25,5494,4,142,17594,282,282,94806,0,0,0,7,25,5494,4,142,17594
202111,164,16020, ,Cape Girardeau  MO-IL ,0,0,0,0,0,0,0,0,0,0,0,0,0,0,0,0,0,0,0,0,0,0,0,0
202111,168,16300, ,Cedar Rapids  IA ,39,39,9974,0,0,0,0,0,0,0,0,0,39,39,9974,0,0,0,0,0,0,0,0,0
202111,168,26980, ,Iowa City  IA ,33,33,10276,1,2,301,1,4,934,2,134,30000,31,31,10000,0,0,0,1,4,934,2,134,30000
202111,170,16620, ,Charleston  WV ,16,16,2157,0,0,0,0,0,0,0,0,0,13,13,1999,0,0,0,0,0,0,0,0,0
202111,170,26580, ,Huntington-Ashland  WV-KY-OH ,15,15,2758,0,0,0,0,0,0,0,0,0,0,0,0,0,0,0,0,0,0,0,0,0
202111,172,16740, ,Charlotte-Concord-Gastonia  NC-SC ,1354,1354,343977,1,2,305,0,0,0,8,239,13776,1065,1065,249054,1,2,305,0,0,0,7,222,11846
202111,174,16860, ,Chattanooga  TN-GA ,189,189,41230,2,4,289,1,3,174,2,43,4308,148,148,32016,0,0,0,0,0,0,0,0,0
202111,174,17420, ,Cleveland  TN ,33,33,6007,0,0,0,0,0,0,0,0,0,0,0,0,0,0,0,0,0,0,0,0,0
202111,176,16980, ,Chicago-Naperville-Elgin  IL-IN-WI ,726,726,244765,11,22,4237,16,52,8013,21,476,33805,627,627,216147,10,20,3951,13,41,6258,12,415,25442
202111,176,28100, ,Kankakee  IL ,0,0,0,0,0,0,0,0,0,0,0,0,0,0,0,0,0,0,0,0,0,0,0,0
202111,176,33140, ,Michigan City-La Porte  IN ,13,13,3640,0,0,0,0,0,0,0,0,0,10,10,2964,0,0,0,0,0,0,0,0,0
202111,178,17140, ,Cincinnati  OH-KY-IN ,388,388,114631,2,4,900,2,8,2043,14,368,47812,328,328,97772,2,4,900,2,8,2043,14,368,47812
202111,184,10420, ,Akron  OH ,51,51,11856,0,0,0,1,4,626,1,6,1079,51,51,11856,0,0,0,1,4,626,1,6,1079
202111,184,15940, ,Canton-Massillon  OH ,26,26,7450,0,0,0,1,3,154,9,46,4461,22,22,6983,0,0,0,0,0,0,8,40,4000
202111,184,17460, ,Cleveland-Elyria  OH ,213,213,69574,0,0,0,1,4,674,3,24,3298,189,189,64445,0,0,0,1,4,674,3,24,3298
202111,190,17860, ,Columbia  MO ,53,53,7651,0,0,0,0,0,0,0,0,0,52,52,7417,0,0,0,0,0,0,0,0,0
202111,192,17900,C,Columbia  SC ,394,394,91543,1,2,60,0,0,0,4,279,52172,216,216,44716,1,2,60,0,0,0,2,269,50705
202111,194,12220,C,Auburn-Opelika  AL ,103,103,27726,0,0,0,0,0,0,5,89,12830,20,20,6264,0,0,0,0,0,0,0,0,0
202111,194,17980, ,Columbus  GA-AL ,100,100,14151,0,0,0,0,0,0,1,43,6686,27,27,7119,0,0,0,0,0,0,0,0,0
202111,198,18140, ,Columbus  OH ,480,480,155105,6,12,2145,1,3,319,41,821,49558,432,432,142407,6,12,2145,0,0,0,37,796,47251
202111,204,18580, ,Corpus Christi  TX ,121,121,28324,0,0,0,0,0,0,0,0,0,113,113,27035,0,0,0,0,0,0,0,0,0
202111,206,19100, ,Dallas-Fort Worth-Arlington  TX ,3523,3523,1000155,18,36,7076,6,22,3369,29,2224,315092,2822,2822,827288,12,24,5898,4,16,2445,19,1774,259855
202111,209,19340, ,Davenport-Moline-Rock Island  IA-IL ,26,26,9062,0,0,0,1,4,540,0,0,0,11,11,6393,0,0,0,1,4,540,0,0,0
202111,212,19430, ,Dayton-Kettering  OH ,93,93,33092,1,2,156,0,0,0,0,0,0,64,64,26560,0,0,0,0,0,0,0,0,0
202111,212,44220, ,Springfield  OH ,8,8,2112,0,0,0,0,0,0,0,0,0,8,8,2112,0,0,0,0,0,0,0,0,0
202111,216,14500, ,Boulder  CO ,21,21,16916,1,2,432,1,3,703,3,52,8521,11,11,12587,0,0,0,0,0,0,0,0,0
202111,216,19740,C,Denver-Aurora-Lakewood  CO ,1072,1072,315335,13,26,5225,4,14,2873,29,1388,135952,944,944,284099,13,26,5225,4,14,2873,25,1282,121980
202111,216,24540, ,Greeley  CO ,288,288,84756,2,4,992,1,3,736,3,37,4557,153,153,45957,1,2,648,0,0,0,0,0,0
202111,218,11180, ,Ames  IA ,5,5,1727,0,0,0,0,0,0,0,0,0,5,5,1727,0,0,0,0,0,0,0,0,0
202111,218,19780, ,Des Moines-West Des Moines  IA ,365,365,108929,4,8,1735,1,4,941,6,211,23589,357,357,106207,4,8,1735,1,4,941,4,198,22297
202111,220,11460, ,Ann Arbor  MI ,32,32,9182,0,0,0,1,3,608,0,0,0,21,21,6141,0,0,0,0,0,0,0,0,0
202111,220,19820, ,Detroit-Warren-Dearborn  MI ,462,462,148461,7,14,1620,1,4,318,7,372,337410,384,384,129384,7,14,1620,0,0,0,4,347,334350
202111,220,22420, ,Flint  MI ,22,22,5738,0,0,0,3,10,2063,0,0,0,16,16,4022,0,0,0,0,0,0,0,0,0
202111,220,33780, ,Monroe  MI ,0,0,0,0,0,0,0,0,0,0,0,0,0,0,0,0,0,0,0,0,0,0,0,0
202111,222,20020, ,Dothan  AL ,15,15,4806,0,0,0,0,0,0,0,0,0,15,15,4806,0,0,0,0,0,0,0,0,0
202111,232,20740, ,Eau Claire  WI ,46,46,16058,3,6,1002,0,0,0,0,0,0,46,46,16058,3,6,1002,0,0,0,0,0,0
202111,236,21300, ,Elmira  NY ,0,0,0,0,0,0,0,0,0,0,0,0,0,0,0,0,0,0,0,0,0,0,0,0
202111,238,21340,C,El Paso  TX ,204,204,47796,3,6,740,0,0,0,2,12,1438,33,33,7895,0,0,0,0,0,0,0,0,0
202111,238,29740,C,Las Cruces  NM ,81,81,21039,0,0,0,0,0,0,1,9,633,14,14,4441,0,0,0,0,0,0,0,0,0
202111,240,21500, ,Erie  PA ,4,4,851,1,2,160,0,0,0,0,0,0,4,4,851,1,2,160,0,0,0,0,0,0
202111,244,22020, ,Fargo  ND-MN ,71,71,25266,0,0,0,24,96,14170,1,72,5700,66,66,23672,0,0,0,24,96,14170,1,72,5700
202111,246,22180, ,Fayetteville  NC ,144,144,28697,0,0,0,0,0,0,0,0,0,84,84,20269,0,0,0,0,0,0,0,0,0
202111,258,23060,C,Fort Wayne  IN ,61,61,17376,0,0,0,0,0,0,0,0,0,61,61,17376,0,0,0,0,0,0,0,0,0
202111,260,23420,C,Fresno  CA ,131,131,43894,3,6,838,0,0,0,11,110,20607,23,23,10229,0,0,0,0,0,0,8,72,15367
202111,260,31460, ,Madera  CA ,67,67,18372,0,0,0,2,8,1324,2,26,1467,67,67,18372,0,0,0,2,8,1324,2,26,1467
202111,264,23540, ,Gainesville  FL ,49,49,14100,0,0,0,0,0,0,1,89,3030,0,0,0,0,0,0,0,0,0,0,0,0
202111,266,24340, ,Grand Rapids-Kentwood  MI ,123,123,32610,0,0,0,5,19,3022,3,28,3794,114,114,29856,0,0,0,5,19,3022,2,17,2565
202111,266,34740, ,Muskegon  MI ,1,1,614,0,0,0,0,0,0,0,0,0,1,1,614,0,0,0,0,0,0,0,0,0
202111,267,24580, ,Green Bay  WI ,54,54,19031,1,2,415,0,0,0,4,42,2902,42,42,15287,1,2,415,0,0,0,2,32,2080
202111,268,15500, ,Burlington  NC ,81,81,10088,0,0,0,0,0,0,0,0,0,81,81,10088,0,0,0,0,0,0,0,0,0
202111,268,24660,C,Greensboro-High Point  NC ,196,196,46897,0,0,0,0,0,0,15,360,52582,130,130,24276,0,0,0,0,0,0,15,360,52582
202111,268,49180, ,Winston-Salem  NC ,174,174,41134,0,0,0,0,0,0,1,5,197,158,158,37407,0,0,0,0,0,0,0,0,0
202111,272,24780, ,Greenville  NC ,29,29,3308,0,0,0,0,0,0,0,0,0,29,29,3308,0,0,0,0,0,0,0,0,0
202111,273,24860, ,Greenville-Anderson  SC ,543,543,142699,4,8,982,0,0,0,12,487,27710,535,535,141337,4,8,982,0,0,0,12,487,27710
202111,273,43900, ,Spartanburg  SC ,230,230,37255,0,0,0,0,0,0,0,0,0,0,0,0,0,0,0,0,0,0,0,0,0
202111,276,23900,C,Gettysburg  PA ,44,44,14533,0,0,0,0,0,0,0,0,0,44,44,14533,0,0,0,0,0,0,0,0,0
202111,276,25420,C,Harrisburg-Carlisle  PA ,85,85,25360,0,0,0,1,4,800,0,0,0,66,66,21012,0,0,0,1,4,800,0,0,0
202111,276,30140, ,Lebanon  PA ,15,15,2871,0,0,0,0,0,0,0,0,0,0,0,0,0,0,0,0,0,0,0,0,0
202111,276,49620, ,York-Hanover  PA ,17,17,4353,0,0,0,0,0,0,0,0,0,14,14,3565,0,0,0,0,0,0,0,0,0
202111,277,25500,C,Harrisonburg  VA ,48,48,2967,0,0,0,0,0,0,0,0,0,48,48,2967,0,0,0,0,0,0,0,0,0
202111,277,44420, ,Staunton  VA ,22,22,6525,0,0,0,0,0,0,0,0,0,22,22,6525,0,0,0,0,0,0,0,0,0
202111,278,25540,C,Hartford-East Hartford-Middletown  CT ,62,62,16121,8,16,2043,0,0,0,3,26,1835,38,38,10122,7,14,1843,0,0,0,0,0,0
202111,278,35980, ,Norwich-New London  CT ,13,13,2570,0,0,0,0,0,0,1,5,850,9,9,1824,0,0,0,0,0,0,1,5,850
202111,279,25620, ,Hattiesburg  MS ,5,5,2152,0,0,0,0,0,0,0,0,0,5,5,2152,0,0,0,0,0,0,0,0,0
202111,284,26300, ,Hot Springs  AR ,4,4,1535,0,0,0,0,0,0,0,0,0,4,4,1535,0,0,0,0,0,0,0,0,0
202111,288,26420, ,Houston-The Woodlands-Sugar Land  TX ,3887,3887,924444,20,40,4899,0,0,0,33,547,51812,3491,3491,828655,20,40,4899,0,0,0,30,510,48015
202111,290,19460, ,Decatur  AL ,18,18,4610,0,0,0,0,0,0,0,0,0,14,14,3856,0,0,0,0,0,0,0,0,0
202111,290,26620,C,Huntsville  AL ,277,277,56309,0,0,0,0,0,0,0,0,0,142,142,22364,0,0,0,0,0,0,0,0,0
202111,292,26820, ,Idaho Falls  ID ,112,112,20960,0,0,0,0,0,0,0,0,0,110,110,20610,0,0,0,0,0,0,0,0,0
202111,294,18020, ,Columbus  IN ,14,14,3146,0,0,0,0,0,0,0,0,0,14,14,3146,0,0,0,0,0,0,0,0,0
202111,294,26900, ,Indianapolis-Carmel-Anderson  IN ,730,730,245819,2,4,779,0,0,0,15,396,42682,655,655,219229,1,2,600,0,0,0,14,372,40928
202111,294,34620, ,Muncie  IN ,2,2,349,0,0,0,0,0,0,1,5,627,0,0,0,0,0,0,0,0,0,0,0,0
202111,296,27060, ,Ithaca  NY ,2,2,572,0,0,0,0,0,0,0,0,0,0,0,0,0,0,0,0,0,0,0,0,0
202111,297,27180, ,Jackson  TN ,13,13,3307,0,0,0,0,0,0,0,0,0,0,0,0,0,0,0,0,0,0,0,0,0
202111,298,27140, ,Jackson  MS ,95,95,27232,0,0,0,0,0,0,0,0,0,88,88,24717,0,0,0,0,0,0,0,0,0
202111,300,27260,C,Jacksonville  FL ,1141,1141,261388,31,62,3799,0,0,0,0,0,0,1126,1126,257264,31,62,3799,0,0,0,0,0,0
202111,304,27740, ,Johnson City  TN ,9,9,1977,0,0,0,0,0,0,0,0,0,9,9,1977,0,0,0,0,0,0,0,0,0
202111,304,28700, ,Kingsport-Bristol  TN-VA ,1,1,263,0,0,0,0,0,0,0,0,0,0,0,0,0,0,0,0,0,0,0,0,0
202111,306,27780, ,Johnstown  PA ,0,0,0,0,0,0,0,0,0,0,0,0,0,0,0,0,0,0,0,0,0,0,0,0
202111,308,27860, ,Jonesboro  AR ,38,38,5949,3,6,412,3,9,467,1,7,395,1,1,150,0,0,0,0,0,0,0,0,0
202111,309,27900, ,Joplin  MO ,7,7,1181,0,0,0,0,0,0,0,0,0,7,7,1181,0,0,0,0,0,0,0,0,0
202111,310,12980, ,Battle Creek  MI ,1,1,278,0,0,0,0,0,0,0,0,0,0,0,0,0,0,0,0,0,0,0,0,0
202111,310,28020, ,Kalamazoo-Portage  MI ,18,18,4805,0,0,0,0,0,0,0,0,0,4,4,1193,0,0,0,0,0,0,0,0,0
202111,312,28140, ,Kansas City  MO-KS ,541,541,172360,13,26,3090,15,58,7025,10,358,50602,468,468,148577,13,26,3090,13,52,6414,8,340,48931
202111,312,29940, ,Lawrence  KS ,16,16,5277,0,0,0,0,0,0,1,10,932,0,0,0,0,0,0,0,0,0,0,0,0
202111,312,41140, ,St. Joseph  MO-KS ,0,0,0,0,0,0,0,0,0,0,0,0,0,0,0,0,0,0,0,0,0,0,0,0
202111,313,28420,C,Kennewick-Richland  WA ,136,136,43063,1,2,224,0,0,0,0,0,0,64,64,23011,0,0,0,0,0,0,0,0,0
202111,313,47460, ,Walla Walla  WA ,4,4,772,0,0,0,0,0,0,0,0,0,4,4,772,0,0,0,0,0,0,0,0,0
202111,315,28940, ,Knoxville  TN ,496,496,99684,1,2,955,0,0,0,7,182,21759,483,483,97685,1,2,955,0,0,0,5,150,19185
202111,316,29020, ,Kokomo  IN ,5,5,1041,0,0,0,0,0,0,0,0,0,5,5,1041,0,0,0,0,0,0,0,0,0
202111,318,29180, ,Lafayette  LA ,178,178,41065,0,0,0,0,0,0,0,0,0,95,95,20667,0,0,0,0,0,0,0,0,0
202111,320,29200, ,Lafayette-West Lafayette  IN ,36,36,10105,0,0,0,0,0,0,7,165,22422,4,4,1613,0,0,0,0,0,0,5,108,15963
202111,324,29340, ,Lake Charles  LA ,76,76,12548,0,0,0,0,0,0,0,0,0,37,37,5174,0,0,0,0,0,0,0,0,0
202111,332,29820,C,Las Vegas-Henderson-Paradise  NV ,1009,1009,273789,24,48,5730,9,36,3759,32,639,68587,1007,1007,273061,24,48,5730,9,36,3759,32,639,68587
202111,336,30460,C,Lexington-Fayette  KY ,113,113,31235,0,0,0,1,3,440,4,93,8081,38,38,15367,0,0,0,0,0,0,2,16,780
202111,338,30620, ,Lima  OH ,1,1,373,0,0,0,0,0,0,0,0,0,0,0,0,0,0,0,0,0,0,0,0,0
202111,339,30700, ,Lincoln  NE ,86,86,19868,2,4,563,0,0,0,1,69,7831,2,2,525,0,0,0,0,0,0,0,0,0
202111,340,30780, ,Little Rock-North Little Rock-Conway  AR ,215,215,58613,2,4,1140,0,0,0,8,216,20926,159,159,49651,2,4,1140,0,0,0,6,176,18000
202111,340,38220, ,Pine Bluff  AR ,3,3,353,0,0,0,0,0,0,0,0,0,2,2,208,0,0,0,0,0,0,0,0,0
202111,348,31080,C,Los Angeles-Long Beach-Anaheim  CA ,762,762,229693,72,144,32788,15,50,19378,38,1127,186484,585,585,158374,69,138,30788,13,44,18129,28,1053,175547
202111,348,37100, ,Oxnard-Thousand Oaks-Ventura  CA ,8,8,2729,0,0,0,2,6,1563,4,80,14089,4,4,1464,0,0,0,0,0,0,0,0,0
202111,348,40140, ,Riverside-San Bernardino-Ontario  CA ,867,867,230703,20,40,5985,5,16,1417,24,256,28572,758,758,202863,10,20,3582,3,9,357,19,217,23460
202111,350,21060, ,Elizabethtown-Fort Knox  KY ,60,60,10377,3,6,795,0,0,0,0,0,0,52,52,8768,3,6,795,0,0,0,0,0,0
202111,350,31140, ,Louisville-Jefferson County  KY-IN ,362,362,90206,2,4,605,1,4,950,1,5,1593,236,236,64441,1,2,280,1,4,950,0,0,0
202111,352,31180, ,Lubbock  TX ,241,241,59610,11,22,3207,0,0,0,0,0,0,239,239,59204,11,22,3207,0,0,0,0,0,0
202111,356,31420, ,Macon-Bibb County  GA ,29,29,5963,0,0,0,0,0,0,0,0,0,0,0,0,0,0,0,0,0,0,0,0,0
202111,356,47580, ,Warner Robins  GA ,88,88,21782,0,0,0,0,0,0,0,0,0,88,88,21782,0,0,0,0,0,0,0,0,0
202111,357,27500, ,Janesville-Beloit  WI ,24,24,5378,0,0,0,0,0,0,0,0,0,15,15,2900,0,0,0,0,0,0,0,0,0
202111,357,31540, ,Madison  WI ,121,121,52631,1,2,499,0,0,0,5,121,18081,99,99,46504,0,0,0,0,0,0,4,116,16910
202111,359,31860, ,Mankato  MN ,15,15,4003,0,0,0,0,0,0,2,16,1000,15,15,4003,0,0,0,0,0,0,2,16,1000
202111,365,32580,C,McAllen-Edinburg-Mission  TX ,281,281,57724,3,6,422,13,52,6191,1,8,190,239,239,52089,1,2,250,13,52,6191,1,8,190
202111,366,32780, ,Medford  OR ,34,34,9684,0,0,0,2,8,952,0,0,0,34,34,9684,0,0,0,2,8,952,0,0,0
202111,368,32820, ,Memphis  TN-MS-AR ,306,306,67599,0,0,0,0,0,0,1,5,609,237,237,54794,0,0,0,0,0,0,0,0,0
202111,370,33100, ,Miami-Fort Lauderdale-Pompano Beach  FL ,516,516,180164,10,20,7890,2,8,1090,41,1462,303926,422,422,135741,10,20,7890,2,8,1090,35,1367,290512
202111,370,38940, ,Port St. Lucie  FL ,359,359,82160,0,0,0,0,0,0,3,61,11377,359,359,82160,0,0,0,0,0,0,3,61,11377
202111,370,42680, ,Sebastian-Vero Beach  FL ,69,69,31519,0,0,0,0,0,0,0,0,0,69,69,31519,0,0,0,0,0,0,0,0,0
202111,372,33260, ,Midland  TX ,80,80,17566,0,0,0,0,0,0,0,0,0,80,80,17566,0,0,0,0,0,0,0,0,0
202111,372,36220,C,Odessa  TX ,111,111,26556,0,0,0,0,0,0,0,0,0,111,111,26556,0,0,0,0,0,0,0,0,0
202111,376,33340,C,Milwaukee-Waukesha  WI ,114,114,52903,22,44,8977,0,0,0,1,5,833,72,72,36238,18,36,7520,0,0,0,0,0,0
202111,376,39540, ,Racine  WI ,5,5,2586,4,8,2720,0,0,0,2,40,4118,5,5,2586,4,8,2720,0,0,0,2,40,4118
202111,378,33460, ,Minneapolis-St. Paul-Bloomington  MN-WI ,853,853,299873,3,6,1111,6,23,5117,10,546,75585,780,780,275811,2,4,711,5,20,4474,7,508,71249
202111,378,41060, ,St. Cloud  MN ,1,1,330,0,0,0,0,0,0,0,0,0,0,0,0,0,0,0,0,0,0,0,0,0
202111,380,19300, ,Daphne-Fairhope-Foley  AL ,274,274,67301,0,0,0,0,0,0,1,5,260,169,169,45613,0,0,0,0,0,0,0,0,0
202111,380,33660, ,Mobile  AL ,57,57,13333,0,0,0,0,0,0,0,0,0,17,17,3868,0,0,0,0,0,0,0,0,0
202111,384,33740, ,Monroe  LA ,26,26,5903,0,0,0,1,3,472,1,5,579,0,0,0,0,0,0,0,0,0,0,0,0
202111,388,33860, ,Montgomery  AL ,100,100,23495,0,0,0,0,0,0,0,0,0,100,100,23495,0,0,0,0,0,0,0,0,0
202111,390,34060, ,Morgantown  WV ,0,0,0,0,0,0,0,0,0,0,0,0,0,0,0,0,0,0,0,0,0,0,0,0
202111,396,34820, ,Myrtle Beach-Conway-North Myrtle Beach  SC-NC ,540,540,115378,2,4,456,0,0,0,1,5,250,382,382,74587,2,4,456,0,0,0,0,0,0
202111,400,34980, ,Nashville-Davidson--Murfreesboro--Franklin  TN ,1279,1279,375086,2,4,367,2,6,633,22,1436,224455,1063,1063,332171,2,4,367,0,0,0,20,1417,223131
202111,406,25220, ,Hammond  LA ,74,74,11425,0,0,0,0,0,0,0,0,0,67,67,10394,0,0,0,0,0,0,0,0,0
202111,406,35380, ,New Orleans-Metairie  LA ,259,259,77815,10,20,2142,0,0,0,1,47,8395,174,174,55954,2,4,309,0,0,0,0,0,0
202111,408,14860,C,Bridgeport-Stamford-Norwalk  CT ,49,49,29143,4,8,1041,0,0,0,3,61,4242,31,31,18968,3,6,883,0,0,0,1,45,1100
202111,408,20700, ,East Stroudsburg  PA ,11,11,4496,0,0,0,0,0,0,0,0,0,9,9,4003,0,0,0,0,0,0,0,0,0
202111,408,28740, ,Kingston  NY ,3,3,1087,0,0,0,0,0,0,0,0,0,2,2,530,0,0,0,0,0,0,0,0,0
202111,408,35300, ,New Haven-Milford  CT ,20,20,4357,3,6,1166,0,0,0,2,12,767,13,13,3233,3,6,1166,0,0,0,0,0,0
202111,408,35620,C,New York-Newark-Jersey City  NY-NJ-PA ,1022,1022,297561,76,152,15098,26,85,7163,144,4811,551432,629,629,217409,48,96,10782,15,50,5031,89,3851,452708
202111,408,39100, ,Poughkeepsie-Newburgh-Middletown  NY ,32,32,8853,1,2,712,1,3,518,5,102,13399,24,24,6885,0,0,0,0,0,0,3,52,6460
202111,408,45940,C,Trenton-Princeton  NJ ,25,25,2015,0,0,0,0,0,0,1,6,409,21,21,1451,0,0,0,0,0,0,0,0,0
202111,412,35840,C,North Port-Sarasota-Bradenton  FL ,772,772,234764,6,12,2803,0,0,0,0,0,0,744,744,228031,5,10,2567,0,0,0,0,0,0
202111,412,39460, ,Punta Gorda  FL ,270,270,80646,6,12,1822,0,0,0,2,32,6739,270,270,80646,6,12,1822,0,0,0,2,32,6739
202111,416,36420,C,Oklahoma City  OK ,544,544,144258,12,24,1895,0,0,0,0,0,0,181,181,65419,7,14,1150,0,0,0,0,0,0
202111,420,36540, ,Omaha-Council Bluffs  NE-IA ,244,244,56809,12,24,1412,9,27,1544,5,81,8642,172,172,35932,11,22,1226,9,27,1544,3,56,6496
202111,422,19660, ,Deltona-Daytona Beach-Ormond Beach  FL ,392,392,109621,22,44,7648,0,0,0,2,105,10920,376,376,104054,22,44,7648,0,0,0,1,88,8818
202111,422,29460, ,Lakeland-Winter Haven  FL ,661,661,164623,1,2,179,2,6,865,3,123,11530,231,231,77500,0,0,0,0,0,0,0,0,0
202111,422,36740, ,Orlando-Kissimmee-Sanford  FL ,1174,1174,310299,4,8,1374,8,25,4753,12,398,69671,994,994,260582,3,6,1112,8,25,4753,9,344,64897
202111,422,45540,C,The Villages  FL ,329,329,83922,0,0,0,0,0,0,1,8,1772,328,328,83733,0,0,0,0,0,0,1,8,1772
202111,425,37620, ,Parkersburg-Vienna  WV ,3,3,560,0,0,0,0,0,0,0,0,0,3,3,560,0,0,0,0,0,0,0,0,0
202111,426,37860,C,Pensacola-Ferry Pass-Brent  FL ,139,139,35707,0,0,0,0,0,0,3,179,22297,139,139,35707,0,0,0,0,0,0,3,179,22297
202111,428,12100,C,Atlantic City-Hammonton  NJ ,48,48,17758,0,0,0,0,0,0,2,34,2090,46,46,16857,0,0,0,0,0,0,1,20,337
202111,428,20100,C,Dover  DE ,124,124,19214,0,0,0,0,0,0,0,0,0,31,31,5408,0,0,0,0,0,0,0,0,0
202111,428,36140,C,Ocean City  NJ ,74,74,28281,11,22,4659,0,0,0,1,5,4,72,72,27906,11,22,4659,0,0,0,1,5,4
202111,428,37980,C,Philadelphia-Camden-Wilmington  PA-NJ-DE-MD ,606,606,133474,22,44,6971,18,64,8271,34,723,82352,349,349,76625,0,0,0,1,4,700,11,242,26173
202111,428,39740, ,Reading  PA ,9,9,1566,0,0,0,0,0,0,0,0,0,6,6,819,0,0,0,0,0,0,0,0,0
202111,428,47220,C,Vineland-Bridgeton  NJ ,10,10,1658,0,0,0,0,0,0,0,0,0,9,9,1547,0,0,0,0,0,0,0,0,0
202111,429,38060,C,Phoenix-Mesa-Chandler  AZ ,2545,2545,678513,72,144,11709,5,19,6303,46,1598,233363,2354,2354,633721,71,142,11449,5,19,6303,43,1420,204977
202111,430,38300, ,Pittsburgh  PA ,109,109,39377,0,0,0,1,3,479,2,45,5747,67,67,29233,0,0,0,0,0,0,0,0,0
202111,430,48260, ,Weirton-Steubenville  WV-OH ,0,0,0,0,0,0,0,0,0,0,0,0,0,0,0,0,0,0,0,0,0,0,0,0
202111,438,30340, ,Lewiston-Auburn  ME ,5,5,1055,0,0,0,0,0,0,1,9,782,2,2,392,0,0,0,0,0,0,0,0,0
202111,438,38860, ,Portland-South Portland  ME ,109,109,31923,4,8,1380,1,3,460,4,84,8349,44,44,13830,1,2,200,1,3,460,3,79,7974
202111,440,10540, ,Albany-Lebanon  OR ,33,33,7547,1,2,397,0,0,0,8,88,10296,10,10,1996,1,2,397,0,0,0,6,74,8667
202111,440,18700, ,Corvallis  OR ,10,10,2857,0,0,0,0,0,0,0,0,0,10,10,2857,0,0,0,0,0,0,0,0,0
202111,440,31020, ,Longview  WA ,21,21,5118,0,0,0,0,0,0,0,0,0,0,0,0,0,0,0,0,0,0,0,0,0
202111,440,38900, ,Portland-Vancouver-Hillsboro  OR-WA ,496,496,147850,5,10,1955,10,35,5491,20,654,83754,290,290,89156,2,4,707,7,26,3950,11,372,48960
202111,440,41420, ,Salem  OR ,44,44,11628,0,0,0,0,0,0,9,129,15679,7,7,1757,0,0,0,0,0,0,2,30,4055
202111,444,39380,C,Pueblo  CO ,43,43,7314,0,0,0,0,0,0,0,0,0,43,43,7314,0,0,0,0,0,0,0,0,0
202111,450,20500,C,Durham-Chapel Hill  NC ,264,264,69589,0,0,0,0,0,0,3,191,21910,92,92,35212,0,0,0,0,0,0,0,0,0
202111,450,39580,C,Raleigh-Cary  NC ,1030,1030,244685,0,0,0,0,0,0,23,1535,241945,1030,1030,244685,0,0,0,0,0,0,23,1535,241945
202111,452,39660, ,Rapid City  SD ,50,50,13556,0,0,0,0,0,0,0,0,0,50,50,13556,0,0,0,0,0,0,0,0,0
202111,454,39820, ,Redding  CA ,5,5,1694,0,0,0,0,0,0,0,0,0,5,5,1694,0,0,0,0,0,0,0,0,0
202111,456,16180,C,Carson City  NV ,15,15,3952,0,0,0,0,0,0,1,9,899,0,0,0,0,0,0,0,0,0,0,0,0
202111,456,39900,C,Reno  NV ,202,202,54916,3,6,630,2,6,787,12,231,29147,0,0,0,0,0,0,0,0,0,0,0,0
202111,462,40340, ,Rochester  MN ,23,23,8003,1,2,367,0,0,0,0,0,0,23,23,8003,1,2,367,0,0,0,0,0,0
202111,464,40380, ,Rochester  NY ,62,62,17793,2,4,804,4,13,1508,3,71,8010,34,34,11365,1,2,500,4,13,1508,0,0,0
202111,466,40420, ,Rockford  IL ,1,1,285,0,0,0,0,0,0,0,0,0,1,1,285,0,0,0,0,0,0,0,0,0
202111,472,40900,C,Sacramento-Roseville-Folsom  CA ,694,694,220507,7,14,2096,7,28,6458,4,161,36811,680,680,216492,7,14,2096,7,28,6458,2,142,30759
202111,474,13020, ,Bay City  MI ,1,1,229,0,0,0,0,0,0,0,0,0,0,0,0,0,0,0,0,0,0,0,0,0
202111,474,33220, ,Midland  MI ,4,4,930,0,0,0,0,0,0,0,0,0,4,4,930,0,0,0,0,0,0,0,0,0
202111,474,40980, ,Saginaw  MI ,9,9,2015,0,0,0,2,7,700,0,0,0,9,9,2015,0,0,0,2,7,700,0,0,0
202111,476,41180, ,St. Louis  MO-IL ,439,439,125150,14,28,3975,3,11,1942,6,77,10096,327,327,86752,11,22,3299,2,8,1284,3,24,3000
202111,480,41540, ,Salisbury  MD-DE ,330,330,47073,11,22,3683,0,0,0,0,0,0,329,329,46873,11,22,3683,0,0,0,0,0,0
202111,482,36260, ,Ogden-Clearfield  UT ,286,286,74945,0,0,0,4,12,2401,15,477,51627,238,238,60894,0,0,0,1,3,692,13,448,48162
202111,482,39340, ,Provo-Orem  UT ,477,477,166747,4,8,1185,8,31,4217,18,151,20158,474,474,165583,4,8,1185,8,31,4217,18,151,20158
202111,482,41620, ,Salt Lake City  UT ,280,280,73935,5,10,899,8,29,5048,14,510,71164,190,190,50462,1,2,264,6,22,3791,4,115,17749
202111,484,41700,C,San Antonio-New Braunfels  TX ,872,872,202711,7,14,1798,0,0,0,15,632,58580,807,807,189426,7,14,1798,0,0,0,14,627,57514
202111,488,32900, ,Merced  CA ,12,12,2766,0,0,0,0,0,0,0,0,0,0,0,0,0,0,0,0,0,0,0,0,0
202111,488,33700, ,Modesto  CA ,12,12,3077,0,0,0,0,0,0,0,0,0,12,12,3077,0,0,0,0,0,0,0,0,0
202111,488,41860,C,San Francisco-Oakland-Berkeley  CA ,314,314,118481,4,8,2901,1,3,857,27,867,221670,231,231,87436,1,2,316,0,0,0,16,695,182739
202111,488,41940,C,San Jose-Sunnyvale-Santa Clara  CA ,185,185,52375,1,2,760,0,0,0,4,111,31734,166,166,46332,1,2,760,0,0,0,1,27,16467
202111,488,42100, ,Santa Cruz-Watsonville  CA ,5,5,997,0,0,0,0,0,0,0,0,0,0,0,0,0,0,0,0,0,0,0,0,0
202111,488,42220, ,Santa Rosa-Petaluma  CA ,80,80,26539,0,0,0,0,0,0,10,323,63868,64,64,23500,0,0,0,0,0,0,9,318,63035
202111,488,44700, ,Stockton  CA ,201,201,61269,0,0,0,0,0,0,2,33,3912,111,111,33143,0,0,0,0,0,0,0,0,0
202111,488,46700, ,Vallejo  CA ,61,61,22346,0,0,0,0,0,0,0,0,0,61,61,22346,0,0,0,0,0,0,0,0,0
202111,496,25980, ,Hinesville  GA ,28,28,5402,0,0,0,0,0,0,0,0,0,28,28,5402,0,0,0,0,0,0,0,0,0
202111,496,42340, ,Savannah  GA ,156,156,40663,0,0,0,0,0,0,0,0,0,151,151,39387,0,0,0,0,0,0,0,0,0
202111,500,14740,C,Bremerton-Silverdale-Port Orchard  WA ,88,88,26873,1,2,275,0,0,0,0,0,0,48,48,14891,0,0,0,0,0,0,0,0,0
202111,500,34580, ,Mount Vernon-Anacortes  WA ,36,36,10074,0,0,0,0,0,0,0,0,0,29,29,8254,0,0,0,0,0,0,0,0,0
202111,500,36500, ,Olympia-Lacey-Tumwater  WA ,43,43,10482,0,0,0,1,4,808,8,126,14076,32,32,8000,0,0,0,1,4,808,7,120,13821
202111,500,42660,C,Seattle-Tacoma-Bellevue  WA ,562,562,181530,27,54,11778,18,60,11609,27,2607,552455,466,466,145034,25,50,11059,17,57,10941,19,2455,534564
202111,508,43340,C,Shreveport-Bossier City  LA ,73,73,16778,0,0,0,0,0,0,0,0,0,26,26,6027,0,0,0,0,0,0,0,0,0
202111,515,21140, ,Elkhart-Goshen  IN ,24,24,6382,0,0,0,0,0,0,0,0,0,0,0,0,0,0,0,0,0,0,0,0,0
202111,515,35660, ,Niles  MI ,1,1,297,0,0,0,0,0,0,0,0,0,0,0,0,0,0,0,0,0,0,0,0,0
202111,515,43780, ,South Bend-Mishawaka  IN-MI ,35,35,11250,0,0,0,0,0,0,0,0,0,34,34,10950,0,0,0,0,0,0,0,0,0
202111,518,17660, ,Coeur dAlene  ID ,87,87,26168,2,4,707,0,0,0,1,24,2578,65,65,20862,1,2,329,0,0,0,0,0,0
202111,518,44060, ,Spokane-Spokane Valley  WA ,156,156,38555,2,4,704,0,0,0,7,84,10855,64,64,17255,1,2,407,0,0,0,3,18,1848
202111,522,44100, ,Springfield  IL ,3,3,800,3,6,1560,0,0,0,0,0,0,2,2,550,3,6,1560,0,0,0,0,0,0
202111,524,44300, ,State College  PA ,30,30,10482,0,0,0,0,0,0,3,358,74736,4,4,2373,0,0,0,0,0,0,3,358,74736
202111,532,45060, ,Syracuse  NY ,13,13,3553,0,0,0,0,0,0,0,0,0,13,13,3553,0,0,0,0,0,0,0,0,0
202111,534,45780, ,Toledo  OH ,59,59,16786,1,2,150,1,3,257,3,53,4402,39,39,11515,1,2,150,0,0,0,0,0,0
202111,536,46060,C,Tucson  AZ ,330,330,105768,2,4,476,0,0,0,5,87,13053,249,249,85250,0,0,0,0,0,0,0,0,0
202111,538,46140,C,Tulsa  OK ,294,294,76121,0,0,0,0,0,0,1,9,692,287,287,74647,0,0,0,0,0,0,0,0,0
202111,540,46340, ,Tyler  TX ,23,23,5503,2,4,514,6,20,2697,0,0,0,23,23,5503,2,4,514,6,20,2697,0,0,0
202111,545,47260, ,Virginia Beach-Norfolk-Newport News  VA-NC ,300,300,77389,0,0,0,3,12,2607,4,298,34050,232,232,65999,0,0,0,3,12,2607,4,298,34050
202111,548,12580,C,Baltimore-Columbia-Towson  MD ,274,274,61454,0,0,0,0,0,0,3,183,34217,265,265,60359,0,0,0,0,0,0,2,34,7311
202111,548,15680,C,California-Lexington Park  MD ,35,35,10831,0,0,0,0,0,0,0,0,0,35,35,10831,0,0,0,0,0,0,0,0,0
202111,548,16540,C,Chambersburg-Waynesboro  PA ,28,28,7036,0,0,0,0,0,0,0,0,0,26,26,6506,0,0,0,0,0,0,0,0,0
202111,548,25180, ,Hagerstown-Martinsburg  MD-WV ,111,111,26822,0,0,0,0,0,0,0,0,0,108,108,26275,0,0,0,0,0,0,0,0,0
202111,548,47900, ,Washington-Arlington-Alexandria  DC-VA-MD-WV ,891,891,264649,0,0,0,0,0,0,18,1110,146925,799,799,241267,0,0,0,0,0,0,15,1043,138985
202111,548,49020, ,Winchester  VA-WV ,56,56,14719,0,0,0,0,0,0,0,0,0,56,56,14719,0,0,0,0,0,0,0,0,0
202111,554,48140, ,Wausau-Weston  WI ,15,15,4401,0,0,0,0,0,0,0,0,0,11,11,3370,0,0,0,0,0,0,0,0,0
202111,556,48620, ,Wichita  KS ,116,116,37307,19,38,4540,0,0,0,0,0,0,116,116,37307,19,38,4540,0,0,0,0,0,0
202111,558,48700, ,Williamsport  PA ,0,0,0,0,0,0,0,0,0,0,0,0,0,0,0,0,0,0,0,0,0,0,0,0
202111,566,49660, ,Youngstown-Warren-Boardman  OH-PA ,21,21,5052,0,0,0,0,0,0,0,0,0,21,21,5052,0,0,0,0,0,0,0,0,0
202111,999,10180, ,Abilene  TX ,35,35,7613,4,8,787,0,0,0,0,0,0,35,35,7613,4,8,787,0,0,0,0,0,0
202111,999,10500, ,Albany  GA ,14,14,1956,0,0,0,0,0,0,1,15,2110,12,12,1462,0,0,0,0,0,0,0,0,0
202111,999,10780, ,Alexandria  LA ,20,20,5659,0,0,0,0,0,0,0,0,0,13,13,3816,0,0,0,0,0,0,0,0,0
202111,999,10900, ,Allentown-Bethlehem-Easton  PA-NJ ,67,67,19160,0,0,0,0,0,0,2,14,1131,51,51,16694,0,0,0,0,0,0,0,0,0
202111,999,11260,C,Anchorage  AK ,58,58,18546,1,2,329,1,4,688,2,25,3756,1,1,308,1,2,329,0,0,0,0,0,0
202111,999,11500, ,Anniston-Oxford  AL ,3,3,446,0,0,0,0,0,0,0,0,0,3,3,446,0,0,0,0,0,0,0,0,0
202111,999,12260, ,Augusta-Richmond County  GA-SC ,298,298,73866,0,0,0,6,23,1904,1,8,500,157,157,47492,0,0,0,6,23,1904,1,8,500
202111,999,12420, ,Austin-Round Rock-Georgetown  TX ,1480,1480,394686,10,20,3595,9,33,2954,53,1842,136627,1169,1169,327480,10,20,3595,9,33,2954,52,1836,136073
202111,999,12540, ,Bakersfield  CA ,146,146,36432,2,4,586,0,0,0,3,33,4554,33,33,5060,0,0,0,0,0,0,0,0,0
202111,999,12620, ,Bangor  ME ,3,3,601,2,4,425,0,0,0,0,0,0,2,2,350,2,4,425,0,0,0,0,0,0
202111,999,12940, ,Baton Rouge  LA ,312,312,71819,0,0,0,0,0,0,0,0,0,135,135,38089,0,0,0,0,0,0,0,0,0
202111,999,13140, ,Beaumont-Port Arthur  TX ,48,48,11179,0,0,0,0,0,0,0,0,0,48,48,11179,0,0,0,0,0,0,0,0,0
202111,999,13220,C,Beckley  WV ,10,10,1651,0,0,0,0,0,0,0,0,0,10,10,1651,0,0,0,0,0,0,0,0,0
202111,999,13380, ,Bellingham  WA ,42,42,8817,1,2,650,3,12,1919,0,0,0,32,32,6351,1,2,650,3,12,1919,0,0,0
202111,999,13740, ,Billings  MT ,32,32,10380,2,4,520,0,0,0,4,144,19984,32,32,10380,2,4,520,0,0,0,4,144,19984
202111,999,13780, ,Binghamton  NY ,0,0,0,0,0,0,0,0,0,0,0,0,0,0,0,0,0,0,0,0,0,0,0,0
202111,999,13900, ,Bismarck  ND ,24,24,6795,9,18,3249,0,0,0,0,0,0,17,17,4711,9,18,3249,0,0,0,0,0,0
202111,999,13980, ,Blacksburg-Christiansburg  VA ,5,5,1921,0,0,0,0,0,0,0,0,0,5,5,1921,0,0,0,0,0,0,0,0,0
202111,999,15260, ,Brunswick  GA ,34,34,10994,1,2,301,0,0,0,1,5,2696,6,6,1764,0,0,0,0,0,0,0,0,0
202111,999,16220,C,Casper  WY ,13,13,3356,1,2,126,0,0,0,1,7,697,8,8,1852,0,0,0,0,0,0,0,0,0
202111,999,16580, ,Champaign-Urbana  IL ,2,2,700,0,0,0,0,0,0,1,17,1486,2,2,700,0,0,0,0,0,0,1,17,1486
202111,999,16700,C,Charleston-North Charleston  SC ,413,413,129812,0,0,0,0,0,0,6,206,18731,141,141,54795,0,0,0,0,0,0,0,0,0
202111,999,16820, ,Charlottesville  VA ,61,61,18333,1,2,341,0,0,0,2,38,3726,0,0,0,0,0,0,0,0,0,0,0,0
202111,999,16940, ,Cheyenne  WY ,33,33,7801,1,2,175,4,15,1254,1,7,507,33,33,7801,1,2,175,4,15,1254,1,7,507
202111,999,17020, ,Chico  CA ,24,24,5084,0,0,0,0,0,0,2,68,6897,24,24,5084,0,0,0,0,0,0,2,68,6897
202111,999,17300,C,Clarksville  TN-KY ,170,170,32383,2,4,854,1,3,390,10,69,5505,166,166,31933,2,4,854,1,3,390,10,69,5505
202111,999,17780, ,College Station-Bryan  TX ,148,148,27699,1,2,314,0,0,0,2,12,1000,148,148,27699,1,2,314,0,0,0,2,12,1000
202111,999,17820,C,Colorado Springs  CO ,302,302,118395,22,44,6249,8,24,4560,22,888,133756,301,301,118292,22,44,6249,8,24,4560,22,888,133756
202111,999,18880,C,Crestview-Fort Walton Beach-Destin  FL ,204,204,103406,2,4,600,1,4,631,0,0,0,201,201,102695,2,4,600,1,4,631,0,0,0
202111,999,19060, ,Cumberland  MD-WV ,0,0,0,0,0,0,0,0,0,0,0,0,0,0,0,0,0,0,0,0,0,0,0,0
202111,999,19180, ,Danville  IL ,0,0,0,0,0,0,0,0,0,0,0,0,0,0,0,0,0,0,0,0,0,0,0,0
202111,999,19500, ,Decatur  IL ,0,0,0,0,0,0,0,0,0,0,0,0,0,0,0,0,0,0,0,0,0,0,0,0
202111,999,20220, ,Dubuque  IA ,10,10,3184,0,0,0,0,0,0,0,0,0,7,7,2340,0,0,0,0,0,0,0,0,0
202111,999,20260, ,Duluth  MN-WI ,7,7,2006,0,0,0,0,0,0,0,0,0,7,7,2006,0,0,0,0,0,0,0,0,0
202111,999,20940, ,El Centro  CA ,17,17,3320,0,0,0,0,0,0,0,0,0,3,3,652,0,0,0,0,0,0,0,0,0
202111,999,21420, ,Enid  OK ,2,2,748,0,0,0,0,0,0,0,0,0,2,2,748,0,0,0,0,0,0,0,0,0
202111,999,21660, ,Eugene-Springfield  OR ,79,79,21976,3,6,1183,0,0,0,3,44,5668,36,36,11028,0,0,0,0,0,0,0,0,0
202111,999,21780, ,Evansville  IN-KY ,77,77,23313,3,6,1150,0,0,0,1,15,1117,53,53,18282,1,2,300,0,0,0,0,0,0
202111,999,21820,C,Fairbanks  AK ,0,0,0,0,0,0,0,0,0,0,0,0,0,0,0,0,0,0,0,0,0,0,0,0
202111,999,22140,C,Farmington  NM ,7,7,1700,0,0,0,0,0,0,0,0,0,7,7,1700,0,0,0,0,0,0,0,0,0
202111,999,22220, ,Fayetteville-Springdale-Rogers  AR-MO ,334,334,102497,3,6,966,9,27,3665,5,49,4950,272,272,88873,3,6,966,8,24,3200,1,11,1224
202111,999,22380, ,Flagstaff  AZ ,19,19,7879,0,0,0,2,8,5000,0,0,0,19,19,7879,0,0,0,2,8,5000,0,0,0
202111,999,22500, ,Florence  SC ,35,35,5603,1,2,178,0,0,0,1,11,925,0,0,0,0,0,0,0,0,0,0,0,0
202111,999,22520, ,Florence-Muscle Shoals  AL ,23,23,2958,0,0,0,0,0,0,0,0,0,10,10,1421,0,0,0,0,0,0,0,0,0
202111,999,22540, ,Fond du Lac  WI ,4,4,1403,0,0,0,0,0,0,0,0,0,2,2,648,0,0,0,0,0,0,0,0,0
202111,999,22660,C,Fort Collins  CO ,147,147,47340,0,0,0,0,0,0,2,22,2659,147,147,47340,0,0,0,0,0,0,2,22,2659
202111,999,22900, ,Fort Smith  AR-OK ,37,37,6318,3,6,430,1,3,255,0,0,0,32,32,5669,3,6,430,0,0,0,0,0,0
202111,999,23460, ,Gadsden  AL ,3,3,570,0,0,0,0,0,0,0,0,0,0,0,0,0,0,0,0,0,0,0,0,0
202111,999,24220, ,Grand Forks  ND-MN ,4,4,932,0,0,0,0,0,0,0,0,0,4,4,932,0,0,0,0,0,0,0,0,0
202111,999,24260, ,Grand Island  NE ,3,3,729,1,2,312,0,0,0,0,0,0,3,3,729,1,2,312,0,0,0,0,0,0
202111,999,24300,C,Grand Junction  CO ,71,71,12437,0,0,0,0,0,0,1,24,1943,71,71,12437,0,0,0,0,0,0,1,24,1943
202111,999,24500,C,Great Falls  MT ,16,16,4963,3,6,1800,0,0,0,0,0,0,16,16,4963,3,6,1800,0,0,0,0,0,0
202111,999,25060, ,Gulfport-Biloxi  MS ,159,159,35952,1,2,185,1,3,301,1,9,762,80,80,23179,0,0,0,0,0,0,0,0,0
202111,999,25860, ,Hickory-Lenoir-Morganton  NC ,1,1,150,0,0,0,0,0,0,1,8,446,0,0,0,0,0,0,0,0,0,0,0,0
202111,999,25940, ,Hilton Head Island-Bluffton  SC ,120,120,35954,0,0,0,0,0,0,0,0,0,89,89,21292,0,0,0,0,0,0,0,0,0
202111,999,26140, ,Homosassa Springs  FL ,69,69,14157,0,0,0,0,0,0,1,5,432,0,0,0,0,0,0,0,0,0,0,0,0
202111,999,26380, ,Houma-Thibodaux  LA ,41,41,9690,1,2,156,0,0,0,0,0,0,28,28,6191,0,0,0,0,0,0,0,0,0
202111,999,27100, ,Jackson  MI ,0,0,0,0,0,0,0,0,0,0,0,0,0,0,0,0,0,0,0,0,0,0,0,0
202111,999,27340,C,Jacksonville  NC ,71,71,17778,0,0,0,0,0,0,0,0,0,71,71,17778,0,0,0,0,0,0,0,0,0
202111,999,27980,C,Kahului-Wailuku-Lahaina  HI ,38,38,29077,2,4,250,0,0,0,25,200,24287,38,38,29077,2,4,250,0,0,0,25,200,24287
202111,999,28660,C,Killeen-Temple  TX ,210,210,48445,5,10,898,0,0,0,0,0,0,177,177,43183,2,4,437,0,0,0,0,0,0
202111,999,29100, ,La Crosse-Onalaska  WI-MN ,19,19,5070,2,4,800,0,0,0,1,5,225,19,19,5070,2,4,800,0,0,0,1,5,225
202111,999,29420, ,Lake Havasu City-Kingman  AZ ,115,115,23977,8,16,692,0,0,0,0,0,0,115,115,23977,8,16,692,0,0,0,0,0,0
202111,999,29540, ,Lancaster  PA ,4,4,1520,0,0,0,0,0,0,0,0,0,4,4,1520,0,0,0,0,0,0,0,0,0
202111,999,29620, ,Lansing-East Lansing  MI ,4,4,1035,0,0,0,0,0,0,1,5,568,2,2,759,0,0,0,0,0,0,0,0,0
202111,999,29700, ,Laredo  TX ,103,103,15294,0,0,0,1,3,408,1,14,856,0,0,0,0,0,0,0,0,0,0,0,0
202111,999,30020, ,Lawton  OK ,5,5,1316,0,0,0,0,0,0,0,0,0,2,2,440,0,0,0,0,0,0,0,0,0
202111,999,30300, ,Lewiston  ID-WA ,0,0,0,0,0,0,0,0,0,0,0,0,0,0,0,0,0,0,0,0,0,0,0,0
202111,999,30860, ,Logan  UT-ID ,17,17,4726,0,0,0,0,0,0,0,0,0,17,17,4726,0,0,0,0,0,0,0,0,0
202111,999,30980, ,Longview  TX ,11,11,2393,0,0,0,0,0,0,0,0,0,11,11,2393,0,0,0,0,0,0,0,0,0
202111,999,31340, ,Lynchburg  VA ,12,12,3215,0,0,0,0,0,0,1,11,285,10,10,2843,0,0,0,0,0,0,0,0,0
202111,999,31740, ,Manhattan  KS ,18,18,5709,0,0,0,0,0,0,0,0,0,7,7,2440,0,0,0,0,0,0,0,0,0
202111,999,33540,C,Missoula  MT ,38,38,10300,0,0,0,2,7,698,4,63,6418,38,38,10300,0,0,0,2,7,698,4,63,6418
202111,999,36100, ,Ocala  FL ,450,450,97833,0,0,0,0,0,0,15,432,35504,450,450,97833,0,0,0,0,0,0,15,432,35504
202111,999,36980, ,Owensboro  KY ,26,26,2252,0,0,0,0,0,0,0,0,0,26,26,2252,0,0,0,0,0,0,0,0,0
202111,999,37340, ,Palm Bay-Melbourne-Titusville  FL ,408,408,151031,0,0,0,0,0,0,5,350,51770,408,408,151031,0,0,0,0,0,0,5,350,51770
202111,999,37460, ,Panama City  FL ,70,70,19959,0,0,0,0,0,0,2,33,603,5,5,1409,0,0,0,0,0,0,0,0,0
202111,999,37900, ,Peoria  IL ,2,2,719,0,0,0,0,0,0,0,0,0,2,2,719,0,0,0,0,0,0,0,0,0
202111,999,38340, ,Pittsfield  MA ,1,1,308,0,0,0,0,0,0,0,0,0,0,0,0,0,0,0,0,0,0,0,0,0
202111,999,38540, ,Pocatello  ID ,21,21,3911,0,0,0,0,0,0,0,0,0,7,7,1198,0,0,0,0,0,0,0,0,0
202111,999,39150, ,Prescott Valley-Prescott  AZ ,106,106,37053,1,2,329,0,0,0,5,204,28593,106,106,37053,1,2,329,0,0,0,5,204,28593
202111,999,40060, ,Richmond  VA ,364,364,72896,7,14,952,0,0,0,11,739,67377,338,338,69040,7,14,952,0,0,0,9,729,66292
202111,999,41100, ,St. George  UT ,135,135,27227,0,0,0,0,0,0,1,24,2610,130,130,26307,0,0,0,0,0,0,1,24,2610
202111,999,41500, ,Salinas  CA ,17,17,3358,0,0,0,0,0,0,2,26,3203,6,6,498,0,0,0,0,0,0,0,0,0
202111,999,41660,C,San Angelo  TX ,20,20,4350,0,0,0,0,0,0,0,0,0,20,20,4350,0,0,0,0,0,0,0,0,0
202111,999,41740,C,San Diego-Chula Vista-Carlsbad  CA ,258,258,70359,5,10,1056,18,58,12396,14,168,22624,251,251,67682,5,10,1056,18,58,12396,13,138,19847
202111,999,42020, ,San Luis Obispo-Paso Robles  CA ,21,21,7447,0,0,0,0,0,0,0,0,0,0,0,0,0,0,0,0,0,0,0,0,0
202111,999,42200, ,Santa Maria-Santa Barbara  CA ,5,5,5658,0,0,0,0,0,0,0,0,0,5,5,5658,0,0,0,0,0,0,0,0,0
202111,999,42540, ,Scranton--Wilkes-Barre  PA ,3,3,911,1,2,113,0,0,0,0,0,0,2,2,659,1,2,113,0,0,0,0,0,0
202111,999,43100, ,Sheboygan  WI ,3,3,1033,0,0,0,0,0,0,0,0,0,2,2,610,0,0,0,0,0,0,0,0,0
202111,999,43420, ,Sierra Vista-Douglas  AZ ,28,28,2014,0,0,0,0,0,0,0,0,0,27,27,1923,0,0,0,0,0,0,0,0,0
202111,999,43580, ,Sioux City  IA-NE-SD ,10,10,2961,0,0,0,2,6,500,0,0,0,1,1,400,0,0,0,1,3,500,0,0,0
202111,999,43620, ,Sioux Falls  SD ,110,110,27344,2,4,676,1,4,491,9,144,13480,109,109,27228,2,4,676,1,4,491,9,144,13480
202111,999,44140, ,Springfield  MA ,2,2,637,0,0,0,0,0,0,0,0,0,1,1,400,0,0,0,0,0,0,0,0,0
202111,999,44180, ,Springfield  MO ,44,44,18654,0,0,0,0,0,0,2,246,5000,44,44,18654,0,0,0,0,0,0,2,246,5000
202111,999,44940, ,Sumter  SC ,39,39,6080,1,2,180,0,0,0,0,0,0,39,39,6080,1,2,180,0,0,0,0,0,0
202111,999,45220, ,Tallahassee  FL ,114,114,23523,0,0,0,0,0,0,3,107,13674,50,50,10875,0,0,0,0,0,0,0,0,0
202111,999,45300,C,Tampa-St. Petersburg-Clearwater  FL ,1307,1307,352506,2,4,643,0,0,0,2,256,26431,1300,1300,351338,2,4,643,0,0,0,1,251,26000
202111,999,45460, ,Terre Haute  IN ,2,2,422,1,2,376,0,0,0,0,0,0,0,0,0,1,2,376,0,0,0,0,0,0
202111,999,45500, ,Texarkana  TX-AR ,2,2,475,0,0,0,0,0,0,0,0,0,0,0,0,0,0,0,0,0,0,0,0,0
202111,999,45820, ,Topeka  KS ,20,20,5953,0,0,0,0,0,0,2,24,1938,20,20,5953,0,0,0,0,0,0,2,24,1938
202111,999,46220, ,Tuscaloosa  AL ,48,48,12685,1,2,475,3,9,595,1,45,8139,15,15,4774,0,0,0,0,0,0,0,0,0
202111,999,46300, ,Twin Falls  ID ,47,47,12739,0,0,0,0,0,0,0,0,0,47,47,12739,0,0,0,0,0,0,0,0,0
202111,999,46520,C,Urban Honolulu  HI ,90,90,31810,0,0,0,0,0,0,0,0,0,90,90,31810,0,0,0,0,0,0,0,0,0
202111,999,46540, ,Utica-Rome  NY ,1,1,170,0,0,0,1,4,210,0,0,0,0,0,0,0,0,0,1,4,210,0,0,0
202111,999,46660, ,Valdosta  GA ,94,94,17422,1,2,133,0,0,0,0,0,0,43,43,8821,0,0,0,0,0,0,0,0,0
202111,999,47300, ,Visalia  CA ,43,43,11978,0,0,0,0,0,0,0,0,0,43,43,11978,0,0,0,0,0,0,0,0,0
202111,999,47380, ,Waco  TX ,25,25,1766,2,4,460,0,0,0,0,0,0,25,25,1766,2,4,460,0,0,0,0,0,0
202111,999,47940, ,Waterloo-Cedar Falls  IA ,3,3,925,0,0,0,0,0,0,0,0,0,3,3,925,0,0,0,0,0,0,0,0,0
202111,999,48060, ,Watertown-Fort Drum  NY ,10,10,1242,0,0,0,0,0,0,0,0,0,0,0,0,0,0,0,0,0,0,0,0,0
202111,999,48300, ,Wenatchee  WA ,50,50,12371,0,0,0,0,0,0,0,0,0,26,26,7757,0,0,0,0,0,0,0,0,0
202111,999,48540, ,Wheeling  WV-OH ,0,0,0,0,0,0,0,0,0,1,46,7290,0,0,0,0,0,0,0,0,0,1,46,7290
202111,999,48660, ,Wichita Falls  TX ,0,0,0,0,0,0,0,0,0,0,0,0,0,0,0,0,0,0,0,0,0,0,0,0
202111,999,48900, ,Wilmington  NC ,114,114,37583,1,2,433,0,0,0,3,147,18412,0,0,0,0,0,0,0,0,0,0,0,0
202111,999,49420, ,Yakima  WA ,14,14,4104,0,0,0,4,16,2059,11,216,17754,14,14,4104,0,0,0,4,16,2059,11,216,17754
202111,999,49740, ,Yuma  AZ ,48,48,8103,0,0,0,0,0,0,0,0,0,48,48,8103,0,0,0,0,0,0,0,0,0
