Survey,CSA,CBSA,MONCOV,CBSA,,1-unit,,,2-units,,,3-4 units,,,5+ units,,,1-unit rep,,,2-units rep,,,3-4 units rep,,,5+ units rep
Date,Code,Code,,Name,Bldgs,Units,Value,Bldgs,Units,Value,Bldgs,Units,Value,Bldgs,Units,Value,Bldgs,Units,Value,Bldgs,Units,Value,      Bldgs,Units,Value,Bldgs,Units,Value
 
202104,104,10580,C,Albany-Schenectady-Troy  NY ,147,147,40538,6,12,2632,0,0,0,4,40,4960,120,120,33999,5,10,2170,0,0,0,4,40,4960
202104,104,24020, ,Glens Falls  NY ,23,23,6960,0,0,0,0,0,0,0,0,0,13,13,4513,0,0,0,0,0,0,0,0,0
202104,106,10740,C,Albuquerque  NM ,340,340,80709,0,0,0,5,20,2343,5,32,2980,325,325,77012,0,0,0,5,20,2343,3,22,2563
202104,106,42140,C,Santa Fe  NM ,29,29,7878,0,0,0,0,0,0,3,32,4489,0,0,0,0,0,0,0,0,0,0,0,0
202104,107,11020, ,Altoona  PA ,0,0,0,0,0,0,0,0,0,0,0,0,0,0,0,0,0,0,0,0,0,0,0,0
202104,108,11100, ,Amarillo  TX ,42,42,10048,0,0,0,0,0,0,0,0,0,42,42,10048,0,0,0,0,0,0,0,0,0
202104,118,11540, ,Appleton  WI ,60,60,19219,1,2,375,0,0,0,2,44,3932,60,60,19219,1,2,375,0,0,0,2,44,3932
202104,118,36780, ,Oshkosh-Neenah  WI ,33,33,13563,8,16,2475,0,0,0,0,0,0,33,33,13563,8,16,2475,0,0,0,0,0,0
202104,120,11700, ,Asheville  NC ,202,202,72359,0,0,0,0,0,0,5,118,11609,53,53,27538,0,0,0,0,0,0,0,0,0
202104,122,12020, ,Athens-Clarke County  GA ,49,49,15812,0,0,0,0,0,0,0,0,0,49,49,15812,0,0,0,0,0,0,0,0,0
202104,122,12060, ,Atlanta-Sandy Springs-Alpharetta  GA ,3086,3086,723251,3,6,1703,3,11,1639,37,748,109857,2788,2788,648604,3,6,1703,2,8,1392,35,736,107751
202104,122,23580, ,Gainesville  GA ,92,92,20308,0,0,0,0,0,0,1,9,1215,24,24,4037,0,0,0,0,0,0,1,9,1215
202104,122,40660,C,Rome  GA ,33,33,6217,0,0,0,0,0,0,0,0,0,33,33,6217,0,0,0,0,0,0,0,0,0
202104,140,13460,C,Bend  OR ,167,167,48748,6,12,1518,0,0,0,8,212,24180,167,167,48748,6,12,1518,0,0,0,8,212,24180
202104,142,13820,C,Birmingham-Hoover  AL ,330,330,103814,1,2,247,0,0,0,1,11,1109,233,233,80817,0,0,0,0,0,0,0,0,0
202104,144,14020,C,Bloomington  IN ,25,25,7078,0,0,0,3,10,1444,0,0,0,21,21,5984,0,0,0,3,10,1444,0,0,0
202104,145,14010, ,Bloomington  IL ,12,12,2871,1,2,146,0,0,0,4,30,2030,4,4,1090,0,0,0,0,0,0,4,30,2030
202104,146,14100,C,Bloomsburg-Berwick  PA ,8,8,2347,0,0,0,0,0,0,0,0,0,3,3,1022,0,0,0,0,0,0,0,0,0
202104,147,14260,C,Boise City  ID ,742,742,197084,5,10,1657,8,30,3521,15,110,12799,586,586,172961,2,4,834,3,12,1225,13,88,11374
202104,148,12700, ,Barnstable Town  MA ,8,8,4173,0,0,0,0,0,0,0,0,0,5,5,2285,0,0,0,0,0,0,0,0,0
202104,148,14460,C,Boston-Cambridge-Newton  MA-NH ,511,511,163053,17,34,7698,13,43,6141,68,1483,196468,256,256,91798,9,18,4654,12,40,5590,18,1113,152895
202104,148,31700, ,Manchester-Nashua  NH ,36,36,8180,2,4,544,0,0,0,1,16,3000,14,14,4325,1,2,240,0,0,0,1,16,3000
202104,148,39300,C,Providence-Warwick  RI-MA ,198,198,46635,5,10,1131,1,3,390,1,14,345,118,118,29684,3,6,751,0,0,0,1,14,345
202104,148,49340, ,Worcester  MA-CT ,18,18,4947,0,0,0,0,0,0,0,0,0,13,13,3942,0,0,0,0,0,0,0,0,0
202104,150,14540, ,Bowling Green  KY ,93,93,21098,0,0,0,0,0,0,0,0,0,93,93,21098,0,0,0,0,0,0,0,0,0
202104,154,15180, ,Brownsville-Harlingen  TX ,121,121,12474,3,6,401,1,3,412,1,13,1071,0,0,0,0,0,0,0,0,0,0,0,0
202104,160,15380,C,Buffalo-Cheektowaga  NY ,103,103,32432,4,8,1538,2,8,1120,2,19,4261,73,73,24924,4,8,1538,2,8,1120,0,0,0
202104,162,15540, ,Burlington-South Burlington  VT ,24,24,7967,3,6,1535,0,0,0,3,15,1551,3,3,1015,2,4,1120,0,0,0,0,0,0
202104,163,15980,C,Cape Coral-Fort Myers  FL ,888,888,169560,10,20,2914,3,12,2590,10,260,28700,888,888,169560,10,20,2914,3,12,2590,10,260,28700
202104,163,34940, ,Naples-Marco Island  FL ,389,389,126198,1,2,340,0,0,0,6,183,19180,389,389,126198,1,2,340,0,0,0,6,183,19180
202104,164,16020, ,Cape Girardeau  MO-IL ,0,0,0,0,0,0,0,0,0,0,0,0,0,0,0,0,0,0,0,0,0,0,0,0
202104,168,16300, ,Cedar Rapids  IA ,37,37,6210,1,2,375,0,0,0,0,0,0,37,37,6210,1,2,375,0,0,0,0,0,0
202104,168,26980, ,Iowa City  IA ,39,39,12181,3,6,919,0,0,0,0,0,0,36,36,11768,2,4,618,0,0,0,0,0,0
202104,170,16620, ,Charleston  WV ,21,21,2465,0,0,0,0,0,0,0,0,0,20,20,2356,0,0,0,0,0,0,0,0,0
202104,170,26580, ,Huntington-Ashland  WV-KY-OH ,19,19,3123,0,0,0,0,0,0,1,5,606,1,1,150,0,0,0,0,0,0,0,0,0
202104,172,16740, ,Charlotte-Concord-Gastonia  NC-SC ,1750,1750,457848,4,8,1650,10,39,6322,8,450,42373,1366,1366,331630,3,6,1429,9,36,5798,6,432,40330
202104,174,16860, ,Chattanooga  TN-GA ,192,192,48212,4,8,577,0,0,0,2,48,4809,138,138,36075,0,0,0,0,0,0,0,0,0
202104,174,17420, ,Cleveland  TN ,36,36,6351,6,12,912,0,0,0,0,0,0,13,13,2180,6,12,912,0,0,0,0,0,0
202104,176,16980, ,Chicago-Naperville-Elgin  IL-IN-WI ,1054,1054,312576,19,38,6952,23,76,15216,17,523,65733,855,855,256011,15,30,5542,19,63,13251,9,450,56221
202104,176,28100, ,Kankakee  IL ,1,1,370,0,0,0,0,0,0,0,0,0,1,1,370,0,0,0,0,0,0,0,0,0
202104,176,33140, ,Michigan City-La Porte  IN ,14,14,5081,0,0,0,0,0,0,0,0,0,4,4,2046,0,0,0,0,0,0,0,0,0
202104,178,17140, ,Cincinnati  OH-KY-IN ,601,601,156952,1,2,248,4,15,2590,7,54,7052,531,531,133462,1,2,248,4,15,2590,7,54,7052
202104,184,10420, ,Akron  OH ,68,68,36769,1,2,157,1,3,175,1,5,152,26,26,7529,0,0,0,0,0,0,0,0,0
202104,184,15940, ,Canton-Massillon  OH ,58,58,17132,0,0,0,9,34,2866,8,51,3852,52,52,16432,0,0,0,8,31,2712,7,46,3468
202104,184,17460, ,Cleveland-Elyria  OH ,280,280,77690,1,2,153,4,15,2267,4,30,3980,193,193,58605,0,0,0,3,12,2059,4,30,3980
202104,190,17860, ,Columbia  MO ,77,77,20949,0,0,0,0,0,0,0,0,0,76,76,20715,0,0,0,0,0,0,0,0,0
202104,192,17900,C,Columbia  SC ,645,645,141678,0,0,0,0,0,0,2,10,1467,409,409,79219,0,0,0,0,0,0,0,0,0
202104,194,12220,C,Auburn-Opelika  AL ,177,177,48949,4,8,1401,0,0,0,0,0,0,135,135,38839,4,8,1401,0,0,0,0,0,0
202104,194,17980, ,Columbus  GA-AL ,85,85,15870,0,0,0,0,0,0,0,0,0,84,84,15637,0,0,0,0,0,0,0,0,0
202104,198,18140, ,Columbus  OH ,684,684,218886,0,0,0,4,16,1341,14,286,67019,601,601,195985,0,0,0,3,12,916,11,265,65022
202104,204,18580, ,Corpus Christi  TX ,138,138,31540,0,0,0,0,0,0,0,0,0,0,0,0,0,0,0,0,0,0,0,0,0
202104,206,19100, ,Dallas-Fort Worth-Arlington  TX ,4515,4515,1166712,19,38,3342,3,11,1273,55,2479,280606,3693,3693,962234,12,24,2068,1,4,195,42,1988,225747
202104,209,19340, ,Davenport-Moline-Rock Island  IA-IL ,36,36,9760,2,4,720,5,18,2941,1,6,630,16,16,6210,2,4,720,5,18,2941,1,6,630
202104,212,19430, ,Dayton-Kettering  OH ,112,112,36523,1,2,305,0,0,0,0,0,0,69,69,26837,1,2,305,0,0,0,0,0,0
202104,212,44220, ,Springfield  OH ,22,22,6305,0,0,0,0,0,0,0,0,0,22,22,6305,0,0,0,0,0,0,0,0,0
202104,216,14500, ,Boulder  CO ,43,43,17575,1,2,2386,1,4,1192,0,0,0,43,43,17575,1,2,2386,1,4,1192,0,0,0
202104,216,19740,C,Denver-Aurora-Lakewood  CO ,1269,1269,371208,9,18,3901,1,3,691,61,2074,212750,1214,1214,349718,4,8,1636,1,3,691,57,2027,205453
202104,216,24540, ,Greeley  CO ,293,293,82687,9,18,4335,4,14,3254,5,48,6844,104,104,29264,8,16,3835,3,11,2643,2,11,2342
202104,218,11180, ,Ames  IA ,9,9,2947,0,0,0,0,0,0,1,8,1402,9,9,2947,0,0,0,0,0,0,1,8,1402
202104,218,19780, ,Des Moines-West Des Moines  IA ,539,539,161379,1,2,165,0,0,0,5,126,17512,526,526,156794,1,2,165,0,0,0,3,114,16324
202104,220,11460, ,Ann Arbor  MI ,50,50,14510,2,4,922,11,42,4193,0,0,0,35,35,10188,2,4,922,10,39,3585,0,0,0
202104,220,19820, ,Detroit-Warren-Dearborn  MI ,588,588,181233,4,8,1604,9,33,2881,12,102,17968,434,434,144818,3,6,1457,7,26,2173,9,87,15241
202104,220,22420, ,Flint  MI ,27,27,10645,0,0,0,4,14,2889,0,0,0,18,18,8071,0,0,0,0,0,0,0,0,0
202104,220,33780, ,Monroe  MI ,1,1,290,0,0,0,0,0,0,0,0,0,1,1,290,0,0,0,0,0,0,0,0,0
202104,222,20020, ,Dothan  AL ,19,19,6749,0,0,0,0,0,0,0,0,0,19,19,6749,0,0,0,0,0,0,0,0,0
202104,232,20740, ,Eau Claire  WI ,51,51,15750,10,20,3320,1,4,809,0,0,0,39,39,11828,10,20,3320,1,4,809,0,0,0
202104,236,21300, ,Elmira  NY ,0,0,0,0,0,0,0,0,0,0,0,0,0,0,0,0,0,0,0,0,0,0,0,0
202104,238,21340,C,El Paso  TX ,220,220,51301,13,26,3320,0,0,0,2,14,1678,50,50,11783,11,22,2826,0,0,0,0,0,0
202104,238,29740,C,Las Cruces  NM ,106,106,27166,0,0,0,0,0,0,1,7,492,0,0,0,0,0,0,0,0,0,0,0,0
202104,240,21500, ,Erie  PA ,9,9,2165,0,0,0,1,4,300,0,0,0,9,9,2165,0,0,0,1,4,300,0,0,0
202104,244,22020, ,Fargo  ND-MN ,130,130,46987,0,0,0,0,0,0,1,9,1050,116,116,42910,0,0,0,0,0,0,1,9,1050
202104,246,22180, ,Fayetteville  NC ,206,206,37717,0,0,0,0,0,0,0,0,0,127,127,26620,0,0,0,0,0,0,0,0,0
202104,258,23060,C,Fort Wayne  IN ,205,205,58220,1,2,135,0,0,0,0,0,0,205,205,58220,1,2,135,0,0,0,0,0,0
202104,260,23420,C,Fresno  CA ,278,278,84071,3,6,838,1,3,225,4,38,5204,19,19,4474,0,0,0,0,0,0,0,0,0
202104,260,31460, ,Madera  CA ,85,85,23307,0,0,0,0,0,0,0,0,0,85,85,23307,0,0,0,0,0,0,0,0,0
202104,264,23540, ,Gainesville  FL ,65,65,18688,0,0,0,0,0,0,1,100,3405,0,0,0,0,0,0,0,0,0,0,0,0
202104,266,24340, ,Grand Rapids-Kentwood  MI ,183,183,48795,2,4,714,4,15,2016,3,41,4387,139,139,39573,2,4,714,4,15,2016,1,13,1471
202104,266,34740, ,Muskegon  MI ,5,5,794,0,0,0,0,0,0,0,0,0,0,0,0,0,0,0,0,0,0,0,0,0
202104,267,24580, ,Green Bay  WI ,75,75,22016,1,2,500,0,0,0,8,86,6522,47,47,13442,1,2,500,0,0,0,6,76,5700
202104,268,15500, ,Burlington  NC ,132,132,17159,0,0,0,0,0,0,0,0,0,132,132,17159,0,0,0,0,0,0,0,0,0
202104,268,24660,C,Greensboro-High Point  NC ,185,185,49966,2,4,773,0,0,0,1,13,210,78,78,19930,2,4,773,0,0,0,0,0,0
202104,268,49180, ,Winston-Salem  NC ,216,216,44758,0,0,0,0,0,0,1,6,237,195,195,39866,0,0,0,0,0,0,0,0,0
202104,272,24780, ,Greenville  NC ,69,69,14942,0,0,0,0,0,0,0,0,0,69,69,14942,0,0,0,0,0,0,0,0,0
202104,273,24860, ,Greenville-Anderson  SC ,804,804,218504,12,24,2152,0,0,0,0,0,0,796,796,217054,12,24,2152,0,0,0,0,0,0
202104,273,43900, ,Spartanburg  SC ,306,306,49565,0,0,0,0,0,0,0,0,0,0,0,0,0,0,0,0,0,0,0,0,0
202104,276,23900,C,Gettysburg  PA ,25,25,6390,0,0,0,0,0,0,0,0,0,25,25,6390,0,0,0,0,0,0,0,0,0
202104,276,25420,C,Harrisburg-Carlisle  PA ,114,114,26363,1,2,332,0,0,0,0,0,0,69,69,15634,0,0,0,0,0,0,0,0,0
202104,276,30140, ,Lebanon  PA ,19,19,3636,0,0,0,0,0,0,1,5,517,0,0,0,0,0,0,0,0,0,0,0,0
202104,276,49620, ,York-Hanover  PA ,37,37,5479,0,0,0,0,0,0,0,0,0,34,34,4689,0,0,0,0,0,0,0,0,0
202104,277,25500,C,Harrisonburg  VA ,50,50,15810,0,0,0,0,0,0,0,0,0,50,50,15810,0,0,0,0,0,0,0,0,0
202104,277,44420, ,Staunton  VA ,32,32,7183,0,0,0,0,0,0,0,0,0,32,32,7183,0,0,0,0,0,0,0,0,0
202104,278,25540,C,Hartford-East Hartford-Middletown  CT ,106,106,26501,0,0,0,1,4,531,3,24,1666,79,79,20193,0,0,0,1,4,531,0,0,0
202104,278,35980, ,Norwich-New London  CT ,21,21,4861,1,2,260,0,0,0,0,0,0,14,14,3478,1,2,260,0,0,0,0,0,0
202104,279,25620, ,Hattiesburg  MS ,3,3,970,0,0,0,0,0,0,0,0,0,3,3,970,0,0,0,0,0,0,0,0,0
202104,284,26300, ,Hot Springs  AR ,6,6,1280,0,0,0,0,0,0,0,0,0,6,6,1280,0,0,0,0,0,0,0,0,0
202104,288,26420, ,Houston-The Woodlands-Sugar Land  TX ,5254,5254,1160494,35,70,7267,2,6,630,54,2235,209871,4599,4599,1004683,35,70,7267,2,6,630,49,2167,202831
202104,290,19460, ,Decatur  AL ,15,15,3656,0,0,0,0,0,0,0,0,0,9,9,2526,0,0,0,0,0,0,0,0,0
202104,290,26620,C,Huntsville  AL ,384,384,74669,0,0,0,0,0,0,0,0,0,202,202,29152,0,0,0,0,0,0,0,0,0
202104,292,26820, ,Idaho Falls  ID ,162,162,27870,0,0,0,0,0,0,0,0,0,161,161,27689,0,0,0,0,0,0,0,0,0
202104,294,18020, ,Columbus  IN ,43,43,10090,0,0,0,0,0,0,0,0,0,43,43,10090,0,0,0,0,0,0,0,0,0
202104,294,26900, ,Indianapolis-Carmel-Anderson  IN ,977,977,310233,10,20,3857,0,0,0,3,18,5100,903,903,289404,9,18,3678,0,0,0,3,18,5100
202104,294,34620, ,Muncie  IN ,3,3,1085,0,0,0,0,0,0,0,0,0,3,3,1085,0,0,0,0,0,0,0,0,0
202104,296,27060, ,Ithaca  NY ,1,1,331,0,0,0,0,0,0,0,0,0,0,0,0,0,0,0,0,0,0,0,0,0
202104,297,27180, ,Jackson  TN ,17,17,4325,0,0,0,0,0,0,0,0,0,0,0,0,0,0,0,0,0,0,0,0,0
202104,298,27140, ,Jackson  MS ,145,145,36270,0,0,0,0,0,0,0,0,0,121,121,29997,0,0,0,0,0,0,0,0,0
202104,300,27260,C,Jacksonville  FL ,1443,1443,353146,3,6,771,2,7,913,30,938,106710,1316,1316,318924,3,6,771,1,4,732,29,916,106461
202104,304,27740, ,Johnson City  TN ,16,16,5213,0,0,0,0,0,0,0,0,0,16,16,5213,0,0,0,0,0,0,0,0,0
202104,304,28700, ,Kingsport-Bristol  TN-VA ,2,2,413,0,0,0,0,0,0,0,0,0,1,1,150,0,0,0,0,0,0,0,0,0
202104,306,27780, ,Johnstown  PA ,1,1,91,0,0,0,0,0,0,0,0,0,1,1,91,0,0,0,0,0,0,0,0,0
202104,308,27860, ,Jonesboro  AR ,57,57,9127,3,6,412,4,13,675,1,8,452,6,6,1134,0,0,0,0,0,0,0,0,0
202104,309,27900, ,Joplin  MO ,37,37,6116,0,0,0,0,0,0,0,0,0,37,37,6116,0,0,0,0,0,0,0,0,0
202104,310,12980, ,Battle Creek  MI ,5,5,1117,0,0,0,0,0,0,0,0,0,3,3,560,0,0,0,0,0,0,0,0,0
202104,310,28020, ,Kalamazoo-Portage  MI ,23,23,5812,0,0,0,0,0,0,0,0,0,0,0,0,0,0,0,0,0,0,0,0,0
202104,312,28140, ,Kansas City  MO-KS ,733,733,226116,12,24,2383,4,14,2546,6,241,33015,690,690,207688,12,24,2383,4,14,2546,6,241,33015
202104,312,29940, ,Lawrence  KS ,19,19,5763,0,0,0,0,0,0,0,0,0,19,19,5763,0,0,0,0,0,0,0,0,0
202104,312,41140, ,St. Joseph  MO-KS ,0,0,0,0,0,0,0,0,0,0,0,0,0,0,0,0,0,0,0,0,0,0,0,0
202104,313,28420,C,Kennewick-Richland  WA ,173,173,52353,0,0,0,0,0,0,1,19,2836,23,23,8227,0,0,0,0,0,0,0,0,0
202104,313,47460, ,Walla Walla  WA ,12,12,3586,0,0,0,0,0,0,0,0,0,11,11,3486,0,0,0,0,0,0,0,0,0
202104,315,28940, ,Knoxville  TN ,357,357,88115,0,0,0,0,0,0,2,35,2833,332,332,84207,0,0,0,0,0,0,0,0,0
202104,316,29020, ,Kokomo  IN ,39,39,8534,0,0,0,0,0,0,0,0,0,39,39,8534,0,0,0,0,0,0,0,0,0
202104,318,29180, ,Lafayette  LA ,296,296,65705,0,0,0,0,0,0,1,5,529,165,165,35425,0,0,0,0,0,0,0,0,0
202104,320,29200, ,Lafayette-West Lafayette  IN ,52,52,14768,0,0,0,0,0,0,2,52,5902,6,6,2395,0,0,0,0,0,0,0,0,0
202104,324,29340, ,Lake Charles  LA ,100,100,16787,1,2,250,0,0,0,0,0,0,47,47,6830,1,2,250,0,0,0,0,0,0
202104,332,29820,C,Las Vegas-Henderson-Paradise  NV ,936,936,256010,3,6,531,9,31,5696,28,386,21321,932,932,254556,3,6,531,9,31,5696,28,386,21321
202104,336,30460,C,Lexington-Fayette  KY ,180,180,41987,1,2,219,3,10,1635,3,91,8718,84,84,21774,0,0,0,1,4,750,1,5,550
202104,338,30620, ,Lima  OH ,0,0,0,0,0,0,0,0,0,0,0,0,0,0,0,0,0,0,0,0,0,0,0,0
202104,339,30700, ,Lincoln  NE ,132,132,30692,2,4,563,0,0,0,2,62,7037,7,7,1900,0,0,0,0,0,0,0,0,0
202104,340,30780, ,Little Rock-North Little Rock-Conway  AR ,348,348,63162,0,0,0,0,0,0,2,24,2036,318,318,59746,0,0,0,0,0,0,2,24,2036
202104,340,38220, ,Pine Bluff  AR ,1,1,146,0,0,0,0,0,0,0,0,0,0,0,0,0,0,0,0,0,0,0,0,0
202104,348,31080,C,Los Angeles-Long Beach-Anaheim  CA ,970,970,308737,59,118,30700,14,46,15758,55,1093,203278,745,745,217256,57,114,29367,12,40,14606,44,994,189435
202104,348,37100, ,Oxnard-Thousand Oaks-Ventura  CA ,10,10,2966,4,8,2162,0,0,0,0,0,0,10,10,2966,4,8,2162,0,0,0,0,0,0
202104,348,40140, ,Riverside-San Bernardino-Ontario  CA ,1025,1025,266814,5,10,189,6,21,3967,7,108,13656,954,954,250474,5,10,189,6,21,3967,5,97,12977
202104,350,21060, ,Elizabethtown-Fort Knox  KY ,60,60,14153,4,8,1280,0,0,0,2,12,720,49,49,11940,4,8,1280,0,0,0,2,12,720
202104,350,31140, ,Louisville-Jefferson County  KY-IN ,436,436,111730,1,2,325,1,3,600,2,195,16593,266,266,77029,0,0,0,0,0,0,1,190,15000
202104,352,31180, ,Lubbock  TX ,195,195,45221,19,38,5525,0,0,0,0,0,0,194,194,45048,19,38,5525,0,0,0,0,0,0
202104,356,31420, ,Macon-Bibb County  GA ,39,39,7974,0,0,0,0,0,0,0,0,0,0,0,0,0,0,0,0,0,0,0,0,0
202104,356,47580, ,Warner Robins  GA ,101,101,22793,0,0,0,0,0,0,4,24,1777,76,76,16648,0,0,0,0,0,0,4,24,1777
202104,357,27500, ,Janesville-Beloit  WI ,17,17,4549,2,4,680,0,0,0,0,0,0,5,5,1245,2,4,680,0,0,0,0,0,0
202104,357,31540, ,Madison  WI ,171,171,62046,12,24,5095,0,0,0,24,808,104173,121,121,47347,4,8,1457,0,0,0,22,757,96403
202104,359,31860, ,Mankato  MN ,10,10,3811,3,6,2025,1,4,940,0,0,0,10,10,3811,3,6,2025,1,4,940,0,0,0
202104,365,32580,C,McAllen-Edinburg-Mission  TX ,393,393,78001,6,12,720,14,56,3582,4,44,3126,365,365,75178,5,10,570,14,56,3582,4,44,3126
202104,366,32780, ,Medford  OR ,62,62,18231,1,2,323,2,8,1000,0,0,0,62,62,18231,1,2,323,2,8,1000,0,0,0
202104,368,32820, ,Memphis  TN-MS-AR ,406,406,97986,0,0,0,0,0,0,3,375,50609,368,368,92216,0,0,0,0,0,0,2,370,50000
202104,370,33100, ,Miami-Fort Lauderdale-Pompano Beach  FL ,734,734,308564,6,12,2104,7,26,3186,30,2073,249276,628,628,266041,6,12,2104,7,26,3186,21,1865,218628
202104,370,38940, ,Port St. Lucie  FL ,448,448,101201,6,12,1341,2,6,1683,27,187,1875,448,448,101201,6,12,1341,2,6,1683,27,187,1875
202104,370,42680, ,Sebastian-Vero Beach  FL ,88,88,37089,0,0,0,0,0,0,0,0,0,88,88,37089,0,0,0,0,0,0,0,0,0
202104,372,33260, ,Midland  TX ,112,112,21195,0,0,0,0,0,0,0,0,0,112,112,21195,0,0,0,0,0,0,0,0,0
202104,372,36220,C,Odessa  TX ,96,96,22493,0,0,0,0,0,0,1,32,3835,0,0,0,0,0,0,0,0,0,0,0,0
202104,376,33340,C,Milwaukee-Waukesha  WI ,178,178,73717,22,44,10806,0,0,0,3,22,2300,127,127,52047,21,42,10229,0,0,0,0,0,0
202104,376,39540, ,Racine  WI ,15,15,5570,1,2,350,0,0,0,0,0,0,15,15,5570,1,2,350,0,0,0,0,0,0
202104,378,33460, ,Minneapolis-St. Paul-Bloomington  MN-WI ,1100,1100,342825,7,14,2354,7,26,4813,15,673,99234,1009,1009,310559,6,12,1916,6,23,4171,12,634,95060
202104,378,41060, ,St. Cloud  MN ,1,1,330,0,0,0,0,0,0,0,0,0,0,0,0,0,0,0,0,0,0,0,0,0
202104,380,19300, ,Daphne-Fairhope-Foley  AL ,260,260,64574,0,0,0,0,0,0,1,5,260,121,121,35869,0,0,0,0,0,0,0,0,0
202104,380,33660, ,Mobile  AL ,78,78,16982,0,0,0,0,0,0,0,0,0,77,77,16867,0,0,0,0,0,0,0,0,0
202104,384,33740, ,Monroe  LA ,40,40,9288,1,2,75,1,3,472,1,5,579,31,31,7417,0,0,0,0,0,0,0,0,0
202104,388,33860, ,Montgomery  AL ,122,122,29550,0,0,0,0,0,0,1,5,420,91,91,24928,0,0,0,0,0,0,0,0,0
202104,390,34060, ,Morgantown  WV ,0,0,0,0,0,0,0,0,0,0,0,0,0,0,0,0,0,0,0,0,0,0,0,0
202104,396,34820, ,Myrtle Beach-Conway-North Myrtle Beach  SC-NC ,834,834,162640,1,2,490,0,0,0,4,34,3014,690,690,130120,1,2,490,0,0,0,3,29,2764
202104,400,34980, ,Nashville-Davidson--Murfreesboro--Franklin  TN ,1474,1474,400131,0,0,0,5,17,1434,29,1204,121576,1180,1180,343262,0,0,0,2,8,485,27,1182,120041
202104,406,25220, ,Hammond  LA ,109,109,18276,0,0,0,0,0,0,0,0,0,0,0,0,0,0,0,0,0,0,0,0,0
202104,406,35380, ,New Orleans-Metairie  LA ,446,446,109232,14,28,3018,1,3,590,16,412,45089,347,347,84702,3,6,498,0,0,0,15,360,35800
202104,408,14860,C,Bridgeport-Stamford-Norwalk  CT ,72,72,45665,2,4,407,0,0,0,4,88,10272,45,45,27859,1,2,250,0,0,0,2,73,4455
202104,408,20700, ,East Stroudsburg  PA ,14,14,4165,0,0,0,1,4,936,0,0,0,9,9,2780,0,0,0,1,4,936,0,0,0
202104,408,28740, ,Kingston  NY ,4,4,1312,0,0,0,0,0,0,0,0,0,3,3,755,0,0,0,0,0,0,0,0,0
202104,408,35300, ,New Haven-Milford  CT ,25,25,3774,4,8,1300,0,0,0,2,161,12610,10,10,1597,4,8,1300,0,0,0,1,149,11843
202104,408,35620,C,New York-Newark-Jersey City  NY-NJ-PA ,1235,1235,318651,59,118,16780,14,44,4840,156,3014,307516,757,757,218719,45,90,14172,8,25,2996,88,2196,216605
202104,408,39100, ,Poughkeepsie-Newburgh-Middletown  NY ,20,20,10592,1,2,1093,0,0,0,2,59,6374,11,11,8600,1,2,1093,0,0,0,2,59,6374
202104,408,45940,C,Trenton-Princeton  NJ ,61,61,6260,0,0,0,0,0,0,2,10,462,53,53,4821,0,0,0,0,0,0,1,5,121
202104,412,35840,C,North Port-Sarasota-Bradenton  FL ,1143,1143,300180,4,8,834,0,0,0,12,277,29736,1143,1143,300180,4,8,834,0,0,0,12,277,29736
202104,412,39460, ,Punta Gorda  FL ,225,225,63386,2,4,670,1,4,1216,0,0,0,225,225,63386,2,4,670,1,4,1216,0,0,0
202104,416,36420,C,Oklahoma City  OK ,772,772,188088,8,16,1344,0,0,0,2,27,1842,226,226,67482,1,2,300,0,0,0,0,0,0
202104,420,36540, ,Omaha-Council Bluffs  NE-IA ,422,422,92097,2,4,933,0,0,0,2,17,1330,383,383,80609,1,2,283,0,0,0,1,12,700
202104,422,19660, ,Deltona-Daytona Beach-Ormond Beach  FL ,402,402,111748,17,34,5405,0,0,0,1,19,2349,380,380,104168,17,34,5405,0,0,0,0,0,0
202104,422,29460, ,Lakeland-Winter Haven  FL ,826,826,173948,1,2,218,3,12,1126,10,500,55451,649,649,126756,1,2,218,3,12,1126,10,500,55451
202104,422,36740, ,Orlando-Kissimmee-Sanford  FL ,1847,1847,483069,13,26,4787,2,7,658,31,1192,164417,1653,1653,429889,13,26,4787,2,7,658,27,1134,159289
202104,422,45540,C,The Villages  FL ,353,353,95176,0,0,0,0,0,0,1,6,1334,352,352,94986,0,0,0,0,0,0,1,6,1334
202104,425,37620, ,Parkersburg-Vienna  WV ,5,5,960,0,0,0,0,0,0,0,0,0,5,5,960,0,0,0,0,0,0,0,0,0
202104,426,37860,C,Pensacola-Ferry Pass-Brent  FL ,356,356,85092,53,106,18525,0,0,0,0,0,0,356,356,85092,53,106,18525,0,0,0,0,0,0
202104,428,12100,C,Atlantic City-Hammonton  NJ ,58,58,14122,0,0,0,0,0,0,1,13,1628,46,46,9462,0,0,0,0,0,0,0,0,0
202104,428,20100,C,Dover  DE ,176,176,25604,4,8,802,0,0,0,0,0,0,53,53,7389,4,8,802,0,0,0,0,0,0
202104,428,36140,C,Ocean City  NJ ,69,69,25212,6,12,1733,0,0,0,0,0,0,67,67,24836,6,12,1733,0,0,0,0,0,0
202104,428,37980,C,Philadelphia-Camden-Wilmington  PA-NJ-DE-MD ,785,785,159377,16,32,4967,16,53,6719,56,969,102912,450,450,86028,2,4,745,2,7,952,32,557,53216
202104,428,39740, ,Reading  PA ,3,3,747,0,0,0,0,0,0,0,0,0,0,0,0,0,0,0,0,0,0,0,0,0
202104,428,47220,C,Vineland-Bridgeton  NJ ,6,6,438,0,0,0,0,0,0,0,0,0,4,4,280,0,0,0,0,0,0,0,0,0
202104,429,38060,C,Phoenix-Mesa-Chandler  AZ ,3529,3529,927337,28,56,9310,7,23,2787,20,1169,127886,3483,3483,914622,27,54,9051,7,23,2787,19,1038,104973
202104,430,38300, ,Pittsburgh  PA ,131,131,42658,1,2,182,0,0,0,2,43,5489,68,68,27719,0,0,0,0,0,0,0,0,0
202104,430,48260, ,Weirton-Steubenville  WV-OH ,0,0,0,0,0,0,0,0,0,0,0,0,0,0,0,0,0,0,0,0,0,0,0,0
202104,438,30340, ,Lewiston-Auburn  ME ,4,4,784,0,0,0,0,0,0,1,35,6105,3,3,590,0,0,0,0,0,0,1,35,6105
202104,438,38860, ,Portland-South Portland  ME ,167,167,51171,6,12,1781,1,3,250,3,15,1246,78,78,25212,3,6,1050,0,0,0,0,0,0
202104,440,10540, ,Albany-Lebanon  OR ,38,38,9146,1,2,349,1,3,514,5,38,4556,2,2,583,0,0,0,0,0,0,0,0,0
202104,440,18700, ,Corvallis  OR ,18,18,4183,0,0,0,0,0,0,0,0,0,18,18,4183,0,0,0,0,0,0,0,0,0
202104,440,31020, ,Longview  WA ,29,29,7068,0,0,0,0,0,0,0,0,0,0,0,0,0,0,0,0,0,0,0,0,0
202104,440,38900, ,Portland-Vancouver-Hillsboro  OR-WA ,724,724,214487,8,16,2533,4,14,2144,18,980,221215,557,557,165849,6,12,1911,2,7,879,14,903,211483
202104,440,41420, ,Salem  OR ,76,76,21688,0,0,0,0,0,0,6,82,9628,27,27,8536,0,0,0,0,0,0,0,0,0
202104,444,39380,C,Pueblo  CO ,80,80,13060,0,0,0,0,0,0,0,0,0,80,80,13060,0,0,0,0,0,0,0,0,0
202104,450,20500,C,Durham-Chapel Hill  NC ,326,326,104295,0,0,0,0,0,0,4,671,110625,261,261,82443,0,0,0,0,0,0,4,671,110625
202104,450,39580,C,Raleigh-Cary  NC ,1365,1365,320383,4,8,1692,1,4,761,5,293,43974,1288,1288,308975,4,8,1692,1,4,761,5,293,43974
202104,452,39660, ,Rapid City  SD ,46,46,10952,0,0,0,2,8,1035,0,0,0,46,46,10952,0,0,0,2,8,1035,0,0,0
202104,454,39820, ,Redding  CA ,23,23,5812,0,0,0,0,0,0,2,48,5400,23,23,5812,0,0,0,0,0,0,2,48,5400
202104,456,16180,C,Carson City  NV ,19,19,5005,0,0,0,0,0,0,1,7,699,0,0,0,0,0,0,0,0,0,0,0,0
202104,456,39900,C,Reno  NV ,268,268,72841,2,4,420,1,4,525,11,193,24352,0,0,0,0,0,0,0,0,0,0,0,0
202104,462,40340, ,Rochester  MN ,24,24,6968,0,0,0,0,0,0,0,0,0,24,24,6968,0,0,0,0,0,0,0,0,0
202104,464,40380, ,Rochester  NY ,123,123,34400,3,6,728,9,33,3724,6,82,9371,92,92,25771,2,4,545,9,33,3724,2,16,1925
202104,466,40420, ,Rockford  IL ,28,28,4225,0,0,0,0,0,0,0,0,0,21,21,2569,0,0,0,0,0,0,0,0,0
202104,472,40900,C,Sacramento-Roseville-Folsom  CA ,835,835,249868,10,20,2649,4,16,2923,18,449,43347,818,818,244894,9,18,2162,4,16,2923,17,438,39600
202104,474,13020, ,Bay City  MI ,1,1,229,0,0,0,0,0,0,0,0,0,0,0,0,0,0,0,0,0,0,0,0,0
202104,474,33220, ,Midland  MI ,6,6,1119,0,0,0,0,0,0,0,0,0,6,6,1119,0,0,0,0,0,0,0,0,0
202104,474,40980, ,Saginaw  MI ,4,4,980,0,0,0,0,0,0,0,0,0,4,4,980,0,0,0,0,0,0,0,0,0
202104,476,41180, ,St. Louis  MO-IL ,589,589,176016,2,4,700,1,4,750,16,299,35452,437,437,122924,1,2,400,1,4,750,12,264,32172
202104,480,41540, ,Salisbury  MD-DE ,439,439,67657,8,16,2896,0,0,0,0,0,0,428,428,65542,8,16,2896,0,0,0,0,0,0
202104,482,36260, ,Ogden-Clearfield  UT ,378,378,105137,1,2,351,3,10,1847,4,152,19916,309,309,84852,0,0,0,0,0,0,2,127,16938
202104,482,39340, ,Provo-Orem  UT ,660,660,202244,2,4,383,1,4,911,29,782,84785,656,656,200646,2,4,383,1,4,911,29,782,84785
202104,482,41620, ,Salt Lake City  UT ,685,685,161262,2,4,349,2,8,1338,9,390,81249,557,557,128941,0,0,0,1,4,600,1,92,41866
202104,484,41700,C,San Antonio-New Braunfels  TX ,1244,1244,293501,3,6,771,1,3,405,8,105,11697,1130,1130,270810,3,6,771,1,3,405,7,100,10631
202104,488,32900, ,Merced  CA ,17,17,4632,0,0,0,0,0,0,0,0,0,6,6,2254,0,0,0,0,0,0,0,0,0
202104,488,33700, ,Modesto  CA ,7,7,1783,1,2,353,0,0,0,0,0,0,7,7,1783,1,2,353,0,0,0,0,0,0
202104,488,41860,C,San Francisco-Oakland-Berkeley  CA ,446,446,140002,7,14,17193,1,3,857,32,1001,290231,366,366,111414,5,10,15088,0,0,0,23,850,253275
202104,488,41940,C,San Jose-Sunnyvale-Santa Clara  CA ,223,223,81086,3,6,2400,1,3,795,13,466,76420,197,197,72966,3,6,2400,0,0,0,10,367,58341
202104,488,42100, ,Santa Cruz-Watsonville  CA ,8,8,1311,0,0,0,0,0,0,0,0,0,2,2,160,0,0,0,0,0,0,0,0,0
202104,488,42220, ,Santa Rosa-Petaluma  CA ,117,117,36907,3,6,829,0,0,0,2,51,10477,94,94,31733,3,6,829,0,0,0,1,46,9644
202104,488,44700, ,Stockton  CA ,283,283,93235,0,0,0,0,0,0,1,23,2905,230,230,77963,0,0,0,0,0,0,0,0,0
202104,488,46700, ,Vallejo  CA ,83,83,25966,0,0,0,0,0,0,0,0,0,83,83,25966,0,0,0,0,0,0,0,0,0
202104,496,25980, ,Hinesville  GA ,56,56,13031,0,0,0,0,0,0,0,0,0,56,56,13031,0,0,0,0,0,0,0,0,0
202104,496,42340, ,Savannah  GA ,273,273,71287,0,0,0,1,3,323,5,28,2016,226,226,60878,0,0,0,1,3,323,0,0,0
202104,500,14740,C,Bremerton-Silverdale-Port Orchard  WA ,91,91,28960,0,0,0,0,0,0,1,8,1031,91,91,28960,0,0,0,0,0,0,1,8,1031
202104,500,34580, ,Mount Vernon-Anacortes  WA ,16,16,5302,0,0,0,2,8,2400,0,0,0,16,16,5302,0,0,0,2,8,2400,0,0,0
202104,500,36500, ,Olympia-Lacey-Tumwater  WA ,91,91,22409,0,0,0,2,8,1617,3,71,8076,77,77,19250,0,0,0,2,8,1617,2,66,7863
202104,500,42660,C,Seattle-Tacoma-Bellevue  WA ,755,755,248714,45,90,21468,23,79,14715,27,832,85888,655,655,211952,45,90,21468,22,76,14214,21,674,68608
202104,508,43340,C,Shreveport-Bossier City  LA ,105,105,20991,0,0,0,0,0,0,0,0,0,35,35,4928,0,0,0,0,0,0,0,0,0
202104,515,21140, ,Elkhart-Goshen  IN ,28,28,7295,0,0,0,0,0,0,0,0,0,28,28,7295,0,0,0,0,0,0,0,0,0
202104,515,35660, ,Niles  MI ,2,2,884,0,0,0,0,0,0,0,0,0,0,0,0,0,0,0,0,0,0,0,0,0
202104,515,43780, ,South Bend-Mishawaka  IN-MI ,26,26,8352,0,0,0,0,0,0,0,0,0,26,26,8352,0,0,0,0,0,0,0,0,0
202104,518,17660, ,Coeur dAlene  ID ,186,186,44628,0,0,0,0,0,0,1,20,2148,156,156,37392,0,0,0,0,0,0,0,0,0
202104,518,44060, ,Spokane-Spokane Valley  WA ,140,140,36353,15,30,5443,0,0,0,7,109,12742,81,81,21004,14,28,5205,0,0,0,5,90,10544
202104,522,44100, ,Springfield  IL ,8,8,2570,4,8,1437,0,0,0,1,5,292,0,0,0,0,0,0,0,0,0,0,0,0
202104,524,44300, ,State College  PA ,13,13,4272,0,0,0,0,0,0,0,0,0,10,10,3668,0,0,0,0,0,0,0,0,0
202104,532,45060, ,Syracuse  NY ,31,31,7554,0,0,0,0,0,0,0,0,0,31,31,7554,0,0,0,0,0,0,0,0,0
202104,534,45780, ,Toledo  OH ,88,88,23187,4,8,1160,0,0,0,10,281,15325,87,87,23076,4,8,1160,0,0,0,9,252,13500
202104,536,46060,C,Tucson  AZ ,468,468,145208,2,4,476,0,0,0,5,73,10952,361,361,117973,0,0,0,0,0,0,0,0,0
202104,538,46140,C,Tulsa  OK ,433,433,100860,3,6,705,9,32,4236,2,10,769,416,416,97304,2,4,481,9,32,4236,0,0,0
202104,540,46340, ,Tyler  TX ,41,41,9809,2,4,514,0,0,0,0,0,0,41,41,9809,2,4,514,0,0,0,0,0,0
202104,545,47260, ,Virginia Beach-Norfolk-Newport News  VA-NC ,416,416,93493,3,6,800,2,6,922,10,197,45454,355,355,85366,3,6,800,2,6,922,9,192,45080
202104,548,12580,C,Baltimore-Columbia-Towson  MD ,459,459,103672,0,0,0,0,0,0,0,0,0,454,454,101575,0,0,0,0,0,0,0,0,0
202104,548,15680,C,California-Lexington Park  MD ,12,12,4954,0,0,0,0,0,0,0,0,0,12,12,4954,0,0,0,0,0,0,0,0,0
202104,548,16540,C,Chambersburg-Waynesboro  PA ,37,37,7900,0,0,0,0,0,0,0,0,0,33,33,6940,0,0,0,0,0,0,0,0,0
202104,548,25180, ,Hagerstown-Martinsburg  MD-WV ,136,136,35138,3,6,1130,0,0,0,0,0,0,123,123,33177,3,6,1130,0,0,0,0,0,0
202104,548,47900, ,Washington-Arlington-Alexandria  DC-VA-MD-WV ,1168,1168,324733,3,6,684,8,31,4526,26,1099,82497,1068,1068,299108,2,4,514,8,31,4526,24,1024,73616
202104,548,49020, ,Winchester  VA-WV ,109,109,26898,0,0,0,5,15,244,0,0,0,109,109,26898,0,0,0,5,15,244,0,0,0
202104,554,48140, ,Wausau-Weston  WI ,24,24,6398,0,0,0,0,0,0,0,0,0,4,4,1212,0,0,0,0,0,0,0,0,0
202104,556,48620, ,Wichita  KS ,83,83,30329,31,62,6300,0,0,0,0,0,0,83,83,30329,31,62,6300,0,0,0,0,0,0
202104,558,48700, ,Williamsport  PA ,0,0,0,0,0,0,0,0,0,0,0,0,0,0,0,0,0,0,0,0,0,0,0,0
202104,566,49660, ,Youngstown-Warren-Boardman  OH-PA ,28,28,5895,1,2,300,0,0,0,0,0,0,18,18,4194,1,2,300,0,0,0,0,0,0
202104,999,10180, ,Abilene  TX ,52,52,11310,13,26,2556,0,0,0,0,0,0,52,52,11310,13,26,2556,0,0,0,0,0,0
202104,999,10500, ,Albany  GA ,14,14,1940,0,0,0,0,0,0,1,17,2391,12,12,1446,0,0,0,0,0,0,0,0,0
202104,999,10780, ,Alexandria  LA ,22,22,5233,0,0,0,0,0,0,0,0,0,13,13,2863,0,0,0,0,0,0,0,0,0
202104,999,10900, ,Allentown-Bethlehem-Easton  PA-NJ ,61,61,17340,1,2,537,0,0,0,4,23,2331,45,45,15270,0,0,0,0,0,0,1,8,1119
202104,999,11260,C,Anchorage  AK ,78,78,24809,1,2,329,1,4,688,2,20,3005,2,2,515,1,2,329,0,0,0,0,0,0
202104,999,11500, ,Anniston-Oxford  AL ,3,3,654,0,0,0,0,0,0,0,0,0,3,3,654,0,0,0,0,0,0,0,0,0
202104,999,12260, ,Augusta-Richmond County  GA-SC ,382,382,81886,0,0,0,2,8,478,0,0,0,94,94,25750,0,0,0,2,8,478,0,0,0
202104,999,12420, ,Austin-Round Rock-Georgetown  TX ,2599,2599,596674,14,28,2785,2,7,1361,39,2035,259130,2037,2037,473691,13,26,2597,1,4,1027,39,2035,259130
202104,999,12540, ,Bakersfield  CA ,191,191,48011,1,2,293,1,3,147,3,27,3726,33,33,4902,0,0,0,0,0,0,0,0,0
202104,999,12620, ,Bangor  ME ,15,15,3872,1,2,313,0,0,0,0,0,0,9,9,2296,1,2,313,0,0,0,0,0,0
202104,999,12940, ,Baton Rouge  LA ,457,457,104714,0,0,0,0,0,0,0,0,0,327,327,81830,0,0,0,0,0,0,0,0,0
202104,999,13140, ,Beaumont-Port Arthur  TX ,87,87,19341,0,0,0,1,4,358,0,0,0,87,87,19341,0,0,0,1,4,358,0,0,0
202104,999,13220,C,Beckley  WV ,15,15,2993,0,0,0,0,0,0,0,0,0,13,13,2856,0,0,0,0,0,0,0,0,0
202104,999,13380, ,Bellingham  WA ,70,70,20774,3,6,1223,2,7,1232,4,46,4804,28,28,9134,1,2,452,2,7,1232,3,41,4311
202104,999,13740, ,Billings  MT ,58,58,14255,5,10,1722,0,0,0,0,0,0,58,58,14255,5,10,1722,0,0,0,0,0,0
202104,999,13780, ,Binghamton  NY ,0,0,0,0,0,0,0,0,0,0,0,0,0,0,0,0,0,0,0,0,0,0,0,0
202104,999,13900, ,Bismarck  ND ,50,50,15352,16,32,3903,0,0,0,1,36,3250,49,49,15188,16,32,3903,0,0,0,1,36,3250
202104,999,13980, ,Blacksburg-Christiansburg  VA ,5,5,1340,0,0,0,0,0,0,2,131,24390,0,0,0,0,0,0,0,0,0,0,0,0
202104,999,15260, ,Brunswick  GA ,40,40,13044,1,2,301,0,0,0,1,5,2696,2,2,518,0,0,0,0,0,0,0,0,0
202104,999,16220,C,Casper  WY ,15,15,4244,0,0,0,0,0,0,1,6,598,8,8,2137,0,0,0,0,0,0,0,0,0
202104,999,16580, ,Champaign-Urbana  IL ,8,8,3665,0,0,0,0,0,0,1,47,5388,8,8,3665,0,0,0,0,0,0,1,47,5388
202104,999,16700,C,Charleston-North Charleston  SC ,568,568,170064,0,0,0,0,0,0,6,205,17767,205,205,73850,0,0,0,0,0,0,0,0,0
202104,999,16820, ,Charlottesville  VA ,82,82,24691,1,2,341,0,0,0,2,42,4118,0,0,0,0,0,0,0,0,0,0,0,0
202104,999,16940, ,Cheyenne  WY ,47,47,10968,0,0,0,0,0,0,0,0,0,47,47,10968,0,0,0,0,0,0,0,0,0
202104,999,17020, ,Chico  CA ,9,9,1998,0,0,0,0,0,0,0,0,0,9,9,1998,0,0,0,0,0,0,0,0,0
202104,999,17300,C,Clarksville  TN-KY ,194,194,35867,0,0,0,6,22,1360,18,123,8175,190,190,35417,0,0,0,6,22,1360,18,123,8175
202104,999,17780, ,College Station-Bryan  TX ,189,189,35993,0,0,0,0,0,0,0,0,0,181,181,34330,0,0,0,0,0,0,0,0,0
202104,999,17820,C,Colorado Springs  CO ,423,423,166590,1,2,2000,0,0,0,5,32,4553,422,422,166488,1,2,2000,0,0,0,5,32,4553
202104,999,18880,C,Crestview-Fort Walton Beach-Destin  FL ,227,227,85577,0,0,0,0,0,0,0,0,0,211,211,81393,0,0,0,0,0,0,0,0,0
202104,999,19060, ,Cumberland  MD-WV ,5,5,1090,0,0,0,0,0,0,0,0,0,5,5,1090,0,0,0,0,0,0,0,0,0
202104,999,19180, ,Danville  IL ,1,1,275,0,0,0,0,0,0,0,0,0,0,0,0,0,0,0,0,0,0,0,0,0
202104,999,19500, ,Decatur  IL ,5,5,1379,0,0,0,0,0,0,0,0,0,5,5,1379,0,0,0,0,0,0,0,0,0
202104,999,20220, ,Dubuque  IA ,4,4,1104,0,0,0,0,0,0,0,0,0,1,1,260,0,0,0,0,0,0,0,0,0
202104,999,20260, ,Duluth  MN-WI ,13,13,2731,0,0,0,0,0,0,0,0,0,13,13,2731,0,0,0,0,0,0,0,0,0
202104,999,20940, ,El Centro  CA ,21,21,3837,0,0,0,0,0,0,0,0,0,2,2,217,0,0,0,0,0,0,0,0,0
202104,999,21420, ,Enid  OK ,7,7,2450,0,0,0,0,0,0,0,0,0,7,7,2450,0,0,0,0,0,0,0,0,0
202104,999,21660, ,Eugene-Springfield  OR ,73,73,19586,1,2,404,1,3,524,0,0,0,49,49,13452,1,2,404,1,3,524,0,0,0
202104,999,21780, ,Evansville  IN-KY ,100,100,25119,4,8,1700,0,0,0,1,14,1042,65,65,17783,2,4,850,0,0,0,0,0,0
202104,999,21820,C,Fairbanks  AK ,1,1,321,0,0,0,0,0,0,0,0,0,1,1,321,0,0,0,0,0,0,0,0,0
202104,999,22140,C,Farmington  NM ,11,11,3338,0,0,0,0,0,0,0,0,0,11,11,3338,0,0,0,0,0,0,0,0,0
202104,999,22220, ,Fayetteville-Springdale-Rogers  AR-MO ,559,559,146580,1,2,401,0,0,0,4,112,10401,482,482,129996,1,2,401,0,0,0,1,82,8030
202104,999,22380, ,Flagstaff  AZ ,63,63,20830,0,0,0,2,6,343,4,326,13090,63,63,20830,0,0,0,2,6,343,4,326,13090
202104,999,22500, ,Florence  SC ,45,45,7204,1,2,187,1,3,243,1,13,1093,0,0,0,0,0,0,0,0,0,0,0,0
202104,999,22520, ,Florence-Muscle Shoals  AL ,30,30,3515,0,0,0,0,0,0,0,0,0,13,13,1506,0,0,0,0,0,0,0,0,0
202104,999,22540, ,Fond du Lac  WI ,6,6,2313,0,0,0,0,0,0,0,0,0,3,3,1180,0,0,0,0,0,0,0,0,0
202104,999,22660,C,Fort Collins  CO ,192,192,69746,0,0,0,0,0,0,10,137,13856,192,192,69746,0,0,0,0,0,0,10,137,13856
202104,999,22900, ,Fort Smith  AR-OK ,22,22,4538,1,2,185,1,3,293,2,16,1500,15,15,3685,0,0,0,0,0,0,2,16,1500
202104,999,23460, ,Gadsden  AL ,3,3,635,0,0,0,0,0,0,0,0,0,3,3,635,0,0,0,0,0,0,0,0,0
202104,999,24220, ,Grand Forks  ND-MN ,19,19,5528,0,0,0,0,0,0,0,0,0,19,19,5528,0,0,0,0,0,0,0,0,0
202104,999,24260, ,Grand Island  NE ,4,4,1096,0,0,0,0,0,0,0,0,0,4,4,1096,0,0,0,0,0,0,0,0,0
202104,999,24300,C,Grand Junction  CO ,84,84,13272,1,2,220,0,0,0,0,0,0,84,84,13272,1,2,220,0,0,0,0,0,0
202104,999,24500,C,Great Falls  MT ,22,22,5777,0,0,0,0,0,0,0,0,0,22,22,5777,0,0,0,0,0,0,0,0,0
202104,999,25060, ,Gulfport-Biloxi  MS ,229,229,44980,0,0,0,1,4,401,3,26,1247,125,125,28167,0,0,0,0,0,0,1,16,400
202104,999,25860, ,Hickory-Lenoir-Morganton  NC ,1,1,150,0,0,0,0,0,0,1,9,501,0,0,0,0,0,0,0,0,0,0,0,0
202104,999,25940, ,Hilton Head Island-Bluffton  SC ,121,121,44886,0,0,0,0,0,0,0,0,0,121,121,44886,0,0,0,0,0,0,0,0,0
202104,999,26140, ,Homosassa Springs  FL ,92,92,18876,1,2,55,0,0,0,1,5,432,0,0,0,0,0,0,0,0,0,0,0,0
202104,999,26380, ,Houma-Thibodaux  LA ,37,37,9104,1,2,156,0,0,0,0,0,0,21,21,4798,0,0,0,0,0,0,0,0,0
202104,999,27100, ,Jackson  MI ,1,1,238,0,0,0,0,0,0,0,0,0,0,0,0,0,0,0,0,0,0,0,0,0
202104,999,27340,C,Jacksonville  NC ,145,145,26635,1,2,578,1,3,560,0,0,0,145,145,26635,1,2,578,1,3,560,0,0,0
202104,999,27980,C,Kahului-Wailuku-Lahaina  HI ,32,32,15422,0,0,0,3,9,38766,0,0,0,32,32,15422,0,0,0,3,9,38766,0,0,0
202104,999,28660,C,Killeen-Temple  TX ,225,225,42831,25,50,4944,0,0,0,0,0,0,202,202,38134,25,50,4944,0,0,0,0,0,0
202104,999,29100, ,La Crosse-Onalaska  WI-MN ,30,30,10045,1,2,495,0,0,0,0,0,0,19,19,7327,0,0,0,0,0,0,0,0,0
202104,999,29420, ,Lake Havasu City-Kingman  AZ ,147,147,34581,0,0,0,0,0,0,0,0,0,147,147,34581,0,0,0,0,0,0,0,0,0
202104,999,29540, ,Lancaster  PA ,6,6,1234,0,0,0,0,0,0,0,0,0,6,6,1234,0,0,0,0,0,0,0,0,0
202104,999,29620, ,Lansing-East Lansing  MI ,14,14,3205,0,0,0,0,0,0,5,54,7414,8,8,2116,0,0,0,0,0,0,4,49,6845
202104,999,29700, ,Laredo  TX ,137,137,20342,0,0,0,1,3,408,1,16,979,0,0,0,0,0,0,0,0,0,0,0,0
202104,999,30020, ,Lawton  OK ,4,4,820,0,0,0,0,0,0,0,0,0,4,4,820,0,0,0,0,0,0,0,0,0
202104,999,30300, ,Lewiston  ID-WA ,0,0,0,0,0,0,0,0,0,0,0,0,0,0,0,0,0,0,0,0,0,0,0,0
202104,999,30860, ,Logan  UT-ID ,22,22,5569,0,0,0,0,0,0,0,0,0,22,22,5569,0,0,0,0,0,0,0,0,0
202104,999,30980, ,Longview  TX ,25,25,5438,1,2,197,0,0,0,0,0,0,25,25,5438,1,2,197,0,0,0,0,0,0
202104,999,31340, ,Lynchburg  VA ,19,19,3488,0,0,0,0,0,0,1,12,311,9,9,1295,0,0,0,0,0,0,0,0,0
202104,999,31740, ,Manhattan  KS ,20,20,6113,1,2,541,0,0,0,0,0,0,18,18,5595,1,2,541,0,0,0,0,0,0
202104,999,33540,C,Missoula  MT ,48,48,11243,3,6,273,1,3,175,1,8,253,48,48,11243,3,6,273,1,3,175,1,8,253
202104,999,36100, ,Ocala  FL ,482,482,104835,0,0,0,0,0,0,0,0,0,482,482,104835,0,0,0,0,0,0,0,0,0
202104,999,36980, ,Owensboro  KY ,32,32,3355,0,0,0,0,0,0,0,0,0,31,31,3154,0,0,0,0,0,0,0,0,0
202104,999,37340, ,Palm Bay-Melbourne-Titusville  FL ,322,322,103394,0,0,0,0,0,0,0,0,0,322,322,103394,0,0,0,0,0,0,0,0,0
202104,999,37460, ,Panama City  FL ,103,103,30334,0,0,0,0,0,0,2,37,676,17,17,5790,0,0,0,0,0,0,0,0,0
202104,999,37900, ,Peoria  IL ,5,5,1320,0,0,0,0,0,0,0,0,0,5,5,1320,0,0,0,0,0,0,0,0,0
202104,999,38340, ,Pittsfield  MA ,0,0,0,0,0,0,0,0,0,0,0,0,0,0,0,0,0,0,0,0,0,0,0,0
202104,999,38540, ,Pocatello  ID ,39,39,7507,0,0,0,0,0,0,0,0,0,29,29,6484,0,0,0,0,0,0,0,0,0
202104,999,39150, ,Prescott Valley-Prescott  AZ ,141,141,41505,9,18,2539,1,4,504,0,0,0,141,141,41505,9,18,2539,1,4,504,0,0,0
202104,999,40060, ,Richmond  VA ,621,621,121161,12,24,1650,0,0,0,3,76,4535,604,604,118559,12,24,1650,0,0,0,2,71,4104
202104,999,41100, ,St. George  UT ,283,283,51250,0,0,0,0,0,0,0,0,0,282,282,51195,0,0,0,0,0,0,0,0,0
202104,999,41500, ,Salinas  CA ,28,28,7900,0,0,0,0,0,0,0,0,0,28,28,7900,0,0,0,0,0,0,0,0,0
202104,999,41660,C,San Angelo  TX ,80,80,17400,0,0,0,0,0,0,0,0,0,80,80,17400,0,0,0,0,0,0,0,0,0
202104,999,41740,C,San Diego-Chula Vista-Carlsbad  CA ,268,268,83868,0,0,0,9,29,6491,25,440,42912,256,256,81906,0,0,0,9,29,6491,24,429,41702
202104,999,42020, ,San Luis Obispo-Paso Robles  CA ,30,30,12542,0,0,0,0,0,0,0,0,0,30,30,12542,0,0,0,0,0,0,0,0,0
202104,999,42200, ,Santa Maria-Santa Barbara  CA ,17,17,4932,0,0,0,0,0,0,1,24,2508,17,17,4932,0,0,0,0,0,0,1,24,2508
202104,999,42540, ,Scranton--Wilkes-Barre  PA ,5,5,1705,0,0,0,0,0,0,0,0,0,5,5,1705,0,0,0,0,0,0,0,0,0
202104,999,43100, ,Sheboygan  WI ,3,3,1207,0,0,0,0,0,0,0,0,0,1,1,361,0,0,0,0,0,0,0,0,0
202104,999,43420, ,Sierra Vista-Douglas  AZ ,27,27,4372,0,0,0,0,0,0,0,0,0,3,3,447,0,0,0,0,0,0,0,0,0
202104,999,43580, ,Sioux City  IA-NE-SD ,17,17,4931,0,0,0,1,3,0,0,0,0,2,2,663,0,0,0,0,0,0,0,0,0
202104,999,43620, ,Sioux Falls  SD ,248,248,58004,3,6,878,4,16,2907,13,275,26686,248,248,58004,3,6,878,4,16,2907,13,275,26686
202104,999,44140, ,Springfield  MA ,4,4,1159,0,0,0,0,0,0,0,0,0,1,1,582,0,0,0,0,0,0,0,0,0
202104,999,44180, ,Springfield  MO ,71,71,23631,0,0,0,0,0,0,0,0,0,71,71,23631,0,0,0,0,0,0,0,0,0
202104,999,44940, ,Sumter  SC ,21,21,3068,0,0,0,0,0,0,0,0,0,21,21,3068,0,0,0,0,0,0,0,0,0
202104,999,45220, ,Tallahassee  FL ,136,136,27904,1,2,222,0,0,0,3,120,15336,52,52,11310,0,0,0,0,0,0,0,0,0
202104,999,45300,C,Tampa-St. Petersburg-Clearwater  FL ,1637,1637,423911,1,2,280,0,0,0,10,454,65260,1619,1619,419606,0,0,0,0,0,0,8,444,62549
202104,999,45460, ,Terre Haute  IN ,6,6,995,1,2,197,0,0,0,0,0,0,3,3,363,0,0,0,0,0,0,0,0,0
202104,999,45500, ,Texarkana  TX-AR ,4,4,919,0,0,0,0,0,0,0,0,0,2,2,444,0,0,0,0,0,0,0,0,0
202104,999,45820, ,Topeka  KS ,31,31,7558,0,0,0,0,0,0,0,0,0,30,30,7428,0,0,0,0,0,0,0,0,0
202104,999,46220, ,Tuscaloosa  AL ,61,61,16753,0,0,0,1,3,510,0,0,0,61,61,16753,0,0,0,1,3,510,0,0,0
202104,999,46300, ,Twin Falls  ID ,77,77,17283,1,2,407,0,0,0,0,0,0,77,77,17283,1,2,407,0,0,0,0,0,0
202104,999,46520,C,Urban Honolulu  HI ,88,88,35320,0,0,0,0,0,0,3,81,14689,0,0,0,0,0,0,0,0,0,0,0,0
202104,999,46540, ,Utica-Rome  NY ,1,1,170,0,0,0,0,0,0,0,0,0,0,0,0,0,0,0,0,0,0,0,0,0
202104,999,46660, ,Valdosta  GA ,111,111,20946,1,2,133,0,0,0,0,0,0,44,44,9646,0,0,0,0,0,0,0,0,0
202104,999,47300, ,Visalia  CA ,96,96,23695,0,0,0,2,8,971,0,0,0,96,96,23695,0,0,0,2,8,971,0,0,0
202104,999,47380, ,Waco  TX ,109,109,5319,5,10,983,0,0,0,0,0,0,109,109,5319,5,10,983,0,0,0,0,0,0
202104,999,47940, ,Waterloo-Cedar Falls  IA ,17,17,6374,0,0,0,0,0,0,0,0,0,17,17,6374,0,0,0,0,0,0,0,0,0
202104,999,48060, ,Watertown-Fort Drum  NY ,21,21,6787,0,0,0,0,0,0,0,0,0,21,21,6787,0,0,0,0,0,0,0,0,0
202104,999,48300, ,Wenatchee  WA ,76,76,18790,0,0,0,0,0,0,0,0,0,44,44,12638,0,0,0,0,0,0,0,0,0
202104,999,48540, ,Wheeling  WV-OH ,0,0,0,0,0,0,0,0,0,0,0,0,0,0,0,0,0,0,0,0,0,0,0,0
202104,999,48660, ,Wichita Falls  TX ,6,6,488,0,0,0,0,0,0,0,0,0,6,6,488,0,0,0,0,0,0,0,0,0
202104,999,48900, ,Wilmington  NC ,127,127,46547,14,28,6002,2,8,3791,7,320,46901,125,125,45902,14,28,6002,2,8,3791,7,320,46901
202104,999,49420, ,Yakima  WA ,77,77,20131,2,4,636,0,0,0,0,0,0,77,77,20131,2,4,636,0,0,0,0,0,0
202104,999,49740, ,Yuma  AZ ,141,141,22752,0,0,0,1,3,188,0,0,0,141,141,22752,0,0,0,1,3,188,0,0,0
