Survey,CSA,CBSA,MONCOV,CBSA,,1-unit,,,2-units,,,3-4 units,,,5+ units,,,1-unit rep,,,2-units rep,,,3-4 units rep,,,5+ units rep
Date,Code,Code,,Name,Bldgs,Units,Value,Bldgs,Units,Value,Bldgs,Units,Value,Bldgs,Units,Value,Bldgs,Units,Value,Bldgs,Units,Value,      Bldgs,Units,Value,Bldgs,Units,Value
 
202105,104,10580,C,Albany-Schenectady-Troy  NY ,125,125,39601,4,8,1792,1,3,240,6,44,5063,93,93,30733,3,6,1330,1,3,240,2,20,2480
202105,104,24020, ,Glens Falls  NY ,18,18,4579,0,0,0,0,0,0,1,28,11043,2,2,500,0,0,0,0,0,0,1,28,11043
202105,106,10740,C,Albuquerque  NM ,257,257,65174,0,0,0,0,0,0,1,6,250,244,244,61907,0,0,0,0,0,0,0,0,0
202105,106,42140,C,Santa Fe  NM ,25,25,6791,0,0,0,0,0,0,2,27,3787,0,0,0,0,0,0,0,0,0,0,0,0
202105,107,11020, ,Altoona  PA ,0,0,0,0,0,0,0,0,0,0,0,0,0,0,0,0,0,0,0,0,0,0,0,0
202105,108,11100, ,Amarillo  TX ,57,57,13339,0,0,0,0,0,0,3,22,2610,0,0,0,0,0,0,0,0,0,0,0,0
202105,118,11540, ,Appleton  WI ,48,48,19594,1,2,258,0,0,0,0,0,0,37,37,16942,0,0,0,0,0,0,0,0,0
202105,118,36780, ,Oshkosh-Neenah  WI ,33,33,11825,0,0,0,0,0,0,15,184,13594,33,33,11825,0,0,0,0,0,0,15,184,13594
202105,120,11700, ,Asheville  NC ,212,212,69173,2,4,340,0,0,0,4,80,7789,71,71,26661,2,4,340,0,0,0,0,0,0
202105,122,12020, ,Athens-Clarke County  GA ,30,30,11648,3,6,605,0,0,0,0,0,0,30,30,11648,3,6,605,0,0,0,0,0,0
202105,122,12060, ,Atlanta-Sandy Springs-Alpharetta  GA ,2857,2857,693661,6,12,1017,2,8,2223,29,538,70251,2591,2591,630384,6,12,1017,2,8,2223,27,528,68319
202105,122,23580, ,Gainesville  GA ,92,92,20372,0,0,0,0,0,0,1,7,910,27,27,4819,0,0,0,0,0,0,1,7,910
202105,122,40660,C,Rome  GA ,14,14,2014,0,0,0,0,0,0,0,0,0,14,14,2014,0,0,0,0,0,0,0,0,0
202105,140,13460,C,Bend  OR ,160,160,51039,0,0,0,0,0,0,4,33,3713,160,160,51039,0,0,0,0,0,0,4,33,3713
202105,142,13820,C,Birmingham-Hoover  AL ,286,286,86431,1,2,247,0,0,0,1,8,807,180,180,55235,0,0,0,0,0,0,0,0,0
202105,144,14020,C,Bloomington  IN ,27,27,7514,0,0,0,0,0,0,0,0,0,24,24,6694,0,0,0,0,0,0,0,0,0
202105,145,14010, ,Bloomington  IL ,15,15,3058,1,2,146,0,0,0,0,0,0,8,8,1500,0,0,0,0,0,0,0,0,0
202105,146,14100,C,Bloomsburg-Berwick  PA ,10,10,2809,0,0,0,0,0,0,0,0,0,7,7,1915,0,0,0,0,0,0,0,0,0
202105,147,14260,C,Boise City  ID ,656,656,171406,6,12,1526,12,48,11377,4,57,4172,516,516,149553,2,4,499,7,28,8826,2,39,3007
202105,148,12700, ,Barnstable Town  MA ,5,5,3106,0,0,0,0,0,0,0,0,0,2,2,1218,0,0,0,0,0,0,0,0,0
202105,148,14460,C,Boston-Cambridge-Newton  MA-NH ,437,437,148514,11,22,5037,9,29,3721,58,1219,131827,198,198,80050,6,12,2597,7,23,2700,15,866,89385
202105,148,31700, ,Manchester-Nashua  NH ,35,35,7880,2,4,587,0,0,0,0,0,0,17,17,4715,0,0,0,0,0,0,0,0,0
202105,148,39300,C,Providence-Warwick  RI-MA ,161,161,38787,8,16,1926,2,7,542,2,10,1861,75,75,18983,0,0,0,1,4,319,0,0,0
202105,148,49340, ,Worcester  MA-CT ,27,27,8046,0,0,0,0,0,0,0,0,0,20,20,6595,0,0,0,0,0,0,0,0,0
202105,150,14540, ,Bowling Green  KY ,78,78,18661,0,0,0,0,0,0,27,234,16775,78,78,18661,0,0,0,0,0,0,27,234,16775
202105,154,15180, ,Brownsville-Harlingen  TX ,129,129,11524,3,6,423,1,3,412,1,10,824,49,49,3094,0,0,0,0,0,0,0,0,0
202105,160,15380,C,Buffalo-Cheektowaga  NY ,84,84,26581,0,0,0,3,12,15300,3,30,6511,65,65,17184,0,0,0,3,12,15300,1,6,1683
202105,162,15540, ,Burlington-South Burlington  VT ,31,31,10608,5,10,1955,0,0,0,1,5,313,20,20,7647,4,8,1630,0,0,0,0,0,0
202105,163,15980,C,Cape Coral-Fort Myers  FL ,841,841,150542,49,98,8410,0,0,0,5,30,2813,841,841,150542,49,98,8410,0,0,0,5,30,2813
202105,163,34940, ,Naples-Marco Island  FL ,318,318,113313,1,2,3100,4,15,3170,5,139,71902,13,13,43091,1,2,3100,0,0,0,1,64,49000
202105,164,16020, ,Cape Girardeau  MO-IL ,0,0,0,0,0,0,0,0,0,0,0,0,0,0,0,0,0,0,0,0,0,0,0,0
202105,168,16300, ,Cedar Rapids  IA ,22,22,3734,1,2,187,1,4,787,0,0,0,22,22,3734,1,2,187,1,4,787,0,0,0
202105,168,26980, ,Iowa City  IA ,46,46,11798,0,0,0,0,0,0,0,0,0,44,44,11522,0,0,0,0,0,0,0,0,0
202105,170,16620, ,Charleston  WV ,20,20,1939,0,0,0,0,0,0,0,0,0,17,17,1780,0,0,0,0,0,0,0,0,0
202105,170,26580, ,Huntington-Ashland  WV-KY-OH ,18,18,3099,0,0,0,0,0,0,0,0,0,1,1,200,0,0,0,0,0,0,0,0,0
202105,172,16740, ,Charlotte-Concord-Gastonia  NC-SC ,1581,1581,407720,1,2,115,0,0,0,16,371,44900,1328,1328,332230,1,2,115,0,0,0,15,359,43537
202105,174,16860, ,Chattanooga  TN-GA ,171,171,38768,5,10,721,1,3,174,2,33,3306,119,119,27080,0,0,0,0,0,0,0,0,0
202105,174,17420, ,Cleveland  TN ,61,61,9598,0,0,0,0,0,0,0,0,0,39,39,5607,0,0,0,0,0,0,0,0,0
202105,176,16980, ,Chicago-Naperville-Elgin  IL-IN-WI ,846,846,261384,10,20,3346,13,43,7950,23,325,33230,668,668,214558,6,12,2090,10,34,6666,9,197,16399
202105,176,28100, ,Kankakee  IL ,1,1,335,0,0,0,0,0,0,0,0,0,1,1,335,0,0,0,0,0,0,0,0,0
202105,176,33140, ,Michigan City-La Porte  IN ,15,15,3540,0,0,0,0,0,0,0,0,0,6,6,815,0,0,0,0,0,0,0,0,0
202105,178,17140, ,Cincinnati  OH-KY-IN ,555,555,150721,2,4,557,8,31,3020,18,175,12838,476,476,127980,2,4,557,8,31,3020,18,175,12838
202105,184,10420, ,Akron  OH ,48,48,28959,5,10,1021,0,0,0,1,5,152,12,12,3896,4,8,864,0,0,0,0,0,0
202105,184,15940, ,Canton-Massillon  OH ,44,44,15572,1,2,281,1,3,154,2,10,768,39,39,14988,1,2,281,0,0,0,0,0,0
202105,184,17460, ,Cleveland-Elyria  OH ,260,260,74984,1,2,11,3,11,806,2,20,1605,222,222,68517,0,0,0,1,4,593,1,8,1000
202105,190,17860, ,Columbia  MO ,54,54,16501,0,0,0,0,0,0,1,45,3416,54,54,16501,0,0,0,0,0,0,1,45,3416
202105,192,17900,C,Columbia  SC ,520,520,114005,4,8,862,0,0,0,1,5,451,296,296,54952,4,8,862,0,0,0,0,0,0
202105,194,12220,C,Auburn-Opelika  AL ,142,142,38156,0,0,0,0,0,0,1,5,616,102,102,28528,0,0,0,0,0,0,0,0,0
202105,194,17980, ,Columbus  GA-AL ,109,109,12445,7,14,796,0,0,0,1,33,5131,17,17,3584,7,14,796,0,0,0,0,0,0
202105,198,18140, ,Columbus  OH ,557,557,174901,1,2,331,2,7,1519,5,108,15052,484,484,153289,1,2,331,1,4,1200,3,98,14179
202105,204,18580, ,Corpus Christi  TX ,119,119,27689,0,0,0,0,0,0,0,0,0,109,109,26078,0,0,0,0,0,0,0,0,0
202105,206,19100, ,Dallas-Fort Worth-Arlington  TX ,4880,4880,1285200,78,156,11865,5,20,1031,29,1825,228465,4246,4246,1123865,76,152,11416,5,20,1031,23,1683,207943
202105,209,19340, ,Davenport-Moline-Rock Island  IA-IL ,29,29,7568,0,0,0,0,0,0,0,0,0,21,21,6046,0,0,0,0,0,0,0,0,0
202105,212,19430, ,Dayton-Kettering  OH ,121,121,38258,1,2,300,2,6,1650,4,78,16070,84,84,29923,1,2,300,2,6,1650,4,78,16070
202105,212,44220, ,Springfield  OH ,7,7,2110,0,0,0,0,0,0,0,0,0,7,7,2110,0,0,0,0,0,0,0,0,0
202105,216,14500, ,Boulder  CO ,27,27,13852,2,4,769,0,0,0,2,37,6082,15,15,8417,0,0,0,0,0,0,0,0,0
202105,216,19740,C,Denver-Aurora-Lakewood  CO ,1119,1119,324583,56,112,15149,6,22,4776,29,1287,160364,1033,1033,302829,56,112,15149,6,22,4776,26,1240,154367
202105,216,24540, ,Greeley  CO ,269,269,78670,3,6,1277,7,23,4981,2,27,3679,141,141,41573,2,4,934,5,17,3795,0,0,0
202105,218,11180, ,Ames  IA ,10,10,3328,0,0,0,0,0,0,1,6,899,10,10,3328,0,0,0,0,0,0,1,6,899
202105,218,19780, ,Des Moines-West Des Moines  IA ,436,436,129987,5,10,2000,1,4,929,3,50,5989,414,414,122203,4,8,1420,1,4,929,1,36,4594
202105,220,11460, ,Ann Arbor  MI ,47,47,16684,2,4,1594,1,3,608,0,0,0,35,35,13227,2,4,1594,0,0,0,0,0,0
202105,220,19820, ,Detroit-Warren-Dearborn  MI ,545,545,173894,4,8,1609,5,19,2970,13,138,20000,432,432,146945,2,4,1128,4,15,2652,11,128,18921
202105,220,22420, ,Flint  MI ,24,24,5845,0,0,0,3,9,1857,0,0,0,17,17,3843,0,0,0,0,0,0,0,0,0
202105,220,33780, ,Monroe  MI ,0,0,0,0,0,0,0,0,0,0,0,0,0,0,0,0,0,0,0,0,0,0,0,0
202105,222,20020, ,Dothan  AL ,18,18,6709,0,0,0,0,0,0,0,0,0,18,18,6709,0,0,0,0,0,0,0,0,0
202105,232,20740, ,Eau Claire  WI ,51,51,14903,5,10,1370,0,0,0,5,168,23933,51,51,14903,5,10,1370,0,0,0,5,168,23933
202105,236,21300, ,Elmira  NY ,0,0,0,0,0,0,0,0,0,0,0,0,0,0,0,0,0,0,0,0,0,0,0,0
202105,238,21340,C,El Paso  TX ,244,244,53983,8,16,2035,1,3,392,2,10,1199,83,83,16563,6,12,1541,0,0,0,0,0,0
202105,238,29740,C,Las Cruces  NM ,93,93,23780,0,0,0,0,0,0,1,6,422,0,0,0,0,0,0,0,0,0,0,0,0
202105,240,21500, ,Erie  PA ,7,7,1864,0,0,0,0,0,0,0,0,0,7,7,1864,0,0,0,0,0,0,0,0,0
202105,244,22020, ,Fargo  ND-MN ,139,139,41720,0,0,0,0,0,0,2,128,16631,128,128,38453,0,0,0,0,0,0,2,128,16631
202105,246,22180, ,Fayetteville  NC ,183,183,34645,0,0,0,0,0,0,0,0,0,108,108,24111,0,0,0,0,0,0,0,0,0
202105,258,23060,C,Fort Wayne  IN ,206,206,58655,0,0,0,0,0,0,0,0,0,206,206,58655,0,0,0,0,0,0,0,0,0
202105,260,23420,C,Fresno  CA ,235,235,71906,4,8,1117,1,4,300,3,32,4382,9,9,2434,0,0,0,0,0,0,0,0,0
202105,260,31460, ,Madera  CA ,115,115,31533,0,0,0,0,0,0,0,0,0,115,115,31533,0,0,0,0,0,0,0,0,0
202105,264,23540, ,Gainesville  FL ,63,63,18013,0,0,0,0,0,0,1,68,2315,0,0,0,0,0,0,0,0,0,0,0,0
202105,266,24340, ,Grand Rapids-Kentwood  MI ,128,128,37010,3,6,1408,1,4,500,5,131,17500,113,113,32747,3,6,1408,1,4,500,3,114,15790
202105,266,34740, ,Muskegon  MI ,0,0,0,0,0,0,0,0,0,0,0,0,0,0,0,0,0,0,0,0,0,0,0,0
202105,267,24580, ,Green Bay  WI ,62,62,19159,0,0,0,0,0,0,6,75,8644,26,26,8650,0,0,0,0,0,0,2,32,3400
202105,268,15500, ,Burlington  NC ,107,107,11778,0,0,0,0,0,0,0,0,0,107,107,11778,0,0,0,0,0,0,0,0,0
202105,268,24660,C,Greensboro-High Point  NC ,179,179,49962,5,10,1019,0,0,0,0,0,0,107,107,26159,5,10,1019,0,0,0,0,0,0
202105,268,49180, ,Winston-Salem  NC ,197,197,43814,0,0,0,0,0,0,1,5,197,177,177,39156,0,0,0,0,0,0,0,0,0
202105,272,24780, ,Greenville  NC ,22,22,4492,0,0,0,0,0,0,0,0,0,22,22,4492,0,0,0,0,0,0,0,0,0
202105,273,24860, ,Greenville-Anderson  SC ,681,681,168608,8,16,1345,0,0,0,11,192,15782,540,540,137520,1,2,195,0,0,0,8,177,15180
202105,273,43900, ,Spartanburg  SC ,290,290,46973,0,0,0,0,0,0,0,0,0,0,0,0,0,0,0,0,0,0,0,0,0
202105,276,23900,C,Gettysburg  PA ,37,37,11625,0,0,0,0,0,0,0,0,0,37,37,11625,0,0,0,0,0,0,0,0,0
202105,276,25420,C,Harrisburg-Carlisle  PA ,119,119,28455,2,4,736,1,3,444,3,109,11919,97,97,23263,2,4,736,1,3,444,3,109,11919
202105,276,30140, ,Lebanon  PA ,17,17,3254,0,0,0,0,0,0,0,0,0,0,0,0,0,0,0,0,0,0,0,0,0
202105,276,49620, ,York-Hanover  PA ,23,23,3951,0,0,0,0,0,0,0,0,0,19,19,2897,0,0,0,0,0,0,0,0,0
202105,277,25500,C,Harrisonburg  VA ,43,43,12380,1,2,800,0,0,0,0,0,0,43,43,12380,1,2,800,0,0,0,0,0,0
202105,277,44420, ,Staunton  VA ,15,15,4521,0,0,0,0,0,0,0,0,0,15,15,4521,0,0,0,0,0,0,0,0,0
202105,278,25540,C,Hartford-East Hartford-Middletown  CT ,91,91,25109,1,2,200,0,0,0,4,30,2028,67,67,19561,0,0,0,0,0,0,0,0,0
202105,278,35980, ,Norwich-New London  CT ,9,9,2227,1,2,194,0,0,0,0,0,0,2,2,886,0,0,0,0,0,0,0,0,0
202105,279,25620, ,Hattiesburg  MS ,1,1,313,0,0,0,0,0,0,0,0,0,1,1,313,0,0,0,0,0,0,0,0,0
202105,284,26300, ,Hot Springs  AR ,1,1,85,0,0,0,0,0,0,0,0,0,1,1,85,0,0,0,0,0,0,0,0,0
202105,288,26420, ,Houston-The Woodlands-Sugar Land  TX ,4909,4909,1091051,46,92,8237,0,0,0,23,433,37607,4451,4451,981873,46,92,8237,0,0,0,19,399,34292
202105,290,19460, ,Decatur  AL ,16,16,5240,0,0,0,0,0,0,0,0,0,10,10,4109,0,0,0,0,0,0,0,0,0
202105,290,26620,C,Huntsville  AL ,454,454,93169,2,4,337,0,0,0,1,5,584,126,126,41524,0,0,0,0,0,0,0,0,0
202105,292,26820, ,Idaho Falls  ID ,104,104,20347,0,0,0,2,8,930,0,0,0,103,103,20166,0,0,0,2,8,930,0,0,0
202105,294,18020, ,Columbus  IN ,23,23,7886,0,0,0,0,0,0,0,0,0,23,23,7886,0,0,0,0,0,0,0,0,0
202105,294,26900, ,Indianapolis-Carmel-Anderson  IN ,1002,1002,314785,14,28,5059,3,12,3100,5,105,8999,978,978,307702,13,26,4880,3,12,3100,5,105,8999
202105,294,34620, ,Muncie  IN ,1,1,110,0,0,0,0,0,0,0,0,0,1,1,110,0,0,0,0,0,0,0,0,0
202105,296,27060, ,Ithaca  NY ,1,1,331,1,2,320,0,0,0,0,0,0,0,0,0,0,0,0,0,0,0,0,0,0
202105,297,27180, ,Jackson  TN ,17,17,4325,0,0,0,0,0,0,0,0,0,0,0,0,0,0,0,0,0,0,0,0,0
202105,298,27140, ,Jackson  MS ,111,111,33387,1,2,247,0,0,0,0,0,0,83,83,24639,0,0,0,0,0,0,0,0,0
202105,300,27260,C,Jacksonville  FL ,1313,1313,302215,2,4,665,0,0,0,1,6,500,1293,1293,296807,1,2,150,0,0,0,1,6,500
202105,304,27740, ,Johnson City  TN ,10,10,3682,3,6,363,0,0,0,0,0,0,10,10,3682,3,6,363,0,0,0,0,0,0
202105,304,28700, ,Kingsport-Bristol  TN-VA ,1,1,263,0,0,0,0,0,0,0,0,0,0,0,0,0,0,0,0,0,0,0,0,0
202105,306,27780, ,Johnstown  PA ,0,0,0,0,0,0,0,0,0,0,0,0,0,0,0,0,0,0,0,0,0,0,0,0
202105,308,27860, ,Jonesboro  AR ,48,48,7522,3,6,412,5,15,778,1,5,282,0,0,0,0,0,0,0,0,0,0,0,0
202105,309,27900, ,Joplin  MO ,15,15,2678,1,2,231,0,0,0,0,0,0,15,15,2678,1,2,231,0,0,0,0,0,0
202105,310,12980, ,Battle Creek  MI ,3,3,603,0,0,0,0,0,0,0,0,0,3,3,603,0,0,0,0,0,0,0,0,0
202105,310,28020, ,Kalamazoo-Portage  MI ,7,7,1834,0,0,0,0,0,0,0,0,0,3,3,925,0,0,0,0,0,0,0,0,0
202105,312,28140, ,Kansas City  MO-KS ,663,663,211973,16,32,4692,5,16,3448,1,288,60000,600,600,193341,15,30,4499,5,16,3448,1,288,60000
202105,312,29940, ,Lawrence  KS ,16,16,4499,0,0,0,0,0,0,0,0,0,16,16,4499,0,0,0,0,0,0,0,0,0
202105,312,41140, ,St. Joseph  MO-KS ,0,0,0,0,0,0,0,0,0,0,0,0,0,0,0,0,0,0,0,0,0,0,0,0
202105,313,28420,C,Kennewick-Richland  WA ,154,154,47018,0,0,0,0,0,0,1,16,2388,46,46,15861,0,0,0,0,0,0,0,0,0
202105,313,47460, ,Walla Walla  WA ,6,6,1532,0,0,0,0,0,0,4,96,10724,5,5,1432,0,0,0,0,0,0,4,96,10724
202105,315,28940, ,Knoxville  TN ,371,371,92343,0,0,0,0,0,0,2,25,2007,346,346,88435,0,0,0,0,0,0,0,0,0
202105,316,29020, ,Kokomo  IN ,5,5,1260,0,0,0,0,0,0,0,0,0,5,5,1260,0,0,0,0,0,0,0,0,0
202105,318,29180, ,Lafayette  LA ,230,230,45795,0,0,0,1,4,800,1,5,529,126,126,19972,0,0,0,1,4,800,0,0,0
202105,320,29200, ,Lafayette-West Lafayette  IN ,41,41,11120,0,0,0,0,0,0,3,63,7139,1,1,410,0,0,0,0,0,0,0,0,0
202105,324,29340, ,Lake Charles  LA ,87,87,14467,3,6,600,0,0,0,0,0,0,37,37,5035,3,6,600,0,0,0,0,0,0
202105,332,29820,C,Las Vegas-Henderson-Paradise  NV ,1008,1008,272098,33,66,4192,16,53,6012,6,41,10348,733,733,198187,4,8,1270,4,16,2680,5,28,9085
202105,336,30460,C,Lexington-Fayette  KY ,158,158,38565,1,2,219,2,7,1031,6,84,8302,62,62,18280,0,0,0,0,0,0,4,24,2640
202105,338,30620, ,Lima  OH ,1,1,344,0,0,0,0,0,0,0,0,0,1,1,344,0,0,0,0,0,0,0,0,0
202105,339,30700, ,Lincoln  NE ,110,110,25563,1,2,281,0,0,0,2,76,8625,3,3,1000,0,0,0,0,0,0,0,0,0
202105,340,30780, ,Little Rock-North Little Rock-Conway  AR ,214,214,49546,4,8,408,0,0,0,3,35,2709,145,145,38574,2,4,170,0,0,0,1,5,515
202105,340,38220, ,Pine Bluff  AR ,2,2,296,0,0,0,0,0,0,0,0,0,1,1,150,0,0,0,0,0,0,0,0,0
202105,348,31080,C,Los Angeles-Long Beach-Anaheim  CA ,911,911,271920,46,92,20170,16,51,17024,46,1170,169158,693,693,184623,41,82,17217,11,35,13751,35,1078,155442
202105,348,37100, ,Oxnard-Thousand Oaks-Ventura  CA ,15,15,4295,6,12,2967,3,9,2708,2,24,9845,15,15,4295,6,12,2967,3,9,2708,2,24,9845
202105,348,40140, ,Riverside-San Bernardino-Ontario  CA ,1113,1113,252909,3,6,885,10,39,9236,9,66,10407,1028,1028,236170,3,6,885,10,39,9236,8,61,10132
202105,350,21060, ,Elizabethtown-Fort Knox  KY ,53,53,11265,8,16,1925,0,0,0,0,0,0,53,53,11265,8,16,1925,0,0,0,0,0,0
202105,350,31140, ,Louisville-Jefferson County  KY-IN ,357,357,89571,1,2,325,0,0,0,2,13,1976,162,162,44804,0,0,0,0,0,0,0,0,0
202105,352,31180, ,Lubbock  TX ,166,166,44588,8,16,2000,0,0,0,0,0,0,164,164,44238,8,16,2000,0,0,0,0,0,0
202105,356,31420, ,Macon-Bibb County  GA ,37,37,7572,0,0,0,0,0,0,0,0,0,0,0,0,0,0,0,0,0,0,0,0,0
202105,356,47580, ,Warner Robins  GA ,96,96,19806,0,0,0,0,0,0,0,0,0,96,96,19806,0,0,0,0,0,0,0,0,0
202105,357,27500, ,Janesville-Beloit  WI ,14,14,4553,4,8,1490,0,0,0,0,0,0,4,4,1800,4,8,1490,0,0,0,0,0,0
202105,357,31540, ,Madison  WI ,153,153,73383,10,20,4058,0,0,0,13,466,80173,101,101,57906,6,12,2326,0,0,0,10,393,69550
202105,359,31860, ,Mankato  MN ,12,12,3141,3,6,1200,0,0,0,1,5,1175,12,12,3141,3,6,1200,0,0,0,1,5,1175
202105,365,32580,C,McAllen-Edinburg-Mission  TX ,376,376,79481,7,14,908,19,72,7807,0,0,0,344,344,75958,6,12,758,19,72,7807,0,0,0
202105,366,32780, ,Medford  OR ,62,62,16069,0,0,0,0,0,0,2,10,1635,62,62,16069,0,0,0,0,0,0,2,10,1635
202105,368,32820, ,Memphis  TN-MS-AR ,371,371,81559,0,0,0,0,0,0,0,0,0,323,323,74167,0,0,0,0,0,0,0,0,0
202105,370,33100, ,Miami-Fort Lauderdale-Pompano Beach  FL ,795,795,308280,11,22,2696,3,10,1927,37,2149,373995,696,696,266741,11,22,2696,3,10,1927,28,2011,357172
202105,370,38940, ,Port St. Lucie  FL ,557,557,124417,18,36,3818,0,0,0,0,0,0,557,557,124417,18,36,3818,0,0,0,0,0,0
202105,370,42680, ,Sebastian-Vero Beach  FL ,107,107,42827,0,0,0,0,0,0,0,0,0,107,107,42827,0,0,0,0,0,0,0,0,0
202105,372,33260, ,Midland  TX ,35,35,8509,0,0,0,0,0,0,0,0,0,35,35,8509,0,0,0,0,0,0,0,0,0
202105,372,36220,C,Odessa  TX ,91,91,21321,0,0,0,0,0,0,1,21,2517,0,0,0,0,0,0,0,0,0,0,0,0
202105,376,33340,C,Milwaukee-Waukesha  WI ,156,156,68282,9,18,4231,1,3,1000,7,103,13120,115,115,49854,8,16,3791,1,3,1000,4,61,7500
202105,376,39540, ,Racine  WI ,22,22,10754,1,2,450,0,0,0,0,0,0,21,21,10379,1,2,450,0,0,0,0,0,0
202105,378,33460, ,Minneapolis-St. Paul-Bloomington  MN-WI ,1027,1027,350091,11,22,4420,4,15,3237,18,939,142971,946,946,326563,10,20,3927,3,12,2680,15,892,138805
202105,378,41060, ,St. Cloud  MN ,1,1,330,0,0,0,0,0,0,0,0,0,0,0,0,0,0,0,0,0,0,0,0,0
202105,380,19300, ,Daphne-Fairhope-Foley  AL ,228,228,48948,0,0,0,0,0,0,0,0,0,87,87,25355,0,0,0,0,0,0,0,0,0
202105,380,33660, ,Mobile  AL ,97,97,21300,0,0,0,0,0,0,0,0,0,97,97,21300,0,0,0,0,0,0,0,0,0
202105,384,33740, ,Monroe  LA ,36,36,8331,1,2,75,1,4,629,9,69,8551,27,27,6460,0,0,0,0,0,0,8,64,7972
202105,388,33860, ,Montgomery  AL ,77,77,16918,0,0,0,0,0,0,0,0,0,77,77,16918,0,0,0,0,0,0,0,0,0
202105,390,34060, ,Morgantown  WV ,2,2,819,0,0,0,0,0,0,0,0,0,1,1,603,0,0,0,0,0,0,0,0,0
202105,396,34820, ,Myrtle Beach-Conway-North Myrtle Beach  SC-NC ,777,777,147749,4,8,740,1,3,353,1,5,250,519,519,82600,4,8,740,1,3,353,0,0,0
202105,400,34980, ,Nashville-Davidson--Murfreesboro--Franklin  TN ,1710,1710,472975,0,0,0,5,18,2254,16,1420,179122,1497,1497,424629,0,0,0,2,8,1200,15,1415,178634
202105,406,25220, ,Hammond  LA ,55,55,10341,0,0,0,0,0,0,0,0,0,47,47,9164,0,0,0,0,0,0,0,0,0
202105,406,35380, ,New Orleans-Metairie  LA ,348,348,70452,14,28,3156,1,3,590,1,36,6431,274,274,52689,1,2,178,0,0,0,0,0,0
202105,408,14860,C,Bridgeport-Stamford-Norwalk  CT ,70,70,39526,0,0,0,0,0,0,1,9,2486,49,49,26190,0,0,0,0,0,0,0,0,0
202105,408,20700, ,East Stroudsburg  PA ,24,24,8670,0,0,0,0,0,0,0,0,0,22,22,8110,0,0,0,0,0,0,0,0,0
202105,408,28740, ,Kingston  NY ,5,5,1209,0,0,0,0,0,0,0,0,0,4,4,653,0,0,0,0,0,0,0,0,0
202105,408,35300, ,New Haven-Milford  CT ,28,28,4611,0,0,0,0,0,0,2,11,703,21,21,3585,0,0,0,0,0,0,0,0,0
202105,408,35620,C,New York-Newark-Jersey City  NY-NJ-PA ,1106,1106,296728,87,174,20807,30,98,9401,123,2967,280759,680,680,209914,73,146,18979,21,70,7309,69,2273,193378
202105,408,39100, ,Poughkeepsie-Newburgh-Middletown  NY ,16,16,3663,0,0,0,0,0,0,2,184,29403,6,6,1307,0,0,0,0,0,0,2,184,29403
202105,408,45940,C,Trenton-Princeton  NJ ,31,31,4921,0,0,0,0,0,0,1,5,341,18,18,2472,0,0,0,0,0,0,0,0,0
202105,412,35840,C,North Port-Sarasota-Bradenton  FL ,1161,1161,316613,14,28,3041,1,3,436,17,563,140191,1161,1161,316613,14,28,3041,1,3,436,17,563,140191
202105,412,39460, ,Punta Gorda  FL ,277,277,82509,12,24,3515,3,12,3497,3,54,8881,277,277,82509,12,24,3515,3,12,3497,3,54,8881
202105,416,36420,C,Oklahoma City  OK ,728,728,177646,11,22,1773,0,0,0,0,0,0,219,219,67838,0,0,0,0,0,0,0,0,0
202105,420,36540, ,Omaha-Council Bluffs  NE-IA ,382,382,67857,0,0,0,0,0,0,15,394,30998,341,341,56345,0,0,0,0,0,0,13,384,29845
202105,422,19660, ,Deltona-Daytona Beach-Ormond Beach  FL ,388,388,108017,17,34,5616,0,0,0,1,13,1607,368,368,101058,17,34,5616,0,0,0,0,0,0
202105,422,29460, ,Lakeland-Winter Haven  FL ,827,827,182225,0,0,0,1,4,375,2,48,10942,659,659,137423,0,0,0,1,4,375,2,48,10942
202105,422,36740, ,Orlando-Kissimmee-Sanford  FL ,1643,1643,429327,8,16,3891,5,20,1315,15,453,39590,1296,1296,327602,8,16,3891,5,20,1315,11,392,34108
202105,422,45540,C,The Villages  FL ,374,374,102186,0,0,0,0,0,0,0,0,0,373,373,101996,0,0,0,0,0,0,0,0,0
202105,425,37620, ,Parkersburg-Vienna  WV ,9,9,2192,0,0,0,0,0,0,0,0,0,9,9,2192,0,0,0,0,0,0,0,0,0
202105,426,37860,C,Pensacola-Ferry Pass-Brent  FL ,300,300,72318,58,116,8253,0,0,0,0,0,0,300,300,72318,58,116,8253,0,0,0,0,0,0
202105,428,12100,C,Atlantic City-Hammonton  NJ ,28,28,5387,0,0,0,0,0,0,1,14,1753,26,26,4572,0,0,0,0,0,0,0,0,0
202105,428,20100,C,Dover  DE ,154,154,22487,0,0,0,0,0,0,5,120,9000,36,36,4938,0,0,0,0,0,0,5,120,9000
202105,428,36140,C,Ocean City  NJ ,55,55,16198,6,12,2264,3,9,727,0,0,0,55,55,16198,6,12,2264,3,9,727,0,0,0
202105,428,37980,C,Philadelphia-Camden-Wilmington  PA-NJ-DE-MD ,779,779,153597,20,40,5827,14,49,6306,40,757,99457,363,363,76494,4,8,1002,0,0,0,14,291,46269
202105,428,39740, ,Reading  PA ,6,6,953,0,0,0,0,0,0,0,0,0,4,4,472,0,0,0,0,0,0,0,0,0
202105,428,47220,C,Vineland-Bridgeton  NJ ,10,10,1328,0,0,0,0,0,0,0,0,0,9,9,1218,0,0,0,0,0,0,0,0,0
202105,429,38060,C,Phoenix-Mesa-Chandler  AZ ,2838,2838,736795,33,66,14695,8,27,6569,38,1346,192324,2655,2655,695903,32,64,14436,8,27,6569,36,1223,172684
202105,430,38300, ,Pittsburgh  PA ,112,112,33946,2,4,854,1,3,398,3,68,9647,44,44,15831,0,0,0,0,0,0,0,0,0
202105,430,48260, ,Weirton-Steubenville  WV-OH ,0,0,0,0,0,0,0,0,0,0,0,0,0,0,0,0,0,0,0,0,0,0,0,0
202105,438,30340, ,Lewiston-Auburn  ME ,9,9,1849,0,0,0,0,0,0,0,0,0,6,6,1277,0,0,0,0,0,0,0,0,0
202105,438,38860, ,Portland-South Portland  ME ,151,151,45375,4,8,1116,2,6,1251,4,67,7247,55,55,17044,2,4,480,1,3,1001,1,52,6055
202105,440,10540, ,Albany-Lebanon  OR ,30,30,7079,2,4,813,0,0,0,3,28,3401,0,0,0,0,0,0,0,0,0,0,0,0
202105,440,18700, ,Corvallis  OR ,11,11,2921,0,0,0,0,0,0,0,0,0,11,11,2921,0,0,0,0,0,0,0,0,0
202105,440,31020, ,Longview  WA ,25,25,6093,0,0,0,0,0,0,0,0,0,0,0,0,0,0,0,0,0,0,0,0,0
202105,440,38900, ,Portland-Vancouver-Hillsboro  OR-WA ,699,699,205805,14,28,4830,6,24,3096,22,768,123932,554,554,163398,12,24,4107,5,20,2397,18,704,115881
202105,440,41420, ,Salem  OR ,39,39,12417,0,0,0,1,3,574,0,0,0,39,39,12417,0,0,0,1,3,574,0,0,0
202105,444,39380,C,Pueblo  CO ,56,56,8986,0,0,0,0,0,0,0,0,0,56,56,8986,0,0,0,0,0,0,0,0,0
202105,450,20500,C,Durham-Chapel Hill  NC ,329,329,103388,0,0,0,1,3,707,4,59,5095,264,264,81634,0,0,0,0,0,0,3,51,3915
202105,450,39580,C,Raleigh-Cary  NC ,1226,1226,275692,0,0,0,1,4,467,13,434,53809,1219,1219,274266,0,0,0,1,4,467,13,434,53809
202105,452,39660, ,Rapid City  SD ,72,72,18026,0,0,0,0,0,0,0,0,0,72,72,18026,0,0,0,0,0,0,0,0,0
202105,454,39820, ,Redding  CA ,17,17,5162,0,0,0,0,0,0,0,0,0,17,17,5162,0,0,0,0,0,0,0,0,0
202105,456,16180,C,Carson City  NV ,17,17,4478,0,0,0,1,3,382,1,5,499,0,0,0,0,0,0,0,0,0,0,0,0
202105,456,39900,C,Reno  NV ,227,227,61696,2,4,420,2,6,787,10,193,24021,52,52,12257,0,0,0,0,0,0,1,34,3959
202105,462,40340, ,Rochester  MN ,32,32,10338,0,0,0,0,0,0,0,0,0,32,32,10338,0,0,0,0,0,0,0,0,0
202105,464,40380, ,Rochester  NY ,107,107,28755,2,4,586,0,0,0,12,98,9765,81,81,22070,1,2,282,0,0,0,12,98,9765
202105,466,40420, ,Rockford  IL ,24,24,8141,0,0,0,0,0,0,0,0,0,24,24,8141,0,0,0,0,0,0,0,0,0
202105,472,40900,C,Sacramento-Roseville-Folsom  CA ,966,966,295700,6,12,2116,2,8,1461,15,246,36244,950,950,290634,6,12,2116,2,8,1461,14,236,32838
202105,474,13020, ,Bay City  MI ,2,2,718,0,0,0,0,0,0,0,0,0,1,1,489,0,0,0,0,0,0,0,0,0
202105,474,33220, ,Midland  MI ,4,4,620,0,0,0,0,0,0,0,0,0,4,4,620,0,0,0,0,0,0,0,0,0
202105,474,40980, ,Saginaw  MI ,4,4,1080,0,0,0,0,0,0,0,0,0,4,4,1080,0,0,0,0,0,0,0,0,0
202105,476,41180, ,St. Louis  MO-IL ,462,462,137320,3,6,611,2,6,1417,10,178,19400,332,332,91760,1,2,299,2,6,1417,6,139,15547
202105,480,41540, ,Salisbury  MD-DE ,367,367,57415,27,54,5211,0,0,0,5,120,9000,358,358,55689,27,54,5211,0,0,0,5,120,9000
202105,482,36260, ,Ogden-Clearfield  UT ,290,290,81231,1,2,424,3,9,1722,3,260,37098,219,219,61600,0,0,0,0,0,0,2,243,35030
202105,482,39340, ,Provo-Orem  UT ,677,677,206673,3,6,666,3,12,2608,13,237,27725,671,671,203517,3,6,666,3,12,2608,13,237,27725
202105,482,41620, ,Salt Lake City  UT ,430,430,121025,5,10,1297,66,235,13562,12,326,47388,363,363,102338,1,2,600,62,222,11284,6,78,14539
202105,484,41700,C,San Antonio-New Braunfels  TX ,1383,1383,326793,5,10,1284,0,0,0,2,69,8663,1287,1287,308694,5,10,1284,0,0,0,1,64,7598
202105,488,32900, ,Merced  CA ,13,13,3361,0,0,0,0,0,0,0,0,0,4,4,1415,0,0,0,0,0,0,0,0,0
202105,488,33700, ,Modesto  CA ,0,0,0,0,0,0,0,0,0,0,0,0,0,0,0,0,0,0,0,0,0,0,0,0
202105,488,41860,C,San Francisco-Oakland-Berkeley  CA ,307,307,109768,4,8,2932,1,3,857,27,647,207578,207,207,72110,2,4,721,0,0,0,15,479,167887
202105,488,41940,C,San Jose-Sunnyvale-Santa Clara  CA ,215,215,78569,0,0,0,0,0,0,7,538,81864,180,180,64630,0,0,0,0,0,0,3,441,64830
202105,488,42100, ,Santa Cruz-Watsonville  CA ,7,7,1149,0,0,0,0,0,0,0,0,0,6,6,919,0,0,0,0,0,0,0,0,0
202105,488,42220, ,Santa Rosa-Petaluma  CA ,62,62,15561,3,6,829,3,11,2098,1,5,833,42,42,11723,3,6,829,3,11,2098,0,0,0
202105,488,44700, ,Stockton  CA ,239,239,73067,0,0,0,0,0,0,4,92,11926,193,193,59813,0,0,0,0,0,0,3,72,9399
202105,488,46700, ,Vallejo  CA ,94,94,33864,0,0,0,0,0,0,0,0,0,94,94,33864,0,0,0,0,0,0,0,0,0
202105,496,25980, ,Hinesville  GA ,58,58,11927,0,0,0,0,0,0,0,0,0,58,58,11927,0,0,0,0,0,0,0,0,0
202105,496,42340, ,Savannah  GA ,182,182,44246,0,0,0,0,0,0,4,20,1440,138,138,34623,0,0,0,0,0,0,0,0,0
202105,500,14740,C,Bremerton-Silverdale-Port Orchard  WA ,78,78,23220,8,16,3735,0,0,0,5,103,12557,78,78,23220,8,16,3735,0,0,0,5,103,12557
202105,500,34580, ,Mount Vernon-Anacortes  WA ,12,12,5954,0,0,0,0,0,0,0,0,0,12,12,5954,0,0,0,0,0,0,0,0,0
202105,500,36500, ,Olympia-Lacey-Tumwater  WA ,67,67,16136,0,0,0,0,0,0,1,5,213,55,55,13428,0,0,0,0,0,0,0,0,0
202105,500,42660,C,Seattle-Tacoma-Bellevue  WA ,636,636,221906,43,86,21591,22,77,14997,36,1278,206225,507,507,174813,43,86,21591,22,77,14997,27,1112,187326
202105,508,43340,C,Shreveport-Bossier City  LA ,33,33,8113,0,0,0,0,0,0,0,0,0,21,21,5402,0,0,0,0,0,0,0,0,0
202105,515,21140, ,Elkhart-Goshen  IN ,30,30,7977,0,0,0,0,0,0,0,0,0,0,0,0,0,0,0,0,0,0,0,0,0
202105,515,35660, ,Niles  MI ,8,8,6254,0,0,0,0,0,0,0,0,0,8,8,6254,0,0,0,0,0,0,0,0,0
202105,515,43780, ,South Bend-Mishawaka  IN-MI ,33,33,12763,0,0,0,0,0,0,0,0,0,33,33,12763,0,0,0,0,0,0,0,0,0
202105,518,17660, ,Coeur dAlene  ID ,95,95,25595,1,2,378,1,3,209,1,17,1826,68,68,19083,0,0,0,0,0,0,0,0,0
202105,518,44060, ,Spokane-Spokane Valley  WA ,153,153,38957,4,8,1211,2,6,988,6,126,14839,32,32,10440,2,4,676,1,3,600,4,84,9320
202105,522,44100, ,Springfield  IL ,7,7,2239,3,6,1078,0,0,0,1,5,292,0,0,0,0,0,0,0,0,0,0,0,0
202105,524,44300, ,State College  PA ,14,14,3727,0,0,0,0,0,0,0,0,0,14,14,3727,0,0,0,0,0,0,0,0,0
202105,532,45060, ,Syracuse  NY ,23,23,6277,0,0,0,2,7,927,2,14,1842,21,21,5722,0,0,0,2,7,927,2,14,1842
202105,534,45780, ,Toledo  OH ,71,71,25147,0,0,0,0,0,0,0,0,0,71,71,25147,0,0,0,0,0,0,0,0,0
202105,536,46060,C,Tucson  AZ ,410,410,122841,2,4,476,0,0,0,4,60,9002,317,317,99171,0,0,0,0,0,0,0,0,0
202105,538,46140,C,Tulsa  OK ,333,333,83046,0,0,0,0,0,0,3,33,3351,270,270,67696,0,0,0,0,0,0,0,0,0
202105,540,46340, ,Tyler  TX ,23,23,5503,0,0,0,0,0,0,0,0,0,23,23,5503,0,0,0,0,0,0,0,0,0
202105,545,47260, ,Virginia Beach-Norfolk-Newport News  VA-NC ,458,458,114441,4,8,1037,0,0,0,4,46,5625,331,331,90302,4,8,1037,0,0,0,2,11,1553
202105,548,12580,C,Baltimore-Columbia-Towson  MD ,405,405,97713,0,0,0,0,0,0,3,130,23485,389,389,94284,0,0,0,0,0,0,1,16,2900
202105,548,15680,C,California-Lexington Park  MD ,35,35,5167,8,16,2141,0,0,0,1,6,1998,2,2,780,0,0,0,0,0,0,1,6,1998
202105,548,16540,C,Chambersburg-Waynesboro  PA ,25,25,6388,0,0,0,0,0,0,0,0,0,23,23,5858,0,0,0,0,0,0,0,0,0
202105,548,25180, ,Hagerstown-Martinsburg  MD-WV ,143,143,32838,1,2,334,0,0,0,1,13,1161,25,25,7542,0,0,0,0,0,0,0,0,0
202105,548,47900, ,Washington-Arlington-Alexandria  DC-VA-MD-WV ,1123,1123,290351,7,14,1711,4,14,1888,29,608,98283,1025,1025,265305,6,12,1541,4,14,1888,27,555,91991
202105,548,49020, ,Winchester  VA-WV ,45,45,10919,0,0,0,0,0,0,0,0,0,45,45,10919,0,0,0,0,0,0,0,0,0
202105,554,48140, ,Wausau-Weston  WI ,24,24,6142,0,0,0,0,0,0,0,0,0,4,4,964,0,0,0,0,0,0,0,0,0
202105,556,48620, ,Wichita  KS ,86,86,28968,25,50,4810,0,0,0,0,0,0,86,86,28968,25,50,4810,0,0,0,0,0,0
202105,558,48700, ,Williamsport  PA ,2,2,631,0,0,0,0,0,0,0,0,0,2,2,631,0,0,0,0,0,0,0,0,0
202105,566,49660, ,Youngstown-Warren-Boardman  OH-PA ,24,24,5048,1,2,310,0,0,0,0,0,0,15,15,3517,1,2,310,0,0,0,0,0,0
202105,999,10180, ,Abilene  TX ,42,42,9135,4,8,787,0,0,0,0,0,0,42,42,9135,4,8,787,0,0,0,0,0,0
202105,999,10500, ,Albany  GA ,5,5,912,0,0,0,0,0,0,1,11,1547,3,3,418,0,0,0,0,0,0,0,0,0
202105,999,10780, ,Alexandria  LA ,18,18,4922,0,0,0,0,0,0,0,0,0,10,10,2815,0,0,0,0,0,0,0,0,0
202105,999,10900, ,Allentown-Bethlehem-Easton  PA-NJ ,39,39,9303,0,0,0,0,0,0,0,0,0,20,20,5295,0,0,0,0,0,0,0,0,0
202105,999,11260,C,Anchorage  AK ,71,71,22545,0,0,0,1,4,688,1,17,2554,5,5,1427,0,0,0,0,0,0,0,0,0
202105,999,11500, ,Anniston-Oxford  AL ,5,5,894,0,0,0,0,0,0,0,0,0,5,5,894,0,0,0,0,0,0,0,0,0
202105,999,12260, ,Augusta-Richmond County  GA-SC ,340,340,73058,0,0,0,2,6,702,0,0,0,86,86,24124,0,0,0,2,6,702,0,0,0
202105,999,12420, ,Austin-Round Rock-Georgetown  TX ,2283,2283,489499,23,46,5317,2,7,627,31,1816,289282,1793,1793,380435,23,46,5317,2,7,627,30,1811,288820
202105,999,12540, ,Bakersfield  CA ,190,190,41063,4,8,669,1,4,127,2,23,3174,59,59,4676,3,6,377,1,4,127,0,0,0
202105,999,12620, ,Bangor  ME ,10,10,2259,2,4,651,0,0,0,0,0,0,9,9,2008,2,4,651,0,0,0,0,0,0
202105,999,12940, ,Baton Rouge  LA ,367,367,78623,0,0,0,0,0,0,0,0,0,177,177,42191,0,0,0,0,0,0,0,0,0
202105,999,13140, ,Beaumont-Port Arthur  TX ,125,125,22607,0,0,0,0,0,0,0,0,0,125,125,22607,0,0,0,0,0,0,0,0,0
202105,999,13220,C,Beckley  WV ,11,11,1938,1,2,175,0,0,0,0,0,0,10,10,1786,1,2,175,0,0,0,0,0,0
202105,999,13380, ,Bellingham  WA ,71,71,21556,2,4,661,1,3,548,2,12,2550,59,59,18597,1,2,286,0,0,0,2,12,2550
202105,999,13740, ,Billings  MT ,36,36,11461,1,2,258,0,0,0,0,0,0,36,36,11461,1,2,258,0,0,0,0,0,0
202105,999,13780, ,Binghamton  NY ,0,0,0,0,0,0,0,0,0,0,0,0,0,0,0,0,0,0,0,0,0,0,0,0
202105,999,13900, ,Bismarck  ND ,38,38,11705,1,2,540,0,0,0,1,68,9500,30,30,9093,1,2,540,0,0,0,1,68,9500
202105,999,13980, ,Blacksburg-Christiansburg  VA ,6,6,2730,0,0,0,0,0,0,0,0,0,6,6,2730,0,0,0,0,0,0,0,0,0
202105,999,15260, ,Brunswick  GA ,38,38,12385,2,4,602,1,3,201,1,5,2696,2,2,518,0,0,0,0,0,0,0,0,0
202105,999,16220,C,Casper  WY ,11,11,2587,0,0,0,0,0,0,1,5,498,6,6,1083,0,0,0,0,0,0,0,0,0
202105,999,16580, ,Champaign-Urbana  IL ,4,4,2765,0,0,0,0,0,0,2,101,10888,4,4,2765,0,0,0,0,0,0,2,101,10888
202105,999,16700,C,Charleston-North Charleston  SC ,542,542,150958,0,0,0,0,0,0,5,139,12055,197,197,58965,0,0,0,0,0,0,0,0,0
202105,999,16820, ,Charlottesville  VA ,78,78,23464,1,2,341,0,0,0,2,30,2941,0,0,0,0,0,0,0,0,0,0,0,0
202105,999,16940, ,Cheyenne  WY ,32,32,6806,0,0,0,0,0,0,0,0,0,32,32,6806,0,0,0,0,0,0,0,0,0
202105,999,17020, ,Chico  CA ,11,11,2725,0,0,0,0,0,0,1,48,4499,11,11,2725,0,0,0,0,0,0,1,48,4499
202105,999,17300,C,Clarksville  TN-KY ,215,215,38670,5,10,1163,0,0,0,10,87,6988,107,107,17505,2,4,410,0,0,0,8,66,5138
202105,999,17780, ,College Station-Bryan  TX ,154,154,28578,0,0,0,0,0,0,0,0,0,146,146,26915,0,0,0,0,0,0,0,0,0
202105,999,17820,C,Colorado Springs  CO ,333,333,133349,0,0,0,0,0,0,4,31,4991,333,333,133349,0,0,0,0,0,0,4,31,4991
202105,999,18880,C,Crestview-Fort Walton Beach-Destin  FL ,337,337,150782,1,2,302,0,0,0,1,5,1169,332,332,148995,1,2,302,0,0,0,0,0,0
202105,999,19060, ,Cumberland  MD-WV ,3,3,825,0,0,0,0,0,0,0,0,0,3,3,825,0,0,0,0,0,0,0,0,0
202105,999,19180, ,Danville  IL ,0,0,0,0,0,0,0,0,0,0,0,0,0,0,0,0,0,0,0,0,0,0,0,0
202105,999,19500, ,Decatur  IL ,1,1,245,0,0,0,0,0,0,0,0,0,1,1,245,0,0,0,0,0,0,0,0,0
202105,999,20220, ,Dubuque  IA ,6,6,2108,0,0,0,0,0,0,0,0,0,4,4,1545,0,0,0,0,0,0,0,0,0
202105,999,20260, ,Duluth  MN-WI ,13,13,3833,0,0,0,0,0,0,1,6,350,13,13,3833,0,0,0,0,0,0,1,6,350
202105,999,20940, ,El Centro  CA ,21,21,3680,0,0,0,0,0,0,0,0,0,4,4,442,0,0,0,0,0,0,0,0,0
202105,999,21420, ,Enid  OK ,1,1,47,0,0,0,0,0,0,0,0,0,1,1,47,0,0,0,0,0,0,0,0,0
202105,999,21660, ,Eugene-Springfield  OR ,55,55,14531,0,0,0,0,0,0,1,45,8864,34,34,9164,0,0,0,0,0,0,1,45,8864
202105,999,21780, ,Evansville  IN-KY ,104,104,26574,4,8,1368,0,0,0,1,17,1266,73,73,20076,3,6,943,0,0,0,0,0,0
202105,999,21820,C,Fairbanks  AK ,6,6,1827,0,0,0,0,0,0,0,0,0,6,6,1827,0,0,0,0,0,0,0,0,0
202105,999,22140,C,Farmington  NM ,6,6,1599,0,0,0,0,0,0,0,0,0,6,6,1599,0,0,0,0,0,0,0,0,0
202105,999,22220, ,Fayetteville-Springdale-Rogers  AR-MO ,400,400,108637,3,6,937,6,20,2399,2,22,1721,313,313,88569,3,6,937,6,20,2399,0,0,0
202105,999,22380, ,Flagstaff  AZ ,35,35,16070,0,0,0,0,0,0,0,0,0,35,35,16070,0,0,0,0,0,0,0,0,0
202105,999,22500, ,Florence  SC ,44,44,7047,1,2,187,1,3,243,1,8,673,0,0,0,0,0,0,0,0,0,0,0,0
202105,999,22520, ,Florence-Muscle Shoals  AL ,20,20,2357,0,0,0,0,0,0,0,0,0,3,3,348,0,0,0,0,0,0,0,0,0
202105,999,22540, ,Fond du Lac  WI ,5,5,1605,0,0,0,0,0,0,0,0,0,3,3,850,0,0,0,0,0,0,0,0,0
202105,999,22660,C,Fort Collins  CO ,218,218,73301,0,0,0,0,0,0,2,33,4009,218,218,73301,0,0,0,0,0,0,2,33,4009
202105,999,22900, ,Fort Smith  AR-OK ,21,21,3579,1,2,141,2,7,645,0,0,0,15,15,2828,1,2,141,0,0,0,0,0,0
202105,999,23460, ,Gadsden  AL ,2,2,332,0,0,0,0,0,0,0,0,0,2,2,332,0,0,0,0,0,0,0,0,0
202105,999,24220, ,Grand Forks  ND-MN ,18,18,4850,0,0,0,0,0,0,0,0,0,18,18,4850,0,0,0,0,0,0,0,0,0
202105,999,24260, ,Grand Island  NE ,21,21,3929,0,0,0,0,0,0,0,0,0,21,21,3929,0,0,0,0,0,0,0,0,0
202105,999,24300,C,Grand Junction  CO ,51,51,9278,0,0,0,0,0,0,0,0,0,51,51,9278,0,0,0,0,0,0,0,0,0
202105,999,24500,C,Great Falls  MT ,24,24,4514,0,0,0,0,0,0,0,0,0,24,24,4514,0,0,0,0,0,0,0,0,0
202105,999,25060, ,Gulfport-Biloxi  MS ,216,216,40819,0,0,0,1,4,401,15,158,7008,117,117,24825,0,0,0,0,0,0,14,152,6500
202105,999,25860, ,Hickory-Lenoir-Morganton  NC ,1,1,150,0,0,0,0,0,0,1,6,334,0,0,0,0,0,0,0,0,0,0,0,0
202105,999,25940, ,Hilton Head Island-Bluffton  SC ,88,88,30146,0,0,0,0,0,0,0,0,0,49,49,11701,0,0,0,0,0,0,0,0,0
202105,999,26140, ,Homosassa Springs  FL ,87,87,17850,1,2,55,0,0,0,1,5,432,0,0,0,0,0,0,0,0,0,0,0,0
202105,999,26380, ,Houma-Thibodaux  LA ,44,44,10666,1,2,156,0,0,0,0,0,0,28,28,6360,0,0,0,0,0,0,0,0,0
202105,999,27100, ,Jackson  MI ,2,2,438,0,0,0,0,0,0,0,0,0,1,1,200,0,0,0,0,0,0,0,0,0
202105,999,27340,C,Jacksonville  NC ,135,135,22636,0,0,0,0,0,0,2,12,672,135,135,22636,0,0,0,0,0,0,2,12,672
202105,999,27980,C,Kahului-Wailuku-Lahaina  HI ,14,14,4688,1,2,167,0,0,0,5,32,4373,14,14,4688,1,2,167,0,0,0,5,32,4373
202105,999,28660,C,Killeen-Temple  TX ,215,215,49346,23,46,2488,0,0,0,9,216,22108,186,186,42982,21,42,2132,0,0,0,9,216,22108
202105,999,29100, ,La Crosse-Onalaska  WI-MN ,19,19,6142,5,10,1520,0,0,0,0,0,0,10,10,3918,5,10,1520,0,0,0,0,0,0
202105,999,29420, ,Lake Havasu City-Kingman  AZ ,173,173,39099,4,8,322,0,0,0,0,0,0,173,173,39099,4,8,322,0,0,0,0,0,0
202105,999,29540, ,Lancaster  PA ,4,4,1318,3,6,1051,0,0,0,0,0,0,4,4,1318,3,6,1051,0,0,0,0,0,0
202105,999,29620, ,Lansing-East Lansing  MI ,13,13,3733,0,0,0,0,0,0,1,5,568,4,4,1661,0,0,0,0,0,0,0,0,0
202105,999,29700, ,Laredo  TX ,130,130,19303,0,0,0,1,3,408,1,11,673,0,0,0,0,0,0,0,0,0,0,0,0
202105,999,30020, ,Lawton  OK ,0,0,0,0,0,0,0,0,0,0,0,0,0,0,0,0,0,0,0,0,0,0,0,0
202105,999,30300, ,Lewiston  ID-WA ,0,0,0,0,0,0,0,0,0,0,0,0,0,0,0,0,0,0,0,0,0,0,0,0
202105,999,30860, ,Logan  UT-ID ,18,18,4297,0,0,0,0,0,0,1,6,846,18,18,4297,0,0,0,0,0,0,1,6,846
202105,999,30980, ,Longview  TX ,7,7,1523,0,0,0,0,0,0,0,0,0,7,7,1523,0,0,0,0,0,0,0,0,0
202105,999,31340, ,Lynchburg  VA ,35,35,7167,0,0,0,0,0,0,1,9,233,32,32,6610,0,0,0,0,0,0,0,0,0
202105,999,31740, ,Manhattan  KS ,19,19,6212,1,2,369,0,0,0,0,0,0,18,18,5953,1,2,369,0,0,0,0,0,0
202105,999,33540,C,Missoula  MT ,49,49,9896,1,2,1067,0,0,0,0,0,0,49,49,9896,1,2,1067,0,0,0,0,0,0
202105,999,36100, ,Ocala  FL ,568,568,122450,0,0,0,0,0,0,0,0,0,568,568,122450,0,0,0,0,0,0,0,0,0
202105,999,36980, ,Owensboro  KY ,33,33,3143,0,0,0,0,0,0,0,0,0,32,32,2942,0,0,0,0,0,0,0,0,0
202105,999,37340, ,Palm Bay-Melbourne-Titusville  FL ,321,321,92257,0,0,0,0,0,0,0,0,0,321,321,92257,0,0,0,0,0,0,0,0,0
202105,999,37460, ,Panama City  FL ,82,82,26203,3,6,1261,0,0,0,0,0,0,82,82,26203,3,6,1261,0,0,0,0,0,0
202105,999,37900, ,Peoria  IL ,4,4,1178,0,0,0,0,0,0,0,0,0,0,0,0,0,0,0,0,0,0,0,0,0
202105,999,38340, ,Pittsfield  MA ,1,1,308,0,0,0,0,0,0,0,0,0,0,0,0,0,0,0,0,0,0,0,0,0
202105,999,38540, ,Pocatello  ID ,32,32,7753,2,4,463,6,24,2030,0,0,0,16,16,4651,2,4,463,6,24,2030,0,0,0
202105,999,39150, ,Prescott Valley-Prescott  AZ ,113,113,37429,1,2,529,0,0,0,1,6,1071,113,113,37429,1,2,529,0,0,0,1,6,1071
202105,999,40060, ,Richmond  VA ,602,602,126818,5,10,2750,5,15,1031,3,34,1425,585,585,124303,5,10,2750,5,15,1031,1,24,340
202105,999,41100, ,St. George  UT ,217,217,44741,0,0,0,0,0,0,0,0,0,217,217,44741,0,0,0,0,0,0,0,0,0
202105,999,41500, ,Salinas  CA ,14,14,2911,0,0,0,0,0,0,2,80,8000,14,14,2911,0,0,0,0,0,0,2,80,8000
202105,999,41660,C,San Angelo  TX ,25,25,5438,0,0,0,0,0,0,0,0,0,25,25,5438,0,0,0,0,0,0,0,0,0
202105,999,41740,C,San Diego-Chula Vista-Carlsbad  CA ,200,200,65069,2,4,913,1,3,438,11,188,61769,191,191,63462,2,4,913,1,3,438,10,167,59825
202105,999,42020, ,San Luis Obispo-Paso Robles  CA ,9,9,6998,0,0,0,1,3,117,0,0,0,9,9,6998,0,0,0,1,3,117,0,0,0
202105,999,42200, ,Santa Maria-Santa Barbara  CA ,14,14,5855,0,0,0,0,0,0,0,0,0,14,14,5855,0,0,0,0,0,0,0,0,0
202105,999,42540, ,Scranton--Wilkes-Barre  PA ,2,2,652,0,0,0,0,0,0,1,19,2061,1,1,400,0,0,0,0,0,0,1,19,2061
202105,999,43100, ,Sheboygan  WI ,1,1,423,0,0,0,0,0,0,0,0,0,0,0,0,0,0,0,0,0,0,0,0,0
202105,999,43420, ,Sierra Vista-Douglas  AZ ,22,22,3647,0,0,0,0,0,0,0,0,0,1,1,222,0,0,0,0,0,0,0,0,0
202105,999,43580, ,Sioux City  IA-NE-SD ,13,13,3817,0,0,0,1,3,0,0,0,0,1,1,402,0,0,0,0,0,0,0,0,0
202105,999,43620, ,Sioux Falls  SD ,174,174,38930,0,0,0,1,4,434,5,198,18459,174,174,38930,0,0,0,1,4,434,5,198,18459
202105,999,44140, ,Springfield  MA ,4,4,1620,0,0,0,0,0,0,0,0,0,2,2,1194,0,0,0,0,0,0,0,0,0
202105,999,44180, ,Springfield  MO ,30,30,9468,0,0,0,0,0,0,0,0,0,30,30,9468,0,0,0,0,0,0,0,0,0
202105,999,44940, ,Sumter  SC ,32,32,4205,1,2,124,0,0,0,0,0,0,0,0,0,0,0,0,0,0,0,0,0,0
202105,999,45220, ,Tallahassee  FL ,100,100,20091,1,2,222,0,0,0,3,82,10479,19,19,4133,0,0,0,0,0,0,0,0,0
202105,999,45300,C,Tampa-St. Petersburg-Clearwater  FL ,1751,1751,441167,3,6,848,3,12,24476,24,889,226173,1727,1727,437277,3,6,848,3,12,24476,23,884,225741
202105,999,45460, ,Terre Haute  IN ,3,3,507,0,0,0,0,0,0,0,0,0,1,1,85,0,0,0,0,0,0,0,0,0
202105,999,45500, ,Texarkana  TX-AR ,3,3,712,0,0,0,0,0,0,0,0,0,0,0,0,0,0,0,0,0,0,0,0,0
202105,999,45820, ,Topeka  KS ,30,30,8317,0,0,0,0,0,0,1,84,8064,30,30,8317,0,0,0,0,0,0,1,84,8064
202105,999,46220, ,Tuscaloosa  AL ,52,52,13108,0,0,0,4,16,1058,1,34,6150,10,10,3039,0,0,0,0,0,0,0,0,0
202105,999,46300, ,Twin Falls  ID ,76,76,18115,0,0,0,8,32,4400,0,0,0,73,73,17568,0,0,0,8,32,4400,0,0,0
202105,999,46520,C,Urban Honolulu  HI ,79,79,37123,0,0,0,0,0,0,0,0,0,79,79,37123,0,0,0,0,0,0,0,0,0
202105,999,46540, ,Utica-Rome  NY ,2,2,483,0,0,0,0,0,0,0,0,0,0,0,0,0,0,0,0,0,0,0,0,0
202105,999,46660, ,Valdosta  GA ,110,110,20519,1,2,133,0,0,0,0,0,0,47,47,9894,0,0,0,0,0,0,0,0,0
202105,999,47300, ,Visalia  CA ,140,140,42477,0,0,0,0,0,0,0,0,0,140,140,42477,0,0,0,0,0,0,0,0,0
202105,999,47380, ,Waco  TX ,46,46,2255,0,0,0,0,0,0,0,0,0,46,46,2255,0,0,0,0,0,0,0,0,0
202105,999,47940, ,Waterloo-Cedar Falls  IA ,7,7,2052,0,0,0,0,0,0,0,0,0,7,7,2052,0,0,0,0,0,0,0,0,0
202105,999,48060, ,Watertown-Fort Drum  NY ,24,24,3803,0,0,0,0,0,0,0,0,0,24,24,3803,0,0,0,0,0,0,0,0,0
202105,999,48300, ,Wenatchee  WA ,51,51,11116,0,0,0,0,0,0,0,0,0,23,23,5733,0,0,0,0,0,0,0,0,0
202105,999,48540, ,Wheeling  WV-OH ,0,0,0,0,0,0,0,0,0,0,0,0,0,0,0,0,0,0,0,0,0,0,0,0
202105,999,48660, ,Wichita Falls  TX ,4,4,300,0,0,0,0,0,0,0,0,0,4,4,300,0,0,0,0,0,0,0,0,0
202105,999,48900, ,Wilmington  NC ,156,156,55837,4,8,1206,0,0,0,3,99,14012,155,155,55514,4,8,1206,0,0,0,3,99,14012
202105,999,49420, ,Yakima  WA ,37,37,9690,1,2,177,0,0,0,0,0,0,37,37,9690,1,2,177,0,0,0,0,0,0
202105,999,49740, ,Yuma  AZ ,101,101,17925,0,0,0,0,0,0,0,0,0,101,101,17925,0,0,0,0,0,0,0,0,0
