Survey,CSA,CBSA,MONCOV,CBSA,,1-unit,,,2-units,,,3-4 units,,,5+ units,,,1-unit rep,,,2-units rep,,,3-4 units rep,,,5+ units rep
Date,Code,Code,,Name,Bldgs,Units,Value,Bldgs,Units,Value,Bldgs,Units,Value,Bldgs,Units,Value,Bldgs,Units,Value,Bldgs,Units,Value,      Bldgs,Units,Value,Bldgs,Units,Value
 
202101,104,10580,C,Albany-Schenectady-Troy  NY ,98,98,28583,2,4,490,0,0,0,3,40,4954,73,73,20568,1,2,330,0,0,0,1,28,4300
202101,104,24020, ,Glens Falls  NY ,16,16,3881,0,0,0,0,0,0,0,0,0,8,8,1899,0,0,0,0,0,0,0,0,0
202101,106,10740,C,Albuquerque  NM ,161,161,39065,0,0,0,0,0,0,1,7,292,151,151,36915,0,0,0,0,0,0,0,0,0
202101,106,42140,C,Santa Fe  NM ,32,32,7320,0,0,0,0,0,0,1,23,2820,0,0,0,0,0,0,0,0,0,0,0,0
202101,107,11020, ,Altoona  PA ,0,0,0,0,0,0,0,0,0,0,0,0,0,0,0,0,0,0,0,0,0,0,0,0
202101,108,11100, ,Amarillo  TX ,32,32,7460,0,0,0,0,0,0,0,0,0,32,32,7460,0,0,0,0,0,0,0,0,0
202101,118,11540, ,Appleton  WI ,23,23,6979,1,2,360,0,0,0,0,0,0,23,23,6979,1,2,360,0,0,0,0,0,0
202101,118,36780, ,Oshkosh-Neenah  WI ,23,23,7388,2,4,400,0,0,0,0,0,0,23,23,7388,2,4,400,0,0,0,0,0,0
202101,120,11700, ,Asheville  NC ,193,193,63380,0,0,0,0,0,0,4,59,5862,51,51,20568,0,0,0,0,0,0,0,0,0
202101,122,12020, ,Athens-Clarke County  GA ,40,40,9169,0,0,0,0,0,0,2,279,36435,40,40,9169,0,0,0,0,0,0,2,279,36435
202101,122,12060, ,Atlanta-Sandy Springs-Alpharetta  GA ,2622,2622,575463,1,2,150,2,6,1945,8,96,11328,2368,2368,515094,1,2,150,2,6,1945,7,90,9528
202101,122,23580, ,Gainesville  GA ,80,80,17710,0,0,0,0,0,0,0,0,0,21,21,3585,0,0,0,0,0,0,0,0,0
202101,122,40660,C,Rome  GA ,18,18,4185,0,0,0,0,0,0,0,0,0,18,18,4185,0,0,0,0,0,0,0,0,0
202101,140,13460,C,Bend  OR ,140,140,34816,3,6,770,0,0,0,1,5,763,81,81,22442,0,0,0,0,0,0,0,0,0
202101,142,13820,C,Birmingham-Hoover  AL ,362,362,96856,1,2,247,0,0,0,2,13,1406,234,234,58747,0,0,0,0,0,0,0,0,0
202101,144,14020,C,Bloomington  IN ,18,18,4792,0,0,0,0,0,0,1,28,3251,0,0,0,0,0,0,0,0,0,0,0,0
202101,145,14010, ,Bloomington  IL ,6,6,1231,7,14,1022,0,0,0,0,0,0,6,6,1231,7,14,1022,0,0,0,0,0,0
202101,146,14100,C,Bloomsburg-Berwick  PA ,7,7,1828,1,2,250,0,0,0,0,0,0,1,1,212,0,0,0,0,0,0,0,0,0
202101,147,14260,C,Boise City  ID ,788,788,223737,5,10,889,2,7,1510,3,40,3205,764,764,218923,5,10,889,2,7,1510,3,40,3205
202101,148,12700, ,Barnstable Town  MA ,4,4,2532,0,0,0,0,0,0,0,0,0,2,2,1075,0,0,0,0,0,0,0,0,0
202101,148,14460,C,Boston-Cambridge-Newton  MA-NH ,390,390,126580,16,32,6846,7,21,3894,55,735,148538,209,209,74664,9,18,4313,5,15,2689,7,276,102922
202101,148,31700, ,Manchester-Nashua  NH ,9,9,2402,2,4,900,0,0,0,0,0,0,6,6,1779,2,4,900,0,0,0,0,0,0
202101,148,39300,C,Providence-Warwick  RI-MA ,130,130,32375,5,10,754,1,3,173,3,23,1696,64,64,15626,1,2,236,0,0,0,1,10,900
202101,148,49340, ,Worcester  MA-CT ,7,7,1808,0,0,0,0,0,0,1,5,90,3,3,1070,0,0,0,0,0,0,0,0,0
202101,150,14540, ,Bowling Green  KY ,69,69,14287,0,0,0,0,0,0,1,8,553,69,69,14287,0,0,0,0,0,0,1,8,553
202101,154,15180, ,Brownsville-Harlingen  TX ,104,104,10695,4,8,794,0,0,0,2,20,1925,1,1,233,0,0,0,0,0,0,0,0,0
202101,160,15380,C,Buffalo-Cheektowaga  NY ,72,72,32571,2,4,584,0,0,0,1,26,5829,64,64,31174,2,4,584,0,0,0,0,0,0
202101,162,15540, ,Burlington-South Burlington  VT ,16,16,4422,2,4,925,0,0,0,2,11,1275,7,7,2422,1,2,490,0,0,0,0,0,0
202101,163,15980,C,Cape Coral-Fort Myers  FL ,755,755,151693,26,52,4707,0,0,0,1,6,363,755,755,151693,26,52,4707,0,0,0,1,6,363
202101,163,34940, ,Naples-Marco Island  FL ,355,355,78890,0,0,0,1,4,457,10,450,45927,355,355,78890,0,0,0,1,4,457,10,450,45927
202101,164,16020, ,Cape Girardeau  MO-IL ,0,0,0,0,0,0,0,0,0,0,0,0,0,0,0,0,0,0,0,0,0,0,0,0
202101,168,16300, ,Cedar Rapids  IA ,3,3,249,3,6,775,0,0,0,0,0,0,3,3,249,3,6,775,0,0,0,0,0,0
202101,168,26980, ,Iowa City  IA ,15,15,5458,0,0,0,0,0,0,0,0,0,13,13,5182,0,0,0,0,0,0,0,0,0
202101,170,16620, ,Charleston  WV ,15,15,1828,0,0,0,0,0,0,0,0,0,11,11,1285,0,0,0,0,0,0,0,0,0
202101,170,26580, ,Huntington-Ashland  WV-KY-OH ,10,10,2192,0,0,0,0,0,0,0,0,0,1,1,375,0,0,0,0,0,0,0,0,0
202101,172,16740, ,Charlotte-Concord-Gastonia  NC-SC ,1506,1506,404767,1,2,115,2,7,1447,24,475,54799,1266,1266,323780,1,2,115,1,4,843,22,444,50149
202101,174,16860, ,Chattanooga  TN-GA ,195,195,45734,4,8,652,0,0,0,3,51,5047,123,123,29451,0,0,0,0,0,0,0,0,0
202101,174,17420, ,Cleveland  TN ,40,40,6726,1,2,191,1,3,209,1,7,587,0,0,0,0,0,0,0,0,0,0,0,0
202101,176,16980, ,Chicago-Naperville-Elgin  IL-IN-WI ,594,594,179597,8,16,3166,14,46,8163,19,289,49826,495,495,152490,7,14,2764,14,46,8163,15,259,44819
202101,176,28100, ,Kankakee  IL ,0,0,0,0,0,0,0,0,0,0,0,0,0,0,0,0,0,0,0,0,0,0,0,0
202101,176,33140, ,Michigan City-La Porte  IN ,7,7,1814,0,0,0,0,0,0,0,0,0,6,6,1629,0,0,0,0,0,0,0,0,0
202101,178,17140, ,Cincinnati  OH-KY-IN ,381,381,103765,8,16,2071,3,9,2103,6,63,5233,324,324,89647,8,16,2071,3,9,2103,5,58,4211
202101,184,10420, ,Akron  OH ,45,45,21912,0,0,0,0,0,0,0,0,0,16,16,3634,0,0,0,0,0,0,0,0,0
202101,184,15940, ,Canton-Massillon  OH ,29,29,7266,0,0,0,3,11,1444,9,52,6733,25,25,6800,0,0,0,2,8,1291,8,47,6349
202101,184,17460, ,Cleveland-Elyria  OH ,209,209,65842,1,2,292,1,3,208,0,0,0,165,165,54700,0,0,0,0,0,0,0,0,0
202101,190,17860, ,Columbia  MO ,74,74,19172,0,0,0,0,0,0,0,0,0,74,74,19172,0,0,0,0,0,0,0,0,0
202101,192,17900,C,Columbia  SC ,415,415,94813,3,6,1046,0,0,0,2,17,2889,190,190,37925,3,6,1046,0,0,0,0,0,0
202101,194,12220,C,Auburn-Opelika  AL ,123,123,35914,0,0,0,0,0,0,11,240,32776,123,123,35914,0,0,0,0,0,0,11,240,32776
202101,194,17980, ,Columbus  GA-AL ,72,72,14012,0,0,0,0,0,0,0,0,0,72,72,14012,0,0,0,0,0,0,0,0,0
202101,198,18140, ,Columbus  OH ,437,437,143454,3,6,1200,5,19,1748,14,94,8886,392,392,131396,3,6,1200,5,19,1748,12,84,8147
202101,204,18580, ,Corpus Christi  TX ,127,127,34288,0,0,0,0,0,0,0,0,0,12,12,1138,0,0,0,0,0,0,0,0,0
202101,206,19100, ,Dallas-Fort Worth-Arlington  TX ,4330,4330,1129123,19,38,4627,5,17,2154,42,2674,321545,3221,3221,873358,14,28,3458,3,11,1439,25,2012,246468
202101,209,19340, ,Davenport-Moline-Rock Island  IA-IL ,22,22,6535,1,2,250,1,3,675,1,10,1050,20,20,5814,1,2,250,1,3,675,1,10,1050
202101,212,19430, ,Dayton-Kettering  OH ,64,64,23185,0,0,0,0,0,0,0,0,0,39,39,17718,0,0,0,0,0,0,0,0,0
202101,212,44220, ,Springfield  OH ,22,22,4933,0,0,0,0,0,0,0,0,0,22,22,4933,0,0,0,0,0,0,0,0,0
202101,216,14500, ,Boulder  CO ,60,60,28602,0,0,0,0,0,0,6,84,12712,7,7,8682,0,0,0,0,0,0,0,0,0
202101,216,19740,C,Denver-Aurora-Lakewood  CO ,895,895,269787,11,22,5489,3,10,1888,27,857,129448,690,690,211747,11,22,5489,1,4,749,26,784,116890
202101,216,24540, ,Greeley  CO ,275,275,76872,0,0,0,1,3,698,5,93,11226,71,71,20732,0,0,0,0,0,0,0,0,0
202101,218,11180, ,Ames  IA ,8,8,2657,0,0,0,0,0,0,0,0,0,8,8,2657,0,0,0,0,0,0,0,0,0
202101,218,19780, ,Des Moines-West Des Moines  IA ,253,253,67743,0,0,0,0,0,0,0,0,0,250,250,67105,0,0,0,0,0,0,0,0,0
202101,220,11460, ,Ann Arbor  MI ,29,29,9053,1,2,663,2,6,1120,0,0,0,19,19,6143,1,2,663,1,3,720,0,0,0
202101,220,19820, ,Detroit-Warren-Dearborn  MI ,349,349,109212,4,8,1997,2,7,1093,12,226,30941,301,301,97074,4,8,1997,1,4,855,9,211,29129
202101,220,22420, ,Flint  MI ,28,28,5963,0,0,0,2,7,1448,0,0,0,23,23,4516,0,0,0,0,0,0,0,0,0
202101,220,33780, ,Monroe  MI ,0,0,0,0,0,0,2,8,720,0,0,0,0,0,0,0,0,0,2,8,720,0,0,0
202101,222,20020, ,Dothan  AL ,54,54,12165,1,2,165,0,0,0,0,0,0,54,54,12165,1,2,165,0,0,0,0,0,0
202101,232,20740, ,Eau Claire  WI ,12,12,3356,3,6,793,0,0,0,0,0,0,11,11,3085,3,6,793,0,0,0,0,0,0
202101,236,21300, ,Elmira  NY ,1,1,200,0,0,0,0,0,0,0,0,0,1,1,200,0,0,0,0,0,0,0,0,0
202101,238,21340,C,El Paso  TX ,237,237,56913,4,8,1075,2,7,837,1,28,3206,36,36,8393,2,4,494,0,0,0,0,0,0
202101,238,29740,C,Las Cruces  NM ,81,81,20451,1,2,213,0,0,0,1,9,899,0,0,0,0,0,0,0,0,0,0,0,0
202101,240,21500, ,Erie  PA ,0,0,0,0,0,0,0,0,0,0,0,0,0,0,0,0,0,0,0,0,0,0,0,0
202101,244,22020, ,Fargo  ND-MN ,24,24,5929,0,0,0,0,0,0,1,152,22000,17,17,3980,0,0,0,0,0,0,1,152,22000
202101,246,22180, ,Fayetteville  NC ,127,127,20443,0,0,0,0,0,0,0,0,0,64,64,12763,0,0,0,0,0,0,0,0,0
202101,258,23060,C,Fort Wayne  IN ,90,90,24987,0,0,0,0,0,0,0,0,0,90,90,24987,0,0,0,0,0,0,0,0,0
202101,260,23420,C,Fresno  CA ,217,217,66602,3,6,1041,7,21,1339,7,60,8014,4,4,899,0,0,0,0,0,0,0,0,0
202101,260,31460, ,Madera  CA ,54,54,12650,0,0,0,0,0,0,0,0,0,54,54,12650,0,0,0,0,0,0,0,0,0
202101,264,23540, ,Gainesville  FL ,63,63,16682,0,0,0,0,0,0,2,130,8936,0,0,0,0,0,0,0,0,0,0,0,0
202101,266,24340, ,Grand Rapids-Kentwood  MI ,95,95,28006,2,4,805,0,0,0,3,73,4175,81,81,24060,2,4,805,0,0,0,2,64,3152
202101,266,34740, ,Muskegon  MI ,0,0,0,0,0,0,0,0,0,0,0,0,0,0,0,0,0,0,0,0,0,0,0,0
202101,267,24580, ,Green Bay  WI ,42,42,12747,2,4,928,0,0,0,2,10,660,23,23,7427,0,0,0,0,0,0,0,0,0
202101,268,15500, ,Burlington  NC ,67,67,12026,0,0,0,0,0,0,0,0,0,67,67,12026,0,0,0,0,0,0,0,0,0
202101,268,24660,C,Greensboro-High Point  NC ,184,184,44744,5,10,1626,0,0,0,3,72,9279,169,169,40722,5,10,1626,0,0,0,3,72,9279
202101,268,49180, ,Winston-Salem  NC ,244,244,41653,0,0,0,0,0,0,1,6,237,227,227,37795,0,0,0,0,0,0,0,0,0
202101,272,24780, ,Greenville  NC ,19,19,5456,0,0,0,0,0,0,0,0,0,19,19,5456,0,0,0,0,0,0,0,0,0
202101,273,24860, ,Greenville-Anderson  SC ,579,579,154281,0,0,0,0,0,0,1,10,1124,570,570,152370,0,0,0,0,0,0,0,0,0
202101,273,43900, ,Spartanburg  SC ,275,275,44998,0,0,0,0,0,0,0,0,0,0,0,0,0,0,0,0,0,0,0,0,0
202101,276,23900,C,Gettysburg  PA ,20,20,8753,0,0,0,0,0,0,0,0,0,20,20,8753,0,0,0,0,0,0,0,0,0
202101,276,25420,C,Harrisburg-Carlisle  PA ,111,111,24243,0,0,0,4,15,1814,1,18,1881,78,78,16300,0,0,0,3,12,1300,0,0,0
202101,276,30140, ,Lebanon  PA ,22,22,4163,0,0,0,0,0,0,0,0,0,0,0,0,0,0,0,0,0,0,0,0,0
202101,276,49620, ,York-Hanover  PA ,45,45,6056,0,0,0,0,0,0,0,0,0,41,41,5098,0,0,0,0,0,0,0,0,0
202101,277,25500,C,Harrisonburg  VA ,47,47,14023,1,2,150,0,0,0,1,12,1147,47,47,14023,1,2,150,0,0,0,1,12,1147
202101,277,44420, ,Staunton  VA ,12,12,3204,0,0,0,0,0,0,0,0,0,12,12,3204,0,0,0,0,0,0,0,0,0
202101,278,25540,C,Hartford-East Hartford-Middletown  CT ,66,66,16441,1,2,200,0,0,0,4,27,2378,51,51,13012,0,0,0,0,0,0,0,0,0
202101,278,35980, ,Norwich-New London  CT ,9,9,3370,0,0,0,0,0,0,0,0,0,5,5,2708,0,0,0,0,0,0,0,0,0
202101,279,25620, ,Hattiesburg  MS ,3,3,754,0,0,0,0,0,0,0,0,0,3,3,754,0,0,0,0,0,0,0,0,0
202101,284,26300, ,Hot Springs  AR ,7,7,2278,0,0,0,0,0,0,0,0,0,7,7,2278,0,0,0,0,0,0,0,0,0
202101,288,26420, ,Houston-The Woodlands-Sugar Land  TX ,4258,4258,981629,52,104,8084,1,4,523,45,969,92918,3252,3252,741575,52,104,8084,1,4,523,34,759,68763
202101,290,19460, ,Decatur  AL ,13,13,3056,0,0,0,0,0,0,0,0,0,10,10,2686,0,0,0,0,0,0,0,0,0
202101,290,26620,C,Huntsville  AL ,358,358,55139,0,0,0,0,0,0,0,0,0,218,218,26365,0,0,0,0,0,0,0,0,0
202101,292,26820, ,Idaho Falls  ID ,79,79,25329,2,4,383,0,0,0,0,0,0,76,76,24921,2,4,383,0,0,0,0,0,0
202101,294,18020, ,Columbus  IN ,16,16,4115,0,0,0,0,0,0,0,0,0,16,16,4115,0,0,0,0,0,0,0,0,0
202101,294,26900, ,Indianapolis-Carmel-Anderson  IN ,675,675,204802,13,26,5336,3,11,2850,3,73,10552,609,609,188020,13,26,5336,3,11,2850,3,73,10552
202101,294,34620, ,Muncie  IN ,0,0,0,0,0,0,0,0,0,0,0,0,0,0,0,0,0,0,0,0,0,0,0,0
202101,296,27060, ,Ithaca  NY ,1,1,323,1,2,237,0,0,0,1,7,840,0,0,0,0,0,0,0,0,0,0,0,0
202101,297,27180, ,Jackson  TN ,17,17,3724,0,0,0,0,0,0,0,0,0,0,0,0,0,0,0,0,0,0,0,0,0
202101,298,27140, ,Jackson  MS ,66,66,17545,0,0,0,0,0,0,1,27,2981,45,45,10791,0,0,0,0,0,0,0,0,0
202101,300,27260,C,Jacksonville  FL ,1275,1275,267883,0,0,0,3,10,1848,8,432,44028,1131,1131,232822,0,0,0,3,10,1848,8,432,44028
202101,304,27740, ,Johnson City  TN ,7,7,1104,0,0,0,0,0,0,0,0,0,7,7,1104,0,0,0,0,0,0,0,0,0
202101,304,28700, ,Kingsport-Bristol  TN-VA ,1,1,236,0,0,0,0,0,0,0,0,0,0,0,0,0,0,0,0,0,0,0,0,0
202101,306,27780, ,Johnstown  PA ,0,0,0,0,0,0,0,0,0,0,0,0,0,0,0,0,0,0,0,0,0,0,0,0
202101,308,27860, ,Jonesboro  AR ,43,43,6714,3,6,413,3,11,568,2,10,575,0,0,0,0,0,0,0,0,0,0,0,0
202101,309,27900, ,Joplin  MO ,22,22,3486,0,0,0,0,0,0,3,148,14000,22,22,3486,0,0,0,0,0,0,3,148,14000
202101,310,12980, ,Battle Creek  MI ,0,0,0,0,0,0,0,0,0,0,0,0,0,0,0,0,0,0,0,0,0,0,0,0
202101,310,28020, ,Kalamazoo-Portage  MI ,5,5,1510,0,0,0,0,0,0,0,0,0,2,2,828,0,0,0,0,0,0,0,0,0
202101,312,28140, ,Kansas City  MO-KS ,442,442,142576,5,10,2880,0,0,0,11,166,23698,407,407,133658,5,10,2880,0,0,0,11,166,23698
202101,312,29940, ,Lawrence  KS ,22,22,5872,0,0,0,0,0,0,0,0,0,22,22,5872,0,0,0,0,0,0,0,0,0
202101,312,41140, ,St. Joseph  MO-KS ,0,0,0,0,0,0,0,0,0,0,0,0,0,0,0,0,0,0,0,0,0,0,0,0
202101,313,28420,C,Kennewick-Richland  WA ,178,178,53341,2,4,607,0,0,0,1,36,4303,58,58,18373,0,0,0,0,0,0,0,0,0
202101,313,47460, ,Walla Walla  WA ,9,9,2134,0,0,0,0,0,0,0,0,0,8,8,2034,0,0,0,0,0,0,0,0,0
202101,315,28940, ,Knoxville  TN ,344,344,90343,0,0,0,1,3,392,1,14,921,271,271,75170,0,0,0,1,3,392,0,0,0
202101,316,29020, ,Kokomo  IN ,16,16,3418,0,0,0,0,0,0,0,0,0,16,16,3418,0,0,0,0,0,0,0,0,0
202101,318,29180, ,Lafayette  LA ,291,291,42588,0,0,0,0,0,0,0,0,0,269,269,38747,0,0,0,0,0,0,0,0,0
202101,320,29200, ,Lafayette-West Lafayette  IN ,36,36,9604,0,0,0,0,0,0,2,29,2147,3,3,1133,0,0,0,0,0,0,1,10,800
202101,324,29340, ,Lake Charles  LA ,63,63,10980,1,2,97,0,0,0,0,0,0,20,20,2716,0,0,0,0,0,0,0,0,0
202101,332,29820,C,Las Vegas-Henderson-Paradise  NV ,1050,1050,291299,5,10,1638,34,107,12344,8,362,50343,1050,1050,291299,5,10,1638,34,107,12344,8,362,50343
202101,336,30460,C,Lexington-Fayette  KY ,130,130,29674,0,0,0,0,0,0,3,79,8341,52,52,12888,0,0,0,0,0,0,1,6,597
202101,338,30620, ,Lima  OH ,0,0,0,0,0,0,0,0,0,0,0,0,0,0,0,0,0,0,0,0,0,0,0,0
202101,339,30700, ,Lincoln  NE ,81,81,18646,1,2,286,0,0,0,1,49,5495,8,8,2000,0,0,0,0,0,0,0,0,0
202101,340,30780, ,Little Rock-North Little Rock-Conway  AR ,182,182,40468,1,2,152,3,11,1375,1,9,246,130,130,32206,0,0,0,3,11,1375,0,0,0
202101,340,38220, ,Pine Bluff  AR ,0,0,0,0,0,0,0,0,0,0,0,0,0,0,0,0,0,0,0,0,0,0,0,0
202101,348,31080,C,Los Angeles-Long Beach-Anaheim  CA ,695,695,186911,68,136,30158,14,48,10246,47,2260,417772,562,562,128593,62,124,26909,10,36,7854,38,2164,400855
202101,348,37100, ,Oxnard-Thousand Oaks-Ventura  CA ,30,30,10547,3,6,1303,0,0,0,0,0,0,30,30,10547,3,6,1303,0,0,0,0,0,0
202101,348,40140, ,Riverside-San Bernardino-Ontario  CA ,861,861,228169,3,6,122,5,15,3082,13,109,10995,752,752,198584,3,6,122,5,15,3082,8,46,4004
202101,350,21060, ,Elizabethtown-Fort Knox  KY ,42,42,7776,0,0,0,0,0,0,0,0,0,31,31,5479,0,0,0,0,0,0,0,0,0
202101,350,31140, ,Louisville-Jefferson County  KY-IN ,327,327,95460,1,2,208,0,0,0,9,190,18243,165,165,45495,0,0,0,0,0,0,0,0,0
202101,352,31180, ,Lubbock  TX ,193,193,44742,1,2,263,0,0,0,23,246,18182,191,191,44256,1,2,263,0,0,0,22,241,17823
202101,356,31420, ,Macon-Bibb County  GA ,31,31,4895,0,0,0,0,0,0,0,0,0,0,0,0,0,0,0,0,0,0,0,0,0
202101,356,47580, ,Warner Robins  GA ,105,105,20814,0,0,0,0,0,0,0,0,0,105,105,20814,0,0,0,0,0,0,0,0,0
202101,357,27500, ,Janesville-Beloit  WI ,22,22,6002,0,0,0,0,0,0,1,48,8062,22,22,6002,0,0,0,0,0,0,1,48,8062
202101,357,31540, ,Madison  WI ,145,145,52657,5,10,2304,0,0,0,4,211,24093,127,127,47372,5,10,2304,0,0,0,3,206,22800
202101,359,31860, ,Mankato  MN ,0,0,0,0,0,0,0,0,0,0,0,0,0,0,0,0,0,0,0,0,0,0,0,0
202101,365,32580,C,McAllen-Edinburg-Mission  TX ,324,324,65747,4,8,596,15,60,4764,1,8,615,296,296,63009,4,8,596,15,60,4764,1,8,615
202101,366,32780, ,Medford  OR ,64,64,17207,0,0,0,2,8,894,0,0,0,64,64,17207,0,0,0,2,8,894,0,0,0
202101,368,32820, ,Memphis  TN-MS-AR ,434,434,81126,0,0,0,0,0,0,4,92,9026,353,353,63738,0,0,0,0,0,0,4,92,9026
202101,370,33100, ,Miami-Fort Lauderdale-Pompano Beach  FL ,613,613,207175,16,32,6734,4,16,2357,24,1222,217954,530,530,171741,16,32,6734,4,16,2357,21,1177,213938
202101,370,38940, ,Port St. Lucie  FL ,519,519,139379,1,2,593,3,11,3236,4,111,14759,519,519,139379,1,2,593,3,11,3236,4,111,14759
202101,370,42680, ,Sebastian-Vero Beach  FL ,110,110,46956,0,0,0,0,0,0,0,0,0,110,110,46956,0,0,0,0,0,0,0,0,0
202101,372,33260, ,Midland  TX ,60,60,11729,0,0,0,0,0,0,0,0,0,60,60,11729,0,0,0,0,0,0,0,0,0
202101,372,36220,C,Odessa  TX ,79,79,18355,1,2,300,0,0,0,3,88,10539,0,0,0,0,0,0,0,0,0,0,0,0
202101,376,33340,C,Milwaukee-Waukesha  WI ,136,136,50535,8,16,3338,0,0,0,2,34,13150,117,117,42216,7,14,3288,0,0,0,1,29,13120
202101,376,39540, ,Racine  WI ,8,8,2777,0,0,0,0,0,0,0,0,0,8,8,2777,0,0,0,0,0,0,0,0,0
202101,378,33460, ,Minneapolis-St. Paul-Bloomington  MN-WI ,770,770,258407,1,2,476,1,3,800,14,1352,192104,729,729,244976,0,0,0,1,3,800,11,1330,189880
202101,378,41060, ,St. Cloud  MN ,0,0,0,0,0,0,0,0,0,0,0,0,0,0,0,0,0,0,0,0,0,0,0,0
202101,380,19300, ,Daphne-Fairhope-Foley  AL ,251,251,58404,0,0,0,0,0,0,1,12,961,140,140,41533,0,0,0,0,0,0,0,0,0
202101,380,33660, ,Mobile  AL ,70,70,14767,0,0,0,0,0,0,0,0,0,70,70,14767,0,0,0,0,0,0,0,0,0
202101,384,33740, ,Monroe  LA ,30,30,6739,0,0,0,1,3,472,1,5,579,21,21,4896,0,0,0,0,0,0,0,0,0
202101,388,33860, ,Montgomery  AL ,68,68,16156,0,0,0,1,4,372,0,0,0,68,68,16156,0,0,0,1,4,372,0,0,0
202101,390,34060, ,Morgantown  WV ,0,0,0,0,0,0,0,0,0,0,0,0,0,0,0,0,0,0,0,0,0,0,0,0
202101,396,34820, ,Myrtle Beach-Conway-North Myrtle Beach  SC-NC ,717,717,139571,3,6,1308,0,0,0,1,5,250,559,559,102867,2,4,740,0,0,0,0,0,0
202101,400,34980, ,Nashville-Davidson--Murfreesboro--Franklin  TN ,1208,1208,330574,0,0,0,5,17,2470,22,355,50544,977,977,273253,0,0,0,5,17,2470,20,323,46815
202101,406,25220, ,Hammond  LA ,63,63,11867,0,0,0,0,0,0,0,0,0,63,63,11867,0,0,0,0,0,0,0,0,0
202101,406,35380, ,New Orleans-Metairie  LA ,392,392,89086,12,24,2596,0,0,0,2,44,8188,305,305,68378,1,2,163,0,0,0,0,0,0
202101,408,14860,C,Bridgeport-Stamford-Norwalk  CT ,71,71,58435,0,0,0,0,0,0,0,0,0,59,59,54852,0,0,0,0,0,0,0,0,0
202101,408,20700, ,East Stroudsburg  PA ,12,12,3258,0,0,0,0,0,0,0,0,0,8,8,2201,0,0,0,0,0,0,0,0,0
202101,408,28740, ,Kingston  NY ,2,2,940,0,0,0,0,0,0,1,8,1951,1,1,765,0,0,0,0,0,0,0,0,0
202101,408,35300, ,New Haven-Milford  CT ,13,13,3985,0,0,0,0,0,0,1,17,1102,8,8,3125,0,0,0,0,0,0,0,0,0
202101,408,35620,C,New York-Newark-Jersey City  NY-NJ-PA ,1036,1036,280595,57,114,16404,18,57,7427,107,4299,453599,736,736,204726,39,78,11936,11,36,4985,55,3367,347539
202101,408,39100, ,Poughkeepsie-Newburgh-Middletown  NY ,19,19,6706,0,0,0,0,0,0,4,44,6400,13,13,3488,0,0,0,0,0,0,4,44,6400
202101,408,45940,C,Trenton-Princeton  NJ ,19,19,2620,0,0,0,0,0,0,1,6,496,19,19,2620,0,0,0,0,0,0,0,0,0
202101,412,35840,C,North Port-Sarasota-Bradenton  FL ,913,913,249211,1,2,433,6,23,2803,8,100,25518,913,913,249211,1,2,433,6,23,2803,8,100,25518
202101,412,39460, ,Punta Gorda  FL ,214,214,60900,6,12,1870,0,0,0,1,9,1231,0,0,0,0,0,0,0,0,0,0,0,0
202101,416,36420,C,Oklahoma City  OK ,643,643,152848,9,18,2301,2,7,994,0,0,0,172,172,51815,1,2,247,1,4,750,0,0,0
202101,420,36540, ,Omaha-Council Bluffs  NE-IA ,239,239,51417,1,2,225,0,0,0,0,0,0,191,191,38478,0,0,0,0,0,0,0,0,0
202101,422,19660, ,Deltona-Daytona Beach-Ormond Beach  FL ,273,273,81055,11,22,3718,0,0,0,1,21,2596,259,259,76032,11,22,3718,0,0,0,0,0,0
202101,422,29460, ,Lakeland-Winter Haven  FL ,743,743,151751,0,0,0,0,0,0,1,24,3918,586,586,109643,0,0,0,0,0,0,1,24,3918
202101,422,36740, ,Orlando-Kissimmee-Sanford  FL ,1064,1064,299132,3,6,1030,0,0,0,24,935,165719,1021,1021,291451,3,6,1030,0,0,0,22,893,161777
202101,422,45540,C,The Villages  FL ,244,244,67951,0,0,0,0,0,0,0,0,0,243,243,67758,0,0,0,0,0,0,0,0,0
202101,425,37620, ,Parkersburg-Vienna  WV ,3,3,1094,0,0,0,0,0,0,0,0,0,3,3,1094,0,0,0,0,0,0,0,0,0
202101,426,37860,C,Pensacola-Ferry Pass-Brent  FL ,283,283,60502,0,0,0,0,0,0,0,0,0,283,283,60502,0,0,0,0,0,0,0,0,0
202101,428,12100,C,Atlantic City-Hammonton  NJ ,75,75,18821,0,0,0,0,0,0,1,14,1672,72,72,17550,0,0,0,0,0,0,0,0,0
202101,428,20100,C,Dover  DE ,122,122,18604,4,8,762,0,0,0,1,6,719,36,36,5936,4,8,762,0,0,0,1,6,719
202101,428,36140,C,Ocean City  NJ ,73,73,21898,16,32,6427,3,10,245,0,0,0,73,73,21898,16,32,6427,3,10,245,0,0,0
202101,428,37980,C,Philadelphia-Camden-Wilmington  PA-NJ-DE-MD ,744,744,140239,30,60,8428,27,97,9754,53,1591,340069,480,480,98627,30,60,8428,27,97,9754,38,1450,328837
202101,428,39740, ,Reading  PA ,5,5,788,0,0,0,0,0,0,0,0,0,4,4,522,0,0,0,0,0,0,0,0,0
202101,428,47220,C,Vineland-Bridgeton  NJ ,10,10,743,0,0,0,0,0,0,0,0,0,9,9,693,0,0,0,0,0,0,0,0,0
202101,429,38060,C,Phoenix-Mesa-Chandler  AZ ,2656,2656,729798,22,44,3584,8,28,4763,37,1342,192149,2541,2541,702088,21,42,3324,8,28,4763,35,1216,170606
202101,430,38300, ,Pittsburgh  PA ,115,115,36483,1,2,182,1,3,394,3,88,11803,67,67,25248,0,0,0,0,0,0,2,10,1642
202101,430,48260, ,Weirton-Steubenville  WV-OH ,0,0,0,0,0,0,0,0,0,0,0,0,0,0,0,0,0,0,0,0,0,0,0,0
202101,438,30340, ,Lewiston-Auburn  ME ,6,6,1200,0,0,0,0,0,0,0,0,0,5,5,1012,0,0,0,0,0,0,0,0,0
202101,438,38860, ,Portland-South Portland  ME ,117,117,35685,7,14,2687,0,0,0,9,137,22597,42,42,13858,4,8,1264,0,0,0,7,127,21656
202101,440,10540, ,Albany-Lebanon  OR ,36,36,8359,0,0,0,0,0,0,3,25,2343,1,1,212,0,0,0,0,0,0,0,0,0
202101,440,18700, ,Corvallis  OR ,9,9,2568,0,0,0,0,0,0,0,0,0,9,9,2568,0,0,0,0,0,0,0,0,0
202101,440,31020, ,Longview  WA ,23,23,5204,0,0,0,0,0,0,0,0,0,0,0,0,0,0,0,0,0,0,0,0,0
202101,440,38900, ,Portland-Vancouver-Hillsboro  OR-WA ,607,607,177368,2,4,966,4,13,2363,9,263,46355,436,436,125329,2,4,966,2,7,1351,5,182,37148
202101,440,41420, ,Salem  OR ,61,61,18390,2,4,810,0,0,0,3,53,5135,21,21,6565,0,0,0,0,0,0,0,0,0
202101,444,39380,C,Pueblo  CO ,44,44,7118,0,0,0,0,0,0,0,0,0,44,44,7118,0,0,0,0,0,0,0,0,0
202101,450,20500,C,Durham-Chapel Hill  NC ,346,346,80822,0,0,0,1,3,750,4,186,27842,67,67,19337,0,0,0,0,0,0,0,0,0
202101,450,39580,C,Raleigh-Cary  NC ,1126,1126,267308,3,6,996,1,4,149,5,49,4737,1121,1121,266293,3,6,996,1,4,149,5,49,4737
202101,452,39660, ,Rapid City  SD ,53,53,11718,0,0,0,0,0,0,2,141,19445,53,53,11718,0,0,0,0,0,0,2,141,19445
202101,454,39820, ,Redding  CA ,15,15,4476,0,0,0,0,0,0,0,0,0,15,15,4476,0,0,0,0,0,0,0,0,0
202101,456,16180,C,Carson City  NV ,16,16,4259,0,0,0,0,0,0,1,7,699,0,0,0,0,0,0,0,0,0,0,0,0
202101,456,39900,C,Reno  NV ,209,209,58193,2,4,414,1,4,539,10,193,25301,45,45,11583,0,0,0,0,0,0,0,0,0
202101,462,40340, ,Rochester  MN ,25,25,7899,0,0,0,0,0,0,0,0,0,25,25,7899,0,0,0,0,0,0,0,0,0
202101,464,40380, ,Rochester  NY ,72,72,20617,4,8,977,0,0,0,4,30,2287,58,58,16969,4,8,977,0,0,0,3,22,1516
202101,466,40420, ,Rockford  IL ,4,4,1114,0,0,0,0,0,0,0,0,0,4,4,1114,0,0,0,0,0,0,0,0,0
202101,472,40900,C,Sacramento-Roseville-Folsom  CA ,549,549,164461,2,4,600,0,0,0,3,78,7764,539,539,161443,2,4,600,0,0,0,2,72,6225
202101,474,13020, ,Bay City  MI ,1,1,229,0,0,0,0,0,0,0,0,0,0,0,0,0,0,0,0,0,0,0,0,0
202101,474,33220, ,Midland  MI ,4,4,532,0,0,0,0,0,0,0,0,0,4,4,532,0,0,0,0,0,0,0,0,0
202101,474,40980, ,Saginaw  MI ,0,0,0,0,0,0,0,0,0,0,0,0,0,0,0,0,0,0,0,0,0,0,0,0
202101,476,41180, ,St. Louis  MO-IL ,412,412,118550,1,2,301,1,4,897,3,32,2827,329,329,90898,1,2,301,1,4,897,0,0,0
202101,480,41540, ,Salisbury  MD-DE ,392,392,59293,24,48,5172,0,0,0,0,0,0,384,384,57842,24,48,5172,0,0,0,0,0,0
202101,482,36260, ,Ogden-Clearfield  UT ,259,259,66820,0,0,0,2,8,1163,7,52,5841,213,213,54940,0,0,0,1,4,380,2,26,2740
202101,482,39340, ,Provo-Orem  UT ,683,683,189632,0,0,0,4,16,2100,21,155,24124,668,668,182449,0,0,0,4,16,2100,21,155,24124
202101,482,41620, ,Salt Lake City  UT ,526,526,135041,5,10,1601,5,20,3767,13,390,61185,422,422,109388,1,2,405,4,16,3062,7,44,9884
202101,484,41700,C,San Antonio-New Braunfels  TX ,1202,1202,273918,8,16,1976,0,0,0,23,683,82329,1077,1077,251008,8,16,1976,0,0,0,22,678,81263
202101,488,32900, ,Merced  CA ,3,3,1113,0,0,0,0,0,0,0,0,0,3,3,1113,0,0,0,0,0,0,0,0,0
202101,488,33700, ,Modesto  CA ,0,0,0,0,0,0,0,0,0,0,0,0,0,0,0,0,0,0,0,0,0,0,0,0
202101,488,41860,C,San Francisco-Oakland-Berkeley  CA ,378,378,130958,11,22,7010,4,14,7772,26,1106,282734,307,307,104235,9,18,4903,3,11,6915,16,964,250210
202101,488,41940,C,San Jose-Sunnyvale-Santa Clara  CA ,194,194,64312,1,2,593,1,3,745,7,121,24953,122,122,36543,0,0,0,0,0,0,3,29,6092
202101,488,42100, ,Santa Cruz-Watsonville  CA ,15,15,3082,0,0,0,2,6,756,1,11,1119,3,3,498,0,0,0,1,3,412,0,0,0
202101,488,42220, ,Santa Rosa-Petaluma  CA ,60,60,14201,0,0,0,0,0,0,0,0,0,54,54,13036,0,0,0,0,0,0,0,0,0
202101,488,44700, ,Stockton  CA ,149,149,46149,0,0,0,1,3,204,1,15,1752,84,84,24381,0,0,0,0,0,0,0,0,0
202101,488,46700, ,Vallejo  CA ,96,96,28385,0,0,0,0,0,0,0,0,0,96,96,28385,0,0,0,0,0,0,0,0,0
202101,496,25980, ,Hinesville  GA ,40,40,9621,0,0,0,0,0,0,0,0,0,40,40,9621,0,0,0,0,0,0,0,0,0
202101,496,42340, ,Savannah  GA ,168,168,51260,0,0,0,5,17,3620,0,0,0,97,97,31953,0,0,0,4,14,3365,0,0,0
202101,500,14740,C,Bremerton-Silverdale-Port Orchard  WA ,58,58,19186,0,0,0,0,0,0,0,0,0,58,58,19186,0,0,0,0,0,0,0,0,0
202101,500,34580, ,Mount Vernon-Anacortes  WA ,21,21,6710,1,2,400,0,0,0,0,0,0,21,21,6710,1,2,400,0,0,0,0,0,0
202101,500,36500, ,Olympia-Lacey-Tumwater  WA ,64,64,16213,1,2,603,0,0,0,1,6,255,57,57,14724,1,2,603,0,0,0,0,0,0
202101,500,42660,C,Seattle-Tacoma-Bellevue  WA ,831,831,277744,17,34,8399,21,77,11257,46,1480,123886,715,715,232891,16,32,7928,20,74,10254,38,1236,98084
202101,508,43340,C,Shreveport-Bossier City  LA ,95,95,23396,0,0,0,0,0,0,0,0,0,52,52,13062,0,0,0,0,0,0,0,0,0
202101,515,21140, ,Elkhart-Goshen  IN ,19,19,5269,0,0,0,0,0,0,0,0,0,19,19,5269,0,0,0,0,0,0,0,0,0
202101,515,35660, ,Niles  MI ,1,1,363,0,0,0,0,0,0,0,0,0,1,1,363,0,0,0,0,0,0,0,0,0
202101,515,43780, ,South Bend-Mishawaka  IN-MI ,19,19,7355,0,0,0,0,0,0,0,0,0,19,19,7355,0,0,0,0,0,0,0,0,0
202101,518,17660, ,Coeur dAlene  ID ,91,91,22383,4,8,4727,5,19,3250,4,97,10271,64,64,16256,4,8,4727,4,16,3041,3,72,7469
202101,518,44060, ,Spokane-Spokane Valley  WA ,116,116,30799,6,12,1950,2,7,1006,1,11,1245,68,68,18240,5,10,1726,1,4,642,0,0,0
202101,522,44100, ,Springfield  IL ,2,2,673,4,8,500,0,0,0,0,0,0,2,2,673,4,8,500,0,0,0,0,0,0
202101,524,44300, ,State College  PA ,10,10,2446,1,2,310,0,0,0,0,0,0,10,10,2446,1,2,310,0,0,0,0,0,0
202101,532,45060, ,Syracuse  NY ,20,20,4579,0,0,0,0,0,0,0,0,0,18,18,4272,0,0,0,0,0,0,0,0,0
202101,534,45780, ,Toledo  OH ,57,57,16893,0,0,0,0,0,0,0,0,0,31,31,11299,0,0,0,0,0,0,0,0,0
202101,536,46060,C,Tucson  AZ ,433,433,128321,2,4,474,0,0,0,5,72,10818,341,341,104722,0,0,0,0,0,0,0,0,0
202101,538,46140,C,Tulsa  OK ,383,383,80444,1,2,150,0,0,0,1,8,615,371,371,77814,0,0,0,0,0,0,0,0,0
202101,540,46340, ,Tyler  TX ,41,41,9558,3,6,741,1,3,392,0,0,0,41,41,9558,3,6,741,1,3,392,0,0,0
202101,545,47260, ,Virginia Beach-Norfolk-Newport News  VA-NC ,338,338,75877,3,6,1190,1,4,150,8,321,26024,309,309,73085,3,6,1190,1,4,150,8,321,26024
202101,548,12580,C,Baltimore-Columbia-Towson  MD ,398,398,93547,2,4,486,0,0,0,2,47,8655,380,380,90280,2,4,486,0,0,0,0,0,0
202101,548,15680,C,California-Lexington Park  MD ,66,66,14579,0,0,0,0,0,0,1,5,896,6,6,2051,0,0,0,0,0,0,0,0,0
202101,548,16540,C,Chambersburg-Waynesboro  PA ,27,27,4469,0,0,0,0,0,0,1,5,645,26,26,4207,0,0,0,0,0,0,0,0,0
202101,548,25180, ,Hagerstown-Martinsburg  MD-WV ,97,97,25558,0,0,0,0,0,0,0,0,0,93,93,25090,0,0,0,0,0,0,0,0,0
202101,548,47900, ,Washington-Arlington-Alexandria  DC-VA-MD-WV ,1335,1335,326996,7,14,760,2,8,1046,20,1126,154840,1244,1244,303020,7,14,760,2,8,1046,16,1039,137490
202101,548,49020, ,Winchester  VA-WV ,41,41,10353,0,0,0,0,0,0,0,0,0,41,41,10353,0,0,0,0,0,0,0,0,0
202101,554,48140, ,Wausau-Weston  WI ,9,9,1657,0,0,0,0,0,0,0,0,0,0,0,0,0,0,0,0,0,0,0,0,0
202101,556,48620, ,Wichita  KS ,80,80,26943,23,46,3910,1,4,600,0,0,0,80,80,26943,23,46,3910,1,4,600,0,0,0
202101,558,48700, ,Williamsport  PA ,1,1,700,0,0,0,0,0,0,0,0,0,1,1,700,0,0,0,0,0,0,0,0,0
202101,566,49660, ,Youngstown-Warren-Boardman  OH-PA ,18,18,4102,0,0,0,0,0,0,0,0,0,13,13,3240,0,0,0,0,0,0,0,0,0
202101,999,10180, ,Abilene  TX ,47,47,9827,0,0,0,0,0,0,0,0,0,47,47,9827,0,0,0,0,0,0,0,0,0
202101,999,10500, ,Albany  GA ,12,12,2268,0,0,0,0,0,0,1,19,2836,10,10,1858,0,0,0,0,0,0,0,0,0
202101,999,10780, ,Alexandria  LA ,14,14,3628,0,0,0,0,0,0,0,0,0,6,6,1518,0,0,0,0,0,0,0,0,0
202101,999,10900, ,Allentown-Bethlehem-Easton  PA-NJ ,16,16,4241,0,0,0,0,0,0,9,286,38428,13,13,3904,0,0,0,0,0,0,9,286,38428
202101,999,11260,C,Anchorage  AK ,78,78,24434,0,0,0,1,4,695,2,16,2530,0,0,0,0,0,0,0,0,0,0,0,0
202101,999,11500, ,Anniston-Oxford  AL ,1,1,370,0,0,0,0,0,0,0,0,0,1,1,370,0,0,0,0,0,0,0,0,0
202101,999,12260, ,Augusta-Richmond County  GA-SC ,290,290,61858,2,4,415,3,11,956,1,6,345,140,140,33462,0,0,0,3,11,956,0,0,0
202101,999,12420, ,Austin-Round Rock-Georgetown  TX ,1940,1940,415910,18,36,5178,2,7,580,47,2619,155595,1569,1569,332338,18,36,5178,2,7,580,47,2619,155595
202101,999,12540, ,Bakersfield  CA ,161,161,40876,4,8,469,0,0,0,1,5,1277,28,28,4153,3,6,235,0,0,0,0,0,0
202101,999,12620, ,Bangor  ME ,9,9,1973,0,0,0,1,4,599,0,0,0,5,5,851,0,0,0,1,4,599,0,0,0
202101,999,12940, ,Baton Rouge  LA ,256,256,63157,0,0,0,0,0,0,0,0,0,227,227,57336,0,0,0,0,0,0,0,0,0
202101,999,13140, ,Beaumont-Port Arthur  TX ,75,75,13266,0,0,0,0,0,0,0,0,0,75,75,13266,0,0,0,0,0,0,0,0,0
202101,999,13220,C,Beckley  WV ,2,2,639,0,0,0,0,0,0,0,0,0,2,2,639,0,0,0,0,0,0,0,0,0
202101,999,13380, ,Bellingham  WA ,57,57,15976,1,2,431,0,0,0,2,173,14851,16,16,4528,0,0,0,0,0,0,2,173,14851
202101,999,13740, ,Billings  MT ,17,17,4562,3,6,1248,0,0,0,1,5,1329,17,17,4562,3,6,1248,0,0,0,1,5,1329
202101,999,13780, ,Binghamton  NY ,0,0,0,0,0,0,0,0,0,0,0,0,0,0,0,0,0,0,0,0,0,0,0,0
202101,999,13900, ,Bismarck  ND ,5,5,1389,2,4,464,0,0,0,0,0,0,4,4,1251,2,4,464,0,0,0,0,0,0
202101,999,13980, ,Blacksburg-Christiansburg  VA ,4,4,1187,0,0,0,0,0,0,0,0,0,4,4,1187,0,0,0,0,0,0,0,0,0
202101,999,15260, ,Brunswick  GA ,44,44,13598,1,2,277,0,0,0,0,0,0,0,0,0,0,0,0,0,0,0,0,0,0
202101,999,16220,C,Casper  WY ,7,7,1887,0,0,0,0,0,0,0,0,0,7,7,1887,0,0,0,0,0,0,0,0,0
202101,999,16580, ,Champaign-Urbana  IL ,3,3,812,0,0,0,0,0,0,0,0,0,3,3,812,0,0,0,0,0,0,0,0,0
202101,999,16700,C,Charleston-North Charleston  SC ,551,551,142767,0,0,0,0,0,0,7,159,9457,187,187,54198,0,0,0,0,0,0,0,0,0
202101,999,16820, ,Charlottesville  VA ,77,77,23426,0,0,0,0,0,0,1,25,2416,0,0,0,0,0,0,0,0,0,0,0,0
202101,999,16940, ,Cheyenne  WY ,31,31,6972,0,0,0,10,39,3242,1,6,509,31,31,6972,0,0,0,10,39,3242,1,6,509
202101,999,17020, ,Chico  CA ,44,44,7369,0,0,0,0,0,0,0,0,0,44,44,7369,0,0,0,0,0,0,0,0,0
202101,999,17300,C,Clarksville  TN-KY ,265,265,18454,0,0,0,2,7,540,16,195,12450,172,172,913,0,0,0,1,4,250,15,190,11875
202101,999,17780, ,College Station-Bryan  TX ,153,153,28165,1,2,275,0,0,0,0,0,0,146,146,26736,1,2,275,0,0,0,0,0,0
202101,999,17820,C,Colorado Springs  CO ,547,547,206700,12,24,2335,0,0,0,26,642,89634,547,547,206700,12,24,2335,0,0,0,26,642,89634
202101,999,18880,C,Crestview-Fort Walton Beach-Destin  FL ,208,208,89403,0,0,0,10,35,5785,9,56,8590,208,208,89403,0,0,0,10,35,5785,9,56,8590
202101,999,19060, ,Cumberland  MD-WV ,4,4,718,0,0,0,0,0,0,0,0,0,4,4,718,0,0,0,0,0,0,0,0,0
202101,999,19180, ,Danville  IL ,0,0,0,0,0,0,0,0,0,0,0,0,0,0,0,0,0,0,0,0,0,0,0,0
202101,999,19500, ,Decatur  IL ,1,1,205,0,0,0,0,0,0,0,0,0,1,1,205,0,0,0,0,0,0,0,0,0
202101,999,20220, ,Dubuque  IA ,4,4,1044,0,0,0,0,0,0,0,0,0,3,3,760,0,0,0,0,0,0,0,0,0
202101,999,20260, ,Duluth  MN-WI ,5,5,692,0,0,0,0,0,0,0,0,0,5,5,692,0,0,0,0,0,0,0,0,0
202101,999,20940, ,El Centro  CA ,24,24,5410,0,0,0,0,0,0,0,0,0,7,7,2104,0,0,0,0,0,0,0,0,0
202101,999,21420, ,Enid  OK ,2,2,550,0,0,0,0,0,0,0,0,0,2,2,550,0,0,0,0,0,0,0,0,0
202101,999,21660, ,Eugene-Springfield  OR ,53,53,13787,0,0,0,2,8,1736,1,7,1600,29,29,7788,0,0,0,2,8,1736,1,7,1600
202101,999,21780, ,Evansville  IN-KY ,53,53,15945,3,6,1047,0,0,0,0,0,0,42,42,13840,2,4,800,0,0,0,0,0,0
202101,999,21820,C,Fairbanks  AK ,0,0,0,0,0,0,0,0,0,0,0,0,0,0,0,0,0,0,0,0,0,0,0,0
202101,999,22140,C,Farmington  NM ,3,3,903,0,0,0,0,0,0,0,0,0,3,3,903,0,0,0,0,0,0,0,0,0
202101,999,22220, ,Fayetteville-Springdale-Rogers  AR-MO ,442,442,111311,3,6,935,2,8,1094,15,202,13708,361,361,93423,3,6,935,2,8,1094,13,173,11389
202101,999,22380, ,Flagstaff  AZ ,40,40,9570,0,0,0,0,0,0,0,0,0,40,40,9570,0,0,0,0,0,0,0,0,0
202101,999,22500, ,Florence  SC ,61,61,8234,0,0,0,0,0,0,2,33,3207,0,0,0,0,0,0,0,0,0,0,0,0
202101,999,22520, ,Florence-Muscle Shoals  AL ,23,23,3291,0,0,0,0,0,0,0,0,0,8,8,1518,0,0,0,0,0,0,0,0,0
202101,999,22540, ,Fond du Lac  WI ,6,6,1650,0,0,0,0,0,0,1,6,425,3,3,915,0,0,0,0,0,0,0,0,0
202101,999,22660,C,Fort Collins  CO ,205,205,60438,0,0,0,0,0,0,0,0,0,205,205,60438,0,0,0,0,0,0,0,0,0
202101,999,22900, ,Fort Smith  AR-OK ,14,14,2148,3,6,1006,0,0,0,0,0,0,7,7,1057,3,6,1006,0,0,0,0,0,0
202101,999,23460, ,Gadsden  AL ,6,6,1083,0,0,0,0,0,0,0,0,0,0,0,0,0,0,0,0,0,0,0,0,0
202101,999,24220, ,Grand Forks  ND-MN ,0,0,0,0,0,0,0,0,0,0,0,0,0,0,0,0,0,0,0,0,0,0,0,0
202101,999,24260, ,Grand Island  NE ,9,9,1588,0,0,0,0,0,0,0,0,0,9,9,1588,0,0,0,0,0,0,0,0,0
202101,999,24300,C,Grand Junction  CO ,52,52,8265,0,0,0,0,0,0,0,0,0,52,52,8265,0,0,0,0,0,0,0,0,0
202101,999,24500,C,Great Falls  MT ,14,14,4063,0,0,0,0,0,0,0,0,0,14,14,4063,0,0,0,0,0,0,0,0,0
202101,999,25060, ,Gulfport-Biloxi  MS ,193,193,36615,1,2,245,1,3,301,1,9,762,95,95,21356,0,0,0,0,0,0,0,0,0
202101,999,25860, ,Hickory-Lenoir-Morganton  NC ,1,1,151,0,0,0,0,0,0,1,6,334,0,0,0,0,0,0,0,0,0,0,0,0
202101,999,25940, ,Hilton Head Island-Bluffton  SC ,91,91,30758,0,0,0,0,0,0,0,0,0,58,58,13935,0,0,0,0,0,0,0,0,0
202101,999,26140, ,Homosassa Springs  FL ,74,74,15256,1,2,55,0,0,0,1,5,432,0,0,0,0,0,0,0,0,0,0,0,0
202101,999,26380, ,Houma-Thibodaux  LA ,49,49,9808,0,0,0,1,3,262,0,0,0,34,34,5717,0,0,0,0,0,0,0,0,0
202101,999,27100, ,Jackson  MI ,0,0,0,0,0,0,0,0,0,0,0,0,0,0,0,0,0,0,0,0,0,0,0,0
202101,999,27340,C,Jacksonville  NC ,176,176,29228,2,4,260,0,0,0,0,0,0,176,176,29228,2,4,260,0,0,0,0,0,0
202101,999,27980,C,Kahului-Wailuku-Lahaina  HI ,22,22,9080,0,0,0,0,0,0,0,0,0,22,22,9080,0,0,0,0,0,0,0,0,0
202101,999,28660,C,Killeen-Temple  TX ,160,160,31635,32,64,6455,0,0,0,0,0,0,134,134,24983,28,56,5591,0,0,0,0,0,0
202101,999,29100, ,La Crosse-Onalaska  WI-MN ,12,12,3453,0,0,0,0,0,0,1,5,455,5,5,1903,0,0,0,0,0,0,0,0,0
202101,999,29420, ,Lake Havasu City-Kingman  AZ ,88,88,19038,0,0,0,0,0,0,0,0,0,88,88,19038,0,0,0,0,0,0,0,0,0
202101,999,29540, ,Lancaster  PA ,5,5,1059,0,0,0,0,0,0,0,0,0,5,5,1059,0,0,0,0,0,0,0,0,0
202101,999,29620, ,Lansing-East Lansing  MI ,12,12,3194,0,0,0,0,0,0,1,5,568,10,10,2915,0,0,0,0,0,0,0,0,0
202101,999,29700, ,Laredo  TX ,83,83,13196,0,0,0,0,0,0,0,0,0,83,83,13196,0,0,0,0,0,0,0,0,0
202101,999,30020, ,Lawton  OK ,4,4,938,0,0,0,0,0,0,0,0,0,0,0,0,0,0,0,0,0,0,0,0,0
202101,999,30300, ,Lewiston  ID-WA ,0,0,0,0,0,0,0,0,0,0,0,0,0,0,0,0,0,0,0,0,0,0,0,0
202101,999,30860, ,Logan  UT-ID ,12,12,3898,0,0,0,0,0,0,0,0,0,12,12,3898,0,0,0,0,0,0,0,0,0
202101,999,30980, ,Longview  TX ,12,12,2509,0,0,0,0,0,0,0,0,0,12,12,2509,0,0,0,0,0,0,0,0,0
202101,999,31340, ,Lynchburg  VA ,28,28,4721,0,0,0,1,3,603,0,0,0,24,24,3793,0,0,0,0,0,0,0,0,0
202101,999,31740, ,Manhattan  KS ,10,10,3251,0,0,0,0,0,0,0,0,0,9,9,2991,0,0,0,0,0,0,0,0,0
202101,999,33540,C,Missoula  MT ,18,18,4718,0,0,0,0,0,0,0,0,0,18,18,4718,0,0,0,0,0,0,0,0,0
202101,999,36100, ,Ocala  FL ,381,381,79569,0,0,0,0,0,0,0,0,0,381,381,79569,0,0,0,0,0,0,0,0,0
202101,999,36980, ,Owensboro  KY ,29,29,3341,0,0,0,0,0,0,0,0,0,28,28,3136,0,0,0,0,0,0,0,0,0
202101,999,37340, ,Palm Bay-Melbourne-Titusville  FL ,230,230,73098,0,0,0,0,0,0,0,0,0,230,230,73098,0,0,0,0,0,0,0,0,0
202101,999,37460, ,Panama City  FL ,82,82,21456,0,0,0,0,0,0,6,35,1061,12,12,3451,0,0,0,0,0,0,0,0,0
202101,999,37900, ,Peoria  IL ,3,3,1065,0,0,0,0,0,0,0,0,0,0,0,0,0,0,0,0,0,0,0,0,0
202101,999,38340, ,Pittsfield  MA ,0,0,0,0,0,0,0,0,0,0,0,0,0,0,0,0,0,0,0,0,0,0,0,0
202101,999,38540, ,Pocatello  ID ,31,31,6319,1,2,241,9,36,3870,0,0,0,25,25,4881,1,2,241,9,36,3870,0,0,0
202101,999,39150, ,Prescott Valley-Prescott  AZ ,144,144,41895,8,16,1865,1,3,353,0,0,0,104,104,29736,8,16,1865,0,0,0,0,0,0
202101,999,40060, ,Richmond  VA ,464,464,100243,2,4,905,10,38,4314,4,23,2903,450,450,98082,2,4,905,10,38,4314,4,23,2903
202101,999,41100, ,St. George  UT ,206,206,41741,0,0,0,0,0,0,0,0,0,205,205,41685,0,0,0,0,0,0,0,0,0
202101,999,41500, ,Salinas  CA ,6,6,1225,0,0,0,0,0,0,0,0,0,6,6,1225,0,0,0,0,0,0,0,0,0
202101,999,41660,C,San Angelo  TX ,23,23,4809,0,0,0,0,0,0,0,0,0,23,23,4809,0,0,0,0,0,0,0,0,0
202101,999,41740,C,San Diego-Chula Vista-Carlsbad  CA ,229,229,58886,1,2,369,0,0,0,15,795,115528,205,205,53480,1,2,369,0,0,0,13,750,111149
202101,999,42020, ,San Luis Obispo-Paso Robles  CA ,32,32,9667,0,0,0,0,0,0,0,0,0,0,0,0,0,0,0,0,0,0,0,0,0
202101,999,42200, ,Santa Maria-Santa Barbara  CA ,12,12,3989,1,2,560,0,0,0,2,24,2003,12,12,3989,1,2,560,0,0,0,2,24,2003
202101,999,42540, ,Scranton--Wilkes-Barre  PA ,3,3,566,0,0,0,0,0,0,0,0,0,3,3,566,0,0,0,0,0,0,0,0,0
202101,999,43100, ,Sheboygan  WI ,0,0,0,0,0,0,0,0,0,0,0,0,0,0,0,0,0,0,0,0,0,0,0,0
202101,999,43420, ,Sierra Vista-Douglas  AZ ,30,30,4931,0,0,0,0,0,0,0,0,0,23,23,3670,0,0,0,0,0,0,0,0,0
202101,999,43580, ,Sioux City  IA-NE-SD ,9,9,2566,0,0,0,0,0,0,0,0,0,1,1,290,0,0,0,0,0,0,0,0,0
202101,999,43620, ,Sioux Falls  SD ,99,99,20299,3,6,739,0,0,0,7,238,27724,99,99,20299,3,6,739,0,0,0,7,238,27724
202101,999,44140, ,Springfield  MA ,0,0,0,0,0,0,0,0,0,0,0,0,0,0,0,0,0,0,0,0,0,0,0,0
202101,999,44180, ,Springfield  MO ,61,61,19414,1,2,251,0,0,0,0,0,0,53,53,17912,0,0,0,0,0,0,0,0,0
202101,999,44940, ,Sumter  SC ,30,30,4093,0,0,0,0,0,0,1,5,260,0,0,0,0,0,0,0,0,0,0,0,0
202101,999,45220, ,Tallahassee  FL ,103,103,20705,1,2,222,0,0,0,4,106,13619,30,30,6272,0,0,0,0,0,0,0,0,0
202101,999,45300,C,Tampa-St. Petersburg-Clearwater  FL ,1954,1954,537962,11,22,2708,1,3,1200,22,609,61423,1941,1941,534222,10,20,2428,1,3,1200,20,599,58712
202101,999,45460, ,Terre Haute  IN ,1,1,222,1,2,208,0,0,0,0,0,0,0,0,0,0,0,0,0,0,0,0,0,0
202101,999,45500, ,Texarkana  TX-AR ,2,2,491,0,0,0,0,0,0,0,0,0,2,2,491,0,0,0,0,0,0,0,0,0
202101,999,45820, ,Topeka  KS ,17,17,3590,0,0,0,3,9,900,0,0,0,17,17,3590,0,0,0,3,9,900,0,0,0
202101,999,46220, ,Tuscaloosa  AL ,46,46,11531,1,2,475,4,14,897,1,58,10653,11,11,3407,0,0,0,0,0,0,0,0,0
202101,999,46300, ,Twin Falls  ID ,69,69,13316,0,0,0,0,0,0,0,0,0,69,69,13316,0,0,0,0,0,0,0,0,0
202101,999,46520,C,Urban Honolulu  HI ,84,84,34458,0,0,0,1,3,1949,4,126,23597,0,0,0,0,0,0,0,0,0,0,0,0
202101,999,46540, ,Utica-Rome  NY ,5,5,492,0,0,0,0,0,0,0,0,0,4,4,210,0,0,0,0,0,0,0,0,0
202101,999,46660, ,Valdosta  GA ,122,122,21341,0,0,0,0,0,0,0,0,0,64,64,11557,0,0,0,0,0,0,0,0,0
202101,999,47300, ,Visalia  CA ,124,124,30148,0,0,0,0,0,0,5,60,6326,124,124,30148,0,0,0,0,0,0,5,60,6326
202101,999,47380, ,Waco  TX ,40,40,8363,1,2,188,0,0,0,1,6,419,40,40,8363,1,2,188,0,0,0,1,6,419
202101,999,47940, ,Waterloo-Cedar Falls  IA ,5,5,1559,0,0,0,0,0,0,0,0,0,5,5,1559,0,0,0,0,0,0,0,0,0
202101,999,48060, ,Watertown-Fort Drum  NY ,12,12,1586,0,0,0,0,0,0,0,0,0,0,0,0,0,0,0,0,0,0,0,0,0
202101,999,48300, ,Wenatchee  WA ,43,43,9394,0,0,0,0,0,0,0,0,0,18,18,4938,0,0,0,0,0,0,0,0,0
202101,999,48540, ,Wheeling  WV-OH ,0,0,0,0,0,0,0,0,0,0,0,0,0,0,0,0,0,0,0,0,0,0,0,0
202101,999,48660, ,Wichita Falls  TX ,1,1,450,0,0,0,0,0,0,0,0,0,1,1,450,0,0,0,0,0,0,0,0,0
202101,999,48900, ,Wilmington  NC ,142,142,45575,0,0,0,0,0,0,6,135,16079,0,0,0,0,0,0,0,0,0,0,0,0
202101,999,49420, ,Yakima  WA ,66,66,22124,5,10,1374,1,4,413,1,11,1118,66,66,22124,5,10,1374,1,4,413,1,11,1118
202101,999,49740, ,Yuma  AZ ,93,93,16403,0,0,0,0,0,0,0,0,0,93,93,16403,0,0,0,0,0,0,0,0,0
