Survey,CSA,CBSA,MONCOV,CBSA,,1-unit,,,2-units,,,3-4 units,,,5+ units,,,1-unit rep,,,2-units rep,,,3-4 units rep,,,5+ units rep
Date,Code,Code,,Name,Bldgs,Units,Value,Bldgs,Units,Value,Bldgs,Units,Value,Bldgs,Units,Value,Bldgs,Units,Value,Bldgs,Units,Value,      Bldgs,Units,Value,Bldgs,Units,Value
 
202109,104,10580,C,Albany-Schenectady-Troy  NY ,97,97,28899,1,2,368,1,3,450,4,171,27655,75,75,22472,0,0,0,0,0,0,2,156,26039
202109,104,24020, ,Glens Falls  NY ,22,22,6348,0,0,0,0,0,0,0,0,0,15,15,4635,0,0,0,0,0,0,0,0,0
202109,106,10740,C,Albuquerque  NM ,197,197,50140,0,0,0,0,0,0,3,159,14022,185,185,47088,0,0,0,0,0,0,2,152,13730
202109,106,42140,C,Santa Fe  NM ,23,23,6248,0,0,0,0,0,0,2,29,4068,0,0,0,0,0,0,0,0,0,0,0,0
202109,107,11020, ,Altoona  PA ,0,0,0,0,0,0,0,0,0,0,0,0,0,0,0,0,0,0,0,0,0,0,0,0
202109,108,11100, ,Amarillo  TX ,57,57,13637,0,0,0,0,0,0,0,0,0,57,57,13637,0,0,0,0,0,0,0,0,0
202109,118,11540, ,Appleton  WI ,37,37,14747,3,6,1140,0,0,0,0,0,0,35,35,13999,3,6,1140,0,0,0,0,0,0
202109,118,36780, ,Oshkosh-Neenah  WI ,16,16,6213,7,14,3075,0,0,0,1,16,1280,16,16,6213,7,14,3075,0,0,0,1,16,1280
202109,120,11700, ,Asheville  NC ,181,181,57568,0,0,0,0,0,0,6,106,10967,59,59,20840,0,0,0,0,0,0,0,0,0
202109,122,12020, ,Athens-Clarke County  GA ,15,15,6372,0,0,0,0,0,0,4,48,4516,15,15,6372,0,0,0,0,0,0,4,48,4516
202109,122,12060, ,Atlanta-Sandy Springs-Alpharetta  GA ,2270,2270,528097,4,8,797,3,10,2490,39,963,117472,1969,1969,458860,4,8,797,2,7,2243,37,953,115539
202109,122,23580, ,Gainesville  GA ,75,75,16867,0,0,0,0,0,0,0,0,0,19,19,3468,0,0,0,0,0,0,0,0,0
202109,122,40660,C,Rome  GA ,13,13,4258,0,0,0,0,0,0,0,0,0,13,13,4258,0,0,0,0,0,0,0,0,0
202109,140,13460,C,Bend  OR ,119,119,54097,4,8,1283,1,4,450,6,70,7845,119,119,54097,4,8,1283,1,4,450,6,70,7845
202109,142,13820,C,Birmingham-Hoover  AL ,232,232,71815,0,0,0,0,0,0,1,13,1278,166,166,51446,0,0,0,0,0,0,1,13,1278
202109,144,14020,C,Bloomington  IN ,20,20,5428,0,0,0,0,0,0,1,244,29072,20,20,5428,0,0,0,0,0,0,1,244,29072
202109,145,14010, ,Bloomington  IL ,10,10,2005,1,2,146,0,0,0,1,32,1800,4,4,669,0,0,0,0,0,0,1,32,1800
202109,146,14100,C,Bloomsburg-Berwick  PA ,4,4,707,0,0,0,0,0,0,0,0,0,1,1,150,0,0,0,0,0,0,0,0,0
202109,147,14260,C,Boise City  ID ,553,553,152434,4,8,2405,12,48,5707,23,428,71061,532,532,147768,4,8,2405,12,48,5707,23,428,71061
202109,148,12700, ,Barnstable Town  MA ,7,7,2482,0,0,0,0,0,0,0,0,0,3,3,535,0,0,0,0,0,0,0,0,0
202109,148,14460,C,Boston-Cambridge-Newton  MA-NH ,385,385,142455,8,16,4245,6,18,2754,50,1291,202697,188,188,88158,3,6,1940,5,15,2144,17,1057,176367
202109,148,31700, ,Manchester-Nashua  NH ,22,22,5116,1,2,304,0,0,0,1,16,3000,5,5,2100,0,0,0,0,0,0,1,16,3000
202109,148,39300,C,Providence-Warwick  RI-MA ,128,128,36031,7,14,1741,0,0,0,1,5,500,67,67,21643,6,12,1533,0,0,0,0,0,0
202109,148,49340, ,Worcester  MA-CT ,13,13,3425,0,0,0,0,0,0,0,0,0,6,6,1833,0,0,0,0,0,0,0,0,0
202109,150,14540, ,Bowling Green  KY ,93,93,22250,0,0,0,0,0,0,9,216,22050,93,93,22250,0,0,0,0,0,0,9,216,22050
202109,154,15180, ,Brownsville-Harlingen  TX ,97,97,9930,2,4,260,1,3,412,1,12,989,0,0,0,0,0,0,0,0,0,0,0,0
202109,160,15380,C,Buffalo-Cheektowaga  NY ,92,92,39149,2,4,1045,0,0,0,2,19,3227,83,83,37203,2,4,1045,0,0,0,0,0,0
202109,162,15540, ,Burlington-South Burlington  VT ,25,25,7481,1,2,415,0,0,0,3,15,1560,9,9,2363,0,0,0,0,0,0,0,0,0
202109,163,15980,C,Cape Coral-Fort Myers  FL ,963,963,208736,25,50,5921,2,8,2432,3,56,4171,962,962,207728,25,50,5921,2,8,2432,3,56,4171
202109,163,34940, ,Naples-Marco Island  FL ,220,220,101563,1,2,250,0,0,0,6,232,179132,220,220,101563,1,2,250,0,0,0,6,232,179132
202109,164,16020, ,Cape Girardeau  MO-IL ,0,0,0,0,0,0,0,0,0,0,0,0,0,0,0,0,0,0,0,0,0,0,0,0
202109,168,16300, ,Cedar Rapids  IA ,40,40,12030,7,14,3093,1,4,450,2,20,2006,40,40,12030,7,14,3093,1,4,450,2,20,2006
202109,168,26980, ,Iowa City  IA ,55,55,15724,0,0,0,1,4,960,1,52,6800,53,53,15449,0,0,0,1,4,960,1,52,6800
202109,170,16620, ,Charleston  WV ,13,13,1796,0,0,0,0,0,0,0,0,0,12,12,1687,0,0,0,0,0,0,0,0,0
202109,170,26580, ,Huntington-Ashland  WV-KY-OH ,30,30,5912,0,0,0,0,0,0,0,0,0,24,24,5464,0,0,0,0,0,0,0,0,0
202109,172,16740, ,Charlotte-Concord-Gastonia  NC-SC ,1539,1539,405489,2,4,620,1,3,796,21,947,68024,1350,1350,347112,2,4,620,1,3,796,20,930,66094
202109,174,16860, ,Chattanooga  TN-GA ,126,126,28504,3,6,433,0,0,0,2,42,4208,81,81,18390,0,0,0,0,0,0,0,0,0
202109,174,17420, ,Cleveland  TN ,36,36,6554,0,0,0,1,3,287,0,0,0,0,0,0,0,0,0,0,0,0,0,0,0
202109,176,16980, ,Chicago-Naperville-Elgin  IL-IN-WI ,865,865,263718,11,22,3708,34,112,20830,30,458,52964,729,729,222969,7,14,2411,30,98,18737,20,383,43849
202109,176,28100, ,Kankakee  IL ,1,1,476,0,0,0,0,0,0,0,0,0,1,1,476,0,0,0,0,0,0,0,0,0
202109,176,33140, ,Michigan City-La Porte  IN ,12,12,3459,0,0,0,0,0,0,0,0,0,5,5,1290,0,0,0,0,0,0,0,0,0
202109,178,17140, ,Cincinnati  OH-KY-IN ,425,425,126020,0,0,0,2,6,1892,3,85,7020,307,307,97702,0,0,0,2,6,1892,2,65,4998
202109,184,10420, ,Akron  OH ,57,57,28737,0,0,0,0,0,0,1,5,152,25,25,6459,0,0,0,0,0,0,0,0,0
202109,184,15940, ,Canton-Massillon  OH ,38,38,9855,0,0,0,1,3,154,13,90,13719,34,34,9388,0,0,0,0,0,0,12,83,13182
202109,184,17460, ,Cleveland-Elyria  OH ,222,222,78695,1,2,11,2,6,623,0,0,0,159,159,63260,0,0,0,0,0,0,0,0,0
202109,190,17860, ,Columbia  MO ,53,53,19915,0,0,0,0,0,0,0,0,0,52,52,19680,0,0,0,0,0,0,0,0,0
202109,192,17900,C,Columbia  SC ,453,453,99064,0,0,0,0,0,0,5,335,56600,253,253,46762,0,0,0,0,0,0,3,325,55133
202109,194,12220,C,Auburn-Opelika  AL ,114,114,35418,0,0,0,0,0,0,2,24,860,80,80,27233,0,0,0,0,0,0,2,24,860
202109,194,17980, ,Columbus  GA-AL ,129,129,16002,0,0,0,0,0,0,1,43,6686,49,49,8296,0,0,0,0,0,0,0,0,0
202109,198,18140, ,Columbus  OH ,531,531,156804,3,6,1080,1,4,425,18,612,66103,478,478,141946,3,6,1080,0,0,0,16,602,65230
202109,204,18580, ,Corpus Christi  TX ,180,180,42361,0,0,0,0,0,0,0,0,0,171,171,40911,0,0,0,0,0,0,0,0,0
202109,206,19100, ,Dallas-Fort Worth-Arlington  TX ,3345,3345,876414,19,38,3547,17,62,6702,70,2158,237022,2707,2707,715124,12,24,2208,14,53,5191,57,1706,181605
202109,209,19340, ,Davenport-Moline-Rock Island  IA-IL ,33,33,8321,0,0,0,0,0,0,0,0,0,15,15,4841,0,0,0,0,0,0,0,0,0
202109,212,19430, ,Dayton-Kettering  OH ,88,88,31398,1,2,156,0,0,0,0,0,0,56,56,24189,0,0,0,0,0,0,0,0,0
202109,212,44220, ,Springfield  OH ,14,14,4541,0,0,0,0,0,0,0,0,0,14,14,4541,0,0,0,0,0,0,0,0,0
202109,216,14500, ,Boulder  CO ,19,19,12093,0,0,0,1,3,703,1,24,4700,15,15,8685,0,0,0,0,0,0,0,0,0
202109,216,19740,C,Denver-Aurora-Lakewood  CO ,1057,1057,328439,16,32,7321,3,12,2158,24,1660,215562,998,998,310463,10,20,4603,3,12,2158,20,1596,205910
202109,216,24540, ,Greeley  CO ,227,227,62005,13,26,5936,1,3,736,11,93,12690,129,129,33399,12,24,5592,0,0,0,8,64,8747
202109,218,11180, ,Ames  IA ,4,4,1588,0,0,0,0,0,0,0,0,0,4,4,1588,0,0,0,0,0,0,0,0,0
202109,218,19780, ,Des Moines-West Des Moines  IA ,423,423,129603,0,0,0,10,30,7379,7,184,31344,401,401,121649,0,0,0,10,30,7379,5,168,29741
202109,220,11460, ,Ann Arbor  MI ,45,45,12183,0,0,0,0,0,0,0,0,0,33,33,8854,0,0,0,0,0,0,0,0,0
202109,220,19820, ,Detroit-Warren-Dearborn  MI ,408,408,132700,15,30,6399,4,13,1389,8,157,21669,324,324,111351,12,24,5796,1,4,523,6,146,20802
202109,220,22420, ,Flint  MI ,16,16,4390,0,0,0,4,13,2682,0,0,0,10,10,2674,0,0,0,0,0,0,0,0,0
202109,220,33780, ,Monroe  MI ,2,2,385,0,0,0,0,0,0,0,0,0,2,2,385,0,0,0,0,0,0,0,0,0
202109,222,20020, ,Dothan  AL ,22,22,6861,0,0,0,0,0,0,0,0,0,22,22,6861,0,0,0,0,0,0,0,0,0
202109,232,20740, ,Eau Claire  WI ,39,39,14309,14,28,5116,0,0,0,8,80,9750,39,39,14309,14,28,5116,0,0,0,8,80,9750
202109,236,21300, ,Elmira  NY ,0,0,0,0,0,0,0,0,0,0,0,0,0,0,0,0,0,0,0,0,0,0,0,0
202109,238,21340,C,El Paso  TX ,198,198,46078,2,4,493,0,0,0,2,12,1438,12,12,2677,0,0,0,0,0,0,0,0,0
202109,238,29740,C,Las Cruces  NM ,105,105,27153,0,0,0,0,0,0,1,6,422,34,34,9545,0,0,0,0,0,0,0,0,0
202109,240,21500, ,Erie  PA ,7,7,2306,0,0,0,0,0,0,0,0,0,7,7,2306,0,0,0,0,0,0,0,0,0
202109,244,22020, ,Fargo  ND-MN ,80,80,25686,0,0,0,0,0,0,1,130,14665,69,69,22534,0,0,0,0,0,0,1,130,14665
202109,246,22180, ,Fayetteville  NC ,150,150,28227,0,0,0,0,0,0,4,60,7353,85,85,19098,0,0,0,0,0,0,4,60,7353
202109,258,23060,C,Fort Wayne  IN ,179,179,51936,39,78,8398,1,4,320,0,0,0,179,179,51936,39,78,8398,1,4,320,0,0,0
202109,260,23420,C,Fresno  CA ,238,238,70931,3,6,838,1,4,300,4,34,4652,35,35,8149,0,0,0,0,0,0,0,0,0
202109,260,31460, ,Madera  CA ,58,58,15904,0,0,0,0,0,0,0,0,0,58,58,15904,0,0,0,0,0,0,0,0,0
202109,264,23540, ,Gainesville  FL ,53,53,15247,0,0,0,0,0,0,1,88,2996,0,0,0,0,0,0,0,0,0,0,0,0
202109,266,24340, ,Grand Rapids-Kentwood  MI ,161,161,46580,0,0,0,1,3,630,2,43,8730,143,143,41965,0,0,0,1,3,630,0,0,0
202109,266,34740, ,Muskegon  MI ,4,4,440,8,16,2208,0,0,0,0,0,0,4,4,440,8,16,2208,0,0,0,0,0,0
202109,267,24580, ,Green Bay  WI ,66,66,20433,2,4,661,0,0,0,4,34,2603,46,46,14618,1,2,400,0,0,0,1,15,1000
202109,268,15500, ,Burlington  NC ,106,106,12783,0,0,0,4,16,2409,1,5,705,106,106,12783,0,0,0,4,16,2409,1,5,705
202109,268,24660,C,Greensboro-High Point  NC ,195,195,47991,0,0,0,0,0,0,2,36,13200,133,133,27555,0,0,0,0,0,0,2,36,13200
202109,268,49180, ,Winston-Salem  NC ,173,173,35078,0,0,0,0,0,0,1,5,197,155,155,30885,0,0,0,0,0,0,0,0,0
202109,272,24780, ,Greenville  NC ,18,18,4646,1,2,288,0,0,0,9,214,23100,18,18,4646,1,2,288,0,0,0,9,214,23100
202109,273,24860, ,Greenville-Anderson  SC ,518,518,132075,0,0,0,0,0,0,0,0,0,511,511,130825,0,0,0,0,0,0,0,0,0
202109,273,43900, ,Spartanburg  SC ,250,250,40494,0,0,0,0,0,0,0,0,0,0,0,0,0,0,0,0,0,0,0,0,0
202109,276,23900,C,Gettysburg  PA ,50,50,14351,0,0,0,0,0,0,0,0,0,50,50,14351,0,0,0,0,0,0,0,0,0
202109,276,25420,C,Harrisburg-Carlisle  PA ,81,81,19812,0,0,0,0,0,0,0,0,0,56,56,14261,0,0,0,0,0,0,0,0,0
202109,276,30140, ,Lebanon  PA ,14,14,2679,0,0,0,0,0,0,0,0,0,0,0,0,0,0,0,0,0,0,0,0,0
202109,276,49620, ,York-Hanover  PA ,9,9,4274,0,0,0,0,0,0,0,0,0,6,6,3583,0,0,0,0,0,0,0,0,0
202109,277,25500,C,Harrisonburg  VA ,62,62,3045,0,0,0,0,0,0,0,0,0,62,62,3045,0,0,0,0,0,0,0,0,0
202109,277,44420, ,Staunton  VA ,18,18,4925,0,0,0,0,0,0,0,0,0,18,18,4925,0,0,0,0,0,0,0,0,0
202109,278,25540,C,Hartford-East Hartford-Middletown  CT ,85,85,23107,0,0,0,0,0,0,3,19,1278,62,62,18205,0,0,0,0,0,0,0,0,0
202109,278,35980, ,Norwich-New London  CT ,14,14,3341,1,2,300,0,0,0,0,0,0,9,9,2363,1,2,300,0,0,0,0,0,0
202109,279,25620, ,Hattiesburg  MS ,5,5,1431,0,0,0,0,0,0,0,0,0,5,5,1431,0,0,0,0,0,0,0,0,0
202109,284,26300, ,Hot Springs  AR ,8,8,2567,0,0,0,0,0,0,1,252,16000,8,8,2567,0,0,0,0,0,0,1,252,16000
202109,288,26420, ,Houston-The Woodlands-Sugar Land  TX ,3889,3889,864489,35,70,7527,10,37,6372,16,794,94222,3474,3474,764941,35,70,7527,10,37,6372,11,750,90005
202109,290,19460, ,Decatur  AL ,12,12,2525,0,0,0,0,0,0,0,0,0,7,7,1584,0,0,0,0,0,0,0,0,0
202109,290,26620,C,Huntsville  AL ,386,386,75525,1,2,169,0,0,0,1,6,700,87,87,27337,0,0,0,0,0,0,0,0,0
202109,292,26820, ,Idaho Falls  ID ,108,108,22246,0,0,0,2,8,930,0,0,0,107,107,22065,0,0,0,2,8,930,0,0,0
202109,294,18020, ,Columbus  IN ,20,20,4989,0,0,0,0,0,0,0,0,0,20,20,4989,0,0,0,0,0,0,0,0,0
202109,294,26900, ,Indianapolis-Carmel-Anderson  IN ,732,732,244919,14,28,4846,7,24,3124,4,115,13058,547,547,193837,11,22,3799,3,10,1542,1,5,1492
202109,294,34620, ,Muncie  IN ,1,1,17,0,0,0,0,0,0,0,0,0,1,1,17,0,0,0,0,0,0,0,0,0
202109,296,27060, ,Ithaca  NY ,1,1,331,0,0,0,0,0,0,0,0,0,0,0,0,0,0,0,0,0,0,0,0,0
202109,297,27180, ,Jackson  TN ,15,15,3816,0,0,0,0,0,0,0,0,0,0,0,0,0,0,0,0,0,0,0,0,0
202109,298,27140, ,Jackson  MS ,103,103,29219,0,0,0,0,0,0,0,0,0,90,90,24776,0,0,0,0,0,0,0,0,0
202109,300,27260,C,Jacksonville  FL ,1325,1325,277638,4,8,290,0,0,0,8,228,21708,1222,1222,249971,4,8,290,0,0,0,7,210,21504
202109,304,27740, ,Johnson City  TN ,6,6,704,0,0,0,0,0,0,0,0,0,6,6,704,0,0,0,0,0,0,0,0,0
202109,304,28700, ,Kingsport-Bristol  TN-VA ,1,1,263,0,0,0,0,0,0,0,0,0,0,0,0,0,0,0,0,0,0,0,0,0
202109,306,27780, ,Johnstown  PA ,0,0,0,0,0,0,0,0,0,0,0,0,0,0,0,0,0,0,0,0,0,0,0,0
202109,308,27860, ,Jonesboro  AR ,42,42,6665,2,4,275,3,11,571,2,10,565,1,1,240,0,0,0,0,0,0,0,0,0
202109,309,27900, ,Joplin  MO ,16,16,2421,1,2,229,0,0,0,1,12,650,16,16,2421,1,2,229,0,0,0,1,12,650
202109,310,12980, ,Battle Creek  MI ,3,3,1157,0,0,0,0,0,0,0,0,0,1,1,600,0,0,0,0,0,0,0,0,0
202109,310,28020, ,Kalamazoo-Portage  MI ,18,18,4522,0,0,0,0,0,0,0,0,0,0,0,0,0,0,0,0,0,0,0,0,0
202109,312,28140, ,Kansas City  MO-KS ,471,471,149007,26,52,12656,9,34,6306,19,688,62565,414,414,130499,24,48,12171,9,34,6306,19,688,62565
202109,312,29940, ,Lawrence  KS ,17,17,5607,0,0,0,0,0,0,1,12,1118,0,0,0,0,0,0,0,0,0,0,0,0
202109,312,41140, ,St. Joseph  MO-KS ,1,1,80,0,0,0,0,0,0,0,0,0,1,1,80,0,0,0,0,0,0,0,0,0
202109,313,28420,C,Kennewick-Richland  WA ,145,145,42698,0,0,0,14,56,7000,0,0,0,78,78,24415,0,0,0,14,56,7000,0,0,0
202109,313,47460, ,Walla Walla  WA ,7,7,1664,2,4,687,0,0,0,0,0,0,6,6,1564,2,4,687,0,0,0,0,0,0
202109,315,28940, ,Knoxville  TN ,301,301,77422,0,0,0,0,0,0,2,31,2506,279,279,74153,0,0,0,0,0,0,0,0,0
202109,316,29020, ,Kokomo  IN ,29,29,7160,0,0,0,0,0,0,0,0,0,29,29,7160,0,0,0,0,0,0,0,0,0
202109,318,29180, ,Lafayette  LA ,235,235,53635,0,0,0,0,0,0,0,0,0,199,199,47026,0,0,0,0,0,0,0,0,0
202109,320,29200, ,Lafayette-West Lafayette  IN ,41,41,11304,0,0,0,0,0,0,2,48,5203,38,38,10850,0,0,0,0,0,0,0,0,0
202109,324,29340, ,Lake Charles  LA ,67,67,11925,2,4,135,0,0,0,0,0,0,23,23,3643,2,4,135,0,0,0,0,0,0
202109,332,29820,C,Las Vegas-Henderson-Paradise  NV ,948,948,258820,9,18,2870,15,54,5415,9,105,8547,945,945,257730,9,18,2870,15,54,5415,9,105,8547
202109,336,30460,C,Lexington-Fayette  KY ,113,113,28067,0,0,0,1,3,440,3,75,7108,30,30,10571,0,0,0,0,0,0,0,0,0
202109,338,30620, ,Lima  OH ,0,0,0,0,0,0,0,0,0,0,0,0,0,0,0,0,0,0,0,0,0,0,0,0
202109,339,30700, ,Lincoln  NE ,99,99,23566,2,4,563,0,0,0,2,88,9987,4,4,1665,0,0,0,0,0,0,0,0,0
202109,340,30780, ,Little Rock-North Little Rock-Conway  AR ,162,162,38287,2,4,350,0,0,0,2,40,2926,112,112,29614,2,4,350,0,0,0,0,0,0
202109,340,38220, ,Pine Bluff  AR ,5,5,806,0,0,0,0,0,0,0,0,0,4,4,660,0,0,0,0,0,0,0,0,0
202109,348,31080,C,Los Angeles-Long Beach-Anaheim  CA ,947,947,292644,45,90,21979,18,57,14328,38,1336,265295,771,771,220725,42,84,19979,15,48,12405,30,1202,241563
202109,348,37100, ,Oxnard-Thousand Oaks-Ventura  CA ,20,20,5374,0,0,0,8,27,6160,2,33,3850,20,20,5374,0,0,0,8,27,6160,0,0,0
202109,348,40140, ,Riverside-San Bernardino-Ontario  CA ,951,951,246531,9,18,3229,7,22,1395,15,162,21092,809,809,213134,8,16,2758,6,18,717,11,131,17744
202109,350,21060, ,Elizabethtown-Fort Knox  KY ,25,25,8806,1,2,257,0,0,0,0,0,0,16,16,6995,1,2,257,0,0,0,0,0,0
202109,350,31140, ,Louisville-Jefferson County  KY-IN ,320,320,82354,2,4,605,1,3,600,11,230,27760,152,152,43726,1,2,280,0,0,0,9,216,25736
202109,352,31180, ,Lubbock  TX ,206,206,45105,10,20,2196,0,0,0,13,147,14260,43,43,11765,0,0,0,0,0,0,0,0,0
202109,356,31420, ,Macon-Bibb County  GA ,31,31,6365,0,0,0,0,0,0,0,0,0,0,0,0,0,0,0,0,0,0,0,0,0
202109,356,47580, ,Warner Robins  GA ,155,155,29117,0,0,0,0,0,0,1,8,667,99,99,17254,0,0,0,0,0,0,0,0,0
202109,357,27500, ,Janesville-Beloit  WI ,22,22,5313,2,4,1140,2,8,1400,1,48,9000,13,13,2835,2,4,1140,2,8,1400,1,48,9000
202109,357,31540, ,Madison  WI ,141,141,60308,13,26,5270,0,0,0,17,435,59550,96,96,47208,6,12,2412,0,0,0,15,365,49054
202109,359,31860, ,Mankato  MN ,28,28,8591,0,0,0,0,0,0,3,24,1591,28,28,8591,0,0,0,0,0,0,3,24,1591
202109,365,32580,C,McAllen-Edinburg-Mission  TX ,373,373,75232,26,52,3332,7,27,2263,3,20,1945,330,330,69456,23,46,3074,7,27,2263,3,20,1945
202109,366,32780, ,Medford  OR ,41,41,11364,3,6,949,0,0,0,0,0,0,41,41,11364,3,6,949,0,0,0,0,0,0
202109,368,32820, ,Memphis  TN-MS-AR ,374,374,78445,0,0,0,0,0,0,1,5,609,300,300,64975,0,0,0,0,0,0,0,0,0
202109,370,33100, ,Miami-Fort Lauderdale-Pompano Beach  FL ,694,694,276471,9,18,2901,1,3,327,19,1564,366343,605,605,241732,9,18,2901,1,3,327,8,1374,343663
202109,370,38940, ,Port St. Lucie  FL ,430,430,89278,21,42,4583,0,0,0,9,204,29833,430,430,89278,21,42,4583,0,0,0,9,204,29833
202109,370,42680, ,Sebastian-Vero Beach  FL ,106,106,43704,0,0,0,0,0,0,0,0,0,106,106,43704,0,0,0,0,0,0,0,0,0
202109,372,33260, ,Midland  TX ,67,67,13810,0,0,0,0,0,0,0,0,0,67,67,13810,0,0,0,0,0,0,0,0,0
202109,372,36220,C,Odessa  TX ,79,79,18510,0,0,0,0,0,0,1,28,3356,0,0,0,0,0,0,0,0,0,0,0,0
202109,376,33340,C,Milwaukee-Waukesha  WI ,136,136,53886,11,22,7100,0,0,0,4,54,7000,87,87,33781,10,20,6660,0,0,0,0,0,0
202109,376,39540, ,Racine  WI ,6,6,2734,0,0,0,0,0,0,0,0,0,6,6,2734,0,0,0,0,0,0,0,0,0
202109,378,33460, ,Minneapolis-St. Paul-Bloomington  MN-WI ,846,846,293758,16,32,5166,6,23,5638,23,1604,284199,773,773,272794,15,30,4728,5,20,4881,21,1561,279417
202109,378,41060, ,St. Cloud  MN ,1,1,330,0,0,0,0,0,0,0,0,0,0,0,0,0,0,0,0,0,0,0,0,0
202109,380,19300, ,Daphne-Fairhope-Foley  AL ,223,223,55679,0,0,0,0,0,0,12,275,17382,109,109,32085,0,0,0,0,0,0,11,270,17122
202109,380,33660, ,Mobile  AL ,104,104,25068,0,0,0,0,0,0,0,0,0,104,104,25068,0,0,0,0,0,0,0,0,0
202109,384,33740, ,Monroe  LA ,29,29,6719,1,2,75,1,3,472,1,5,579,22,22,5263,0,0,0,0,0,0,0,0,0
202109,388,33860, ,Montgomery  AL ,88,88,21331,0,0,0,0,0,0,1,5,420,63,63,17604,0,0,0,0,0,0,0,0,0
202109,390,34060, ,Morgantown  WV ,0,0,0,0,0,0,0,0,0,0,0,0,0,0,0,0,0,0,0,0,0,0,0,0
202109,396,34820, ,Myrtle Beach-Conway-North Myrtle Beach  SC-NC ,849,849,157494,7,14,1494,0,0,0,3,16,2027,690,690,120168,7,14,1494,0,0,0,2,11,1777
202109,400,34980, ,Nashville-Davidson--Murfreesboro--Franklin  TN ,1176,1176,310600,32,64,7288,3,11,1662,11,531,44130,958,958,269329,32,64,7288,1,4,924,8,509,42473
202109,406,25220, ,Hammond  LA ,38,38,9248,0,0,0,0,0,0,0,0,0,38,38,9248,0,0,0,0,0,0,0,0,0
202109,406,35380, ,New Orleans-Metairie  LA ,297,297,62576,9,18,2062,0,0,0,1,47,8395,207,207,40048,0,0,0,0,0,0,0,0,0
202109,408,14860,C,Bridgeport-Stamford-Norwalk  CT ,57,57,32898,6,12,1984,0,0,0,1,7,1933,46,46,23902,5,10,1827,0,0,0,0,0,0
202109,408,20700, ,East Stroudsburg  PA ,9,9,3565,0,0,0,0,0,0,0,0,0,6,6,2776,0,0,0,0,0,0,0,0,0
202109,408,28740, ,Kingston  NY ,4,4,1369,0,0,0,0,0,0,0,0,0,3,3,813,0,0,0,0,0,0,0,0,0
202109,408,35300, ,New Haven-Milford  CT ,16,16,3962,0,0,0,0,0,0,2,138,12135,6,6,2195,0,0,0,0,0,0,1,129,11560
202109,408,35620,C,New York-Newark-Jersey City  NY-NJ-PA ,1086,1086,313456,78,156,18272,23,76,7461,92,2105,232168,729,729,243429,60,120,15200,18,61,6223,48,1444,161977
202109,408,39100, ,Poughkeepsie-Newburgh-Middletown  NY ,17,17,4405,0,0,0,0,0,0,3,97,10839,9,9,2438,0,0,0,0,0,0,3,97,10839
202109,408,45940,C,Trenton-Princeton  NJ ,13,13,1347,0,0,0,0,0,0,2,10,549,9,9,824,0,0,0,0,0,0,0,0,0
202109,412,35840,C,North Port-Sarasota-Bradenton  FL ,922,922,265947,13,26,5697,0,0,0,3,42,4717,922,922,265947,13,26,5697,0,0,0,3,42,4717
202109,412,39460, ,Punta Gorda  FL ,199,199,54916,4,8,1245,1,3,808,2,35,5758,0,0,0,0,0,0,0,0,0,0,0,0
202109,416,36420,C,Oklahoma City  OK ,539,539,134195,5,10,745,0,0,0,0,0,0,135,135,46889,0,0,0,0,0,0,0,0,0
202109,420,36540, ,Omaha-Council Bluffs  NE-IA ,269,269,61601,6,12,1239,0,0,0,28,684,63758,241,241,53322,5,10,914,0,0,0,27,679,63129
202109,422,19660, ,Deltona-Daytona Beach-Ormond Beach  FL ,446,446,119517,4,8,1220,0,0,0,0,0,0,429,429,113603,4,8,1220,0,0,0,0,0,0
202109,422,29460, ,Lakeland-Winter Haven  FL ,748,748,168002,0,0,0,0,0,0,9,288,27391,601,601,128775,0,0,0,0,0,0,9,288,27391
202109,422,36740, ,Orlando-Kissimmee-Sanford  FL ,1408,1408,381793,2,4,455,5,20,4571,30,1324,131884,1218,1218,329279,2,4,455,5,20,4571,27,1266,126470
202109,422,45540,C,The Villages  FL ,353,353,94697,0,0,0,0,0,0,20,302,66177,352,352,94507,0,0,0,0,0,0,20,302,66177
202109,425,37620, ,Parkersburg-Vienna  WV ,8,8,2997,0,0,0,0,0,0,0,0,0,8,8,2997,0,0,0,0,0,0,0,0,0
202109,426,37860,C,Pensacola-Ferry Pass-Brent  FL ,228,228,54916,0,0,0,0,0,0,0,0,0,228,228,54916,0,0,0,0,0,0,0,0,0
202109,428,12100,C,Atlantic City-Hammonton  NJ ,42,42,8677,0,0,0,0,0,0,1,10,1252,40,40,8617,0,0,0,0,0,0,0,0,0
202109,428,20100,C,Dover  DE ,133,133,20131,0,0,0,0,0,0,1,19,3117,25,25,4488,0,0,0,0,0,0,0,0,0
202109,428,36140,C,Ocean City  NJ ,61,61,27349,4,8,2232,0,0,0,1,5,745,53,53,26398,4,8,2232,0,0,0,1,5,745
202109,428,37980,C,Philadelphia-Camden-Wilmington  PA-NJ-DE-MD ,634,634,126297,14,28,3850,17,58,7344,37,515,59787,288,288,65121,2,4,232,5,17,2040,17,187,22126
202109,428,39740, ,Reading  PA ,1,1,266,0,0,0,0,0,0,0,0,0,0,0,0,0,0,0,0,0,0,0,0,0
202109,428,47220,C,Vineland-Bridgeton  NJ ,8,8,896,0,0,0,0,0,0,0,0,0,6,6,739,0,0,0,0,0,0,0,0,0
202109,429,38060,C,Phoenix-Mesa-Chandler  AZ ,2325,2325,612726,27,54,7340,1,3,497,21,898,143091,2032,2032,544660,26,52,7080,1,3,497,19,766,122001
202109,430,38300, ,Pittsburgh  PA ,92,92,30325,3,6,1647,0,0,0,3,39,5491,49,49,19768,2,4,1466,0,0,0,1,5,853
202109,430,48260, ,Weirton-Steubenville  WV-OH ,0,0,0,0,0,0,0,0,0,0,0,0,0,0,0,0,0,0,0,0,0,0,0,0
202109,438,30340, ,Lewiston-Auburn  ME ,7,7,1229,0,0,0,0,0,0,0,0,0,5,5,840,0,0,0,0,0,0,0,0,0
202109,438,38860, ,Portland-South Portland  ME ,135,135,45606,4,8,1636,1,3,250,2,63,6253,72,72,26831,2,4,1000,0,0,0,2,63,6253
202109,440,10540, ,Albany-Lebanon  OR ,29,29,6741,2,4,698,1,3,365,3,30,3649,0,0,0,0,0,0,0,0,0,0,0,0
202109,440,18700, ,Corvallis  OR ,12,12,3018,0,0,0,0,0,0,0,0,0,12,12,3018,0,0,0,0,0,0,0,0,0
202109,440,31020, ,Longview  WA ,23,23,5606,0,0,0,0,0,0,0,0,0,0,0,0,0,0,0,0,0,0,0,0,0
202109,440,38900, ,Portland-Vancouver-Hillsboro  OR-WA ,683,683,191667,12,24,2387,3,11,1618,16,618,60110,550,550,152679,12,24,2387,1,4,353,13,554,51837
202109,440,41420, ,Salem  OR ,64,64,18598,0,0,0,0,0,0,5,74,8688,25,25,8194,0,0,0,0,0,0,0,0,0
202109,444,39380,C,Pueblo  CO ,59,59,9315,0,0,0,0,0,0,0,0,0,59,59,9315,0,0,0,0,0,0,0,0,0
202109,450,20500,C,Durham-Chapel Hill  NC ,239,239,84353,2,4,614,1,3,707,2,92,17016,236,236,83418,2,4,614,0,0,0,1,82,15540
202109,450,39580,C,Raleigh-Cary  NC ,1081,1081,262382,0,0,0,0,0,0,12,1137,114857,769,769,204238,0,0,0,0,0,0,12,1137,114857
202109,452,39660, ,Rapid City  SD ,44,44,11584,0,0,0,0,0,0,6,212,22078,44,44,11584,0,0,0,0,0,0,6,212,22078
202109,454,39820, ,Redding  CA ,7,7,1826,0,0,0,0,0,0,0,0,0,7,7,1826,0,0,0,0,0,0,0,0,0
202109,456,16180,C,Carson City  NV ,16,16,4215,0,0,0,0,0,0,1,6,599,0,0,0,0,0,0,0,0,0,0,0,0
202109,456,39900,C,Reno  NV ,194,194,53679,4,8,963,2,6,787,8,172,21702,32,32,8093,1,2,334,0,0,0,0,0,0
202109,462,40340, ,Rochester  MN ,27,27,7349,0,0,0,0,0,0,0,0,0,26,26,7064,0,0,0,0,0,0,0,0,0
202109,464,40380, ,Rochester  NY ,96,96,25354,3,6,1218,1,3,443,3,61,7279,72,72,19542,2,4,568,1,3,443,1,10,1525
202109,466,40420, ,Rockford  IL ,5,5,915,0,0,0,0,0,0,0,0,0,5,5,915,0,0,0,0,0,0,0,0,0
202109,472,40900,C,Sacramento-Roseville-Folsom  CA ,628,628,183300,1,2,478,2,6,1300,2,295,49393,615,615,179553,1,2,478,2,6,1300,1,285,45987
202109,474,13020, ,Bay City  MI ,2,2,354,0,0,0,0,0,0,0,0,0,1,1,125,0,0,0,0,0,0,0,0,0
202109,474,33220, ,Midland  MI ,5,5,502,0,0,0,0,0,0,0,0,0,5,5,502,0,0,0,0,0,0,0,0,0
202109,474,40980, ,Saginaw  MI ,5,5,1025,0,0,0,0,0,0,0,0,0,5,5,1025,0,0,0,0,0,0,0,0,0
202109,476,41180, ,St. Louis  MO-IL ,472,472,129982,4,8,1195,1,3,341,7,103,16471,358,358,90011,2,4,599,1,3,341,4,63,12852
202109,480,41540, ,Salisbury  MD-DE ,349,349,56018,5,10,1552,0,0,0,0,0,0,347,347,55682,5,10,1552,0,0,0,0,0,0
202109,482,36260, ,Ogden-Clearfield  UT ,367,367,103773,3,6,1919,4,13,2483,6,78,11108,304,304,86289,2,4,1495,0,0,0,3,50,7951
202109,482,39340, ,Provo-Orem  UT ,588,588,166235,1,2,424,14,50,10002,19,176,29955,582,582,163051,1,2,424,14,50,10002,19,176,29955
202109,482,41620, ,Salt Lake City  UT ,302,302,106222,33,66,6298,5,17,2997,15,707,104971,210,210,82138,29,58,5663,2,7,1192,6,412,65020
202109,484,41700,C,San Antonio-New Braunfels  TX ,1061,1061,252124,1,2,257,1,4,470,19,425,38170,990,990,237394,1,2,257,1,4,470,18,420,37105
202109,488,32900, ,Merced  CA ,13,13,3025,0,0,0,0,0,0,0,0,0,0,0,0,0,0,0,0,0,0,0,0,0
202109,488,33700, ,Modesto  CA ,4,4,1107,0,0,0,0,0,0,0,0,0,4,4,1107,0,0,0,0,0,0,0,0,0
202109,488,41860,C,San Francisco-Oakland-Berkeley  CA ,352,352,125962,18,36,5373,3,9,2530,28,894,190408,250,250,92248,15,30,2787,2,6,1673,16,709,146202
202109,488,41940,C,San Jose-Sunnyvale-Santa Clara  CA ,128,128,53121,4,8,2536,1,4,1202,3,62,12578,117,117,50439,4,8,2536,1,4,1202,2,16,3538
202109,488,42100, ,Santa Cruz-Watsonville  CA ,5,5,959,0,0,0,0,0,0,0,0,0,0,0,0,0,0,0,0,0,0,0,0,0
202109,488,42220, ,Santa Rosa-Petaluma  CA ,102,102,25803,0,0,0,0,0,0,1,5,833,85,85,22574,0,0,0,0,0,0,0,0,0
202109,488,44700, ,Stockton  CA ,199,199,63041,0,0,0,0,0,0,1,21,2653,102,102,32723,0,0,0,0,0,0,0,0,0
202109,488,46700, ,Vallejo  CA ,36,36,12408,1,2,485,0,0,0,0,0,0,36,36,12408,1,2,485,0,0,0,0,0,0
202109,496,25980, ,Hinesville  GA ,11,11,2935,0,0,0,0,0,0,0,0,0,11,11,2935,0,0,0,0,0,0,0,0,0
202109,496,42340, ,Savannah  GA ,174,174,37226,0,0,0,0,0,0,20,145,8100,138,138,29313,0,0,0,0,0,0,15,120,6300
202109,500,14740,C,Bremerton-Silverdale-Port Orchard  WA ,82,82,27189,2,4,857,2,6,749,4,45,4364,82,82,27189,2,4,857,2,6,749,4,45,4364
202109,500,34580, ,Mount Vernon-Anacortes  WA ,16,16,6133,0,0,0,1,4,1200,0,0,0,16,16,6133,0,0,0,1,4,1200,0,0,0
202109,500,36500, ,Olympia-Lacey-Tumwater  WA ,43,43,11850,0,0,0,3,12,1200,3,17,2521,32,32,9368,0,0,0,3,12,1200,2,12,2308
202109,500,42660,C,Seattle-Tacoma-Bellevue  WA ,671,671,224451,28,56,12708,27,92,18065,30,779,101515,539,539,176010,28,56,12708,27,92,18065,23,708,92854
202109,508,43340,C,Shreveport-Bossier City  LA ,81,81,17577,0,0,0,0,0,0,0,0,0,29,29,5774,0,0,0,0,0,0,0,0,0
202109,515,21140, ,Elkhart-Goshen  IN ,25,25,6807,0,0,0,0,0,0,0,0,0,25,25,6807,0,0,0,0,0,0,0,0,0
202109,515,35660, ,Niles  MI ,0,0,0,0,0,0,0,0,0,0,0,0,0,0,0,0,0,0,0,0,0,0,0,0
202109,515,43780, ,South Bend-Mishawaka  IN-MI ,45,45,18396,0,0,0,1,3,1200,0,0,0,45,45,18396,0,0,0,1,3,1200,0,0,0
202109,518,17660, ,Coeur dAlene  ID ,118,118,40761,1,2,378,0,0,0,1,17,1826,93,93,34731,0,0,0,0,0,0,0,0,0
202109,518,44060, ,Spokane-Spokane Valley  WA ,165,165,42795,21,42,7837,1,3,388,3,45,5917,67,67,19947,19,38,7302,0,0,0,0,0,0
202109,522,44100, ,Springfield  IL ,6,6,1907,4,8,1437,0,0,0,1,5,292,0,0,0,0,0,0,0,0,0,0,0,0
202109,524,44300, ,State College  PA ,30,30,9844,0,0,0,0,0,0,0,0,0,5,5,2282,0,0,0,0,0,0,0,0,0
202109,532,45060, ,Syracuse  NY ,37,37,9795,0,0,0,0,0,0,0,0,0,36,36,9448,0,0,0,0,0,0,0,0,0
202109,534,45780, ,Toledo  OH ,64,64,16882,0,0,0,0,0,0,1,41,2581,63,63,16770,0,0,0,0,0,0,0,0,0
202109,536,46060,C,Tucson  AZ ,473,473,154548,2,4,476,0,0,0,4,64,9602,386,386,132503,0,0,0,0,0,0,0,0,0
202109,538,46140,C,Tulsa  OK ,412,412,90049,32,64,5076,0,0,0,13,81,6640,359,359,77582,31,62,4856,0,0,0,12,72,5948
202109,540,46340, ,Tyler  TX ,55,55,13158,0,0,0,0,0,0,0,0,0,55,55,13158,0,0,0,0,0,0,0,0,0
202109,545,47260, ,Virginia Beach-Norfolk-Newport News  VA-NC ,311,311,78981,4,8,600,2,8,1613,0,0,0,287,287,77029,4,8,600,2,8,1613,0,0,0
202109,548,12580,C,Baltimore-Columbia-Towson  MD ,381,381,93200,0,0,0,0,0,0,12,455,88597,377,377,91523,0,0,0,0,0,0,12,455,88597
202109,548,15680,C,California-Lexington Park  MD ,19,19,4610,0,0,0,0,0,0,0,0,0,19,19,4610,0,0,0,0,0,0,0,0,0
202109,548,16540,C,Chambersburg-Waynesboro  PA ,22,22,6366,3,6,1809,0,0,0,1,5,649,20,20,5836,3,6,1809,0,0,0,0,0,0
202109,548,25180, ,Hagerstown-Martinsburg  MD-WV ,104,104,26153,0,0,0,0,0,0,0,0,0,100,100,25424,0,0,0,0,0,0,0,0,0
202109,548,47900, ,Washington-Arlington-Alexandria  DC-VA-MD-WV ,1041,1041,293351,1,2,170,0,0,0,33,1298,181097,752,752,230162,0,0,0,0,0,0,29,1226,172553
202109,548,49020, ,Winchester  VA-WV ,52,52,10471,0,0,0,0,0,0,0,0,0,52,52,10471,0,0,0,0,0,0,0,0,0
202109,554,48140, ,Wausau-Weston  WI ,27,27,6812,0,0,0,0,0,0,0,0,0,12,12,2930,0,0,0,0,0,0,0,0,0
202109,556,48620, ,Wichita  KS ,100,100,35439,20,40,4165,0,0,0,0,0,0,100,100,35439,20,40,4165,0,0,0,0,0,0
202109,558,48700, ,Williamsport  PA ,0,0,0,0,0,0,0,0,0,0,0,0,0,0,0,0,0,0,0,0,0,0,0,0
202109,566,49660, ,Youngstown-Warren-Boardman  OH-PA ,31,31,5938,0,0,0,1,3,381,0,0,0,31,31,5938,0,0,0,1,3,381,0,0,0
202109,999,10180, ,Abilene  TX ,56,56,12180,3,6,590,0,0,0,0,0,0,56,56,12180,3,6,590,0,0,0,0,0,0
202109,999,10500, ,Albany  GA ,26,26,3080,0,0,0,0,0,0,1,14,1969,24,24,2586,0,0,0,0,0,0,0,0,0
202109,999,10780, ,Alexandria  LA ,25,25,6095,0,0,0,0,0,0,0,0,0,18,18,4251,0,0,0,0,0,0,0,0,0
202109,999,10900, ,Allentown-Bethlehem-Easton  PA-NJ ,40,40,10062,1,2,537,0,0,0,2,10,808,23,23,7521,0,0,0,0,0,0,0,0,0
202109,999,11260,C,Anchorage  AK ,64,64,20334,0,0,0,2,7,1147,1,18,2704,3,3,816,0,0,0,1,3,459,0,0,0
202109,999,11500, ,Anniston-Oxford  AL ,2,2,590,0,0,0,0,0,0,0,0,0,2,2,590,0,0,0,0,0,0,0,0,0
202109,999,12260, ,Augusta-Richmond County  GA-SC ,331,331,67369,0,0,0,2,7,646,0,0,0,108,108,24277,0,0,0,2,7,646,0,0,0
202109,999,12420, ,Austin-Round Rock-Georgetown  TX ,1829,1829,449760,24,48,3553,0,0,0,11,604,61821,1393,1393,354718,23,46,3366,0,0,0,11,604,61821
202109,999,12540, ,Bakersfield  CA ,159,159,38462,5,10,811,0,0,0,2,24,3312,39,39,5024,4,8,518,0,0,0,0,0,0
202109,999,12620, ,Bangor  ME ,15,15,3631,0,0,0,0,0,0,0,0,0,11,11,2585,0,0,0,0,0,0,0,0,0
202109,999,12940, ,Baton Rouge  LA ,325,325,76345,0,0,0,0,0,0,0,0,0,129,129,39735,0,0,0,0,0,0,0,0,0
202109,999,13140, ,Beaumont-Port Arthur  TX ,85,85,18736,0,0,0,0,0,0,0,0,0,85,85,18736,0,0,0,0,0,0,0,0,0
202109,999,13220,C,Beckley  WV ,8,8,1378,0,0,0,0,0,0,0,0,0,7,7,1225,0,0,0,0,0,0,0,0,0
202109,999,13380, ,Bellingham  WA ,74,74,19375,2,4,771,3,9,1237,2,10,1149,39,39,9682,0,0,0,2,6,689,2,10,1149
202109,999,13740, ,Billings  MT ,30,30,9052,2,4,600,0,0,0,0,0,0,30,30,9052,2,4,600,0,0,0,0,0,0
202109,999,13780, ,Binghamton  NY ,0,0,0,0,0,0,0,0,0,0,0,0,0,0,0,0,0,0,0,0,0,0,0,0
202109,999,13900, ,Bismarck  ND ,60,60,15437,19,38,8198,0,0,0,0,0,0,60,60,15437,19,38,8198,0,0,0,0,0,0
202109,999,13980, ,Blacksburg-Christiansburg  VA ,3,3,1030,0,0,0,0,0,0,0,0,0,3,3,1030,0,0,0,0,0,0,0,0,0
202109,999,15260, ,Brunswick  GA ,35,35,11008,2,4,602,0,0,0,1,5,2696,0,0,0,0,0,0,0,0,0,0,0,0
202109,999,16220,C,Casper  WY ,11,11,2412,0,0,0,0,0,0,1,5,498,6,6,907,0,0,0,0,0,0,0,0,0
202109,999,16580, ,Champaign-Urbana  IL ,2,2,533,0,0,0,0,0,0,0,0,0,2,2,533,0,0,0,0,0,0,0,0,0
202109,999,16700,C,Charleston-North Charleston  SC ,496,496,158780,0,0,0,1,3,202,8,201,14344,216,216,94260,0,0,0,0,0,0,0,0,0
202109,999,16820, ,Charlottesville  VA ,67,67,20155,0,0,0,0,0,0,2,36,3530,0,0,0,0,0,0,0,0,0,0,0,0
202109,999,16940, ,Cheyenne  WY ,37,37,7877,0,0,0,1,3,266,1,6,427,37,37,7877,0,0,0,1,3,266,1,6,427
202109,999,17020, ,Chico  CA ,18,18,4238,0,0,0,0,0,0,0,0,0,18,18,4238,0,0,0,0,0,0,0,0,0
202109,999,17300,C,Clarksville  TN-KY ,163,163,35928,1,2,480,12,47,12890,21,292,19275,161,161,35786,1,2,480,12,47,12890,21,292,19275
202109,999,17780, ,College Station-Bryan  TX ,148,148,26562,2,4,580,0,0,0,0,0,0,142,142,25315,2,4,580,0,0,0,0,0,0
202109,999,17820,C,Colorado Springs  CO ,401,401,159922,37,74,8381,0,0,0,5,622,124854,401,401,159922,37,74,8381,0,0,0,5,622,124854
202109,999,18880,C,Crestview-Fort Walton Beach-Destin  FL ,291,291,129473,5,10,4134,0,0,0,1,9,1300,291,291,129473,5,10,4134,0,0,0,1,9,1300
202109,999,19060, ,Cumberland  MD-WV ,0,0,0,0,0,0,0,0,0,0,0,0,0,0,0,0,0,0,0,0,0,0,0,0
202109,999,19180, ,Danville  IL ,0,0,0,0,0,0,0,0,0,0,0,0,0,0,0,0,0,0,0,0,0,0,0,0
202109,999,19500, ,Decatur  IL ,1,1,60,0,0,0,0,0,0,0,0,0,1,1,60,0,0,0,0,0,0,0,0,0
202109,999,20220, ,Dubuque  IA ,5,5,2194,0,0,0,0,0,0,0,0,0,2,2,1350,0,0,0,0,0,0,0,0,0
202109,999,20260, ,Duluth  MN-WI ,10,10,3146,0,0,0,0,0,0,0,0,0,10,10,3146,0,0,0,0,0,0,0,0,0
202109,999,20940, ,El Centro  CA ,13,13,2146,0,0,0,0,0,0,0,0,0,13,13,2146,0,0,0,0,0,0,0,0,0
202109,999,21420, ,Enid  OK ,10,10,3043,0,0,0,0,0,0,0,0,0,10,10,3043,0,0,0,0,0,0,0,0,0
202109,999,21660, ,Eugene-Springfield  OR ,70,70,17948,4,8,1512,0,0,0,3,33,4251,25,25,6490,1,2,329,0,0,0,0,0,0
202109,999,21780, ,Evansville  IN-KY ,87,87,27298,3,6,1150,0,0,0,1,20,1489,60,60,21638,1,2,300,0,0,0,0,0,0
202109,999,21820,C,Fairbanks  AK ,0,0,0,0,0,0,0,0,0,0,0,0,0,0,0,0,0,0,0,0,0,0,0,0
202109,999,22140,C,Farmington  NM ,15,15,3740,0,0,0,0,0,0,0,0,0,15,15,3740,0,0,0,0,0,0,0,0,0
202109,999,22220, ,Fayetteville-Springdale-Rogers  AR-MO ,403,403,110512,2,4,951,0,0,0,18,454,50683,346,346,98389,1,2,601,0,0,0,16,426,48482
202109,999,22380, ,Flagstaff  AZ ,33,33,10544,0,0,0,0,0,0,0,0,0,33,33,10544,0,0,0,0,0,0,0,0,0
202109,999,22500, ,Florence  SC ,37,37,5925,1,2,187,1,3,243,1,11,925,0,0,0,0,0,0,0,0,0,0,0,0
202109,999,22520, ,Florence-Muscle Shoals  AL ,20,20,2317,0,0,0,0,0,0,4,28,2321,5,5,544,0,0,0,0,0,0,4,28,2321
202109,999,22540, ,Fond du Lac  WI ,5,5,1585,0,0,0,0,0,0,0,0,0,3,3,830,0,0,0,0,0,0,0,0,0
202109,999,22660,C,Fort Collins  CO ,120,120,41952,0,0,0,0,0,0,3,32,4547,120,120,41952,0,0,0,0,0,0,3,32,4547
202109,999,22900, ,Fort Smith  AR-OK ,46,46,6449,4,8,607,1,3,293,0,0,0,40,40,5698,4,8,607,0,0,0,0,0,0
202109,999,23460, ,Gadsden  AL ,4,4,760,0,0,0,0,0,0,0,0,0,0,0,0,0,0,0,0,0,0,0,0,0
202109,999,24220, ,Grand Forks  ND-MN ,6,6,1760,0,0,0,0,0,0,0,0,0,6,6,1760,0,0,0,0,0,0,0,0,0
202109,999,24260, ,Grand Island  NE ,1,1,80,1,2,312,0,0,0,0,0,0,1,1,80,1,2,312,0,0,0,0,0,0
202109,999,24300,C,Grand Junction  CO ,55,55,9032,0,0,0,0,0,0,0,0,0,55,55,9032,0,0,0,0,0,0,0,0,0
202109,999,24500,C,Great Falls  MT ,15,15,3044,0,0,0,0,0,0,0,0,0,15,15,3044,0,0,0,0,0,0,0,0,0
202109,999,25060, ,Gulfport-Biloxi  MS ,191,191,38606,0,0,0,2,6,621,1,9,762,105,105,24691,0,0,0,1,3,320,0,0,0
202109,999,25860, ,Hickory-Lenoir-Morganton  NC ,1,1,150,0,0,0,0,0,0,1,8,446,0,0,0,0,0,0,0,0,0,0,0,0
202109,999,25940, ,Hilton Head Island-Bluffton  SC ,140,140,42896,0,0,0,0,0,0,0,0,0,107,107,27288,0,0,0,0,0,0,0,0,0
202109,999,26140, ,Homosassa Springs  FL ,75,75,15388,1,2,55,0,0,0,1,5,432,0,0,0,0,0,0,0,0,0,0,0,0
202109,999,26380, ,Houma-Thibodaux  LA ,42,42,9770,1,2,156,0,0,0,0,0,0,28,28,6003,0,0,0,0,0,0,0,0,0
202109,999,27100, ,Jackson  MI ,3,3,727,0,0,0,0,0,0,0,0,0,2,2,490,0,0,0,0,0,0,0,0,0
202109,999,27340,C,Jacksonville  NC ,98,98,21759,2,4,900,0,0,0,0,0,0,98,98,21759,2,4,900,0,0,0,0,0,0
202109,999,27980,C,Kahului-Wailuku-Lahaina  HI ,32,32,35009,2,4,1257,0,0,0,30,195,81446,32,32,35009,2,4,1257,0,0,0,30,195,81446
202109,999,28660,C,Killeen-Temple  TX ,215,215,51732,12,24,1955,0,0,0,6,140,27223,181,181,43486,9,18,1412,0,0,0,6,140,27223
202109,999,29100, ,La Crosse-Onalaska  WI-MN ,13,13,4767,1,2,530,0,0,0,3,86,12800,13,13,4767,1,2,530,0,0,0,3,86,12800
202109,999,29420, ,Lake Havasu City-Kingman  AZ ,101,101,17760,7,14,1326,0,0,0,0,0,0,101,101,17760,7,14,1326,0,0,0,0,0,0
202109,999,29540, ,Lancaster  PA ,7,7,1597,0,0,0,0,0,0,0,0,0,4,4,946,0,0,0,0,0,0,0,0,0
202109,999,29620, ,Lansing-East Lansing  MI ,9,9,2653,0,0,0,0,0,0,1,5,568,5,5,1970,0,0,0,0,0,0,0,0,0
202109,999,29700, ,Laredo  TX ,112,112,16630,0,0,0,0,0,0,2,13,795,0,0,0,0,0,0,0,0,0,0,0,0
202109,999,30020, ,Lawton  OK ,4,4,1168,0,0,0,0,0,0,0,0,0,0,0,0,0,0,0,0,0,0,0,0,0
202109,999,30300, ,Lewiston  ID-WA ,0,0,0,0,0,0,0,0,0,0,0,0,0,0,0,0,0,0,0,0,0,0,0,0
202109,999,30860, ,Logan  UT-ID ,26,26,8880,0,0,0,0,0,0,0,0,0,26,26,8880,0,0,0,0,0,0,0,0,0
202109,999,30980, ,Longview  TX ,18,18,3915,1,2,197,0,0,0,0,0,0,18,18,3915,1,2,197,0,0,0,0,0,0
202109,999,31340, ,Lynchburg  VA ,14,14,4178,1,2,284,0,0,0,3,50,5986,12,12,3806,0,0,0,0,0,0,2,40,5727
202109,999,31740, ,Manhattan  KS ,24,24,6735,0,0,0,0,0,0,0,0,0,22,22,6218,0,0,0,0,0,0,0,0,0
202109,999,33540,C,Missoula  MT ,36,36,9062,4,8,733,0,0,0,4,81,3802,36,36,9062,4,8,733,0,0,0,4,81,3802
202109,999,36100, ,Ocala  FL ,489,489,106358,2,4,295,0,0,0,3,72,4367,489,489,106358,2,4,295,0,0,0,3,72,4367
202109,999,36980, ,Owensboro  KY ,23,23,2193,0,0,0,0,0,0,0,0,0,22,22,1992,0,0,0,0,0,0,0,0,0
202109,999,37340, ,Palm Bay-Melbourne-Titusville  FL ,407,407,136120,0,0,0,0,0,0,0,0,0,407,407,136120,0,0,0,0,0,0,0,0,0
202109,999,37460, ,Panama City  FL ,96,96,25507,0,0,0,0,0,0,2,11,3161,96,96,25507,0,0,0,0,0,0,2,11,3161
202109,999,37900, ,Peoria  IL ,14,14,4182,0,0,0,0,0,0,0,0,0,13,13,4077,0,0,0,0,0,0,0,0,0
202109,999,38340, ,Pittsfield  MA ,0,0,0,0,0,0,0,0,0,0,0,0,0,0,0,0,0,0,0,0,0,0,0,0
202109,999,38540, ,Pocatello  ID ,21,21,3553,0,0,0,0,0,0,0,0,0,6,6,554,0,0,0,0,0,0,0,0,0
202109,999,39150, ,Prescott Valley-Prescott  AZ ,92,92,32608,4,8,1287,0,0,0,0,0,0,53,53,19520,3,6,969,0,0,0,0,0,0
202109,999,40060, ,Richmond  VA ,418,418,99658,19,38,3653,0,0,0,4,94,10272,391,391,95389,19,38,3653,0,0,0,4,94,10272
202109,999,41100, ,St. George  UT ,183,183,38609,0,0,0,0,0,0,0,0,0,177,177,37472,0,0,0,0,0,0,0,0,0
202109,999,41500, ,Salinas  CA ,21,21,4286,2,4,455,0,0,0,0,0,0,21,21,4286,2,4,455,0,0,0,0,0,0
202109,999,41660,C,San Angelo  TX ,39,39,8483,0,0,0,0,0,0,0,0,0,39,39,8483,0,0,0,0,0,0,0,0,0
202109,999,41740,C,San Diego-Chula Vista-Carlsbad  CA ,287,287,85354,4,8,1711,7,26,5798,18,364,61548,276,276,82774,3,6,1011,6,23,3173,17,342,59511
202109,999,42020, ,San Luis Obispo-Paso Robles  CA ,24,24,8510,0,0,0,0,0,0,0,0,0,0,0,0,0,0,0,0,0,0,0,0,0
202109,999,42200, ,Santa Maria-Santa Barbara  CA ,4,4,3607,0,0,0,0,0,0,0,0,0,4,4,3607,0,0,0,0,0,0,0,0,0
202109,999,42540, ,Scranton--Wilkes-Barre  PA ,8,8,1597,0,0,0,0,0,0,0,0,0,6,6,1130,0,0,0,0,0,0,0,0,0
202109,999,43100, ,Sheboygan  WI ,1,1,423,0,0,0,0,0,0,0,0,0,0,0,0,0,0,0,0,0,0,0,0,0
202109,999,43420, ,Sierra Vista-Douglas  AZ ,25,25,3302,0,0,0,0,0,0,0,0,0,24,24,3211,0,0,0,0,0,0,0,0,0
202109,999,43580, ,Sioux City  IA-NE-SD ,12,12,3474,0,0,0,1,3,0,0,0,0,1,1,344,0,0,0,0,0,0,0,0,0
202109,999,43620, ,Sioux Falls  SD ,205,205,43130,0,0,0,3,12,2790,4,112,13982,205,205,43130,0,0,0,3,12,2790,4,112,13982
202109,999,44140, ,Springfield  MA ,2,2,710,0,0,0,0,0,0,0,0,0,2,2,710,0,0,0,0,0,0,0,0,0
202109,999,44180, ,Springfield  MO ,79,79,24422,0,0,0,0,0,0,3,132,9300,79,79,24422,0,0,0,0,0,0,3,132,9300
202109,999,44940, ,Sumter  SC ,43,43,8320,0,0,0,0,0,0,0,0,0,43,43,8320,0,0,0,0,0,0,0,0,0
202109,999,45220, ,Tallahassee  FL ,116,116,22401,1,2,222,0,0,0,4,105,13419,46,46,8590,0,0,0,0,0,0,0,0,0
202109,999,45300,C,Tampa-St. Petersburg-Clearwater  FL ,1838,1838,484185,1,2,382,1,3,677,5,182,17557,1804,1804,477190,1,2,382,1,3,677,2,152,13063
202109,999,45460, ,Terre Haute  IN ,4,4,1151,1,2,197,0,0,0,0,0,0,2,2,729,0,0,0,0,0,0,0,0,0
202109,999,45500, ,Texarkana  TX-AR ,2,2,475,0,0,0,0,0,0,0,0,0,0,0,0,0,0,0,0,0,0,0,0,0
202109,999,45820, ,Topeka  KS ,33,33,10826,0,0,0,0,0,0,1,173,25123,31,31,10665,0,0,0,0,0,0,1,173,25123
202109,999,46220, ,Tuscaloosa  AL ,45,45,11393,1,2,475,3,11,727,1,44,7958,9,9,2763,0,0,0,0,0,0,0,0,0
202109,999,46300, ,Twin Falls  ID ,106,106,14173,0,0,0,7,28,2162,0,0,0,92,92,11071,0,0,0,7,28,2162,0,0,0
202109,999,46520,C,Urban Honolulu  HI ,39,39,16659,0,0,0,0,0,0,2,227,77468,39,39,16659,0,0,0,0,0,0,2,227,77468
202109,999,46540, ,Utica-Rome  NY ,1,1,115,0,0,0,0,0,0,0,0,0,1,1,115,0,0,0,0,0,0,0,0,0
202109,999,46660, ,Valdosta  GA ,110,110,22185,1,2,133,0,0,0,0,0,0,55,55,12910,0,0,0,0,0,0,0,0,0
202109,999,47300, ,Visalia  CA ,90,90,25065,0,0,0,0,0,0,0,0,0,90,90,25065,0,0,0,0,0,0,0,0,0
202109,999,47380, ,Waco  TX ,72,72,2596,1,2,300,0,0,0,1,8,900,72,72,2596,1,2,300,0,0,0,1,8,900
202109,999,47940, ,Waterloo-Cedar Falls  IA ,4,4,1160,0,0,0,0,0,0,0,0,0,4,4,1160,0,0,0,0,0,0,0,0,0
202109,999,48060, ,Watertown-Fort Drum  NY ,10,10,1242,0,0,0,0,0,0,0,0,0,0,0,0,0,0,0,0,0,0,0,0,0
202109,999,48300, ,Wenatchee  WA ,63,63,16748,3,6,1177,0,0,0,0,0,0,37,37,11749,2,4,777,0,0,0,0,0,0
202109,999,48540, ,Wheeling  WV-OH ,1,1,220,0,0,0,0,0,0,1,5,648,0,0,0,0,0,0,0,0,0,0,0,0
202109,999,48660, ,Wichita Falls  TX ,0,0,0,0,0,0,0,0,0,0,0,0,0,0,0,0,0,0,0,0,0,0,0,0
202109,999,48900, ,Wilmington  NC ,125,125,41210,1,2,433,0,0,0,4,145,18161,0,0,0,0,0,0,0,0,0,0,0,0
202109,999,49420, ,Yakima  WA ,34,34,7815,3,6,880,2,8,1116,0,0,0,34,34,7815,3,6,880,2,8,1116,0,0,0
202109,999,49740, ,Yuma  AZ ,49,49,9187,0,0,0,0,0,0,0,0,0,49,49,9187,0,0,0,0,0,0,0,0,0
