Survey,CSA,CBSA,MONCOV,CBSA,,1-unit,,,2-units,,,3-4 units,,,5+ units,,,1-unit rep,,,2-units rep,,,3-4 units rep,,,5+ units rep
Date,Code,Code,,Name,Bldgs,Units,Value,Bldgs,Units,Value,Bldgs,Units,Value,Bldgs,Units,Value,Bldgs,Units,Value,Bldgs,Units,Value,      Bldgs,Units,Value,Bldgs,Units,Value
 
202107,104,10580,C,Albany-Schenectady-Troy  NY ,110,110,34556,2,4,490,0,0,0,6,47,4776,83,83,26958,1,2,330,0,0,0,2,20,2480
202107,104,24020, ,Glens Falls  NY ,19,19,4846,0,0,0,0,0,0,2,14,3406,11,11,2888,0,0,0,0,0,0,2,14,3406
202107,106,10740,C,Albuquerque  NM ,167,167,43628,0,0,0,0,0,0,2,289,31223,155,155,40734,0,0,0,0,0,0,1,281,30890
202107,106,42140,C,Santa Fe  NM ,24,24,6520,0,0,0,0,0,0,3,36,5050,0,0,0,0,0,0,0,0,0,0,0,0
202107,107,11020, ,Altoona  PA ,0,0,0,0,0,0,0,0,0,0,0,0,0,0,0,0,0,0,0,0,0,0,0,0
202107,108,11100, ,Amarillo  TX ,67,67,16029,0,0,0,0,0,0,0,0,0,67,67,16029,0,0,0,0,0,0,0,0,0
202107,118,11540, ,Appleton  WI ,15,15,5193,5,10,1600,0,0,0,0,0,0,15,15,5193,5,10,1600,0,0,0,0,0,0
202107,118,36780, ,Oshkosh-Neenah  WI ,14,14,4276,0,0,0,0,0,0,3,36,2199,14,14,4276,0,0,0,0,0,0,3,36,2199
202107,120,11700, ,Asheville  NC ,183,183,57902,0,0,0,0,0,0,4,91,8920,50,50,17840,0,0,0,0,0,0,0,0,0
202107,122,12020, ,Athens-Clarke County  GA ,23,23,8311,0,0,0,2,8,1086,0,0,0,23,23,8311,0,0,0,2,8,1086,0,0,0
202107,122,12060, ,Atlanta-Sandy Springs-Alpharetta  GA ,2337,2337,571392,1,2,257,3,11,2186,20,445,53652,1972,1972,485163,1,2,257,2,8,1939,17,430,51239
202107,122,23580, ,Gainesville  GA ,73,73,17112,0,0,0,0,0,0,1,6,840,13,13,2756,0,0,0,0,0,0,1,6,840
202107,122,40660,C,Rome  GA ,11,11,2121,0,0,0,0,0,0,0,0,0,11,11,2121,0,0,0,0,0,0,0,0,0
202107,140,13460,C,Bend  OR ,174,174,52245,10,20,2698,0,0,0,2,32,4042,174,174,52245,10,20,2698,0,0,0,2,32,4042
202107,142,13820,C,Birmingham-Hoover  AL ,251,251,73891,0,0,0,1,3,300,1,200,2000,171,171,48241,0,0,0,1,3,300,1,200,2000
202107,144,14020,C,Bloomington  IN ,24,24,6451,1,2,284,0,0,0,1,33,3875,0,0,0,0,0,0,0,0,0,0,0,0
202107,145,14010, ,Bloomington  IL ,14,14,2686,0,0,0,0,0,0,0,0,0,8,8,1351,0,0,0,0,0,0,0,0,0
202107,146,14100,C,Bloomsburg-Berwick  PA ,7,7,1551,0,0,0,0,0,0,0,0,0,1,1,170,0,0,0,0,0,0,0,0,0
202107,147,14260,C,Boise City  ID ,628,628,162699,7,14,2245,25,100,10122,26,149,21627,605,605,157617,7,14,2245,25,100,10122,26,149,21627
202107,148,12700, ,Barnstable Town  MA ,5,5,2576,0,0,0,0,0,0,0,0,0,0,0,0,0,0,0,0,0,0,0,0,0
202107,148,14460,C,Boston-Cambridge-Newton  MA-NH ,390,390,134263,23,46,11045,5,17,2664,53,934,174050,190,190,78476,16,32,7592,3,11,1496,12,640,137767
202107,148,31700, ,Manchester-Nashua  NH ,37,37,10260,3,6,1387,0,0,0,0,0,0,20,20,7235,1,2,800,0,0,0,0,0,0
202107,148,39300,C,Providence-Warwick  RI-MA ,130,130,34456,11,22,4300,0,0,0,1,8,1400,75,75,22978,9,18,3715,0,0,0,1,8,1400
202107,148,49340, ,Worcester  MA-CT ,14,14,4013,0,0,0,0,0,0,0,0,0,9,9,2960,0,0,0,0,0,0,0,0,0
202107,150,14540, ,Bowling Green  KY ,78,78,18661,0,0,0,0,0,0,6,48,2910,78,78,18661,0,0,0,0,0,0,6,48,2910
202107,154,15180, ,Brownsville-Harlingen  TX ,106,106,10835,3,6,401,1,3,412,1,11,907,0,0,0,0,0,0,0,0,0,0,0,0
202107,160,15380,C,Buffalo-Cheektowaga  NY ,72,72,24520,0,0,0,0,0,0,4,32,5088,61,61,21234,0,0,0,0,0,0,2,16,1500
202107,162,15540, ,Burlington-South Burlington  VT ,19,19,6294,3,6,1036,1,3,455,4,20,1631,6,6,1763,1,2,297,0,0,0,0,0,0
202107,163,15980,C,Cape Coral-Fort Myers  FL ,1066,1066,215409,12,24,2430,1,4,1216,9,202,29280,1065,1065,214401,12,24,2430,1,4,1216,9,202,29280
202107,163,34940, ,Naples-Marco Island  FL ,381,381,127147,0,0,0,4,16,1826,6,60,6717,381,381,127147,0,0,0,4,16,1826,6,60,6717
202107,164,16020, ,Cape Girardeau  MO-IL ,0,0,0,0,0,0,0,0,0,0,0,0,0,0,0,0,0,0,0,0,0,0,0,0
202107,168,16300, ,Cedar Rapids  IA ,32,32,4830,2,4,566,0,0,0,0,0,0,32,32,4830,2,4,566,0,0,0,0,0,0
202107,168,26980, ,Iowa City  IA ,15,15,3286,0,0,0,2,6,1850,1,7,1300,13,13,3010,0,0,0,2,6,1850,1,7,1300
202107,170,16620, ,Charleston  WV ,17,17,2077,0,0,0,0,0,0,0,0,0,14,14,1918,0,0,0,0,0,0,0,0,0
202107,170,26580, ,Huntington-Ashland  WV-KY-OH ,17,17,3037,0,0,0,0,0,0,0,0,0,1,1,375,0,0,0,0,0,0,0,0,0
202107,172,16740, ,Charlotte-Concord-Gastonia  NC-SC ,1550,1550,404234,1,2,221,0,0,0,50,1286,159629,1314,1314,333644,0,0,0,0,0,0,49,1271,157927
202107,174,16860, ,Chattanooga  TN-GA ,152,152,33171,4,8,577,4,14,1471,2,37,3707,103,103,22158,0,0,0,3,11,1297,0,0,0
202107,174,17420, ,Cleveland  TN ,40,40,7282,0,0,0,1,3,287,0,0,0,0,0,0,0,0,0,0,0,0,0,0,0
202107,176,16980, ,Chicago-Naperville-Elgin  IL-IN-WI ,809,809,242406,22,44,8233,19,61,10117,41,1493,206347,648,648,197858,15,30,5778,17,55,9144,31,1392,193367
202107,176,28100, ,Kankakee  IL ,4,4,1395,0,0,0,0,0,0,0,0,0,4,4,1395,0,0,0,0,0,0,0,0,0
202107,176,33140, ,Michigan City-La Porte  IN ,8,8,2254,0,0,0,0,0,0,0,0,0,1,1,148,0,0,0,0,0,0,0,0,0
202107,178,17140, ,Cincinnati  OH-KY-IN ,425,425,122469,2,4,657,0,0,0,9,82,12603,374,374,106407,2,4,657,0,0,0,9,82,12603
202107,184,10420, ,Akron  OH ,39,39,23665,0,0,0,1,3,175,0,0,0,10,10,3475,0,0,0,0,0,0,0,0,0
202107,184,15940, ,Canton-Massillon  OH ,30,30,7789,0,0,0,1,3,154,1,5,384,26,26,7323,0,0,0,0,0,0,0,0,0
202107,184,17460, ,Cleveland-Elyria  OH ,290,290,104951,0,0,0,3,9,273,0,0,0,267,267,99871,0,0,0,0,0,0,0,0,0
202107,190,17860, ,Columbia  MO ,50,50,16355,0,0,0,0,0,0,0,0,0,50,50,16355,0,0,0,0,0,0,0,0,0
202107,192,17900,C,Columbia  SC ,488,488,106850,0,0,0,0,0,0,2,10,1467,269,269,49530,0,0,0,0,0,0,0,0,0
202107,194,12220,C,Auburn-Opelika  AL ,133,133,35354,1,2,429,0,0,0,1,5,616,95,95,26207,0,0,0,0,0,0,0,0,0
202107,194,17980, ,Columbus  GA-AL ,122,122,16040,0,0,0,0,0,0,1,37,5753,35,35,7660,0,0,0,0,0,0,0,0,0
202107,198,18140, ,Columbus  OH ,649,649,222669,0,0,0,1,3,319,16,257,16755,600,600,208983,0,0,0,0,0,0,14,247,15882
202107,204,18580, ,Corpus Christi  TX ,106,106,24579,0,0,0,0,0,0,0,0,0,96,96,22967,0,0,0,0,0,0,0,0,0
202107,206,19100, ,Dallas-Fort Worth-Arlington  TX ,4174,4174,1091308,12,24,2471,2,8,1232,45,1579,162813,3297,3297,878860,3,6,768,0,0,0,34,1189,114945
202107,209,19340, ,Davenport-Moline-Rock Island  IA-IL ,25,25,7512,0,0,0,1,4,540,0,0,0,18,18,6180,0,0,0,1,4,540,0,0,0
202107,212,19430, ,Dayton-Kettering  OH ,101,101,32959,1,2,156,0,0,0,0,0,0,70,70,25976,0,0,0,0,0,0,0,0,0
202107,212,44220, ,Springfield  OH ,15,15,4240,0,0,0,0,0,0,0,0,0,15,15,4240,0,0,0,0,0,0,0,0,0
202107,216,14500, ,Boulder  CO ,28,28,16293,1,2,432,0,0,0,7,137,20877,16,16,10858,0,0,0,0,0,0,5,88,12778
202107,216,19740,C,Denver-Aurora-Lakewood  CO ,1040,1040,298822,23,46,7825,6,22,4007,30,1073,163435,1003,1003,289112,23,46,7825,5,19,3508,28,1032,157035
202107,216,24540, ,Greeley  CO ,256,256,73546,3,6,1334,3,9,1963,7,119,16379,132,132,37604,2,4,990,2,6,1228,4,84,11642
202107,218,11180, ,Ames  IA ,10,10,3437,0,0,0,0,0,0,2,96,8700,10,10,3437,0,0,0,0,0,0,2,96,8700
202107,218,19780, ,Des Moines-West Des Moines  IA ,292,292,81867,5,10,2215,2,8,929,7,216,25761,255,255,69974,5,10,2215,2,8,929,4,182,22326
202107,220,11460, ,Ann Arbor  MI ,21,21,8365,0,0,0,1,3,625,0,0,0,11,11,5484,0,0,0,1,3,625,0,0,0
202107,220,19820, ,Detroit-Warren-Dearborn  MI ,418,418,133141,2,4,883,4,15,2417,19,181,28489,338,338,116424,1,2,603,2,8,1709,17,160,25607
202107,220,22420, ,Flint  MI ,15,15,4433,0,0,0,3,11,2270,0,0,0,9,9,2717,0,0,0,0,0,0,0,0,0
202107,220,33780, ,Monroe  MI ,2,2,500,0,0,0,0,0,0,0,0,0,2,2,500,0,0,0,0,0,0,0,0,0
202107,222,20020, ,Dothan  AL ,23,23,6865,0,0,0,0,0,0,0,0,0,23,23,6865,0,0,0,0,0,0,0,0,0
202107,232,20740, ,Eau Claire  WI ,35,35,12058,14,28,5521,0,0,0,6,159,19850,35,35,12058,14,28,5521,0,0,0,6,159,19850
202107,236,21300, ,Elmira  NY ,0,0,0,0,0,0,0,0,0,0,0,0,0,0,0,0,0,0,0,0,0,0,0,0
202107,238,21340,C,El Paso  TX ,204,204,47487,4,8,986,1,3,392,1,11,1318,0,0,0,0,0,0,0,0,0,0,0,0
202107,238,29740,C,Las Cruces  NM ,106,106,27719,0,0,0,0,0,0,1,8,563,30,30,8881,0,0,0,0,0,0,0,0,0
202107,240,21500, ,Erie  PA ,3,3,1363,0,0,0,0,0,0,1,11,150,3,3,1363,0,0,0,0,0,0,1,11,150
202107,244,22020, ,Fargo  ND-MN ,144,144,43315,0,0,0,0,0,0,1,97,14354,142,142,42760,0,0,0,0,0,0,1,97,14354
202107,246,22180, ,Fayetteville  NC ,138,138,23726,0,0,0,0,0,0,0,0,0,68,68,13894,0,0,0,0,0,0,0,0,0
202107,258,23060,C,Fort Wayne  IN ,129,129,36080,9,18,1081,1,3,284,1,11,817,6,6,2015,0,0,0,0,0,0,0,0,0
202107,260,23420,C,Fresno  CA ,185,185,55949,3,6,838,0,0,0,3,35,4826,55,55,15913,0,0,0,0,0,0,0,0,0
202107,260,31460, ,Madera  CA ,126,126,34549,0,0,0,0,0,0,0,0,0,126,126,34549,0,0,0,0,0,0,0,0,0
202107,264,23540, ,Gainesville  FL ,57,57,16394,0,0,0,0,0,0,1,77,2622,0,0,0,0,0,0,0,0,0,0,0,0
202107,266,24340, ,Grand Rapids-Kentwood  MI ,135,135,39020,1,2,572,1,3,769,1,12,1341,122,122,35254,1,2,572,1,3,769,0,0,0
202107,266,34740, ,Muskegon  MI ,0,0,0,0,0,0,0,0,0,0,0,0,0,0,0,0,0,0,0,0,0,0,0,0
202107,267,24580, ,Green Bay  WI ,67,67,20335,1,2,398,0,0,0,6,70,6881,38,38,11982,0,0,0,0,0,0,2,30,2000
202107,268,15500, ,Burlington  NC ,92,92,12242,0,0,0,0,0,0,0,0,0,92,92,12242,0,0,0,0,0,0,0,0,0
202107,268,24660,C,Greensboro-High Point  NC ,215,215,53859,0,0,0,0,0,0,3,186,43045,147,147,31258,0,0,0,0,0,0,3,186,43045
202107,268,49180, ,Winston-Salem  NC ,206,206,44248,0,0,0,0,0,0,1,5,197,187,187,39822,0,0,0,0,0,0,0,0,0
202107,272,24780, ,Greenville  NC ,60,60,8417,0,0,0,0,0,0,3,72,7850,60,60,8417,0,0,0,0,0,0,3,72,7850
202107,273,24860, ,Greenville-Anderson  SC ,1228,1228,214810,0,0,0,0,0,0,0,0,0,1203,1203,210801,0,0,0,0,0,0,0,0,0
202107,273,43900, ,Spartanburg  SC ,274,274,44382,0,0,0,0,0,0,0,0,0,0,0,0,0,0,0,0,0,0,0,0,0
202107,276,23900,C,Gettysburg  PA ,50,50,15129,0,0,0,0,0,0,0,0,0,50,50,15129,0,0,0,0,0,0,0,0,0
202107,276,25420,C,Harrisburg-Carlisle  PA ,116,116,31520,1,2,222,0,0,0,1,6,747,84,84,24105,0,0,0,0,0,0,1,6,747
202107,276,30140, ,Lebanon  PA ,15,15,2871,0,0,0,0,0,0,0,0,0,0,0,0,0,0,0,0,0,0,0,0,0
202107,276,49620, ,York-Hanover  PA ,43,43,6662,0,0,0,0,0,0,0,0,0,40,40,5868,0,0,0,0,0,0,0,0,0
202107,277,25500,C,Harrisonburg  VA ,105,105,49531,0,0,0,0,0,0,0,0,0,105,105,49531,0,0,0,0,0,0,0,0,0
202107,277,44420, ,Staunton  VA ,13,13,4190,0,0,0,0,0,0,0,0,0,13,13,4190,0,0,0,0,0,0,0,0,0
202107,278,25540,C,Hartford-East Hartford-Middletown  CT ,79,79,17651,0,0,0,0,0,0,6,45,4076,60,60,13764,0,0,0,0,0,0,3,24,2628
202107,278,35980, ,Norwich-New London  CT ,8,8,1725,0,0,0,0,0,0,1,11,463,4,4,978,0,0,0,0,0,0,1,11,463
202107,279,25620, ,Hattiesburg  MS ,2,2,750,0,0,0,0,0,0,0,0,0,2,2,750,0,0,0,0,0,0,0,0,0
202107,284,26300, ,Hot Springs  AR ,3,3,440,0,0,0,0,0,0,0,0,0,3,3,440,0,0,0,0,0,0,0,0,0
202107,288,26420, ,Houston-The Woodlands-Sugar Land  TX ,4259,4259,989376,12,24,2555,1,3,786,28,2205,278313,3878,3878,897502,12,24,2555,1,3,786,25,2173,275106
202107,290,19460, ,Decatur  AL ,19,19,4030,0,0,0,0,0,0,0,0,0,9,9,1990,0,0,0,0,0,0,0,0,0
202107,290,26620,C,Huntsville  AL ,379,379,69895,1,2,169,0,0,0,5,131,8437,54,54,17365,0,0,0,0,0,0,4,126,7854
202107,292,26820, ,Idaho Falls  ID ,98,98,19524,0,0,0,0,0,0,0,0,0,97,97,19343,0,0,0,0,0,0,0,0,0
202107,294,18020, ,Columbus  IN ,11,11,3153,0,0,0,0,0,0,0,0,0,11,11,3153,0,0,0,0,0,0,0,0,0
202107,294,26900, ,Indianapolis-Carmel-Anderson  IN ,770,770,269016,30,60,12004,1,4,1700,25,453,57725,732,732,258792,30,60,12004,1,4,1700,25,453,57725
202107,294,34620, ,Muncie  IN ,1,1,230,0,0,0,0,0,0,0,0,0,1,1,230,0,0,0,0,0,0,0,0,0
202107,296,27060, ,Ithaca  NY ,0,0,0,0,0,0,0,0,0,0,0,0,0,0,0,0,0,0,0,0,0,0,0,0
202107,297,27180, ,Jackson  TN ,16,16,4070,0,0,0,0,0,0,0,0,0,0,0,0,0,0,0,0,0,0,0,0,0
202107,298,27140, ,Jackson  MS ,123,123,31077,0,0,0,0,0,0,0,0,0,119,119,30098,0,0,0,0,0,0,0,0,0
202107,300,27260,C,Jacksonville  FL ,1355,1355,313693,0,0,0,0,0,0,6,296,31201,1347,1347,311322,0,0,0,0,0,0,6,296,31201
202107,304,27740, ,Johnson City  TN ,18,18,5927,0,0,0,0,0,0,0,0,0,18,18,5927,0,0,0,0,0,0,0,0,0
202107,304,28700, ,Kingsport-Bristol  TN-VA ,1,1,263,0,0,0,0,0,0,0,0,0,0,0,0,0,0,0,0,0,0,0,0,0
202107,306,27780, ,Johnstown  PA ,0,0,0,0,0,0,0,0,0,0,0,0,0,0,0,0,0,0,0,0,0,0,0,0
202107,308,27860, ,Jonesboro  AR ,85,85,11788,4,8,550,4,15,778,1,7,395,40,40,4736,0,0,0,0,0,0,0,0,0
202107,309,27900, ,Joplin  MO ,19,19,3482,2,4,386,0,0,0,1,12,824,3,3,651,0,0,0,0,0,0,0,0,0
202107,310,12980, ,Battle Creek  MI ,9,9,450,0,0,0,0,0,0,0,0,0,9,9,450,0,0,0,0,0,0,0,0,0
202107,310,28020, ,Kalamazoo-Portage  MI ,19,19,4807,0,0,0,0,0,0,0,0,0,1,1,285,0,0,0,0,0,0,0,0,0
202107,312,28140, ,Kansas City  MO-KS ,486,486,155918,20,40,7922,9,31,7811,3,97,10856,382,382,117476,16,32,6123,7,25,6070,1,64,7032
202107,312,29940, ,Lawrence  KS ,14,14,5635,0,0,0,0,0,0,0,0,0,14,14,5635,0,0,0,0,0,0,0,0,0
202107,312,41140, ,St. Joseph  MO-KS ,0,0,0,0,0,0,0,0,0,0,0,0,0,0,0,0,0,0,0,0,0,0,0,0
202107,313,28420,C,Kennewick-Richland  WA ,165,165,48270,0,0,0,0,0,0,2,26,3447,33,33,10143,0,0,0,0,0,0,0,0,0
202107,313,47460, ,Walla Walla  WA ,9,9,2580,0,0,0,0,0,0,0,0,0,8,8,2480,0,0,0,0,0,0,0,0,0
202107,315,28940, ,Knoxville  TN ,296,296,77477,0,0,0,0,0,0,2,29,2334,273,273,73992,0,0,0,0,0,0,0,0,0
202107,316,29020, ,Kokomo  IN ,15,15,4385,0,0,0,0,0,0,0,0,0,15,15,4385,0,0,0,0,0,0,0,0,0
202107,318,29180, ,Lafayette  LA ,229,229,42873,0,0,0,0,0,0,0,0,0,130,130,18484,0,0,0,0,0,0,0,0,0
202107,320,29200, ,Lafayette-West Lafayette  IN ,34,34,9047,0,0,0,0,0,0,3,58,6582,0,0,0,0,0,0,0,0,0,0,0,0
202107,324,29340, ,Lake Charles  LA ,66,66,10909,0,0,0,0,0,0,0,0,0,18,18,1910,0,0,0,0,0,0,0,0,0
202107,332,29820,C,Las Vegas-Henderson-Paradise  NV ,721,721,196713,0,0,0,41,123,23750,19,327,35052,718,718,195622,0,0,0,41,123,23750,19,327,35052
202107,336,30460,C,Lexington-Fayette  KY ,150,150,42024,0,0,0,3,11,1881,3,67,6337,57,57,22393,0,0,0,1,4,850,0,0,0
202107,338,30620, ,Lima  OH ,1,1,249,0,0,0,0,0,0,0,0,0,1,1,249,0,0,0,0,0,0,0,0,0
202107,339,30700, ,Lincoln  NE ,91,91,21042,1,2,281,0,0,0,1,71,8058,1,1,250,0,0,0,0,0,0,0,0,0
202107,340,30780, ,Little Rock-North Little Rock-Conway  AR ,229,229,45857,6,12,1170,1,3,450,0,0,0,208,208,43852,6,12,1170,1,3,450,0,0,0
202107,340,38220, ,Pine Bluff  AR ,2,2,746,0,0,0,0,0,0,0,0,0,1,1,600,0,0,0,0,0,0,0,0,0
202107,348,31080,C,Los Angeles-Long Beach-Anaheim  CA ,895,895,345441,49,98,22606,18,63,16555,52,2166,385134,670,670,262634,43,86,18971,15,54,14725,43,2014,356984
202107,348,37100, ,Oxnard-Thousand Oaks-Ventura  CA ,8,8,2005,1,2,639,0,0,0,3,41,4784,8,8,2005,1,2,639,0,0,0,0,0,0
202107,348,40140, ,Riverside-San Bernardino-Ontario  CA ,954,954,239095,6,12,2447,3,9,1610,10,87,11854,807,807,206638,6,12,2447,0,0,0,3,18,2986
202107,350,21060, ,Elizabethtown-Fort Knox  KY ,32,32,7863,0,0,0,0,0,0,0,0,0,32,32,7863,0,0,0,0,0,0,0,0,0
202107,350,31140, ,Louisville-Jefferson County  KY-IN ,322,322,79275,2,4,651,2,6,870,5,116,8243,156,156,40857,0,0,0,1,3,270,4,108,7860
202107,352,31180, ,Lubbock  TX ,227,227,61113,35,70,10909,0,0,0,0,0,0,226,226,60940,35,70,10909,0,0,0,0,0,0
202107,356,31420, ,Macon-Bibb County  GA ,34,34,6943,0,0,0,0,0,0,0,0,0,0,0,0,0,0,0,0,0,0,0,0,0
202107,356,47580, ,Warner Robins  GA ,76,76,16096,0,0,0,15,60,6105,0,0,0,53,53,10442,0,0,0,15,60,6105,0,0,0
202107,357,27500, ,Janesville-Beloit  WI ,22,22,6666,0,0,0,0,0,0,0,0,0,13,13,4188,0,0,0,0,0,0,0,0,0
202107,357,31540, ,Madison  WI ,134,134,53135,12,24,5866,2,8,1200,10,560,93182,91,91,40325,6,12,3383,2,8,1200,7,493,83392
202107,359,31860, ,Mankato  MN ,11,11,2680,0,0,0,0,0,0,3,24,1501,11,11,2680,0,0,0,0,0,0,3,24,1501
202107,365,32580,C,McAllen-Edinburg-Mission  TX ,301,301,63558,17,34,2904,12,48,3142,0,0,0,273,273,60536,17,34,2904,12,48,3142,0,0,0
202107,366,32780, ,Medford  OR ,40,40,12016,0,0,0,0,0,0,1,16,1974,40,40,12016,0,0,0,0,0,0,1,16,1974
202107,368,32820, ,Memphis  TN-MS-AR ,298,298,68081,0,0,0,0,0,0,0,0,0,268,268,63530,0,0,0,0,0,0,0,0,0
202107,370,33100, ,Miami-Fort Lauderdale-Pompano Beach  FL ,841,841,308931,13,26,3651,2,7,1647,23,1660,502324,730,730,265109,13,26,3651,1,4,500,14,1490,477210
202107,370,38940, ,Port St. Lucie  FL ,552,552,132471,12,24,5258,0,0,0,0,0,0,552,552,132471,12,24,5258,0,0,0,0,0,0
202107,370,42680, ,Sebastian-Vero Beach  FL ,123,123,43843,0,0,0,5,15,1010,0,0,0,123,123,43843,0,0,0,5,15,1010,0,0,0
202107,372,33260, ,Midland  TX ,60,60,12920,0,0,0,0,0,0,0,0,0,60,60,12920,0,0,0,0,0,0,0,0,0
202107,372,36220,C,Odessa  TX ,87,87,20384,0,0,0,0,0,0,1,25,2996,0,0,0,0,0,0,0,0,0,0,0,0
202107,376,33340,C,Milwaukee-Waukesha  WI ,142,142,60502,14,28,6099,7,28,5157,4,30,3299,106,106,42677,12,24,4857,7,28,5157,0,0,0
202107,376,39540, ,Racine  WI ,6,6,2851,0,0,0,0,0,0,0,0,0,6,6,2851,0,0,0,0,0,0,0,0,0
202107,378,33460, ,Minneapolis-St. Paul-Bloomington  MN-WI ,978,978,323911,22,44,7975,5,18,4954,20,835,118239,884,884,294517,21,42,7538,4,15,4369,16,786,113760
202107,378,41060, ,St. Cloud  MN ,0,0,0,0,0,0,0,0,0,0,0,0,0,0,0,0,0,0,0,0,0,0,0,0
202107,380,19300, ,Daphne-Fairhope-Foley  AL ,200,200,52764,0,0,0,0,0,0,0,0,0,75,75,26931,0,0,0,0,0,0,0,0,0
202107,380,33660, ,Mobile  AL ,61,61,16152,0,0,0,0,0,0,0,0,0,61,61,16152,0,0,0,0,0,0,0,0,0
202107,384,33740, ,Monroe  LA ,30,30,6813,0,0,0,1,4,629,1,5,579,0,0,0,0,0,0,0,0,0,0,0,0
202107,388,33860, ,Montgomery  AL ,92,92,22762,0,0,0,0,0,0,0,0,0,65,65,18736,0,0,0,0,0,0,0,0,0
202107,390,34060, ,Morgantown  WV ,0,0,0,0,0,0,0,0,0,0,0,0,0,0,0,0,0,0,0,0,0,0,0,0
202107,396,34820, ,Myrtle Beach-Conway-North Myrtle Beach  SC-NC ,769,769,161538,1,2,169,0,0,0,13,317,23200,545,545,104073,1,2,169,0,0,0,12,312,22950
202107,400,34980, ,Nashville-Davidson--Murfreesboro--Franklin  TN ,1314,1314,352847,2,4,200,3,11,1653,17,1128,94994,1044,1044,301850,2,4,200,1,3,810,15,1111,93784
202107,406,25220, ,Hammond  LA ,92,92,15942,0,0,0,0,0,0,0,0,0,2,2,685,0,0,0,0,0,0,0,0,0
202107,406,35380, ,New Orleans-Metairie  LA ,377,377,96056,17,34,3752,1,3,590,1,41,7324,297,297,75890,4,8,774,0,0,0,0,0,0
202107,408,14860,C,Bridgeport-Stamford-Norwalk  CT ,53,53,43328,2,4,903,0,0,0,1,8,2209,41,41,33545,1,2,745,0,0,0,0,0,0
202107,408,20700, ,East Stroudsburg  PA ,10,10,4559,0,0,0,0,0,0,0,0,0,7,7,3770,0,0,0,0,0,0,0,0,0
202107,408,28740, ,Kingston  NY ,2,2,757,0,0,0,0,0,0,0,0,0,1,1,200,0,0,0,0,0,0,0,0,0
202107,408,35300, ,New Haven-Milford  CT ,18,18,4183,1,2,200,0,0,0,2,10,640,8,8,2346,0,0,0,0,0,0,0,0,0
202107,408,35620,C,New York-Newark-Jersey City  NY-NJ-PA ,971,971,267950,79,158,19933,25,81,7600,114,3253,394505,636,636,197524,61,122,15665,17,56,5200,63,2766,330471
202107,408,39100, ,Poughkeepsie-Newburgh-Middletown  NY ,24,24,6555,0,0,0,0,0,0,0,0,0,4,4,962,0,0,0,0,0,0,0,0,0
202107,408,45940,C,Trenton-Princeton  NJ ,31,31,4799,0,0,0,0,0,0,1,5,341,18,18,2283,0,0,0,0,0,0,0,0,0
202107,412,35840,C,North Port-Sarasota-Bradenton  FL ,1235,1235,324181,35,70,6635,1,4,479,5,48,7125,1235,1235,324181,35,70,6635,1,4,479,5,48,7125
202107,412,39460, ,Punta Gorda  FL ,279,279,79212,10,20,2501,2,8,2354,4,130,19544,279,279,79212,10,20,2501,2,8,2354,4,130,19544
202107,416,36420,C,Oklahoma City  OK ,672,672,165048,19,38,3575,0,0,0,2,21,1433,182,182,56026,9,18,1950,0,0,0,0,0,0
202107,420,36540, ,Omaha-Council Bluffs  NE-IA ,243,243,59731,2,4,735,0,0,0,4,107,6836,171,171,38886,0,0,0,0,0,0,3,102,6206
202107,422,19660, ,Deltona-Daytona Beach-Ormond Beach  FL ,492,492,143240,9,18,2983,1,3,277,0,0,0,492,492,143240,9,18,2983,1,3,277,0,0,0
202107,422,29460, ,Lakeland-Winter Haven  FL ,893,893,205691,0,0,0,1,3,432,0,0,0,734,734,163278,0,0,0,1,3,432,0,0,0
202107,422,36740, ,Orlando-Kissimmee-Sanford  FL ,1500,1500,390747,12,24,4378,2,8,131,30,1375,199663,1267,1267,317936,12,24,4378,2,8,131,26,1305,193367
202107,422,45540,C,The Villages  FL ,351,351,89343,0,0,0,0,0,0,1,8,1922,350,350,89154,0,0,0,0,0,0,1,8,1922
202107,425,37620, ,Parkersburg-Vienna  WV ,5,5,1746,0,0,0,0,0,0,0,0,0,5,5,1746,0,0,0,0,0,0,0,0,0
202107,426,37860,C,Pensacola-Ferry Pass-Brent  FL ,308,308,73748,83,166,10936,0,0,0,32,256,2832,308,308,73748,83,166,10936,0,0,0,32,256,2832
202107,428,12100,C,Atlantic City-Hammonton  NJ ,34,34,13097,0,0,0,0,0,0,1,11,1377,30,30,12035,0,0,0,0,0,0,0,0,0
202107,428,20100,C,Dover  DE ,146,146,22702,0,0,0,0,0,0,2,15,1211,36,36,6398,0,0,0,0,0,0,2,15,1211
202107,428,36140,C,Ocean City  NJ ,50,50,21179,8,16,1558,0,0,0,0,0,0,44,44,19467,8,16,1558,0,0,0,0,0,0
202107,428,37980,C,Philadelphia-Camden-Wilmington  PA-NJ-DE-MD ,740,740,162060,28,56,9810,20,71,9190,29,648,76623,410,410,101418,6,12,3277,1,4,611,6,262,32124
202107,428,39740, ,Reading  PA ,2,2,481,0,0,0,0,0,0,0,0,0,0,0,0,0,0,0,0,0,0,0,0,0
202107,428,47220,C,Vineland-Bridgeton  NJ ,12,12,973,0,0,0,0,0,0,0,0,0,10,10,815,0,0,0,0,0,0,0,0,0
202107,429,38060,C,Phoenix-Mesa-Chandler  AZ ,2993,2993,798416,60,120,16695,0,0,0,50,1639,208682,2822,2822,755232,59,118,16435,0,0,0,49,1493,183145
202107,430,38300, ,Pittsburgh  PA ,115,115,36933,0,0,0,1,3,479,3,42,5599,71,71,26270,0,0,0,0,0,0,0,0,0
202107,430,48260, ,Weirton-Steubenville  WV-OH ,0,0,0,0,0,0,0,0,0,0,0,0,0,0,0,0,0,0,0,0,0,0,0,0
202107,438,30340, ,Lewiston-Auburn  ME ,7,7,989,2,4,720,0,0,0,0,0,0,5,5,600,2,4,720,0,0,0,0,0,0
202107,438,38860, ,Portland-South Portland  ME ,169,169,51516,10,20,3030,2,6,600,5,50,12955,81,81,26423,7,14,1850,1,3,350,3,40,12285
202107,440,10540, ,Albany-Lebanon  OR ,25,25,5263,2,4,698,0,0,0,5,42,5025,3,3,872,0,0,0,0,0,0,0,0,0
202107,440,18700, ,Corvallis  OR ,15,15,4072,0,0,0,0,0,0,0,0,0,15,15,4072,0,0,0,0,0,0,0,0,0
202107,440,31020, ,Longview  WA ,24,24,5849,0,0,0,0,0,0,0,0,0,0,0,0,0,0,0,0,0,0,0,0,0
202107,440,38900, ,Portland-Vancouver-Hillsboro  OR-WA ,789,789,223561,6,12,1742,20,66,5312,17,857,154015,619,619,174146,5,10,1263,18,60,4264,12,773,143379
202107,440,41420, ,Salem  OR ,36,36,12038,1,2,320,0,0,0,0,0,0,36,36,12038,1,2,320,0,0,0,0,0,0
202107,444,39380,C,Pueblo  CO ,69,69,11461,0,0,0,0,0,0,0,0,0,69,69,11461,0,0,0,0,0,0,0,0,0
202107,450,20500,C,Durham-Chapel Hill  NC ,328,328,106893,1,2,336,1,3,707,1,9,1328,267,267,86459,1,2,336,0,0,0,0,0,0
202107,450,39580,C,Raleigh-Cary  NC ,1222,1222,287462,0,0,0,1,4,539,2,34,4774,839,839,218250,0,0,0,1,4,539,2,34,4774
202107,452,39660, ,Rapid City  SD ,40,40,12052,0,0,0,3,12,1320,0,0,0,40,40,12052,0,0,0,3,12,1320,0,0,0
202107,454,39820, ,Redding  CA ,7,7,2167,0,0,0,0,0,0,0,0,0,7,7,2167,0,0,0,0,0,0,0,0,0
202107,456,16180,C,Carson City  NV ,17,17,4478,0,0,0,1,3,382,1,8,799,0,0,0,0,0,0,0,0,0,0,0,0
202107,456,39900,C,Reno  NV ,247,247,66071,4,8,1083,3,12,2610,13,220,28400,76,76,17762,2,4,664,2,8,2085,1,6,1398
202107,462,40340, ,Rochester  MN ,27,27,8795,0,0,0,0,0,0,0,0,0,26,26,8563,0,0,0,0,0,0,0,0,0
202107,464,40380, ,Rochester  NY ,74,74,21250,3,6,1156,0,0,0,2,20,2970,57,57,17722,2,4,853,0,0,0,2,20,2970
202107,466,40420, ,Rockford  IL ,3,3,539,0,0,0,0,0,0,0,0,0,3,3,539,0,0,0,0,0,0,0,0,0
202107,472,40900,C,Sacramento-Roseville-Folsom  CA ,701,701,218559,0,0,0,2,7,1427,2,18,5711,686,686,214224,0,0,0,2,7,1427,0,0,0
202107,474,13020, ,Bay City  MI ,1,1,229,0,0,0,0,0,0,0,0,0,0,0,0,0,0,0,0,0,0,0,0,0
202107,474,33220, ,Midland  MI ,5,5,677,1,2,256,0,0,0,0,0,0,5,5,677,1,2,256,0,0,0,0,0,0
202107,474,40980, ,Saginaw  MI ,0,0,0,0,0,0,0,0,0,0,0,0,0,0,0,0,0,0,0,0,0,0,0,0
202107,476,41180, ,St. Louis  MO-IL ,363,363,115103,1,2,299,1,3,678,6,203,27897,225,225,68834,1,2,299,0,0,0,2,165,24423
202107,480,41540, ,Salisbury  MD-DE ,410,410,60998,3,6,434,0,0,0,0,0,0,408,408,60796,3,6,434,0,0,0,0,0,0
202107,482,36260, ,Ogden-Clearfield  UT ,260,260,75393,1,2,351,3,10,1933,18,543,89294,211,211,61657,0,0,0,0,0,0,16,515,85951
202107,482,39340, ,Provo-Orem  UT ,476,476,151906,2,4,610,7,25,5177,21,376,58078,469,469,148057,2,4,610,7,25,5177,21,376,58078
202107,482,41620, ,Salt Lake City  UT ,361,361,96471,8,16,1279,3,9,1630,13,690,132153,236,236,59885,5,10,660,0,0,0,3,297,76494
202107,484,41700,C,San Antonio-New Braunfels  TX ,1267,1267,300063,18,36,4624,24,96,12945,28,786,72791,1171,1171,280590,18,36,4624,24,96,12945,27,781,71725
202107,488,32900, ,Merced  CA ,14,14,3305,0,0,0,0,0,0,0,0,0,8,8,1750,0,0,0,0,0,0,0,0,0
202107,488,33700, ,Modesto  CA ,4,4,745,0,0,0,0,0,0,0,0,0,4,4,745,0,0,0,0,0,0,0,0,0
202107,488,41860,C,San Francisco-Oakland-Berkeley  CA ,306,306,99591,3,6,1790,5,16,5184,25,566,164836,198,198,62086,2,4,1216,4,13,4327,10,314,111090
202107,488,41940,C,San Jose-Sunnyvale-Santa Clara  CA ,186,186,61585,1,2,610,0,0,0,12,204,39372,150,150,47402,1,2,610,0,0,0,7,75,16667
202107,488,42100, ,Santa Cruz-Watsonville  CA ,10,10,4081,0,0,0,0,0,0,0,0,0,5,5,3122,0,0,0,0,0,0,0,0,0
202107,488,42220, ,Santa Rosa-Petaluma  CA ,103,103,28372,0,0,0,0,0,0,2,156,29917,83,83,24534,0,0,0,0,0,0,1,151,29084
202107,488,44700, ,Stockton  CA ,191,191,56612,0,0,0,0,0,0,2,31,3659,89,89,24721,0,0,0,0,0,0,0,0,0
202107,488,46700, ,Vallejo  CA ,90,90,27628,0,0,0,0,0,0,0,0,0,90,90,27628,0,0,0,0,0,0,0,0,0
202107,496,25980, ,Hinesville  GA ,14,14,2902,0,0,0,0,0,0,0,0,0,14,14,2902,0,0,0,0,0,0,0,0,0
202107,496,42340, ,Savannah  GA ,234,234,54766,0,0,0,0,0,0,5,27,2207,182,182,43476,0,0,0,0,0,0,1,5,623
202107,500,14740,C,Bremerton-Silverdale-Port Orchard  WA ,117,117,37235,0,0,0,0,0,0,18,398,41838,117,117,37235,0,0,0,0,0,0,18,398,41838
202107,500,34580, ,Mount Vernon-Anacortes  WA ,27,27,8406,1,2,490,0,0,0,0,0,0,27,27,8406,1,2,490,0,0,0,0,0,0
202107,500,36500, ,Olympia-Lacey-Tumwater  WA ,54,54,13900,1,2,516,0,0,0,1,5,213,42,42,11192,1,2,516,0,0,0,0,0,0
202107,500,42660,C,Seattle-Tacoma-Bellevue  WA ,696,696,235607,26,52,10292,19,63,12461,30,1291,174983,519,519,169252,25,50,9667,18,60,11960,20,1131,155700
202107,508,43340,C,Shreveport-Bossier City  LA ,98,98,23573,0,0,0,0,0,0,0,0,0,85,85,20730,0,0,0,0,0,0,0,0,0
202107,515,21140, ,Elkhart-Goshen  IN ,25,25,6648,0,0,0,0,0,0,0,0,0,0,0,0,0,0,0,0,0,0,0,0,0
202107,515,35660, ,Niles  MI ,1,1,200,0,0,0,0,0,0,0,0,0,1,1,200,0,0,0,0,0,0,0,0,0
202107,515,43780, ,South Bend-Mishawaka  IN-MI ,20,20,7214,0,0,0,0,0,0,0,0,0,20,20,7214,0,0,0,0,0,0,0,0,0
202107,518,17660, ,Coeur dAlene  ID ,134,134,33804,1,2,378,0,0,0,1,22,2363,108,108,27532,0,0,0,0,0,0,0,0,0
202107,518,44060, ,Spokane-Spokane Valley  WA ,144,144,34737,5,10,1727,0,0,0,15,313,45188,26,26,6921,3,6,1192,0,0,0,11,256,37706
202107,522,44100, ,Springfield  IL ,6,6,1907,3,6,1078,0,0,0,1,5,292,0,0,0,0,0,0,0,0,0,0,0,0
202107,524,44300, ,State College  PA ,32,32,11493,0,0,0,0,0,0,0,0,0,8,8,3786,0,0,0,0,0,0,0,0,0
202107,532,45060, ,Syracuse  NY ,20,20,5568,0,0,0,0,0,0,0,0,0,19,19,5221,0,0,0,0,0,0,0,0,0
202107,534,45780, ,Toledo  OH ,57,57,19916,4,8,451,0,0,0,2,38,2452,27,27,12005,0,0,0,0,0,0,0,0,0
202107,536,46060,C,Tucson  AZ ,435,435,139322,2,4,476,0,0,0,6,80,12002,343,343,116005,0,0,0,0,0,0,0,0,0
202107,538,46140,C,Tulsa  OK ,335,335,86513,2,4,520,0,0,0,1,8,615,321,321,83578,2,4,520,0,0,0,0,0,0
202107,540,46340, ,Tyler  TX ,37,37,8852,0,0,0,2,6,809,0,0,0,37,37,8852,0,0,0,2,6,809,0,0,0
202107,545,47260, ,Virginia Beach-Norfolk-Newport News  VA-NC ,330,330,80681,0,0,0,1,4,870,18,610,53690,303,303,78451,0,0,0,1,4,870,18,610,53690
202107,548,12580,C,Baltimore-Columbia-Towson  MD ,406,406,97028,0,0,0,0,0,0,3,153,27740,392,392,94166,0,0,0,0,0,0,2,24,4446
202107,548,15680,C,California-Lexington Park  MD ,37,37,6467,8,16,2141,0,0,0,0,0,0,6,6,2346,0,0,0,0,0,0,0,0,0
202107,548,16540,C,Chambersburg-Waynesboro  PA ,19,19,4080,2,4,400,0,0,0,0,0,0,17,17,3550,2,4,400,0,0,0,0,0,0
202107,548,25180, ,Hagerstown-Martinsburg  MD-WV ,137,137,35827,1,2,350,0,0,0,0,0,0,137,137,35827,1,2,350,0,0,0,0,0,0
202107,548,47900, ,Washington-Arlington-Alexandria  DC-VA-MD-WV ,1000,1000,240648,3,6,777,1,4,539,19,540,69745,910,910,218003,2,4,607,1,4,539,16,482,62865
202107,548,49020, ,Winchester  VA-WV ,58,58,14107,0,0,0,0,0,0,0,0,0,58,58,14107,0,0,0,0,0,0,0,0,0
202107,554,48140, ,Wausau-Weston  WI ,21,21,5297,0,0,0,0,0,0,1,16,900,5,5,1136,0,0,0,0,0,0,1,16,900
202107,556,48620, ,Wichita  KS ,111,111,39977,15,30,2930,1,4,600,0,0,0,111,111,39977,15,30,2930,1,4,600,0,0,0
202107,558,48700, ,Williamsport  PA ,0,0,0,0,0,0,0,0,0,0,0,0,0,0,0,0,0,0,0,0,0,0,0,0
202107,566,49660, ,Youngstown-Warren-Boardman  OH-PA ,24,24,4769,0,0,0,0,0,0,0,0,0,17,17,3578,0,0,0,0,0,0,0,0,0
202107,999,10180, ,Abilene  TX ,23,23,5003,0,0,0,0,0,0,0,0,0,23,23,5003,0,0,0,0,0,0,0,0,0
202107,999,10500, ,Albany  GA ,9,9,1377,0,0,0,0,0,0,1,12,1688,7,7,883,0,0,0,0,0,0,0,0,0
202107,999,10780, ,Alexandria  LA ,22,22,5547,0,0,0,0,0,0,0,0,0,14,14,3440,0,0,0,0,0,0,0,0,0
202107,999,10900, ,Allentown-Bethlehem-Easton  PA-NJ ,77,77,22342,1,2,120,0,0,0,0,0,0,64,64,20740,1,2,120,0,0,0,0,0,0
202107,999,11260,C,Anchorage  AK ,69,69,21907,0,0,0,1,4,688,2,23,3455,4,4,1132,0,0,0,0,0,0,0,0,0
202107,999,11500, ,Anniston-Oxford  AL ,2,2,236,0,0,0,0,0,0,0,0,0,1,1,156,0,0,0,0,0,0,0,0,0
202107,999,12260, ,Augusta-Richmond County  GA-SC ,318,318,67418,0,0,0,1,3,386,0,0,0,74,74,20332,0,0,0,1,3,386,0,0,0
202107,999,12420, ,Austin-Round Rock-Georgetown  TX ,1966,1966,442646,25,50,3890,3,9,1172,12,1113,369310,1473,1473,333038,25,50,3890,1,3,505,11,1108,368848
202107,999,12540, ,Bakersfield  CA ,167,167,39044,1,2,293,0,0,0,3,30,4140,39,39,3492,0,0,0,0,0,0,0,0,0
202107,999,12620, ,Bangor  ME ,12,12,2968,0,0,0,0,0,0,0,0,0,8,8,1908,0,0,0,0,0,0,0,0,0
202107,999,12940, ,Baton Rouge  LA ,297,297,67414,1,2,321,0,0,0,0,0,0,198,198,50340,1,2,321,0,0,0,0,0,0
202107,999,13140, ,Beaumont-Port Arthur  TX ,79,79,16042,0,0,0,7,28,2506,0,0,0,79,79,16042,0,0,0,7,28,2506,0,0,0
202107,999,13220,C,Beckley  WV ,8,8,1166,0,0,0,0,0,0,0,0,0,7,7,1013,0,0,0,0,0,0,0,0,0
202107,999,13380, ,Bellingham  WA ,53,53,14593,3,6,1295,1,3,688,3,112,12832,17,17,4610,1,2,524,1,3,688,3,112,12832
202107,999,13740, ,Billings  MT ,40,40,11619,0,0,0,0,0,0,0,0,0,40,40,11619,0,0,0,0,0,0,0,0,0
202107,999,13780, ,Binghamton  NY ,0,0,0,0,0,0,0,0,0,0,0,0,0,0,0,0,0,0,0,0,0,0,0,0
202107,999,13900, ,Bismarck  ND ,44,44,12302,10,20,3769,0,0,0,2,23,2500,43,43,12138,10,20,3769,0,0,0,2,23,2500
202107,999,13980, ,Blacksburg-Christiansburg  VA ,7,7,1935,0,0,0,0,0,0,0,0,0,7,7,1935,0,0,0,0,0,0,0,0,0
202107,999,15260, ,Brunswick  GA ,37,37,11935,2,4,602,0,0,0,1,5,2696,3,3,727,0,0,0,0,0,0,0,0,0
202107,999,16220,C,Casper  WY ,13,13,4466,0,0,0,0,0,0,1,6,598,7,7,2660,0,0,0,0,0,0,0,0,0
202107,999,16580, ,Champaign-Urbana  IL ,5,5,1148,0,0,0,0,0,0,0,0,0,5,5,1148,0,0,0,0,0,0,0,0,0
202107,999,16700,C,Charleston-North Charleston  SC ,562,562,157900,0,0,0,1,3,202,7,218,18193,170,170,61222,0,0,0,0,0,0,0,0,0
202107,999,16820, ,Charlottesville  VA ,74,74,22274,1,2,341,0,0,0,2,33,3235,0,0,0,0,0,0,0,0,0,0,0,0
202107,999,16940, ,Cheyenne  WY ,68,68,6321,0,0,0,0,0,0,0,0,0,68,68,6321,0,0,0,0,0,0,0,0,0
202107,999,17020, ,Chico  CA ,48,48,12032,0,0,0,2,6,736,5,100,12012,42,42,10654,0,0,0,2,6,736,5,100,12012
202107,999,17300,C,Clarksville  TN-KY ,223,223,40532,3,6,753,10,39,3552,13,212,15995,123,123,20869,0,0,0,10,39,3552,11,188,13880
202107,999,17780, ,College Station-Bryan  TX ,135,135,24366,0,0,0,0,0,0,1,22,3000,130,130,23813,0,0,0,0,0,0,1,22,3000
202107,999,17820,C,Colorado Springs  CO ,491,491,168356,0,0,0,0,0,0,4,206,21850,491,491,168356,0,0,0,0,0,0,4,206,21850
202107,999,18880,C,Crestview-Fort Walton Beach-Destin  FL ,334,334,151277,2,4,1296,0,0,0,1,5,1169,329,329,149489,2,4,1296,0,0,0,0,0,0
202107,999,19060, ,Cumberland  MD-WV ,4,4,1135,0,0,0,0,0,0,0,0,0,4,4,1135,0,0,0,0,0,0,0,0,0
202107,999,19180, ,Danville  IL ,0,0,0,0,0,0,0,0,0,0,0,0,0,0,0,0,0,0,0,0,0,0,0,0
202107,999,19500, ,Decatur  IL ,3,3,899,0,0,0,0,0,0,0,0,0,3,3,899,0,0,0,0,0,0,0,0,0
202107,999,20220, ,Dubuque  IA ,8,8,3608,0,0,0,0,0,0,0,0,0,6,6,3045,0,0,0,0,0,0,0,0,0
202107,999,20260, ,Duluth  MN-WI ,6,6,1300,0,0,0,0,0,0,1,6,350,5,5,1050,0,0,0,0,0,0,1,6,350
202107,999,20940, ,El Centro  CA ,19,19,3918,0,0,0,1,4,560,0,0,0,2,2,679,0,0,0,1,4,560,0,0,0
202107,999,21420, ,Enid  OK ,1,1,240,0,0,0,0,0,0,0,0,0,1,1,240,0,0,0,0,0,0,0,0,0
202107,999,21660, ,Eugene-Springfield  OR ,47,47,14015,1,2,130,0,0,0,0,0,0,26,26,8647,1,2,130,0,0,0,0,0,0
202107,999,21780, ,Evansville  IN-KY ,87,87,23117,3,6,1145,0,0,0,1,15,1117,61,61,17668,1,2,295,0,0,0,0,0,0
202107,999,21820,C,Fairbanks  AK ,5,5,1648,0,0,0,3,12,1820,0,0,0,5,5,1648,0,0,0,3,12,1820,0,0,0
202107,999,22140,C,Farmington  NM ,4,4,1047,0,0,0,0,0,0,0,0,0,4,4,1047,0,0,0,0,0,0,0,0,0
202107,999,22220, ,Fayetteville-Springdale-Rogers  AR-MO ,552,552,149342,0,0,0,12,38,3965,6,76,8064,451,451,125520,0,0,0,11,34,3345,2,42,4736
202107,999,22380, ,Flagstaff  AZ ,50,50,20712,0,0,0,0,0,0,2,26,1930,50,50,20712,0,0,0,0,0,0,2,26,1930
202107,999,22500, ,Florence  SC ,41,41,6562,1,2,178,1,3,243,1,10,841,0,0,0,0,0,0,0,0,0,0,0,0
202107,999,22520, ,Florence-Muscle Shoals  AL ,26,26,3292,0,0,0,0,0,0,0,0,0,10,10,1401,0,0,0,0,0,0,0,0,0
202107,999,22540, ,Fond du Lac  WI ,3,3,1020,1,2,840,0,0,0,0,0,0,1,1,265,1,2,840,0,0,0,0,0,0
202107,999,22660,C,Fort Collins  CO ,170,170,57996,0,0,0,0,0,0,1,24,2500,170,170,57996,0,0,0,0,0,0,1,24,2500
202107,999,22900, ,Fort Smith  AR-OK ,44,44,6932,2,4,367,1,3,255,0,0,0,39,39,6422,1,2,197,0,0,0,0,0,0
202107,999,23460, ,Gadsden  AL ,4,4,741,0,0,0,0,0,0,0,0,0,4,4,741,0,0,0,0,0,0,0,0,0
202107,999,24220, ,Grand Forks  ND-MN ,40,40,9616,0,0,0,0,0,0,0,0,0,40,40,9616,0,0,0,0,0,0,0,0,0
202107,999,24260, ,Grand Island  NE ,11,11,2716,0,0,0,0,0,0,2,10,589,11,11,2716,0,0,0,0,0,0,2,10,589
202107,999,24300,C,Grand Junction  CO ,72,72,11174,1,2,221,0,0,0,3,96,6781,72,72,11174,1,2,221,0,0,0,3,96,6781
202107,999,24500,C,Great Falls  MT ,17,17,3521,1,2,329,0,0,0,0,0,0,17,17,3521,1,2,329,0,0,0,0,0,0
202107,999,25060, ,Gulfport-Biloxi  MS ,176,176,33095,0,0,0,1,4,401,1,7,593,72,72,15575,0,0,0,0,0,0,0,0,0
202107,999,25860, ,Hickory-Lenoir-Morganton  NC ,1,1,150,0,0,0,0,0,0,1,7,390,0,0,0,0,0,0,0,0,0,0,0,0
202107,999,25940, ,Hilton Head Island-Bluffton  SC ,114,114,37977,0,0,0,0,0,0,0,0,0,78,78,20951,0,0,0,0,0,0,0,0,0
202107,999,26140, ,Homosassa Springs  FL ,82,82,16824,1,2,55,0,0,0,1,5,432,0,0,0,0,0,0,0,0,0,0,0,0
202107,999,26380, ,Houma-Thibodaux  LA ,38,38,7623,1,2,156,0,0,0,0,0,0,24,24,3855,0,0,0,0,0,0,0,0,0
202107,999,27100, ,Jackson  MI ,1,1,245,0,0,0,0,0,0,0,0,0,1,1,245,0,0,0,0,0,0,0,0,0
202107,999,27340,C,Jacksonville  NC ,159,159,27055,0,0,0,0,0,0,0,0,0,159,159,27055,0,0,0,0,0,0,0,0,0
202107,999,27980,C,Kahului-Wailuku-Lahaina  HI ,44,44,22431,0,0,0,0,0,0,0,0,0,44,44,22431,0,0,0,0,0,0,0,0,0
202107,999,28660,C,Killeen-Temple  TX ,163,163,30993,19,38,3290,0,0,0,27,215,26000,141,141,25832,15,30,2569,0,0,0,27,215,26000
202107,999,29100, ,La Crosse-Onalaska  WI-MN ,18,18,9784,4,8,1575,0,0,0,0,0,0,18,18,9784,4,8,1575,0,0,0,0,0,0
202107,999,29420, ,Lake Havasu City-Kingman  AZ ,76,76,17281,4,8,1466,0,0,0,0,0,0,76,76,17281,4,8,1466,0,0,0,0,0,0
202107,999,29540, ,Lancaster  PA ,4,4,901,0,0,0,0,0,0,0,0,0,1,1,250,0,0,0,0,0,0,0,0,0
202107,999,29620, ,Lansing-East Lansing  MI ,10,10,2747,0,0,0,0,0,0,1,5,568,6,6,2065,0,0,0,0,0,0,0,0,0
202107,999,29700, ,Laredo  TX ,123,123,18264,1,2,113,1,3,408,1,12,734,0,0,0,0,0,0,0,0,0,0,0,0
202107,999,30020, ,Lawton  OK ,4,4,1168,0,0,0,0,0,0,0,0,0,0,0,0,0,0,0,0,0,0,0,0,0
202107,999,30300, ,Lewiston  ID-WA ,0,0,0,0,0,0,0,0,0,0,0,0,0,0,0,0,0,0,0,0,0,0,0,0
202107,999,30860, ,Logan  UT-ID ,28,28,7226,0,0,0,0,0,0,2,10,1443,28,28,7226,0,0,0,0,0,0,2,10,1443
202107,999,30980, ,Longview  TX ,16,16,3480,2,4,393,0,0,0,0,0,0,16,16,3480,2,4,393,0,0,0,0,0,0
202107,999,31340, ,Lynchburg  VA ,16,16,3526,0,0,0,0,0,0,1,9,233,13,13,2968,0,0,0,0,0,0,0,0,0
202107,999,31740, ,Manhattan  KS ,15,15,4227,0,0,0,0,0,0,0,0,0,14,14,3968,0,0,0,0,0,0,0,0,0
202107,999,33540,C,Missoula  MT ,47,47,9425,0,0,0,0,0,0,7,125,6522,47,47,9425,0,0,0,0,0,0,7,125,6522
202107,999,36100, ,Ocala  FL ,393,393,85345,0,0,0,0,0,0,0,0,0,393,393,85345,0,0,0,0,0,0,0,0,0
202107,999,36980, ,Owensboro  KY ,41,41,3854,0,0,0,0,0,0,0,0,0,40,40,3652,0,0,0,0,0,0,0,0,0
202107,999,37340, ,Palm Bay-Melbourne-Titusville  FL ,349,349,106981,0,0,0,0,0,0,0,0,0,347,347,106119,0,0,0,0,0,0,0,0,0
202107,999,37460, ,Panama City  FL ,93,93,28170,0,0,0,0,0,0,2,28,511,16,16,6195,0,0,0,0,0,0,0,0,0
202107,999,37900, ,Peoria  IL ,2,2,465,0,0,0,0,0,0,0,0,0,1,1,290,0,0,0,0,0,0,0,0,0
202107,999,38340, ,Pittsfield  MA ,0,0,0,0,0,0,0,0,0,0,0,0,0,0,0,0,0,0,0,0,0,0,0,0
202107,999,38540, ,Pocatello  ID ,23,23,3954,0,0,0,0,0,0,0,0,0,7,7,853,0,0,0,0,0,0,0,0,0
202107,999,39150, ,Prescott Valley-Prescott  AZ ,130,130,41719,2,4,689,0,0,0,1,6,1083,130,130,41719,2,4,689,0,0,0,1,6,1083
202107,999,40060, ,Richmond  VA ,444,444,114421,25,50,4388,2,7,1715,4,89,6558,410,410,108911,25,50,4388,2,7,1715,3,84,6127
202107,999,41100, ,St. George  UT ,203,203,40996,0,0,0,0,0,0,1,24,2610,197,197,39859,0,0,0,0,0,0,1,24,2610
202107,999,41500, ,Salinas  CA ,24,24,3831,0,0,0,0,0,0,1,5,629,20,20,3030,0,0,0,0,0,0,0,0,0
202107,999,41660,C,San Angelo  TX ,14,14,3045,0,0,0,0,0,0,0,0,0,14,14,3045,0,0,0,0,0,0,0,0,0
202107,999,41740,C,San Diego-Chula Vista-Carlsbad  CA ,225,225,64959,2,4,668,3,12,1512,21,428,55982,225,225,64959,2,4,668,3,12,1512,21,428,55982
202107,999,42020, ,San Luis Obispo-Paso Robles  CA ,13,13,6454,0,0,0,0,0,0,0,0,0,13,13,6454,0,0,0,0,0,0,0,0,0
202107,999,42200, ,Santa Maria-Santa Barbara  CA ,6,6,5950,0,0,0,0,0,0,0,0,0,6,6,5950,0,0,0,0,0,0,0,0,0
202107,999,42540, ,Scranton--Wilkes-Barre  PA ,10,10,1969,0,0,0,0,0,0,0,0,0,9,9,1718,0,0,0,0,0,0,0,0,0
202107,999,43100, ,Sheboygan  WI ,1,1,423,0,0,0,0,0,0,0,0,0,0,0,0,0,0,0,0,0,0,0,0,0
202107,999,43420, ,Sierra Vista-Douglas  AZ ,39,39,5697,0,0,0,0,0,0,0,0,0,38,38,5606,0,0,0,0,0,0,0,0,0
202107,999,43580, ,Sioux City  IA-NE-SD ,13,13,3818,0,0,0,1,3,0,0,0,0,2,2,688,0,0,0,0,0,0,0,0,0
202107,999,43620, ,Sioux Falls  SD ,134,134,31310,2,4,482,0,0,0,1,152,26000,134,134,31310,2,4,482,0,0,0,1,152,26000
202107,999,44140, ,Springfield  MA ,1,1,189,0,0,0,0,0,0,0,0,0,0,0,0,0,0,0,0,0,0,0,0,0
202107,999,44180, ,Springfield  MO ,63,63,22947,3,6,1200,0,0,0,0,0,0,63,63,22947,3,6,1200,0,0,0,0,0,0
202107,999,44940, ,Sumter  SC ,44,44,7029,0,0,0,0,0,0,0,0,0,44,44,7029,0,0,0,0,0,0,0,0,0
202107,999,45220, ,Tallahassee  FL ,118,118,24108,1,2,222,0,0,0,3,92,11757,42,42,9135,0,0,0,0,0,0,0,0,0
202107,999,45300,C,Tampa-St. Petersburg-Clearwater  FL ,1718,1718,426389,1,2,280,0,0,0,2,11,527,1689,1689,420228,0,0,0,0,0,0,1,6,95
202107,999,45460, ,Terre Haute  IN ,4,4,703,1,2,197,0,0,0,0,0,0,2,2,281,0,0,0,0,0,0,0,0,0
202107,999,45500, ,Texarkana  TX-AR ,3,3,692,0,0,0,0,0,0,0,0,0,0,0,0,0,0,0,0,0,0,0,0,0
202107,999,45820, ,Topeka  KS ,27,27,8689,0,0,0,0,0,0,0,0,0,27,27,8689,0,0,0,0,0,0,0,0,0
202107,999,46220, ,Tuscaloosa  AL ,51,51,12767,0,0,0,4,15,992,1,38,6873,11,11,3177,0,0,0,0,0,0,0,0,0
202107,999,46300, ,Twin Falls  ID ,48,48,11631,4,8,1758,0,0,0,0,0,0,48,48,11631,4,8,1758,0,0,0,0,0,0
202107,999,46520,C,Urban Honolulu  HI ,75,75,30103,0,0,0,0,0,0,3,91,16502,0,0,0,0,0,0,0,0,0,0,0,0
202107,999,46540, ,Utica-Rome  NY ,1,1,170,0,0,0,0,0,0,0,0,0,0,0,0,0,0,0,0,0,0,0,0,0
202107,999,46660, ,Valdosta  GA ,123,123,21425,1,2,133,0,0,0,0,0,0,63,63,11305,0,0,0,0,0,0,0,0,0
202107,999,47300, ,Visalia  CA ,110,110,25584,1,2,180,2,8,930,0,0,0,110,110,25584,1,2,180,2,8,930,0,0,0
202107,999,47380, ,Waco  TX ,58,58,4639,0,0,0,0,0,0,0,0,0,58,58,4639,0,0,0,0,0,0,0,0,0
202107,999,47940, ,Waterloo-Cedar Falls  IA ,13,13,4680,0,0,0,0,0,0,0,0,0,13,13,4680,0,0,0,0,0,0,0,0,0
202107,999,48060, ,Watertown-Fort Drum  NY ,12,12,1866,0,0,0,0,0,0,0,0,0,1,1,500,0,0,0,0,0,0,0,0,0
202107,999,48300, ,Wenatchee  WA ,48,48,10962,1,2,388,0,0,0,0,0,0,20,20,5579,1,2,388,0,0,0,0,0,0
202107,999,48540, ,Wheeling  WV-OH ,0,0,0,0,0,0,0,0,0,0,0,0,0,0,0,0,0,0,0,0,0,0,0,0
202107,999,48660, ,Wichita Falls  TX ,1,1,265,0,0,0,0,0,0,0,0,0,1,1,265,0,0,0,0,0,0,0,0,0
202107,999,48900, ,Wilmington  NC ,136,136,44837,1,2,433,0,0,0,3,128,16032,0,0,0,0,0,0,0,0,0,0,0,0
202107,999,49420, ,Yakima  WA ,53,53,12785,2,4,767,0,0,0,0,0,0,53,53,12785,2,4,767,0,0,0,0,0,0
202107,999,49740, ,Yuma  AZ ,65,65,11194,0,0,0,0,0,0,14,128,1216,65,65,11194,0,0,0,0,0,0,14,128,1216
