Survey,CSA,CBSA,MONCOV,CBSA,,1-unit,,,2-units,,,3-4 units,,,5+ units,,,1-unit rep,,,2-units rep,,,3-4 units rep,,,5+ units rep
Date,Code,Code,,Name,Bldgs,Units,Value,Bldgs,Units,Value,Bldgs,Units,Value,Bldgs,Units,Value,Bldgs,Units,Value,Bldgs,Units,Value,      Bldgs,Units,Value,Bldgs,Units,Value
 
202209,104,10580,C,Albany-Schenectady-Troy  NY ,93,93,27722,1,2,700,0,0,0,7,122,20575,61,61,16626,0,0,0,0,0,0,4,105,19123
202209,104,24020,C,Glens Falls  NY ,31,31,9703,1,2,511,0,0,0,0,0,0,23,23,7739,1,2,511,0,0,0,0,0,0
202209,106,10740,C,Albuquerque  NM ,165,165,30464,0,0,0,0,0,0,1,9,375,157,157,28393,0,0,0,0,0,0,0,0,0
202209,106,42140,C,Santa Fe  NM ,12,12,3499,0,0,0,0,0,0,3,59,6493,0,0,0,0,0,0,0,0,0,0,0,0
202209,107,11020,C,Altoona  PA ,10,10,2478,0,0,0,0,0,0,0,0,0,5,5,1065,0,0,0,0,0,0,0,0,0
202209,108,11100,C,Amarillo  TX ,56,56,14331,3,6,781,1,4,601,0,0,0,55,55,14092,3,6,781,1,4,601,0,0,0
202209,118,11540,C,Appleton  WI ,36,36,13325,1,2,450,0,0,0,4,50,4567,30,30,11516,1,2,450,0,0,0,2,32,2964
202209,118,36780,C,Oshkosh-Neenah  WI ,25,25,10856,1,2,346,0,0,0,0,0,0,24,24,10466,1,2,346,0,0,0,0,0,0
202209,120,11700,C,Asheville  NC ,175,175,59018,0,0,0,0,0,0,5,113,11393,27,27,9670,0,0,0,0,0,0,0,0,0
202209,122,12020,C,Athens-Clarke County  GA ,37,37,11451,4,8,1646,0,0,0,0,0,0,9,9,3414,4,8,1646,0,0,0,0,0,0
202209,122,12060,C,Atlanta-Sandy Springs-Alpharetta  GA ,2051,2051,508218,3,6,394,9,29,3714,34,1711,239209,1762,1762,441959,3,6,394,9,29,3714,28,1584,216120
202209,122,23580,C,Gainesville  GA ,85,85,23384,0,0,0,0,0,0,0,0,0,20,20,8069,0,0,0,0,0,0,0,0,0
202209,122,40660,C,Rome  GA ,34,34,4020,0,0,0,0,0,0,0,0,0,34,34,4020,0,0,0,0,0,0,0,0,0
202209,140,13460,C,Bend  OR ,100,100,40467,9,18,4285,0,0,0,1,10,1860,100,100,40467,9,18,4285,0,0,0,1,10,1860
202209,142,13820,C,Birmingham-Hoover  AL ,202,202,61478,4,8,2979,0,0,0,9,315,73796,171,171,53197,3,6,2756,0,0,0,9,315,73796
202209,144,14020,C,Bloomington  IN ,27,27,7337,0,0,0,0,0,0,4,212,23264,11,11,2905,0,0,0,0,0,0,0,0,0
202209,145,14010,C,Bloomington  IL ,13,13,3306,1,2,146,0,0,0,0,0,0,7,7,1763,0,0,0,0,0,0,0,0,0
202209,146,14100,C,Bloomsburg-Berwick  PA ,4,4,1033,0,0,0,0,0,0,1,5,454,0,0,0,0,0,0,0,0,0,0,0,0
202209,147,14260,C,Boise City  ID ,367,367,97995,17,34,5596,11,44,4007,3,64,8875,327,327,83630,17,34,5596,11,44,4007,2,24,3041
202209,148,12700,C,Barnstable Town  MA ,89,89,37983,0,0,0,0,0,0,0,0,0,65,65,24652,0,0,0,0,0,0,0,0,0
202209,148,14460,C,Boston-Cambridge-Newton  MA-NH ,400,400,145617,26,52,13028,9,31,10825,47,793,144921,201,201,84828,19,38,9771,8,28,10053,8,487,111800
202209,148,31700,C,Manchester-Nashua  NH ,40,40,12126,6,12,2717,0,0,0,0,0,0,12,12,4767,5,10,2440,0,0,0,0,0,0
202209,148,39300,C,Providence-Warwick  RI-MA ,155,155,42317,15,30,4913,6,20,2918,2,21,1976,88,88,27203,13,26,3997,6,20,2918,1,16,1519
202209,148,49340,C,Worcester  MA-CT ,109,109,29237,5,10,1929,0,0,0,6,124,29351,65,65,17311,4,8,1676,0,0,0,2,89,24814
202209,150,14540,C,Bowling Green  KY ,41,41,10932,1,2,184,0,0,0,0,0,0,40,40,10782,1,2,184,0,0,0,0,0,0
202209,154,15180,C,Brownsville-Harlingen  TX ,92,92,11939,9,18,1851,2,7,952,3,32,2791,9,9,1741,5,10,1059,0,0,0,0,0,0
202209,160,15380,C,Buffalo-Cheektowaga  NY ,139,139,45757,2,4,828,0,0,0,2,20,6191,128,128,43121,1,2,528,0,0,0,1,8,3500
202209,162,15540,C,Burlington-South Burlington  VT ,27,27,8141,2,4,897,0,0,0,1,6,857,11,11,3284,1,2,600,0,0,0,0,0,0
202209,163,15980,C,Cape Coral-Fort Myers  FL ,597,597,178800,23,46,6258,1,4,770,8,264,31893,596,596,177617,23,46,6258,1,4,770,8,264,31893
202209,163,34940,C,Naples-Marco Island  FL ,249,249,97714,4,8,1432,1,4,1950,3,25,8060,243,243,85458,4,8,1432,1,4,1950,2,16,1505
202209,164,16020,C,Cape Girardeau  MO-IL ,12,12,3488,1,2,477,0,0,0,0,0,0,0,0,0,0,0,0,0,0,0,0,0,0
202209,168,16300,C,Cedar Rapids  IA ,27,27,7333,0,0,0,0,0,0,0,0,0,24,24,6362,0,0,0,0,0,0,0,0,0
202209,168,26980,C,Iowa City  IA ,38,38,13444,1,2,301,0,0,0,2,37,5690,35,35,12736,0,0,0,0,0,0,2,37,5690
202209,170,16620,C,Charleston  WV ,14,14,2189,0,0,0,0,0,0,0,0,0,11,11,2052,0,0,0,0,0,0,0,0,0
202209,170,26580,C,Huntington-Ashland  WV-KY-OH ,17,17,3288,0,0,0,0,0,0,0,0,0,1,1,75,0,0,0,0,0,0,0,0,0
202209,172,16740,C,Charlotte-Concord-Gastonia  NC-SC ,1278,1278,343093,1,2,362,0,0,0,11,480,45538,1106,1106,292838,1,2,362,0,0,0,8,419,38126
202209,174,16860,C,Chattanooga  TN-GA ,191,191,41606,21,42,3044,2,6,418,3,58,5791,150,150,31997,17,34,2469,0,0,0,0,0,0
202209,174,17420,C,Cleveland  TN ,45,45,12128,0,0,0,0,0,0,0,0,0,15,15,5067,0,0,0,0,0,0,0,0,0
202209,174,19140,C,Dalton  GA ,29,29,1675,3,6,410,0,0,0,0,0,0,29,29,1675,3,6,410,0,0,0,0,0,0
202209,176,16980,C,Chicago-Naperville-Elgin  IL-IN-WI ,630,630,215439,22,44,9056,20,66,12875,21,1341,80130,547,547,192440,21,42,8781,20,66,12875,13,1280,71015
202209,176,28100,C,Kankakee  IL ,11,11,3209,0,0,0,0,0,0,0,0,0,9,9,2609,0,0,0,0,0,0,0,0,0
202209,176,33140,C,Michigan City-La Porte  IN ,9,9,2800,0,0,0,0,0,0,0,0,0,0,0,0,0,0,0,0,0,0,0,0,0
202209,178,17140,C,Cincinnati  OH-KY-IN ,271,271,90594,8,16,2175,3,12,778,9,134,12581,236,236,82171,8,16,2175,3,12,778,7,100,10000
202209,184,10420,C,Akron  OH ,51,51,20351,0,0,0,3,10,3980,4,25,2600,41,41,16895,0,0,0,2,7,1842,2,12,1761
202209,184,15940,C,Canton-Massillon  OH ,114,114,19182,1,2,200,1,3,154,2,10,768,110,110,18715,1,2,200,0,0,0,0,0,0
202209,184,17460,C,Cleveland-Elyria  OH ,215,215,71178,2,4,611,5,19,2208,5,35,6288,188,188,65118,1,2,600,4,16,2000,5,35,6288
202209,190,17860,C,Columbia  MO ,71,71,23722,0,0,0,0,0,0,1,5,955,69,69,23344,0,0,0,0,0,0,1,5,955
202209,192,17900,C,Columbia  SC ,349,349,82478,0,0,0,0,0,0,1,8,1625,113,113,26802,0,0,0,0,0,0,0,0,0
202209,194,12220,C,Auburn-Opelika  AL ,95,95,28027,1,2,421,1,3,345,2,26,3146,24,24,8952,0,0,0,0,0,0,0,0,0
202209,194,17980,C,Columbus  GA-AL ,38,38,8189,2,4,295,0,0,0,0,0,0,37,37,7991,2,4,295,0,0,0,0,0,0
202209,198,18140,C,Columbus  OH ,428,428,143058,12,24,2503,4,16,1980,42,557,44053,339,339,116287,11,22,2467,4,16,1980,40,527,42911
202209,204,18580,C,Corpus Christi  TX ,124,124,32157,0,0,0,1,3,300,1,25,1858,81,81,20602,0,0,0,0,0,0,0,0,0
202209,206,19100,C,Dallas-Fort Worth-Arlington  TX ,3252,3252,826054,21,42,5294,10,39,4816,24,1545,196382,2637,2637,671989,19,38,4693,0,0,0,21,1506,192013
202209,206,43300,C,Sherman-Denison  TX ,69,69,15804,0,0,0,0,0,0,1,10,877,41,41,10404,0,0,0,0,0,0,0,0,0
202209,209,19340,C,Davenport-Moline-Rock Island  IA-IL ,24,24,6760,0,0,0,2,6,760,1,5,524,13,13,4572,0,0,0,1,3,510,0,0,0
202209,212,19430,C,Dayton-Kettering  OH ,82,82,31038,0,0,0,2,6,1600,2,193,15046,45,45,17403,0,0,0,2,6,1600,1,158,10800
202209,212,44220,C,Springfield  OH ,8,8,3707,0,0,0,0,0,0,1,6,771,8,8,3707,0,0,0,0,0,0,1,6,771
202209,216,14500,C,Boulder  CO ,66,66,37271,1,2,602,1,3,853,5,129,24559,64,64,34828,1,2,602,0,0,0,4,106,17876
202209,216,19740,C,Denver-Aurora-Lakewood  CO ,604,604,188279,0,0,0,8,27,6813,19,1382,231345,588,588,181157,0,0,0,8,27,6813,17,1282,217046
202209,216,24540,C,Greeley  CO ,173,173,46733,4,8,1397,2,6,1371,9,300,41189,110,110,30817,0,0,0,1,3,914,8,273,37265
202209,218,11180,C,Ames  IA ,35,35,6235,0,0,0,4,12,1145,2,16,2099,29,29,4491,0,0,0,4,12,1145,2,16,2099
202209,218,19780,C,Des Moines-West Des Moines  IA ,276,276,90303,0,0,0,1,3,630,4,210,28906,251,251,81780,0,0,0,0,0,0,3,204,28109
202209,220,11460,C,Ann Arbor  MI ,43,43,19177,0,0,0,0,0,0,0,0,0,31,31,16060,0,0,0,0,0,0,0,0,0
202209,220,19820,C,Detroit-Warren-Dearborn  MI ,395,395,141197,1,2,424,6,21,3987,12,170,25286,312,312,116085,1,2,424,3,11,2890,10,160,23363
202209,220,22420,C,Flint  MI ,23,23,7007,0,0,0,0,0,0,0,0,0,15,15,5021,0,0,0,0,0,0,0,0,0
202209,220,33780,C,Monroe  MI ,15,15,3706,0,0,0,0,0,0,0,0,0,7,7,1825,0,0,0,0,0,0,0,0,0
202209,222,20020,C,Dothan  AL ,17,17,4700,0,0,0,0,0,0,0,0,0,7,7,2423,0,0,0,0,0,0,0,0,0
202209,232,20740,C,Eau Claire  WI ,29,29,9924,14,28,5521,0,0,0,3,60,8018,22,22,7880,9,18,3651,0,0,0,1,10,1600
202209,236,21300,C,Elmira  NY ,3,3,537,0,0,0,0,0,0,1,5,560,0,0,0,0,0,0,0,0,0,0,0,0
202209,238,21340,C,El Paso  TX ,177,177,41530,6,12,1541,1,3,396,2,21,2469,18,18,4612,0,0,0,0,0,0,0,0,0
202209,238,29740,C,Las Cruces  NM ,88,88,7320,0,0,0,1,4,16,0,0,0,63,63,247,0,0,0,1,4,16,0,0,0
202209,240,21500,C,Erie  PA ,17,17,5251,0,0,0,0,0,0,0,0,0,12,12,4131,0,0,0,0,0,0,0,0,0
202209,244,22020,C,Fargo  ND-MN ,133,133,47329,0,0,0,0,0,0,0,0,0,131,131,46783,0,0,0,0,0,0,0,0,0
202209,246,22180,C,Fayetteville  NC ,169,169,38081,0,0,0,0,0,0,0,0,0,108,108,29266,0,0,0,0,0,0,0,0,0
202209,258,23060,C,Fort Wayne  IN ,113,113,32413,8,16,1401,0,0,0,0,0,0,3,3,1301,0,0,0,0,0,0,0,0,0
202209,260,23420,C,Fresno  CA ,234,234,78779,0,0,0,0,0,0,0,0,0,215,215,72623,0,0,0,0,0,0,0,0,0
202209,260,25260,C,Hanford-Corcoran  CA ,54,54,16440,0,0,0,0,0,0,0,0,0,48,48,15066,0,0,0,0,0,0,0,0,0
202209,260,31460,C,Madera  CA ,32,32,8544,0,0,0,0,0,0,0,0,0,32,32,8544,0,0,0,0,0,0,0,0,0
202209,264,23540,C,Gainesville  FL ,81,81,19037,0,0,0,0,0,0,1,116,3950,4,4,826,0,0,0,0,0,0,0,0,0
202209,266,24340,C,Grand Rapids-Kentwood  MI ,166,166,55680,5,10,1958,1,3,560,3,33,3647,129,129,42145,2,4,1050,0,0,0,2,16,1740
202209,266,34740,C,Muskegon  MI ,27,27,7668,0,0,0,0,0,0,0,0,0,21,21,6487,0,0,0,0,0,0,0,0,0
202209,267,24580,C,Green Bay  WI ,57,57,21187,1,2,500,0,0,0,1,10,683,48,48,18215,0,0,0,0,0,0,0,0,0
202209,268,15500,C,Burlington  NC ,137,137,20598,0,0,0,0,0,0,1,7,971,137,137,20598,0,0,0,0,0,0,1,7,971
202209,268,24660,C,Greensboro-High Point  NC ,128,128,36309,0,0,0,0,0,0,1,33,4904,59,59,14971,0,0,0,0,0,0,1,33,4904
202209,268,49180,C,Winston-Salem  NC ,309,309,79998,0,0,0,0,0,0,1,5,197,233,233,59478,0,0,0,0,0,0,0,0,0
202209,272,24780,C,Greenville  NC ,41,41,7927,0,0,0,0,0,0,8,192,23405,16,16,2192,0,0,0,0,0,0,8,192,23405
202209,273,24860,C,Greenville-Anderson  SC ,476,476,147357,1,2,792,2,7,2174,0,0,0,449,449,138832,1,2,792,2,7,2174,0,0,0
202209,273,43900,C,Spartanburg  SC ,160,160,32073,0,0,0,0,0,0,0,0,0,157,157,31363,0,0,0,0,0,0,0,0,0
202209,276,23900,C,Gettysburg  PA ,36,36,14389,0,0,0,0,0,0,0,0,0,36,36,14389,0,0,0,0,0,0,0,0,0
202209,276,25420,C,Harrisburg-Carlisle  PA ,96,96,26737,1,2,336,0,0,0,1,5,597,58,58,17106,0,0,0,0,0,0,0,0,0
202209,276,30140,C,Lebanon  PA ,20,20,4723,0,0,0,0,0,0,1,5,876,2,2,1070,0,0,0,0,0,0,0,0,0
202209,276,49620,C,York-Hanover  PA ,68,68,14727,0,0,0,0,0,0,2,31,1363,39,39,9443,0,0,0,0,0,0,1,24,845
202209,277,25500,C,Harrisonburg  VA ,47,47,12028,0,0,0,0,0,0,0,0,0,47,47,12028,0,0,0,0,0,0,0,0,0
202209,277,44420,C,Staunton  VA ,52,52,11527,1,2,210,0,0,0,0,0,0,52,52,11527,1,2,210,0,0,0,0,0,0
202209,278,25540,C,Hartford-East Hartford-Middletown  CT ,64,64,18874,1,2,300,0,0,0,4,21,1770,39,39,12342,1,2,300,0,0,0,0,0,0
202209,278,35980,C,Norwich-New London  CT ,31,31,7170,1,2,194,0,0,0,0,0,0,18,18,4109,0,0,0,0,0,0,0,0,0
202209,279,25620,C,Hattiesburg  MS ,7,7,1374,0,0,0,1,3,125,0,0,0,0,0,0,0,0,0,0,0,0,0,0,0
202209,284,26300,C,Hot Springs  AR ,1,1,25,0,0,0,0,0,0,0,0,0,1,1,25,0,0,0,0,0,0,0,0,0
202209,288,26420,C,Houston-The Woodlands-Sugar Land  TX ,3147,3147,826570,27,54,2223,0,0,0,75,2998,351584,2979,2979,782847,22,44,939,0,0,0,73,2983,350529
202209,290,19460,C,Decatur  AL ,24,24,6939,0,0,0,0,0,0,0,0,0,23,23,6817,0,0,0,0,0,0,0,0,0
202209,290,26620,C,Huntsville  AL ,268,268,44476,0,0,0,0,0,0,6,30,3648,150,150,16161,0,0,0,0,0,0,6,30,3648
202209,292,26820,C,Idaho Falls  ID ,71,71,18004,0,0,0,0,0,0,0,0,0,68,68,16763,0,0,0,0,0,0,0,0,0
202209,294,18020,C,Columbus  IN ,11,11,7856,0,0,0,0,0,0,0,0,0,11,11,7856,0,0,0,0,0,0,0,0,0
202209,294,26900,C,Indianapolis-Carmel-Anderson  IN ,847,847,237223,5,10,1014,16,55,6699,11,576,48943,773,773,217687,4,8,715,16,55,6699,9,528,44409
202209,294,34620,C,Muncie  IN ,13,13,1625,0,0,0,0,0,0,1,5,596,11,11,1042,0,0,0,0,0,0,0,0,0
202209,296,27060,C,Ithaca  NY ,13,13,3916,0,0,0,0,0,0,1,5,342,7,7,2000,0,0,0,0,0,0,0,0,0
202209,297,27180,C,Jackson  TN ,43,43,10921,1,2,160,0,0,0,0,0,0,17,17,5144,1,2,160,0,0,0,0,0,0
202209,298,27140,C,Jackson  MS ,82,82,25222,0,0,0,0,0,0,0,0,0,59,59,18897,0,0,0,0,0,0,0,0,0
202209,300,27260,C,Jacksonville  FL ,1041,1041,261648,1,2,150,2,8,450,14,1127,182737,1034,1034,258674,1,2,150,2,8,450,14,1127,182737
202209,304,27740,C,Johnson City  TN ,55,55,14246,0,0,0,0,0,0,3,21,2116,44,44,12730,0,0,0,0,0,0,3,21,2116
202209,304,28700,C,Kingsport-Bristol  TN-VA ,46,46,10393,0,0,0,0,0,0,1,10,1000,34,34,8846,0,0,0,0,0,0,1,10,1000
202209,306,27780,C,Johnstown  PA ,7,7,1871,0,0,0,0,0,0,0,0,0,0,0,0,0,0,0,0,0,0,0,0,0
202209,308,27860,C,Jonesboro  AR ,49,49,7246,5,10,763,7,25,1441,3,16,708,12,12,1696,1,2,110,3,11,716,1,6,140
202209,309,27900,C,Joplin  MO ,46,46,7281,6,12,1704,0,0,0,1,5,225,34,34,5563,6,12,1704,0,0,0,0,0,0
202209,310,12980,C,Battle Creek  MI ,4,4,584,0,0,0,0,0,0,0,0,0,0,0,0,0,0,0,0,0,0,0,0,0
202209,310,28020,C,Kalamazoo-Portage  MI ,27,27,8391,0,0,0,12,48,5396,7,40,5279,15,15,3841,0,0,0,12,48,5396,7,40,5279
202209,312,28140,C,Kansas City  MO-KS ,344,344,126369,9,18,4598,14,47,7855,21,603,89387,251,251,93574,5,10,1694,14,47,7855,19,546,82180
202209,312,29940,C,Lawrence  KS ,12,12,4888,0,0,0,0,0,0,8,158,19378,7,7,3048,0,0,0,0,0,0,8,158,19378
202209,312,41140,C,St. Joseph  MO-KS ,7,7,1547,0,0,0,0,0,0,0,0,0,4,4,925,0,0,0,0,0,0,0,0,0
202209,313,28420,C,Kennewick-Richland  WA ,87,87,25573,2,4,953,2,8,1122,0,0,0,25,25,7191,0,0,0,2,8,1122,0,0,0
202209,313,47460,C,Walla Walla  WA ,10,10,2790,2,4,591,0,0,0,0,0,0,9,9,2495,2,4,591,0,0,0,0,0,0
202209,315,28940,C,Knoxville  TN ,269,269,75580,3,6,1335,0,0,0,2,34,2663,181,181,56565,3,6,1335,0,0,0,0,0,0
202209,315,34100,C,Morristown  TN ,53,53,12886,0,0,0,0,0,0,0,0,0,26,26,5542,0,0,0,0,0,0,0,0,0
202209,316,29020,C,Kokomo  IN ,4,4,1138,0,0,0,0,0,0,0,0,0,3,3,832,0,0,0,0,0,0,0,0,0
202209,318,29180,C,Lafayette  LA ,126,126,30014,0,0,0,0,0,0,0,0,0,93,93,23739,0,0,0,0,0,0,0,0,0
202209,320,29200,C,Lafayette-West Lafayette  IN ,36,36,9792,0,0,0,1,3,230,3,294,54348,3,3,712,0,0,0,0,0,0,1,235,47678
202209,324,29340,C,Lake Charles  LA ,76,76,15325,1,2,97,0,0,0,0,0,0,45,45,8774,0,0,0,0,0,0,0,0,0
202209,332,29820,C,Las Vegas-Henderson-Paradise  NV ,559,559,157621,7,14,2458,6,20,2508,16,342,62293,557,557,156926,7,14,2458,6,20,2508,16,342,62293
202209,336,30460,C,Lexington-Fayette  KY ,98,98,24366,1,2,260,1,3,440,3,99,9637,43,43,11939,1,2,260,0,0,0,0,0,0
202209,338,30620,C,Lima  OH ,9,9,2077,0,0,0,0,0,0,1,7,818,5,5,1090,0,0,0,0,0,0,0,0,0
202209,339,30700,C,Lincoln  NE ,88,88,25975,2,4,759,0,0,0,4,142,20127,7,7,2005,1,2,400,0,0,0,0,0,0
202209,340,30780,C,Little Rock-North Little Rock-Conway  AR ,141,141,31608,2,4,410,0,0,0,0,0,0,132,132,30427,2,4,410,0,0,0,0,0,0
202209,340,38220,C,Pine Bluff  AR ,5,5,967,0,0,0,0,0,0,0,0,0,3,3,620,0,0,0,0,0,0,0,0,0
202209,348,31080,C,Los Angeles-Long Beach-Anaheim  CA ,767,767,219865,72,144,31125,7,22,6013,49,2499,413165,617,617,173050,67,134,28837,5,16,4684,36,2332,384612
202209,348,37100,C,Oxnard-Thousand Oaks-Ventura  CA ,56,56,18206,0,0,0,7,27,6306,8,143,17914,35,35,11570,0,0,0,7,27,6306,8,143,17914
202209,348,40140,C,Riverside-San Bernardino-Ontario  CA ,737,737,217913,9,18,810,2,7,1468,12,141,20561,577,577,164983,9,18,810,1,4,960,7,66,12092
202209,350,21060,C,Elizabethtown-Fort Knox  KY ,41,41,9735,14,28,5140,3,12,1197,13,248,31900,41,41,9735,14,28,5140,3,12,1197,13,248,31900
202209,350,31140,C,Louisville-Jefferson County  KY-IN ,264,264,74394,3,6,1368,0,0,0,2,47,3670,162,162,50723,2,4,1043,0,0,0,0,0,0
202209,352,31180,C,Lubbock  TX ,114,114,33952,10,20,2548,0,0,0,29,243,28427,96,96,28521,10,20,2548,0,0,0,29,243,28427
202209,356,31420,C,Macon-Bibb County  GA ,31,31,6271,0,0,0,0,0,0,0,0,0,20,20,4338,0,0,0,0,0,0,0,0,0
202209,356,47580,C,Warner Robins  GA ,87,87,16397,0,0,0,0,0,0,7,280,20000,70,70,12344,0,0,0,0,0,0,7,280,20000
202209,357,27500,C,Janesville-Beloit  WI ,29,29,7236,1,2,550,0,0,0,0,0,0,18,18,4644,1,2,550,0,0,0,0,0,0
202209,357,31540,C,Madison  WI ,144,144,50288,13,26,6788,0,0,0,6,611,104176,115,115,41221,9,18,4843,0,0,0,4,541,93000
202209,359,31860,C,Mankato  MN ,16,16,5095,1,2,675,0,0,0,2,22,2492,2,2,552,0,0,0,0,0,0,0,0,0
202209,360,31900,C,Mansfield  OH ,10,10,3191,0,0,0,4,12,1000,0,0,0,10,10,3191,0,0,0,4,12,1000,0,0,0
202209,365,32580,C,McAllen-Edinburg-Mission  TX ,315,315,71506,8,16,1212,13,51,3680,3,32,1445,230,230,56026,0,0,0,12,48,3540,3,32,1445
202209,366,24420,C,Grants Pass  OR ,14,14,3475,1,2,461,0,0,0,0,0,0,5,5,1562,1,2,461,0,0,0,0,0,0
202209,366,32780,C,Medford  OR ,32,32,9174,0,0,0,0,0,0,1,6,807,29,29,8470,0,0,0,0,0,0,0,0,0
202209,368,32820,C,Memphis  TN-MS-AR ,268,268,69369,0,0,0,0,0,0,1,294,50000,239,239,63245,0,0,0,0,0,0,1,294,50000
202209,370,33100,C,Miami-Fort Lauderdale-Pompano Beach  FL ,558,558,273665,13,26,6297,1,4,481,37,1306,196435,492,492,241895,13,26,6297,1,4,481,25,1121,154315
202209,370,38940,C,Port St. Lucie  FL ,354,354,94015,21,42,7572,4,16,1095,2,16,2788,338,338,89703,20,40,7237,4,16,1095,1,5,1207
202209,370,42680,C,Sebastian-Vero Beach  FL ,89,89,36155,0,0,0,1,3,202,0,0,0,10,10,3057,0,0,0,0,0,0,0,0,0
202209,372,33260,C,Midland  TX ,34,34,11726,0,0,0,0,0,0,0,0,0,34,34,11726,0,0,0,0,0,0,0,0,0
202209,372,36220,C,Odessa  TX ,84,84,19998,0,0,0,0,0,0,1,5,599,0,0,0,0,0,0,0,0,0,0,0,0
202209,376,33340,C,Milwaukee-Waukesha  WI ,132,132,57667,9,18,5207,0,0,0,8,150,32335,90,90,39338,7,14,4093,0,0,0,6,130,29896
202209,376,39540,C,Racine  WI ,10,10,3983,1,2,660,0,0,0,0,0,0,8,8,3353,1,2,660,0,0,0,0,0,0
202209,378,33460,C,Minneapolis-St. Paul-Bloomington  MN-WI ,600,600,235727,4,8,1979,6,22,6170,25,1375,212021,546,546,216211,4,8,1979,6,22,6170,17,1117,170433
202209,378,41060,C,St. Cloud  MN ,38,38,11837,1,2,299,0,0,0,0,0,0,22,22,8007,0,0,0,0,0,0,0,0,0
202209,380,19300,C,Daphne-Fairhope-Foley  AL ,329,329,102612,11,22,3794,0,0,0,0,0,0,317,317,100660,11,22,3794,0,0,0,0,0,0
202209,380,33660,C,Mobile  AL ,75,75,18886,0,0,0,0,0,0,0,0,0,72,72,18471,0,0,0,0,0,0,0,0,0
202209,384,33740,C,Monroe  LA ,31,31,6829,0,0,0,1,4,629,2,14,1682,8,8,1535,0,0,0,0,0,0,0,0,0
202209,388,33860,C,Montgomery  AL ,29,29,6014,0,0,0,0,0,0,0,0,0,12,12,3094,0,0,0,0,0,0,0,0,0
202209,390,34060,C,Morgantown  WV ,1,1,137,0,0,0,0,0,0,0,0,0,0,0,0,0,0,0,0,0,0,0,0,0
202209,396,34820,C,Myrtle Beach-Conway-North Myrtle Beach  SC-NC ,756,756,172489,5,10,1302,1,4,343,2,32,2200,662,662,143949,5,10,1302,1,4,343,0,0,0
202209,400,34980,C,Nashville-Davidson--Murfreesboro--Franklin  TN ,1187,1187,348904,1,2,487,1,4,446,3,17,2144,1090,1090,317591,1,2,487,0,0,0,0,0,0
202209,404,35100,C,New Bern  NC ,34,34,10098,0,0,0,0,0,0,0,0,0,15,15,4444,0,0,0,0,0,0,0,0,0
202209,406,25220,C,Hammond  LA ,65,65,10635,1,2,100,0,0,0,1,60,5942,56,56,9125,0,0,0,0,0,0,0,0,0
202209,406,35380,C,New Orleans-Metairie  LA ,243,243,85903,12,24,2699,1,3,612,1,61,11003,167,167,66415,0,0,0,0,0,0,0,0,0
202209,408,14860,C,Bridgeport-Stamford-Norwalk  CT ,40,40,30275,1,2,145,0,0,0,3,90,8606,22,22,13852,1,2,145,0,0,0,2,83,8232
202209,408,20700,C,East Stroudsburg  PA ,23,23,7299,0,0,0,0,0,0,0,0,0,8,8,3211,0,0,0,0,0,0,0,0,0
202209,408,28740,C,Kingston  NY ,27,27,8562,0,0,0,0,0,0,0,0,0,23,23,7255,0,0,0,0,0,0,0,0,0
202209,408,35300,C,New Haven-Milford  CT ,66,66,36003,0,0,0,0,0,0,2,10,642,45,45,32140,0,0,0,0,0,0,0,0,0
202209,408,35620,C,New York-Newark-Jersey City  NY-NJ-PA ,1079,1079,340041,46,92,11668,14,46,4656,131,2221,256748,790,790,264764,38,76,10135,8,27,2886,75,1665,194760
202209,408,39100,C,Poughkeepsie-Newburgh-Middletown  NY ,67,67,22444,0,0,0,1,4,995,1,5,718,19,19,5863,0,0,0,1,4,995,0,0,0
202209,408,45940,C,Trenton-Princeton  NJ ,8,8,1263,0,0,0,0,0,0,7,58,6730,4,4,657,0,0,0,0,0,0,6,53,6373
202209,412,35840,C,North Port-Sarasota-Bradenton  FL ,704,704,240585,5,10,2321,1,4,700,15,686,91951,661,661,228516,1,2,563,1,4,700,15,686,91951
202209,412,39460,C,Punta Gorda  FL ,211,211,62050,12,24,3718,2,8,2280,4,109,17720,0,0,0,0,0,0,0,0,0,0,0,0
202209,416,36420,C,Oklahoma City  OK ,356,356,119828,12,24,3659,0,0,0,1,18,2340,267,267,98123,10,20,3355,0,0,0,0,0,0
202209,420,36540,C,Omaha-Council Bluffs  NE-IA ,194,194,47612,0,0,0,1,3,761,7,199,15435,164,164,39983,0,0,0,1,3,761,5,189,14382
202209,422,19660,C,Deltona-Daytona Beach-Ormond Beach  FL ,581,581,181261,12,24,4583,0,0,0,3,44,4881,489,489,154831,10,20,3842,0,0,0,0,0,0
202209,422,29460,C,Lakeland-Winter Haven  FL ,505,505,156725,3,6,1130,0,0,0,9,273,23233,431,431,138923,3,6,1130,0,0,0,9,273,23233
202209,422,36740,C,Orlando-Kissimmee-Sanford  FL ,913,913,255055,9,18,2789,0,0,0,27,1753,239920,746,746,206665,9,18,2789,0,0,0,24,1682,235006
202209,422,45540,C,The Villages  FL ,246,246,65658,0,0,0,0,0,0,3,65,14549,0,0,0,0,0,0,0,0,0,0,0,0
202209,425,37620,C,Parkersburg-Vienna  WV ,7,7,1679,0,0,0,0,0,0,0,0,0,5,5,1336,0,0,0,0,0,0,0,0,0
202209,426,37860,C,Pensacola-Ferry Pass-Brent  FL ,271,271,70286,0,0,0,0,0,0,0,0,0,271,271,70286,0,0,0,0,0,0,0,0,0
202209,428,12100,C,Atlantic City-Hammonton  NJ ,30,30,8131,0,0,0,0,0,0,7,133,14176,24,24,6789,0,0,0,0,0,0,5,120,13097
202209,428,20100,C,Dover  DE ,56,56,9228,0,0,0,0,0,0,0,0,0,54,54,8798,0,0,0,0,0,0,0,0,0
202209,428,36140,C,Ocean City  NJ ,65,65,30492,13,26,5796,0,0,0,1,7,493,60,60,29260,12,24,5611,0,0,0,1,7,493
202209,428,37980,C,Philadelphia-Camden-Wilmington  PA-NJ-DE-MD ,570,570,115408,7,14,2145,12,40,4215,40,451,51195,334,334,72053,5,10,1885,11,37,3765,22,339,38709
202209,428,39740,C,Reading  PA ,21,21,4986,0,0,0,0,0,0,1,5,658,7,7,1379,0,0,0,0,0,0,0,0,0
202209,428,47220,C,Vineland-Bridgeton  NJ ,11,11,1679,0,0,0,0,0,0,0,0,0,11,11,1679,0,0,0,0,0,0,0,0,0
202209,429,38060,C,Phoenix-Mesa-Chandler  AZ ,1485,1485,391456,49,98,15381,7,24,4386,47,1596,247416,1238,1238,326419,49,98,15381,7,24,4386,45,1426,219436
202209,430,38300,C,Pittsburgh  PA ,247,247,73639,1,2,182,3,9,457,3,41,5189,96,96,35284,0,0,0,0,0,0,0,0,0
202209,430,48260,C,Weirton-Steubenville  WV-OH ,2,2,595,0,0,0,0,0,0,0,0,0,2,2,595,0,0,0,0,0,0,0,0,0
202209,438,30340,C,Lewiston-Auburn  ME ,12,12,2475,0,0,0,0,0,0,0,0,0,5,5,650,0,0,0,0,0,0,0,0,0
202209,438,38860,C,Portland-South Portland  ME ,177,177,57037,4,8,1182,2,6,500,3,55,6307,48,48,18699,2,4,650,1,3,250,1,45,5123
202209,440,10540,C,Albany-Lebanon  OR ,18,18,4700,1,2,423,0,0,0,1,5,683,8,8,2277,1,2,423,0,0,0,0,0,0
202209,440,18700,C,Corvallis  OR ,5,5,2139,1,2,456,0,0,0,0,0,0,5,5,2139,1,2,456,0,0,0,0,0,0
202209,440,31020,C,Longview  WA ,20,20,5894,0,0,0,0,0,0,3,36,4648,20,20,5894,0,0,0,0,0,0,3,36,4648
202209,440,38900,C,Portland-Vancouver-Hillsboro  OR-WA ,400,400,138427,3,6,1172,2,8,1880,31,1072,163257,297,297,106809,3,6,1172,2,8,1880,26,958,149791
202209,440,41420,C,Salem  OR ,59,59,17564,2,4,943,1,3,574,14,306,38496,27,27,8830,1,2,519,0,0,0,11,264,34162
202209,444,39380,C,Pueblo  CO ,39,39,6311,0,0,0,0,0,0,0,0,0,0,0,0,0,0,0,0,0,0,0,0,0
202209,450,20500,C,Durham-Chapel Hill  NC ,224,224,73700,2,4,615,0,0,0,4,183,24598,46,46,18158,1,2,340,0,0,0,0,0,0
202209,450,39580,C,Raleigh-Cary  NC ,890,890,229611,5,10,2097,2,8,1832,19,933,142908,890,890,229611,5,10,2097,2,8,1832,19,933,142908
202209,452,39660,C,Rapid City  SD ,54,54,16718,0,0,0,0,0,0,1,15,1200,52,52,16091,0,0,0,0,0,0,1,15,1200
202209,454,39820,C,Redding  CA ,30,30,10199,0,0,0,0,0,0,0,0,0,22,22,7905,0,0,0,0,0,0,0,0,0
202209,456,16180,C,Carson City  NV ,11,11,2906,0,0,0,0,0,0,1,9,899,0,0,0,0,0,0,0,0,0,0,0,0
202209,456,39900,C,Reno  NV ,129,129,35233,6,12,1685,1,4,528,31,485,59719,20,20,4392,4,8,1267,0,0,0,21,252,30067
202209,462,40340,C,Rochester  MN ,38,38,11954,0,0,0,0,0,0,2,184,25222,26,26,9233,0,0,0,0,0,0,2,184,25222
202209,464,40380,C,Rochester  NY ,90,90,25592,4,8,1603,0,0,0,2,46,7133,57,57,16838,4,8,1603,0,0,0,1,41,6800
202209,466,40420,C,Rockford  IL ,10,10,3912,2,4,165,3,9,248,0,0,0,9,9,3812,2,4,165,3,9,248,0,0,0
202209,468,40580,C,Rocky Mount  NC ,35,35,6038,0,0,0,0,0,0,0,0,0,4,4,1590,0,0,0,0,0,0,0,0,0
202209,472,40900,C,Sacramento-Roseville-Folsom  CA ,634,634,188266,2,4,1176,0,0,0,7,274,61938,618,618,183889,2,4,1176,0,0,0,7,274,61938
202209,472,49700,C,Yuba City  CA ,32,32,8140,2,4,306,0,0,0,3,24,2285,27,27,6562,2,4,306,0,0,0,1,12,831
202209,474,13020,C,Bay City  MI ,4,4,1018,0,0,0,0,0,0,0,0,0,1,1,320,0,0,0,0,0,0,0,0,0
202209,474,33220,C,Midland  MI ,8,8,1750,3,6,568,0,0,0,0,0,0,4,4,611,3,6,568,0,0,0,0,0,0
202209,474,40980,C,Saginaw  MI ,16,16,4016,1,2,472,0,0,0,0,0,0,12,12,2990,1,2,472,0,0,0,0,0,0
202209,476,41180,C,St. Louis  MO-IL ,360,360,111989,4,8,1273,0,0,0,9,59,6411,322,322,99689,1,2,342,0,0,0,5,38,3593
202209,480,41540,C,Salisbury  MD-DE ,286,286,46771,4,8,1430,0,0,0,0,0,0,282,282,46283,4,8,1430,0,0,0,0,0,0
202209,482,36260,C,Ogden-Clearfield  UT ,129,129,44051,0,0,0,8,31,4732,6,64,10744,92,92,33536,0,0,0,6,24,3647,3,17,4175
202209,482,39340,C,Provo-Orem  UT ,272,272,86819,17,34,4108,4,15,2215,9,122,18054,264,264,82612,16,32,3439,4,15,2215,9,122,18054
202209,482,41620,C,Salt Lake City  UT ,277,277,70989,2,4,319,5,17,3213,7,602,104535,256,256,64970,0,0,0,2,7,1346,3,243,55393
202209,484,41700,C,San Antonio-New Braunfels  TX ,637,637,161252,1,2,260,1,3,800,31,1142,107639,581,581,149463,1,2,260,1,3,800,31,1142,107639
202209,488,32900,C,Merced  CA ,15,15,5795,0,0,0,0,0,0,0,0,0,2,2,571,0,0,0,0,0,0,0,0,0
202209,488,33700,C,Modesto  CA ,45,45,9336,0,0,0,1,3,527,0,0,0,42,42,8986,0,0,0,1,3,527,0,0,0
202209,488,34900,C,Napa  CA ,27,27,7084,0,0,0,0,0,0,1,83,14353,20,20,4880,0,0,0,0,0,0,0,0,0
202209,488,41860,C,San Francisco-Oakland-Berkeley  CA ,241,241,84264,4,8,2686,1,3,548,15,1347,215650,175,175,62444,3,6,1155,1,3,548,6,1276,200499
202209,488,41940,C,San Jose-Sunnyvale-Santa Clara  CA ,141,141,50458,0,0,0,0,0,0,2,419,139056,123,123,43403,0,0,0,0,0,0,1,407,136180
202209,488,42100,C,Santa Cruz-Watsonville  CA ,17,17,3274,0,0,0,0,0,0,1,8,617,13,13,2852,0,0,0,0,0,0,0,0,0
202209,488,42220,C,Santa Rosa-Petaluma  CA ,76,76,30864,0,0,0,0,0,0,9,137,29066,63,63,27842,0,0,0,0,0,0,7,127,26982
202209,488,44700,C,Stockton  CA ,178,178,69113,5,10,3412,0,0,0,3,77,10918,84,84,41019,5,10,3412,0,0,0,1,22,2373
202209,488,46700,C,Vallejo  CA ,51,51,14391,0,0,0,0,0,0,0,0,0,51,51,14391,0,0,0,0,0,0,0,0,0
202209,496,25980,C,Hinesville  GA ,80,80,19843,0,0,0,0,0,0,0,0,0,59,59,14819,0,0,0,0,0,0,0,0,0
202209,496,42340,C,Savannah  GA ,110,110,33108,0,0,0,0,0,0,0,0,0,70,70,24165,0,0,0,0,0,0,0,0,0
202209,500,14740,C,Bremerton-Silverdale-Port Orchard  WA ,47,47,16731,0,0,0,0,0,0,1,24,3535,47,47,16731,0,0,0,0,0,0,1,24,3535
202209,500,34580,C,Mount Vernon-Anacortes  WA ,10,10,2126,0,0,0,0,0,0,1,24,2240,10,10,2126,0,0,0,0,0,0,0,0,0
202209,500,36500,C,Olympia-Lacey-Tumwater  WA ,29,29,7996,0,0,0,0,0,0,4,34,3855,22,22,6432,0,0,0,0,0,0,3,28,3600
202209,500,42660,C,Seattle-Tacoma-Bellevue  WA ,459,459,170848,35,70,18226,20,69,14146,33,1337,193872,393,393,141786,35,70,18226,20,69,14146,26,1213,176388
202209,508,43340,C,Shreveport-Bossier City  LA ,48,48,15306,0,0,0,0,0,0,0,0,0,30,30,10629,0,0,0,0,0,0,0,0,0
202209,515,21140,C,Elkhart-Goshen  IN ,38,38,13722,0,0,0,0,0,0,0,0,0,37,37,13435,0,0,0,0,0,0,0,0,0
202209,515,35660,C,Niles  MI ,18,18,7022,2,4,660,0,0,0,0,0,0,6,6,3532,2,4,660,0,0,0,0,0,0
202209,515,43780,C,South Bend-Mishawaka  IN-MI ,40,40,18641,0,0,0,0,0,0,0,0,0,34,34,16931,0,0,0,0,0,0,0,0,0
202209,518,17660,C,Coeur dAlene  ID ,94,94,30492,0,0,0,1,3,1257,3,76,7927,50,50,20317,0,0,0,0,0,0,1,16,1194
202209,518,44060,C,Spokane-Spokane Valley  WA ,143,143,41397,1,2,186,0,0,0,6,110,14309,94,94,28265,0,0,0,0,0,0,3,80,10755
202209,522,44100,C,Springfield  IL ,9,9,2474,1,2,342,0,0,0,0,0,0,7,7,1880,1,2,342,0,0,0,0,0,0
202209,524,44300,C,State College  PA ,20,20,6608,0,0,0,1,4,741,1,5,1336,11,11,4305,0,0,0,1,4,741,0,0,0
202209,532,45060,C,Syracuse  NY ,34,34,9300,0,0,0,0,0,0,0,0,0,20,20,6403,0,0,0,0,0,0,0,0,0
202209,534,45780,C,Toledo  OH ,41,41,16739,0,0,0,0,0,0,1,8,1977,39,39,16136,0,0,0,0,0,0,1,8,1977
202209,536,46060,C,Tucson  AZ ,210,210,74657,2,4,475,0,0,0,5,87,13057,106,106,45433,0,0,0,0,0,0,0,0,0
202209,538,46140,C,Tulsa  OK ,248,248,59027,4,8,1027,3,11,1367,6,53,4183,228,228,55131,4,8,1027,3,11,1367,4,41,3260
202209,540,46340,C,Tyler  TX ,76,76,19535,2,4,521,0,0,0,0,0,0,69,69,17679,2,4,521,0,0,0,0,0,0
202209,544,47020,C,Victoria  TX ,5,5,817,0,0,0,0,0,0,0,0,0,3,3,769,0,0,0,0,0,0,0,0,0
202209,545,47260,C,Virginia Beach-Norfolk-Newport News  VA-NC ,242,242,70813,0,0,0,1,3,624,11,215,19135,237,237,70039,0,0,0,1,3,624,11,215,19135
202209,548,12580,C,Baltimore-Columbia-Towson  MD ,176,176,76648,0,0,0,0,0,0,1,11,2283,119,119,63178,0,0,0,0,0,0,0,0,0
202209,548,15680,C,California-Lexington Park  MD ,16,16,6435,0,0,0,0,0,0,0,0,0,16,16,6435,0,0,0,0,0,0,0,0,0
202209,548,16540,C,Chambersburg-Waynesboro  PA ,21,21,5026,1,2,420,1,4,600,0,0,0,16,16,3855,1,2,420,1,4,600,0,0,0
202209,548,25180,C,Hagerstown-Martinsburg  MD-WV ,64,64,17665,9,18,2609,0,0,0,0,0,0,59,59,16674,9,18,2609,0,0,0,0,0,0
202209,548,47900,C,Washington-Arlington-Alexandria  DC-VA-MD-WV ,837,837,230106,3,6,781,0,0,0,31,2788,393693,752,752,204907,3,6,781,0,0,0,23,2329,332063
202209,548,49020,C,Winchester  VA-WV ,42,42,15375,0,0,0,0,0,0,0,0,0,42,42,15375,0,0,0,0,0,0,0,0,0
202209,554,48140,C,Wausau-Weston  WI ,28,28,8194,1,2,250,0,0,0,0,0,0,17,17,4935,1,2,250,0,0,0,0,0,0
202209,556,48620,C,Wichita  KS ,109,109,40647,37,74,8520,2,7,1260,1,24,1901,28,28,7892,17,34,4620,2,7,1260,1,24,1901
202209,558,48700,C,Williamsport  PA ,3,3,663,0,0,0,0,0,0,0,0,0,0,0,0,0,0,0,0,0,0,0,0,0
202209,566,49660,C,Youngstown-Warren-Boardman  OH-PA ,24,24,5801,0,0,0,0,0,0,0,0,0,13,13,3610,0,0,0,0,0,0,0,0,0
202209,999,10180,C,Abilene  TX ,34,34,8602,2,4,451,0,0,0,0,0,0,34,34,8602,2,4,451,0,0,0,0,0,0
202209,999,10500,C,Albany  GA ,17,17,2657,0,0,0,0,0,0,0,0,0,13,13,1705,0,0,0,0,0,0,0,0,0
202209,999,10780,C,Alexandria  LA ,29,29,7816,0,0,0,0,0,0,0,0,0,24,24,6499,0,0,0,0,0,0,0,0,0
202209,999,10900,C,Allentown-Bethlehem-Easton  PA-NJ ,197,197,46702,1,2,225,1,4,60,3,40,2555,169,169,40923,1,2,225,1,4,60,2,30,2440
202209,999,11260,C,Anchorage  AK ,49,49,15216,0,0,0,2,7,1099,2,24,3639,5,5,1230,0,0,0,1,4,582,0,0,0
202209,999,11500,C,Anniston-Oxford  AL ,6,6,600,0,0,0,0,0,0,0,0,0,5,5,520,0,0,0,0,0,0,0,0,0
202209,999,12260,C,Augusta-Richmond County  GA-SC ,229,229,49056,0,0,0,0,0,0,5,104,13708,38,38,9747,0,0,0,0,0,0,5,104,13708
202209,999,12420,C,Austin-Round Rock-Georgetown  TX ,1424,1424,351227,16,32,3101,3,11,1930,41,1724,364606,926,926,222998,13,26,2517,2,8,1672,41,1724,364606
202209,999,12540,C,Bakersfield  CA ,114,114,24742,1,2,115,0,0,0,1,7,215,47,47,8406,1,2,115,0,0,0,0,0,0
202209,999,12620,C,Bangor  ME ,25,25,6396,1,2,130,0,0,0,0,0,0,11,11,3391,0,0,0,0,0,0,0,0,0
202209,999,12940,C,Baton Rouge  LA ,253,253,58187,3,6,509,0,0,0,0,0,0,22,22,4989,3,6,509,0,0,0,0,0,0
202209,999,13140,C,Beaumont-Port Arthur  TX ,95,95,24047,0,0,0,0,0,0,0,0,0,85,85,22107,0,0,0,0,0,0,0,0,0
202209,999,13220,C,Beckley  WV ,6,6,1238,0,0,0,0,0,0,0,0,0,4,4,1013,0,0,0,0,0,0,0,0,0
202209,999,13380,C,Bellingham  WA ,42,42,11499,0,0,0,0,0,0,0,0,0,22,22,5571,0,0,0,0,0,0,0,0,0
202209,999,13740,C,Billings  MT ,37,37,9712,1,2,80,0,0,0,0,0,0,37,37,9712,1,2,80,0,0,0,0,0,0
202209,999,13780,C,Binghamton  NY ,13,13,2540,0,0,0,0,0,0,3,20,2127,2,2,589,0,0,0,0,0,0,0,0,0
202209,999,13900,C,Bismarck  ND ,84,84,22901,0,0,0,0,0,0,0,0,0,79,79,21377,0,0,0,0,0,0,0,0,0
202209,999,13980,C,Blacksburg-Christiansburg  VA ,33,33,6911,0,0,0,0,0,0,0,0,0,30,30,6080,0,0,0,0,0,0,0,0,0
202209,999,15260,C,Brunswick  GA ,42,42,14306,1,2,301,0,0,0,1,5,2696,2,2,400,0,0,0,0,0,0,0,0,0
202209,999,16060,C,Carbondale-Marion  IL ,2,2,316,0,0,0,0,0,0,0,0,0,1,1,165,0,0,0,0,0,0,0,0,0
202209,999,16220,C,Casper  WY ,5,5,1432,0,0,0,0,0,0,1,5,498,0,0,0,0,0,0,0,0,0,0,0,0
202209,999,16580,C,Champaign-Urbana  IL ,35,35,9865,0,0,0,0,0,0,1,42,6050,35,35,9865,0,0,0,0,0,0,1,42,6050
202209,999,16700,C,Charleston-North Charleston  SC ,459,459,167334,1,2,128,0,0,0,8,212,21030,242,242,104353,0,0,0,0,0,0,0,0,0
202209,999,16820,C,Charlottesville  VA ,65,65,20644,1,2,346,0,0,0,5,44,6437,21,21,3871,0,0,0,0,0,0,0,0,0
202209,999,16940,C,Cheyenne  WY ,20,20,4157,0,0,0,0,0,0,1,24,2800,20,20,4157,0,0,0,0,0,0,1,24,2800
202209,999,17020,C,Chico  CA ,59,59,11496,0,0,0,0,0,0,4,90,8193,45,45,8715,0,0,0,0,0,0,4,90,8193
202209,999,17300,C,Clarksville  TN-KY ,60,60,13369,0,0,0,12,48,12055,20,226,20399,57,57,13072,0,0,0,12,48,12055,20,226,20399
202209,999,17780,C,College Station-Bryan  TX ,114,114,29246,0,0,0,0,0,0,2,66,1425,114,114,29246,0,0,0,0,0,0,2,66,1425
202209,999,17820,C,Colorado Springs  CO ,182,182,75746,0,0,0,0,0,0,1,122,24512,176,176,74219,0,0,0,0,0,0,1,122,24512
202209,999,18880,C,Crestview-Fort Walton Beach-Destin  FL ,213,213,122871,19,38,6773,0,0,0,26,696,101952,209,209,121950,19,38,6773,0,0,0,26,696,101952
202209,999,19060,C,Cumberland  MD-WV ,9,9,3147,0,0,0,1,3,420,0,0,0,8,8,2962,0,0,0,1,3,420,0,0,0
202209,999,19180,C,Danville  IL ,0,0,0,0,0,0,0,0,0,0,0,0,0,0,0,0,0,0,0,0,0,0,0,0
202209,999,19500,C,Decatur  IL ,0,0,0,0,0,0,0,0,0,0,0,0,0,0,0,0,0,0,0,0,0,0,0,0
202209,999,20220,C,Dubuque  IA ,19,19,8173,1,2,300,0,0,0,1,19,498,16,16,6835,0,0,0,0,0,0,0,0,0
202209,999,20260,C,Duluth  MN-WI ,48,48,10331,1,2,600,0,0,0,0,0,0,37,37,7847,1,2,600,0,0,0,0,0,0
202209,999,20940,C,El Centro  CA ,24,24,3590,0,0,0,0,0,0,1,6,600,8,8,907,0,0,0,0,0,0,0,0,0
202209,999,21420,C,Enid  OK ,6,6,1348,0,0,0,0,0,0,0,0,0,6,6,1348,0,0,0,0,0,0,0,0,0
202209,999,21660,C,Eugene-Springfield  OR ,90,90,20630,0,0,0,0,0,0,0,0,0,76,76,17026,0,0,0,0,0,0,0,0,0
202209,999,21780,C,Evansville  IN-KY ,64,64,20821,4,8,1423,0,0,0,1,24,2289,42,42,14735,2,4,885,0,0,0,1,24,2289
202209,999,21820,C,Fairbanks  AK ,8,8,800,0,0,0,0,0,0,0,0,0,8,8,800,0,0,0,0,0,0,0,0,0
202209,999,22140,C,Farmington  NM ,9,9,1964,0,0,0,0,0,0,0,0,0,9,9,1964,0,0,0,0,0,0,0,0,0
202209,999,22220,C,Fayetteville-Springdale-Rogers  AR-MO ,505,505,148248,2,4,632,2,7,1219,2,38,2993,412,412,126758,1,2,167,2,7,1219,0,0,0
202209,999,22380,C,Flagstaff  AZ ,28,28,10289,0,0,0,0,0,0,0,0,0,28,28,10289,0,0,0,0,0,0,0,0,0
202209,999,22500,C,Florence  SC ,33,33,7754,0,0,0,0,0,0,0,0,0,31,31,7463,0,0,0,0,0,0,0,0,0
202209,999,22520,C,Florence-Muscle Shoals  AL ,22,22,2551,0,0,0,0,0,0,0,0,0,7,7,808,0,0,0,0,0,0,0,0,0
202209,999,22540,C,Fond du Lac  WI ,8,8,2686,0,0,0,0,0,0,1,9,714,0,0,0,0,0,0,0,0,0,0,0,0
202209,999,22660,C,Fort Collins  CO ,120,120,42823,3,6,1104,0,0,0,3,22,3777,120,120,42823,3,6,1104,0,0,0,3,22,3777
202209,999,22900,C,Fort Smith  AR-OK ,23,23,4261,3,6,457,1,3,255,1,84,12700,20,20,3955,3,6,457,0,0,0,1,84,12700
202209,999,23460,C,Gadsden  AL ,10,10,1559,0,0,0,0,0,0,0,0,0,3,3,632,0,0,0,0,0,0,0,0,0
202209,999,24140,C,Goldsboro  NC ,25,25,6792,0,0,0,0,0,0,0,0,0,25,25,6792,0,0,0,0,0,0,0,0,0
202209,999,24220,C,Grand Forks  ND-MN ,24,24,8331,0,0,0,0,0,0,0,0,0,24,24,8331,0,0,0,0,0,0,0,0,0
202209,999,24260,C,Grand Island  NE ,18,18,4230,0,0,0,1,4,657,0,0,0,16,16,3732,0,0,0,1,4,657,0,0,0
202209,999,24300,C,Grand Junction  CO ,50,50,8409,1,2,269,0,0,0,0,0,0,50,50,8409,1,2,269,0,0,0,0,0,0
202209,999,24500,C,Great Falls  MT ,24,24,7138,0,0,0,0,0,0,0,0,0,24,24,7138,0,0,0,0,0,0,0,0,0
202209,999,25060,C,Gulfport-Biloxi  MS ,274,274,39293,1,2,245,1,4,401,1,12,1016,196,196,26448,0,0,0,0,0,0,0,0,0
202209,999,25860,C,Hickory-Lenoir-Morganton  NC ,166,166,36832,0,0,0,0,0,0,3,17,931,143,143,32261,0,0,0,0,0,0,0,0,0
202209,999,25940,C,Hilton Head Island-Bluffton  SC ,160,160,67096,0,0,0,8,32,8996,3,76,12331,17,17,11256,0,0,0,8,32,8996,0,0,0
202209,999,26140,C,Homosassa Springs  FL ,130,130,30278,0,0,0,0,0,0,0,0,0,11,11,4180,0,0,0,0,0,0,0,0,0
202209,999,26380,C,Houma-Thibodaux  LA ,42,42,9751,1,2,156,0,0,0,0,0,0,32,32,7050,0,0,0,0,0,0,0,0,0
202209,999,27100,C,Jackson  MI ,8,8,2129,0,0,0,0,0,0,0,0,0,0,0,0,0,0,0,0,0,0,0,0,0
202209,999,27340,C,Jacksonville  NC ,93,93,21938,4,8,506,0,0,0,0,0,0,93,93,21938,4,8,506,0,0,0,0,0,0
202209,999,27620,C,Jefferson City  MO ,18,18,4489,0,0,0,1,3,321,0,0,0,11,11,2550,0,0,0,0,0,0,0,0,0
202209,999,27980,C,Kahului-Wailuku-Lahaina  HI ,27,27,14792,0,0,0,0,0,0,0,0,0,27,27,14792,0,0,0,0,0,0,0,0,0
202209,999,28660,C,Killeen-Temple  TX ,184,184,42244,90,180,20521,0,0,0,0,0,0,152,152,33730,88,176,20127,0,0,0,0,0,0
202209,999,29100,C,La Crosse-Onalaska  WI-MN ,20,20,6989,2,4,850,1,3,605,1,17,2172,12,12,4566,0,0,0,0,0,0,0,0,0
202209,999,29420,C,Lake Havasu City-Kingman  AZ ,131,131,38508,2,4,290,0,0,0,0,0,0,131,131,38508,2,4,290,0,0,0,0,0,0
202209,999,29540,C,Lancaster  PA ,56,56,16350,5,10,1985,1,4,1150,2,10,1078,40,40,9712,4,8,1625,1,4,1150,2,10,1078
202209,999,29620,C,Lansing-East Lansing  MI ,34,34,13247,2,4,419,1,4,298,5,102,11914,23,23,9143,1,2,140,1,4,298,3,57,6748
202209,999,29700,C,Laredo  TX ,90,90,14456,2,4,353,1,3,381,2,16,1040,0,0,0,0,0,0,0,0,0,0,0,0
202209,999,30020,C,Lawton  OK ,4,4,744,0,0,0,0,0,0,0,0,0,2,2,525,0,0,0,0,0,0,0,0,0
202209,999,30300,C,Lewiston  ID-WA ,9,9,2047,0,0,0,0,0,0,0,0,0,8,8,1645,0,0,0,0,0,0,0,0,0
202209,999,30860,C,Logan  UT-ID ,65,65,20607,0,0,0,0,0,0,6,38,7551,56,56,18323,0,0,0,0,0,0,6,38,7551
202209,999,30980,C,Longview  TX ,28,28,6836,1,2,225,0,0,0,1,7,766,22,22,5571,1,2,225,0,0,0,0,0,0
202209,999,31340,C,Lynchburg  VA ,51,51,10949,0,0,0,2,7,936,2,19,913,49,49,10542,0,0,0,1,4,332,1,8,628
202209,999,31740,C,Manhattan  KS ,14,14,4281,0,0,0,0,0,0,1,25,2514,2,2,502,0,0,0,0,0,0,1,25,2514
202209,999,33540,C,Missoula  MT ,26,26,7502,0,0,0,0,0,0,10,127,15880,26,26,7502,0,0,0,0,0,0,10,127,15880
202209,999,36100,C,Ocala  FL ,505,505,126702,0,0,0,0,0,0,4,90,9691,504,504,126612,0,0,0,0,0,0,4,90,9691
202209,999,36980,C,Owensboro  KY ,16,16,1603,3,6,750,2,7,1545,1,5,680,15,15,1401,3,6,750,2,7,1545,1,5,680
202209,999,37340,C,Palm Bay-Melbourne-Titusville  FL ,309,309,109256,0,0,0,0,0,0,0,0,0,147,147,66289,0,0,0,0,0,0,0,0,0
202209,999,37460,C,Panama City  FL ,99,99,36372,2,4,963,0,0,0,2,31,5766,18,18,6352,0,0,0,0,0,0,0,0,0
202209,999,37900,C,Peoria  IL ,12,12,3456,0,0,0,0,0,0,0,0,0,6,6,1903,0,0,0,0,0,0,0,0,0
202209,999,38340,C,Pittsfield  MA ,10,10,5686,0,0,0,1,3,1167,0,0,0,4,4,2582,0,0,0,0,0,0,0,0,0
202209,999,38540,C,Pocatello  ID ,22,22,4507,1,2,256,1,3,311,0,0,0,11,11,1595,0,0,0,0,0,0,0,0,0
202209,999,39150,C,Prescott Valley-Prescott  AZ ,134,134,50556,8,16,2538,0,0,0,0,0,0,125,125,47629,8,16,2538,0,0,0,0,0,0
202209,999,40060,C,Richmond  VA ,398,398,100819,0,0,0,1,3,446,7,71,12096,386,386,98913,0,0,0,1,3,446,6,61,11130
202209,999,40220,C,Roanoke  VA ,25,25,7545,0,0,0,0,0,0,1,36,4399,12,12,3334,0,0,0,0,0,0,0,0,0
202209,999,41100,C,St. George  UT ,190,190,36135,0,0,0,0,0,0,0,0,0,164,164,31641,0,0,0,0,0,0,0,0,0
202209,999,41500,C,Salinas  CA ,33,33,6166,1,2,348,0,0,0,2,19,2815,26,26,4328,0,0,0,0,0,0,0,0,0
202209,999,41660,C,San Angelo  TX ,106,106,26841,0,0,0,0,0,0,0,0,0,106,106,26841,0,0,0,0,0,0,0,0,0
202209,999,41740,C,San Diego-Chula Vista-Carlsbad  CA ,229,229,63460,9,18,3180,8,24,6793,23,382,128106,222,222,60664,9,18,3180,8,24,6793,22,375,127326
202209,999,42020,C,San Luis Obispo-Paso Robles  CA ,55,55,15747,0,0,0,1,4,695,2,26,3570,37,37,12003,0,0,0,0,0,0,0,0,0
202209,999,42200,C,Santa Maria-Santa Barbara  CA ,36,36,9195,2,4,4786,0,0,0,3,54,6229,19,19,8453,1,2,4500,0,0,0,0,0,0
202209,999,42540,C,Scranton--Wilkes-Barre  PA ,51,51,14652,3,6,600,0,0,0,0,0,0,21,21,7058,3,6,600,0,0,0,0,0,0
202209,999,42700,C,Sebring-Avon Park  FL ,46,46,10350,0,0,0,0,0,0,0,0,0,46,46,10350,0,0,0,0,0,0,0,0,0
202209,999,43100,C,Sheboygan  WI ,13,13,4626,1,2,448,0,0,0,0,0,0,7,7,2683,0,0,0,0,0,0,0,0,0
202209,999,43420,C,Sierra Vista-Douglas  AZ ,31,31,3328,1,2,275,0,0,0,0,0,0,27,27,2507,0,0,0,0,0,0,0,0,0
202209,999,43580,C,Sioux City  IA-NE-SD ,18,18,4285,0,0,0,1,3,0,1,21,3750,8,8,1524,0,0,0,0,0,0,1,21,3750
202209,999,43620,C,Sioux Falls  SD ,110,110,28122,0,0,0,4,14,1700,23,363,77136,102,102,26044,0,0,0,4,14,1700,23,363,77136
202209,999,44140,C,Springfield  MA ,32,32,9483,3,6,1342,0,0,0,2,11,1553,6,6,2724,2,4,982,0,0,0,0,0,0
202209,999,44180,C,Springfield  MO ,122,122,45686,0,0,0,0,0,0,0,0,0,94,94,37834,0,0,0,0,0,0,0,0,0
202209,999,44940,C,Sumter  SC ,16,16,3042,0,0,0,0,0,0,0,0,0,11,11,2243,0,0,0,0,0,0,0,0,0
202209,999,45220,C,Tallahassee  FL ,77,77,16918,1,2,222,0,0,0,4,139,17787,17,17,4305,0,0,0,0,0,0,0,0,0
202209,999,45300,C,Tampa-St. Petersburg-Clearwater  FL ,1075,1075,309548,3,6,820,7,25,747,45,955,114263,555,555,196401,2,4,540,7,25,747,42,936,109161
202209,999,45460,C,Terre Haute  IN ,8,8,1623,0,0,0,0,0,0,1,5,471,4,4,910,0,0,0,0,0,0,0,0,0
202209,999,45500,C,Texarkana  TX-AR ,7,7,1661,0,0,0,0,0,0,0,0,0,3,3,760,0,0,0,0,0,0,0,0,0
202209,999,45820,C,Topeka  KS ,45,45,11168,4,8,800,0,0,0,0,0,0,43,43,10845,4,8,800,0,0,0,0,0,0
202209,999,46220,C,Tuscaloosa  AL ,39,39,8821,0,0,0,3,10,754,2,65,10769,9,9,1435,0,0,0,0,0,0,0,0,0
202209,999,46300,C,Twin Falls  ID ,28,28,7662,3,6,1359,0,0,0,0,0,0,28,28,7662,3,6,1359,0,0,0,0,0,0
202209,999,46520,C,Urban Honolulu  HI ,24,24,11161,5,10,1029,0,0,0,1,328,79233,24,24,11161,5,10,1029,0,0,0,1,328,79233
202209,999,46540,C,Utica-Rome  NY ,14,14,3652,0,0,0,0,0,0,1,5,781,6,6,2255,0,0,0,0,0,0,0,0,0
202209,999,46660,C,Valdosta  GA ,74,74,13770,1,2,133,0,0,0,1,14,1375,28,28,5953,0,0,0,0,0,0,0,0,0
202209,999,47300,C,Visalia  CA ,90,90,24403,0,0,0,0,0,0,0,0,0,90,90,24403,0,0,0,0,0,0,0,0,0
202209,999,47380,C,Waco  TX ,69,69,6573,0,0,0,0,0,0,2,29,3014,56,56,4145,0,0,0,0,0,0,1,24,2500
202209,999,47940,C,Waterloo-Cedar Falls  IA ,24,24,7630,0,0,0,0,0,0,0,0,0,22,22,6789,0,0,0,0,0,0,0,0,0
202209,999,48060,C,Watertown-Fort Drum  NY ,12,12,2342,0,0,0,0,0,0,0,0,0,0,0,0,0,0,0,0,0,0,0,0,0
202209,999,48300,C,Wenatchee  WA ,39,39,11372,0,0,0,0,0,0,0,0,0,20,20,7821,0,0,0,0,0,0,0,0,0
202209,999,48540,C,Wheeling  WV-OH ,2,2,465,0,0,0,0,0,0,0,0,0,2,2,465,0,0,0,0,0,0,0,0,0
202209,999,48660,C,Wichita Falls  TX ,10,10,1883,0,0,0,0,0,0,0,0,0,8,8,1413,0,0,0,0,0,0,0,0,0
202209,999,48900,C,Wilmington  NC ,251,251,53679,4,8,1887,0,0,0,4,167,21846,132,132,16280,0,0,0,0,0,0,0,0,0
202209,999,49420,C,Yakima  WA ,42,42,8571,2,4,507,2,6,898,1,10,2260,36,36,7062,2,4,507,0,0,0,0,0,0
202209,999,49740,C,Yuma  AZ ,42,42,8245,0,0,0,0,0,0,0,0,0,37,37,7408,0,0,0,0,0,0,0,0,0
