Survey,CSA,CBSA,MONCOV,CBSA,,1-unit,,,2-units,,,3-4 units,,,5+ units,,,1-unit rep,,,2-units rep,,,3-4 units rep,,,5+ units rep
Date,Code,Code,,Name,Bldgs,Units,Value,Bldgs,Units,Value,Bldgs,Units,Value,Bldgs,Units,Value,Bldgs,Units,Value,Bldgs,Units,Value,      Bldgs,Units,Value,Bldgs,Units,Value
 
202206,104,10580, ,Albany-Schenectady-Troy  NY ,102,102,32206,1,2,176,1,4,523,5,101,16211,74,74,25095,0,0,0,0,0,0,1,35,4245
202206,104,24020, ,Glens Falls  NY ,22,22,6104,0,0,0,0,0,0,0,0,0,13,13,3990,0,0,0,0,0,0,0,0,0
202206,106,10740, ,Albuquerque  NM ,201,201,52052,0,0,0,0,0,0,2,27,1774,189,189,48945,0,0,0,0,0,0,1,15,1274
202206,106,42140,C,Santa Fe  NM ,10,10,7559,0,0,0,0,0,0,0,0,0,10,10,7559,0,0,0,0,0,0,0,0,0
202206,107,11020, ,Altoona  PA ,10,10,2659,0,0,0,0,0,0,0,0,0,3,3,585,0,0,0,0,0,0,0,0,0
202206,108,11100, ,Amarillo  TX ,39,39,9993,3,6,781,0,0,0,2,72,9186,39,39,9993,3,6,781,0,0,0,2,72,9186
202206,118,11540, ,Appleton  WI ,41,41,15378,10,20,3440,0,0,0,3,91,16922,36,36,13818,10,20,3440,0,0,0,1,77,15703
202206,118,36780, ,Oshkosh-Neenah  WI ,22,22,8100,2,4,1050,0,0,0,0,0,0,18,18,6512,2,4,1050,0,0,0,0,0,0
202206,120,11700, ,Asheville  NC ,272,272,97273,0,0,0,0,0,0,5,109,11430,123,123,48759,0,0,0,0,0,0,0,0,0
202206,122,12020, ,Athens-Clarke County  GA ,90,90,28499,1,2,323,0,0,0,0,0,0,52,52,17424,1,2,323,0,0,0,0,0,0
202206,122,12060, ,Atlanta-Sandy Springs-Alpharetta  GA ,2423,2423,599660,3,6,1718,0,0,0,15,831,121980,2131,2131,535552,3,6,1718,0,0,0,13,815,119016
202206,122,23580,C,Gainesville  GA ,129,129,32226,0,0,0,0,0,0,0,0,0,42,42,11727,0,0,0,0,0,0,0,0,0
202206,122,40660,C,Rome  GA ,25,25,4791,0,0,0,0,0,0,0,0,0,25,25,4791,0,0,0,0,0,0,0,0,0
202206,140,13460,C,Bend  OR ,132,132,50121,1,2,370,2,6,1440,0,0,0,132,132,50121,1,2,370,2,6,1440,0,0,0
202206,142,13820, ,Birmingham-Hoover  AL ,342,342,102646,0,0,0,0,0,0,0,0,0,289,289,83807,0,0,0,0,0,0,0,0,0
202206,144,14020, ,Bloomington  IN ,41,41,11831,0,0,0,0,0,0,0,0,0,40,40,11630,0,0,0,0,0,0,0,0,0
202206,145,14010, ,Bloomington  IL ,38,38,8315,1,2,146,0,0,0,0,0,0,31,31,6722,0,0,0,0,0,0,0,0,0
202206,146,14100, ,Bloomsburg-Berwick  PA ,8,8,2691,0,0,0,0,0,0,1,7,635,5,5,1620,0,0,0,0,0,0,0,0,0
202206,147,14260, ,Boise City  ID ,526,526,137589,1,2,520,6,24,2226,43,699,133370,451,451,115756,1,2,520,5,20,1834,43,699,133370
202206,148,12700,C,Barnstable Town  MA ,60,60,31533,0,0,0,0,0,0,0,0,0,26,26,13442,0,0,0,0,0,0,0,0,0
202206,148,14460, ,Boston-Cambridge-Newton  MA-NH ,343,343,128062,23,46,13098,9,30,6575,64,1019,204995,189,189,81937,16,32,9713,7,24,5409,15,517,143100
202206,148,31700, ,Manchester-Nashua  NH ,62,62,19299,1,2,470,1,3,539,0,0,0,29,29,10530,0,0,0,0,0,0,0,0,0
202206,148,39300, ,Providence-Warwick  RI-MA ,138,138,39015,10,20,3226,0,0,0,3,17,1417,59,59,22086,5,10,1814,0,0,0,0,0,0
202206,148,49340, ,Worcester  MA-CT ,98,98,26076,3,6,1378,0,0,0,8,496,89771,55,55,14854,2,4,811,0,0,0,3,425,81091
202206,150,14540, ,Bowling Green  KY ,85,85,23345,0,0,0,0,0,0,3,24,1800,84,84,23195,0,0,0,0,0,0,3,24,1800
202206,154,15180, ,Brownsville-Harlingen  TX ,128,128,17869,5,10,905,2,7,952,3,33,2882,7,7,2180,0,0,0,0,0,0,0,0,0
202206,160,15380, ,Buffalo-Cheektowaga  NY ,82,82,29764,1,2,381,2,8,1482,6,46,8001,64,64,24813,1,2,381,2,8,1482,1,5,951
202206,162,15540, ,Burlington-South Burlington  VT ,50,50,17927,3,6,870,0,0,0,2,31,2975,32,32,12927,2,4,421,0,0,0,0,0,0
202206,163,15980,C,Cape Coral-Fort Myers  FL ,954,954,195298,15,30,3939,8,31,4399,32,320,38936,607,607,122088,0,0,0,7,28,3770,30,226,31963
202206,163,34940,C,Naples-Marco Island  FL ,345,345,144740,1,2,864,2,8,3900,6,411,49840,345,345,144740,1,2,864,2,8,3900,6,411,49840
202206,164,16020, ,Cape Girardeau  MO-IL ,14,14,4135,0,0,0,0,0,0,0,0,0,0,0,0,0,0,0,0,0,0,0,0,0
202206,168,16300, ,Cedar Rapids  IA ,42,42,11328,2,4,593,0,0,0,0,0,0,39,39,10560,2,4,593,0,0,0,0,0,0
202206,168,26980, ,Iowa City  IA ,52,52,15268,4,8,1975,2,7,1480,2,257,55947,34,34,10792,4,8,1975,2,7,1480,1,249,54800
202206,170,16620, ,Charleston  WV ,16,16,2096,0,0,0,0,0,0,0,0,0,11,11,1281,0,0,0,0,0,0,0,0,0
202206,170,26580, ,Huntington-Ashland  WV-KY-OH ,24,24,4855,0,0,0,0,0,0,0,0,0,3,3,572,0,0,0,0,0,0,0,0,0
202206,172,16740, ,Charlotte-Concord-Gastonia  NC-SC ,1683,1683,461293,5,10,1827,4,16,1211,9,388,63414,1456,1456,395026,5,10,1827,4,16,1211,6,325,55763
202206,174,16860, ,Chattanooga  TN-GA ,152,152,39008,5,10,718,2,6,399,4,60,5991,101,101,28223,0,0,0,1,3,225,0,0,0
202206,174,17420,C,Cleveland  TN ,66,66,16577,0,0,0,0,0,0,0,0,0,46,46,12956,0,0,0,0,0,0,0,0,0
202206,174,19140, ,Dalton  GA ,22,22,4414,0,0,0,1,4,640,0,0,0,16,16,2978,0,0,0,1,4,640,0,0,0
202206,176,16980, ,Chicago-Naperville-Elgin  IL-IN-WI ,853,853,279808,10,20,4276,30,95,19312,26,232,48557,709,709,234225,10,20,4276,27,86,17899,20,198,43713
202206,176,28100, ,Kankakee  IL ,16,16,4346,0,0,0,0,0,0,0,0,0,13,13,3326,0,0,0,0,0,0,0,0,0
202206,176,33140, ,Michigan City-La Porte  IN ,11,11,4337,0,0,0,0,0,0,0,0,0,0,0,0,0,0,0,0,0,0,0,0,0
202206,178,17140, ,Cincinnati  OH-KY-IN ,409,409,131549,24,48,8134,7,26,1823,10,79,10387,370,370,120926,24,48,8134,7,26,1823,9,60,9000
202206,184,10420, ,Akron  OH ,56,56,21670,0,0,0,4,14,2472,6,33,4098,45,45,17964,0,0,0,4,14,2472,4,22,3286
202206,184,15940, ,Canton-Massillon  OH ,39,39,12017,0,0,0,2,7,994,3,19,1978,34,34,11433,0,0,0,1,4,840,2,12,1440
202206,184,17460, ,Cleveland-Elyria  OH ,247,247,86213,3,6,1301,3,11,1208,6,30,3441,175,175,67215,2,4,1290,2,8,1000,5,25,2878
202206,190,17860, ,Columbia  MO ,71,71,22078,0,0,0,0,0,0,3,38,5178,69,69,21700,0,0,0,0,0,0,3,38,5178
202206,192,17900, ,Columbia  SC ,426,426,100408,0,0,0,0,0,0,3,18,2528,112,112,26462,0,0,0,0,0,0,0,0,0
202206,194,12220,C,Auburn-Opelika  AL ,92,92,28524,1,2,330,0,0,0,4,36,9159,57,57,20056,0,0,0,0,0,0,3,15,6300
202206,194,17980, ,Columbus  GA-AL ,57,57,13788,0,0,0,0,0,0,2,42,6612,30,30,8380,0,0,0,0,0,0,0,0,0
202206,198,18140, ,Columbus  OH ,531,531,192311,6,12,1440,1,3,975,27,427,35212,421,421,159376,6,12,1440,0,0,0,25,407,34414
202206,204,18580, ,Corpus Christi  TX ,190,190,49004,0,0,0,0,0,0,2,39,3170,133,133,33921,0,0,0,0,0,0,0,0,0
202206,206,19100, ,Dallas-Fort Worth-Arlington  TX ,4213,4213,1152992,48,96,13368,46,180,17236,85,2612,323751,3284,3284,870254,35,70,10054,42,164,15722,64,1669,216826
202206,206,43300, ,Sherman-Denison  TX ,234,234,47820,1,2,225,0,0,0,1,11,965,199,199,41140,0,0,0,0,0,0,0,0,0
202206,209,19340, ,Davenport-Moline-Rock Island  IA-IL ,35,35,10327,2,4,840,3,10,2113,0,0,0,18,18,7212,2,4,840,3,10,2113,0,0,0
202206,212,19430, ,Dayton-Kettering  OH ,146,146,59350,0,0,0,1,3,875,1,24,2911,94,94,41214,0,0,0,1,3,875,0,0,0
202206,212,44220, ,Springfield  OH ,7,7,3041,0,0,0,1,3,795,0,0,0,7,7,3041,0,0,0,1,3,795,0,0,0
202206,216,14500, ,Boulder  CO ,51,51,23478,4,8,3055,3,11,2321,2,33,9727,44,44,17300,1,2,802,2,7,1191,0,0,0
202206,216,19740, ,Denver-Aurora-Lakewood  CO ,888,888,266655,20,40,1578,6,19,3106,22,1663,208974,835,835,248526,20,40,1578,6,19,3106,19,1532,190439
202206,216,24540, ,Greeley  CO ,372,372,110873,0,0,0,1,3,728,7,152,22732,259,259,79873,0,0,0,0,0,0,5,119,18266
202206,218,11180, ,Ames  IA ,17,17,4508,1,2,482,0,0,0,0,0,0,5,5,1392,1,2,482,0,0,0,0,0,0
202206,218,19780, ,Des Moines-West Des Moines  IA ,348,348,112520,0,0,0,3,11,2493,7,383,73424,320,320,102577,0,0,0,2,8,1863,5,373,72300
202206,220,11460, ,Ann Arbor  MI ,71,71,22984,0,0,0,0,0,0,0,0,0,54,54,18710,0,0,0,0,0,0,0,0,0
202206,220,19820, ,Detroit-Warren-Dearborn  MI ,581,581,196879,2,4,600,15,57,10433,14,241,29286,464,464,162395,2,4,600,13,50,9890,11,212,25751
202206,220,22420, ,Flint  MI ,41,41,10919,0,0,0,1,3,668,0,0,0,28,28,7856,0,0,0,0,0,0,0,0,0
202206,220,33780, ,Monroe  MI ,26,26,5894,0,0,0,0,0,0,1,5,459,18,18,3649,0,0,0,0,0,0,0,0,0
202206,222,20020, ,Dothan  AL ,22,22,5429,0,0,0,0,0,0,0,0,0,7,7,2108,0,0,0,0,0,0,0,0,0
202206,232,20740, ,Eau Claire  WI ,53,53,18377,8,16,3280,1,4,750,4,66,7744,42,42,15311,3,6,1410,1,4,750,3,32,3380
202206,236,21300, ,Elmira  NY ,0,0,0,0,0,0,0,0,0,1,11,1233,0,0,0,0,0,0,0,0,0,0,0,0
202206,238,21340, ,El Paso  TX ,246,246,58273,5,10,1279,1,3,396,2,22,2586,40,40,10249,0,0,0,0,0,0,0,0,0
202206,238,29740,C,Las Cruces  NM ,95,95,24879,1,2,304,0,0,0,2,11,859,0,0,0,0,0,0,0,0,0,0,0,0
202206,240,21500, ,Erie  PA ,14,14,4841,3,6,780,0,0,0,0,0,0,9,9,3451,3,6,780,0,0,0,0,0,0
202206,244,22020, ,Fargo  ND-MN ,110,110,35912,0,0,0,0,0,0,10,486,48551,107,107,34699,0,0,0,0,0,0,10,486,48551
202206,246,22180, ,Fayetteville  NC ,210,210,41255,0,0,0,1,4,531,3,64,4522,143,143,32144,0,0,0,1,4,531,3,64,4522
202206,258,23060, ,Fort Wayne  IN ,36,36,11801,0,0,0,0,0,0,1,5,75,36,36,11801,0,0,0,0,0,0,1,5,75
202206,260,23420, ,Fresno  CA ,138,138,46872,1,2,250,1,3,1000,10,85,13359,57,57,21645,1,2,250,1,3,1000,7,56,9091
202206,260,25260,C,Hanford-Corcoran  CA ,68,68,21848,0,0,0,0,0,0,0,0,0,59,59,19791,0,0,0,0,0,0,0,0,0
202206,260,31460,C,Madera  CA ,89,89,22790,0,0,0,0,0,0,0,0,0,89,89,22790,0,0,0,0,0,0,0,0,0
202206,264,23540, ,Gainesville  FL ,94,94,29892,0,0,0,0,0,0,2,120,4086,37,37,17619,0,0,0,0,0,0,0,0,0
202206,266,24340, ,Grand Rapids-Kentwood  MI ,232,232,73593,4,8,1425,4,13,2060,4,33,2949,163,163,49893,1,2,560,3,10,1500,1,8,100
202206,266,34740, ,Muskegon  MI ,36,36,9402,1,2,288,0,0,0,0,0,0,27,27,7497,0,0,0,0,0,0,0,0,0
202206,267,24580, ,Green Bay  WI ,73,73,25076,1,2,650,0,0,0,4,46,6001,50,50,17963,1,2,650,0,0,0,2,32,4724
202206,268,15500,C,Burlington  NC ,211,211,32687,0,0,0,0,0,0,0,0,0,211,211,32687,0,0,0,0,0,0,0,0,0
202206,268,24660, ,Greensboro-High Point  NC ,245,245,63051,1,2,238,0,0,0,0,0,0,178,178,40624,0,0,0,0,0,0,0,0,0
202206,268,49180, ,Winston-Salem  NC ,330,330,96305,0,0,0,0,0,0,1,5,197,227,227,53995,0,0,0,0,0,0,0,0,0
202206,272,24780,C,Greenville  NC ,63,63,12110,0,0,0,0,0,0,0,0,0,30,30,4529,0,0,0,0,0,0,0,0,0
202206,273,24860, ,Greenville-Anderson  SC ,503,503,142006,0,0,0,8,25,4723,4,90,10872,469,469,131128,0,0,0,8,25,4723,4,90,10872
202206,273,43900,C,Spartanburg  SC ,274,274,45957,0,0,0,0,0,0,1,25,2999,0,0,0,0,0,0,0,0,0,0,0,0
202206,276,23900,C,Gettysburg  PA ,25,25,7343,0,0,0,0,0,0,0,0,0,25,25,7343,0,0,0,0,0,0,0,0,0
202206,276,25420, ,Harrisburg-Carlisle  PA ,135,135,31751,0,0,0,0,0,0,5,160,28506,111,111,26232,0,0,0,0,0,0,3,150,27286
202206,276,30140, ,Lebanon  PA ,21,21,4417,0,0,0,0,0,0,1,7,1226,5,5,1285,0,0,0,0,0,0,0,0,0
202206,276,49620, ,York-Hanover  PA ,89,89,18576,0,0,0,0,0,0,2,45,3399,47,47,10903,0,0,0,0,0,0,1,30,2289
202206,277,25500,C,Harrisonburg  VA ,52,52,12282,0,0,0,2,8,2750,0,0,0,52,52,12282,0,0,0,2,8,2750,0,0,0
202206,277,44420,C,Staunton  VA ,48,48,13813,0,0,0,0,0,0,1,37,3500,48,48,13813,0,0,0,0,0,0,1,37,3500
202206,278,25540, ,Hartford-East Hartford-Middletown  CT ,58,58,17091,1,2,220,0,0,0,5,34,2412,27,27,8999,0,0,0,0,0,0,0,0,0
202206,278,35980, ,Norwich-New London  CT ,39,39,9410,0,0,0,0,0,0,0,0,0,27,27,6372,0,0,0,0,0,0,0,0,0
202206,279,25620, ,Hattiesburg  MS ,11,11,2239,0,0,0,1,3,125,0,0,0,0,0,0,0,0,0,0,0,0,0,0,0
202206,284,26300, ,Hot Springs  AR ,6,6,2180,0,0,0,0,0,0,0,0,0,6,6,2180,0,0,0,0,0,0,0,0,0
202206,288,26420, ,Houston-The Woodlands-Sugar Land  TX ,4487,4487,1080378,47,94,12998,1,4,350,115,3635,377916,4122,4122,990859,41,82,11457,1,4,350,112,3620,376861
202206,290,19460, ,Decatur  AL ,51,51,12771,0,0,0,0,0,0,0,0,0,50,50,12649,0,0,0,0,0,0,0,0,0
202206,290,26620, ,Huntsville  AL ,330,330,62046,0,0,0,0,0,0,8,147,18321,55,55,16063,0,0,0,0,0,0,0,0,0
202206,292,26820, ,Idaho Falls  ID ,128,128,21465,0,0,0,4,16,2040,0,0,0,127,127,21284,0,0,0,4,16,2040,0,0,0
202206,294,18020, ,Columbus  IN ,32,32,12905,0,0,0,0,0,0,0,0,0,32,32,12905,0,0,0,0,0,0,0,0,0
202206,294,26900, ,Indianapolis-Carmel-Anderson  IN ,842,842,304103,8,16,2805,3,10,1645,3,38,3760,778,778,288693,5,10,2037,3,10,1645,1,5,642
202206,294,34620, ,Muncie  IN ,10,10,2121,0,0,0,0,0,0,0,0,0,6,6,962,0,0,0,0,0,0,0,0,0
202206,296,27060, ,Ithaca  NY ,8,8,3073,0,0,0,0,0,0,1,6,411,4,4,1924,0,0,0,0,0,0,0,0,0
202206,297,27180, ,Jackson  TN ,39,39,9218,0,0,0,0,0,0,0,0,0,6,6,1805,0,0,0,0,0,0,0,0,0
202206,298,27140, ,Jackson  MS ,134,134,39841,1,2,247,0,0,0,0,0,0,118,118,37132,0,0,0,0,0,0,0,0,0
202206,300,27260, ,Jacksonville  FL ,1248,1248,301755,10,20,4585,0,0,0,33,1398,175112,1238,1238,297680,10,20,4585,0,0,0,33,1398,175112
202206,304,27740, ,Johnson City  TN ,82,82,22000,0,0,0,0,0,0,1,6,1650,61,61,18613,0,0,0,0,0,0,1,6,1650
202206,304,28700, ,Kingsport-Bristol  TN-VA ,70,70,18003,0,0,0,0,0,0,0,0,0,52,52,15553,0,0,0,0,0,0,0,0,0
202206,306,27780, ,Johnstown  PA ,6,6,1703,0,0,0,0,0,0,0,0,0,0,0,0,0,0,0,0,0,0,0,0,0
202206,308,27860, ,Jonesboro  AR ,75,75,12441,5,10,688,5,17,881,2,10,568,27,27,5169,0,0,0,0,0,0,0,0,0
202206,309,27900, ,Joplin  MO ,46,46,9885,4,8,1351,0,0,0,15,327,50639,16,16,3068,3,6,1275,0,0,0,14,322,50414
202206,310,12980, ,Battle Creek  MI ,4,4,640,0,0,0,0,0,0,0,0,0,0,0,0,0,0,0,0,0,0,0,0,0
202206,310,28020, ,Kalamazoo-Portage  MI ,30,30,9393,0,0,0,0,0,0,0,0,0,15,15,4845,0,0,0,0,0,0,0,0,0
202206,312,28140, ,Kansas City  MO-KS ,504,504,159589,26,52,4619,23,87,23038,10,346,49365,460,460,145614,26,52,4619,23,87,23038,10,346,49365
202206,312,29940, ,Lawrence  KS ,17,17,7135,0,0,0,0,0,0,0,0,0,11,11,4846,0,0,0,0,0,0,0,0,0
202206,312,41140, ,St. Joseph  MO-KS ,5,5,949,0,0,0,0,0,0,0,0,0,1,1,120,0,0,0,0,0,0,0,0,0
202206,313,28420, ,Kennewick-Richland  WA ,152,152,50065,3,6,1126,0,0,0,0,0,0,62,62,23418,0,0,0,0,0,0,0,0,0
202206,313,47460, ,Walla Walla  WA ,6,6,1727,3,6,1161,0,0,0,0,0,0,3,3,1039,3,6,1161,0,0,0,0,0,0
202206,315,28940, ,Knoxville  TN ,406,406,102804,0,0,0,0,0,0,2,35,2750,338,338,92104,0,0,0,0,0,0,0,0,0
202206,315,34100, ,Morristown  TN ,67,67,16941,0,0,0,0,0,0,0,0,0,35,35,8421,0,0,0,0,0,0,0,0,0
202206,316,29020, ,Kokomo  IN ,11,11,2409,0,0,0,0,0,0,0,0,0,10,10,2103,0,0,0,0,0,0,0,0,0
202206,318,29180, ,Lafayette  LA ,286,286,57608,0,0,0,0,0,0,1,9,779,99,99,19227,0,0,0,0,0,0,1,9,779
202206,320,29200, ,Lafayette-West Lafayette  IN ,60,60,18793,0,0,0,0,0,0,2,40,4521,53,53,17374,0,0,0,0,0,0,0,0,0
202206,324,29340, ,Lake Charles  LA ,64,64,14962,4,8,780,0,0,0,0,0,0,20,20,4734,4,8,780,0,0,0,0,0,0
202206,332,29820,C,Las Vegas-Henderson-Paradise  NV ,765,765,215923,4,8,1440,0,0,0,27,528,42346,762,762,214881,4,8,1440,0,0,0,27,528,42346
202206,336,30460,C,Lexington-Fayette  KY ,114,114,38839,1,2,190,1,3,440,4,105,10149,42,42,22522,1,2,190,0,0,0,0,0,0
202206,338,30620, ,Lima  OH ,10,10,2833,0,0,0,0,0,0,1,5,585,0,0,0,0,0,0,0,0,0,0,0,0
202206,339,30700, ,Lincoln  NE ,109,109,32225,2,4,717,0,0,0,3,96,13607,8,8,2049,0,0,0,0,0,0,0,0,0
202206,340,30780, ,Little Rock-North Little Rock-Conway  AR ,172,172,49531,5,10,910,2,7,1052,8,295,34118,111,111,39632,1,2,225,2,7,1052,7,274,32935
202206,340,38220, ,Pine Bluff  AR ,1,1,150,0,0,0,0,0,0,0,0,0,0,0,0,0,0,0,0,0,0,0,0,0
202206,348,31080, ,Los Angeles-Long Beach-Anaheim  CA ,995,995,296662,80,160,35892,9,32,8933,61,1843,352082,843,843,241834,74,148,32687,7,26,7666,48,1712,332185
202206,348,37100, ,Oxnard-Thousand Oaks-Ventura  CA ,38,38,12240,0,0,0,2,6,1453,4,81,12309,1,1,286,0,0,0,0,0,0,0,0,0
202206,348,40140, ,Riverside-San Bernardino-Ontario  CA ,1320,1320,332385,4,8,486,4,14,1862,17,176,25434,1141,1141,296349,4,8,486,4,14,1862,12,143,22417
202206,350,21060, ,Elizabethtown-Fort Knox  KY ,44,44,9663,3,6,920,0,0,0,0,0,0,37,37,8138,2,4,720,0,0,0,0,0,0
202206,350,31140, ,Louisville-Jefferson County  KY-IN ,294,294,83644,6,12,2422,0,0,0,2,49,3826,160,160,52426,5,10,2097,0,0,0,0,0,0
202206,352,31180, ,Lubbock  TX ,120,120,34588,1,2,80,0,0,0,0,0,0,119,119,34415,1,2,80,0,0,0,0,0,0
202206,356,31420, ,Macon-Bibb County  GA ,51,51,10564,0,0,0,0,0,0,0,0,0,16,16,3595,0,0,0,0,0,0,0,0,0
202206,356,47580,C,Warner Robins  GA ,145,145,24385,0,0,0,0,0,0,0,0,0,123,123,19127,0,0,0,0,0,0,0,0,0
202206,357,27500, ,Janesville-Beloit  WI ,41,41,10449,1,2,350,0,0,0,0,0,0,25,25,6702,1,2,350,0,0,0,0,0,0
202206,357,31540, ,Madison  WI ,169,169,74999,12,24,4995,0,0,0,4,183,32823,132,132,62714,7,14,2650,0,0,0,2,136,25320
202206,359,31860, ,Mankato  MN ,18,18,5639,6,12,1200,1,3,798,2,77,11315,8,8,2829,6,12,1200,0,0,0,1,67,10260
202206,360,31900,C,Mansfield  OH ,9,9,2916,0,0,0,0,0,0,0,0,0,7,7,2182,0,0,0,0,0,0,0,0,0
202206,365,32580, ,McAllen-Edinburg-Mission  TX ,396,396,85316,11,22,1770,24,94,6606,0,0,0,296,296,66946,9,18,1517,24,94,6606,0,0,0
202206,366,24420,C,Grants Pass  OR ,21,21,4714,2,4,441,0,0,0,0,0,0,0,0,0,0,0,0,0,0,0,0,0,0
202206,366,32780, ,Medford  OR ,54,54,15523,1,2,323,0,0,0,2,28,2676,50,50,14611,1,2,323,0,0,0,1,20,1600
202206,368,32820, ,Memphis  TN-MS-AR ,352,352,89109,0,0,0,0,0,0,4,116,16508,313,313,80490,0,0,0,0,0,0,4,116,16508
202206,370,33100, ,Miami-Fort Lauderdale-Pompano Beach  FL ,617,617,302666,12,24,6044,3,11,2270,29,1427,179585,524,524,258048,12,24,6044,3,11,2270,19,1308,160121
202206,370,38940, ,Port St. Lucie  FL ,579,579,140388,3,6,655,0,0,0,1,12,1724,509,509,119255,2,4,320,0,0,0,0,0,0
202206,370,42680, ,Sebastian-Vero Beach  FL ,116,116,47664,1,2,281,0,0,0,0,0,0,17,17,7822,0,0,0,0,0,0,0,0,0
202206,372,33260,C,Midland  TX ,55,55,12622,0,0,0,0,0,0,0,0,0,55,55,12622,0,0,0,0,0,0,0,0,0
202206,372,36220,C,Odessa  TX ,85,85,21779,0,0,0,0,0,0,0,0,0,85,85,21779,0,0,0,0,0,0,0,0,0
202206,376,33340, ,Milwaukee-Waukesha  WI ,159,159,72389,17,34,5827,0,0,0,1,10,1070,106,106,47455,15,30,4917,0,0,0,0,0,0
202206,376,39540, ,Racine  WI ,11,11,4780,1,2,460,0,0,0,0,0,0,10,10,4495,1,2,460,0,0,0,0,0,0
202206,378,33460, ,Minneapolis-St. Paul-Bloomington  MN-WI ,1027,1027,338630,7,14,3268,1,4,1100,31,1299,245715,908,908,300992,6,12,2868,1,4,1100,22,1117,216140
202206,378,41060, ,St. Cloud  MN ,57,57,16513,0,0,0,0,0,0,0,0,0,35,35,10894,0,0,0,0,0,0,0,0,0
202206,380,19300,C,Daphne-Fairhope-Foley  AL ,285,285,79532,0,0,0,0,0,0,1,13,1032,180,180,57152,0,0,0,0,0,0,0,0,0
202206,380,33660, ,Mobile  AL ,86,86,20534,0,0,0,0,0,0,0,0,0,36,36,8945,0,0,0,0,0,0,0,0,0
202206,384,33740, ,Monroe  LA ,40,40,9347,1,2,74,1,4,629,3,17,2030,10,10,2448,0,0,0,0,0,0,0,0,0
202206,388,33860, ,Montgomery  AL ,95,95,25052,0,0,0,0,0,0,0,0,0,93,93,24642,0,0,0,0,0,0,0,0,0
202206,390,34060, ,Morgantown  WV ,1,1,75,0,0,0,0,0,0,0,0,0,1,1,75,0,0,0,0,0,0,0,0,0
202206,396,34820, ,Myrtle Beach-Conway-North Myrtle Beach  SC-NC ,1130,1130,224772,5,10,1569,3,9,1003,3,36,2400,830,830,143000,5,10,1569,3,9,1003,0,0,0
202206,400,34980, ,Nashville-Davidson--Murfreesboro--Franklin  TN ,1430,1430,451130,0,0,0,5,18,4948,15,188,21817,1264,1264,405733,0,0,0,3,11,4168,6,122,15022
202206,404,35100, ,New Bern  NC ,60,60,17106,0,0,0,0,0,0,0,0,0,35,35,9655,0,0,0,0,0,0,0,0,0
202206,406,25220,C,Hammond  LA ,77,77,14178,1,2,175,0,0,0,1,62,6140,0,0,0,0,0,0,0,0,0,0,0,0
202206,406,35380, ,New Orleans-Metairie  LA ,278,278,78353,20,40,4439,1,3,612,1,63,11363,182,182,53552,6,12,1290,0,0,0,0,0,0
202206,408,14860, ,Bridgeport-Stamford-Norwalk  CT ,51,51,57485,2,4,340,0,0,0,4,79,10092,42,42,53646,2,4,340,0,0,0,3,73,9813
202206,408,20700, ,East Stroudsburg  PA ,19,19,7133,0,0,0,0,0,0,1,5,564,7,7,3791,0,0,0,0,0,0,0,0,0
202206,408,28740, ,Kingston  NY ,22,22,7864,0,0,0,0,0,0,15,150,18191,11,11,4496,0,0,0,0,0,0,15,150,18191
202206,408,35300, ,New Haven-Milford  CT ,39,39,8620,0,0,0,1,3,329,3,44,3384,10,10,2361,0,0,0,0,0,0,0,0,0
202206,408,35620, ,New York-Newark-Jersey City  NY-NJ-PA ,1046,1046,278866,49,98,13579,17,53,4698,163,5701,856209,689,689,183491,37,74,10592,11,35,3214,93,4633,729681
202206,408,39100, ,Poughkeepsie-Newburgh-Middletown  NY ,78,78,24152,2,4,685,0,0,0,6,68,11028,28,28,7570,1,2,388,0,0,0,4,53,9014
202206,408,45940, ,Trenton-Princeton  NJ ,16,16,2215,0,0,0,0,0,0,3,21,1244,12,12,1312,0,0,0,0,0,0,0,0,0
202206,412,35840,C,North Port-Sarasota-Bradenton  FL ,989,989,327465,5,10,2198,0,0,0,5,245,38297,933,933,311748,0,0,0,0,0,0,4,240,36625
202206,412,39460,C,Punta Gorda  FL ,422,422,119820,16,32,5683,0,0,0,3,72,14069,422,422,119820,16,32,5683,0,0,0,3,72,14069
202206,416,36420, ,Oklahoma City  OK ,575,575,178606,30,60,7670,0,0,0,2,267,96000,510,510,165039,30,60,7670,0,0,0,2,267,96000
202206,420,36540, ,Omaha-Council Bluffs  NE-IA ,253,253,56135,1,2,175,0,0,0,7,160,16762,214,214,44741,0,0,0,0,0,0,6,155,16393
202206,422,19660, ,Deltona-Daytona Beach-Ormond Beach  FL ,567,567,190728,13,26,5031,0,0,0,16,407,55321,438,438,146533,13,26,5031,0,0,0,14,360,50106
202206,422,29460,C,Lakeland-Winter Haven  FL ,843,843,207612,8,16,1302,0,0,0,14,332,25508,628,628,145985,8,16,1302,0,0,0,14,332,25508
202206,422,36740, ,Orlando-Kissimmee-Sanford  FL ,1427,1427,382994,3,6,1066,5,20,4471,30,628,74401,1207,1207,319328,3,6,1066,5,20,4471,27,555,69364
202206,422,45540,C,The Villages  FL ,389,389,104270,0,0,0,0,0,0,0,0,0,388,388,104080,0,0,0,0,0,0,0,0,0
202206,425,37620, ,Parkersburg-Vienna  WV ,9,9,2443,0,0,0,0,0,0,0,0,0,8,8,2291,0,0,0,0,0,0,0,0,0
202206,426,37860,C,Pensacola-Ferry Pass-Brent  FL ,155,155,39714,0,0,0,0,0,0,0,0,0,155,155,39714,0,0,0,0,0,0,0,0,0
202206,428,12100, ,Atlantic City-Hammonton  NJ ,34,34,5699,0,0,0,0,0,0,2,24,2124,26,26,4328,0,0,0,0,0,0,0,0,0
202206,428,20100,C,Dover  DE ,94,94,12119,0,0,0,0,0,0,0,0,0,92,92,11689,0,0,0,0,0,0,0,0,0
202206,428,36140, ,Ocean City  NJ ,67,67,26113,2,4,799,0,0,0,0,0,0,60,60,24933,2,4,799,0,0,0,0,0,0
202206,428,37980, ,Philadelphia-Camden-Wilmington  PA-NJ-DE-MD ,631,631,131686,22,44,7239,9,30,2980,31,512,93515,405,405,91820,22,44,7239,7,24,2340,14,364,77424
202206,428,39740, ,Reading  PA ,23,23,5667,0,0,0,0,0,0,1,6,789,10,10,2421,0,0,0,0,0,0,0,0,0
202206,428,47220, ,Vineland-Bridgeton  NJ ,16,16,1821,0,0,0,0,0,0,0,0,0,12,12,1437,0,0,0,0,0,0,0,0,0
202206,429,38060, ,Phoenix-Mesa-Chandler  AZ ,2248,2248,649858,37,74,4836,30,102,31976,46,1714,218319,1942,1942,554472,37,74,4836,30,102,31976,44,1527,185645
202206,430,38300, ,Pittsburgh  PA ,255,255,77518,2,4,534,4,14,1740,8,139,19451,107,107,42913,0,0,0,1,4,937,1,36,6210
202206,430,48260, ,Weirton-Steubenville  WV-OH ,5,5,1377,0,0,0,0,0,0,0,0,0,3,3,1010,0,0,0,0,0,0,0,0,0
202206,438,30340, ,Lewiston-Auburn  ME ,19,19,4608,0,0,0,0,0,0,0,0,0,7,7,1685,0,0,0,0,0,0,0,0,0
202206,438,38860, ,Portland-South Portland  ME ,178,178,53185,6,12,2315,0,0,0,7,77,10108,52,52,18322,3,6,1275,0,0,0,2,48,6953
202206,440,10540, ,Albany-Lebanon  OR ,28,28,7640,1,2,361,0,0,0,2,25,3204,8,8,2841,0,0,0,0,0,0,0,0,0
202206,440,18700,C,Corvallis  OR ,16,16,4147,0,0,0,0,0,0,0,0,0,16,16,4147,0,0,0,0,0,0,0,0,0
202206,440,31020, ,Longview  WA ,26,26,7235,4,8,1211,11,44,6662,3,36,3968,26,26,7235,4,8,1211,11,44,6662,3,36,3968
202206,440,38900, ,Portland-Vancouver-Hillsboro  OR-WA ,484,484,167935,6,12,2801,3,9,1419,21,615,88755,402,402,146119,5,10,2284,1,3,500,18,561,79275
202206,440,41420, ,Salem  OR ,106,106,33499,1,2,475,0,0,0,12,206,13763,58,58,20423,0,0,0,0,0,0,7,156,8591
202206,444,39380,C,Pueblo  CO ,57,57,9223,0,0,0,0,0,0,0,0,0,0,0,0,0,0,0,0,0,0,0,0,0
202206,450,20500,C,Durham-Chapel Hill  NC ,228,228,98032,4,8,1193,1,3,277,12,390,51924,164,164,73294,4,8,1193,1,3,277,10,307,43069
202206,450,39580,C,Raleigh-Cary  NC ,1034,1034,292555,2,4,521,0,0,0,2,38,6815,1034,1034,292555,2,4,521,0,0,0,2,38,6815
202206,452,39660, ,Rapid City  SD ,55,55,14243,0,0,0,0,0,0,3,108,17600,52,52,13476,0,0,0,0,0,0,3,108,17600
202206,454,39820,C,Redding  CA ,25,25,7388,0,0,0,0,0,0,0,0,0,13,13,3973,0,0,0,0,0,0,0,0,0
202206,456,16180,C,Carson City  NV ,16,16,4227,0,0,0,1,3,382,2,10,998,0,0,0,0,0,0,0,0,0,0,0,0
202206,456,39900,C,Reno  NV ,219,219,60876,2,4,418,2,7,1016,13,281,35761,58,58,15318,0,0,0,1,3,488,0,0,0
202206,462,40340, ,Rochester  MN ,59,59,20360,2,4,620,0,0,0,2,85,10164,17,17,7127,2,4,620,0,0,0,1,56,6500
202206,464,40380, ,Rochester  NY ,103,103,35728,2,4,1000,0,0,0,11,202,25381,70,70,27015,2,4,1000,0,0,0,10,197,24873
202206,466,40420, ,Rockford  IL ,19,19,4076,0,0,0,0,0,0,0,0,0,9,9,2287,0,0,0,0,0,0,0,0,0
202206,468,40580,C,Rocky Mount  NC ,53,53,7618,0,0,0,0,0,0,0,0,0,2,2,724,0,0,0,0,0,0,0,0,0
202206,472,40900, ,Sacramento-Roseville-Folsom  CA ,989,989,277640,11,22,3160,19,63,12596,18,451,66305,962,962,269915,11,22,3160,19,63,12596,18,451,66305
202206,472,49700, ,Yuba City  CA ,66,66,23318,0,0,0,0,0,0,6,61,6328,58,58,20978,0,0,0,0,0,0,4,48,4758
202206,474,13020, ,Bay City  MI ,8,8,2340,0,0,0,0,0,0,0,0,0,2,2,1019,0,0,0,0,0,0,0,0,0
202206,474,33220, ,Midland  MI ,15,15,2615,0,0,0,0,0,0,0,0,0,11,11,1598,0,0,0,0,0,0,0,0,0
202206,474,40980, ,Saginaw  MI ,15,15,4123,3,6,995,0,0,0,0,0,0,9,9,2674,2,4,745,0,0,0,0,0,0
202206,476,41180, ,St. Louis  MO-IL ,415,415,134864,2,4,633,1,4,640,10,216,28050,315,315,96607,0,0,0,1,4,640,7,201,25974
202206,480,41540, ,Salisbury  MD-DE ,355,355,57111,6,12,1495,2,7,1327,0,0,0,350,350,56487,6,12,1495,2,7,1327,0,0,0
202206,482,36260, ,Ogden-Clearfield  UT ,234,234,70829,0,0,0,7,26,2373,12,98,16196,175,175,53054,0,0,0,4,16,800,9,50,8311
202206,482,39340, ,Provo-Orem  UT ,501,501,166550,8,16,5494,1,4,1200,7,181,30896,489,489,160105,7,14,4825,1,4,1200,7,181,30896
202206,482,41620, ,Salt Lake City  UT ,416,416,121503,10,20,3644,3,11,2455,13,558,73528,382,382,111115,7,14,3118,1,4,1205,6,121,13419
202206,484,41700, ,San Antonio-New Braunfels  TX ,909,909,231402,10,20,2605,18,72,4500,39,1336,187235,831,831,215041,10,20,2605,18,72,4500,39,1336,187235
202206,488,32900, ,Merced  CA ,30,30,10838,0,0,0,0,0,0,0,0,0,10,10,2857,0,0,0,0,0,0,0,0,0
202206,488,33700,C,Modesto  CA ,37,37,8949,0,0,0,0,0,0,1,14,2500,14,14,3654,0,0,0,0,0,0,1,14,2500
202206,488,34900, ,Napa  CA ,21,21,5714,0,0,0,0,0,0,1,99,17120,8,8,1630,0,0,0,0,0,0,0,0,0
202206,488,41860, ,San Francisco-Oakland-Berkeley  CA ,294,294,99071,4,8,2280,3,10,2148,25,951,212901,179,179,62226,3,6,1569,3,10,2148,13,791,176177
202206,488,41940,C,San Jose-Sunnyvale-Santa Clara  CA ,175,175,70427,2,4,1400,1,4,649,6,407,103689,141,141,58759,2,4,1400,1,4,649,5,401,102297
202206,488,42100,C,Santa Cruz-Watsonville  CA ,24,24,3718,2,4,800,0,0,0,1,9,694,7,7,943,1,2,360,0,0,0,0,0,0
202206,488,42220,C,Santa Rosa-Petaluma  CA ,83,83,23801,0,0,0,0,0,0,3,49,5348,65,65,20086,0,0,0,0,0,0,1,38,3014
202206,488,44700,C,Stockton  CA ,390,390,87799,2,4,450,0,0,0,6,119,19187,305,305,66025,2,4,450,0,0,0,4,84,14947
202206,488,46700, ,Vallejo  CA ,119,119,37795,0,0,0,0,0,0,0,0,0,109,109,35351,0,0,0,0,0,0,0,0,0
202206,496,25980,C,Hinesville  GA ,91,91,21243,0,0,0,0,0,0,0,0,0,62,62,14305,0,0,0,0,0,0,0,0,0
202206,496,42340, ,Savannah  GA ,172,172,47101,29,58,6139,11,41,5260,11,66,8907,165,165,46015,29,58,6139,11,41,5260,11,66,8907
202206,500,14740,C,Bremerton-Silverdale-Port Orchard  WA ,102,102,39282,0,0,0,0,0,0,0,0,0,102,102,39282,0,0,0,0,0,0,0,0,0
202206,500,34580, ,Mount Vernon-Anacortes  WA ,32,32,9296,0,0,0,1,4,484,1,30,2800,31,31,9221,0,0,0,1,4,484,0,0,0
202206,500,36500, ,Olympia-Lacey-Tumwater  WA ,62,62,15471,1,2,257,1,3,617,6,99,9330,44,44,11149,0,0,0,0,0,0,0,0,0
202206,500,42660, ,Seattle-Tacoma-Bellevue  WA ,649,649,242682,38,76,18957,17,58,12578,33,2679,385941,535,535,195517,38,76,18957,17,58,12578,25,2442,348309
202206,508,43340, ,Shreveport-Bossier City  LA ,74,74,19662,0,0,0,0,0,0,0,0,0,36,36,12068,0,0,0,0,0,0,0,0,0
202206,515,21140,C,Elkhart-Goshen  IN ,20,20,9801,0,0,0,0,0,0,0,0,0,19,19,9514,0,0,0,0,0,0,0,0,0
202206,515,35660, ,Niles  MI ,26,26,11150,0,0,0,0,0,0,0,0,0,11,11,3642,0,0,0,0,0,0,0,0,0
202206,515,43780, ,South Bend-Mishawaka  IN-MI ,39,39,14699,0,0,0,0,0,0,0,0,0,34,34,13061,0,0,0,0,0,0,0,0,0
202206,518,17660, ,Coeur dAlene  ID ,119,119,39736,1,2,387,0,0,0,7,125,15768,57,57,25449,0,0,0,0,0,0,3,54,7800
202206,518,44060, ,Spokane-Spokane Valley  WA ,226,226,54849,6,12,2514,3,9,1753,5,54,6770,188,188,45001,6,12,2514,3,9,1753,1,13,2243
202206,522,44100, ,Springfield  IL ,21,21,5734,0,0,0,0,0,0,0,0,0,19,19,5184,0,0,0,0,0,0,0,0,0
202206,524,44300, ,State College  PA ,23,23,6680,1,2,315,1,4,724,0,0,0,13,13,4190,0,0,0,1,4,724,0,0,0
202206,532,45060, ,Syracuse  NY ,42,42,10741,0,0,0,0,0,0,1,5,313,22,22,6104,0,0,0,0,0,0,0,0,0
202206,534,45780, ,Toledo  OH ,62,62,19175,1,2,337,0,0,0,2,51,9620,31,31,10684,0,0,0,0,0,0,1,46,8995
202206,536,46060,C,Tucson  AZ ,297,297,95343,3,6,713,0,0,0,16,405,41119,170,170,61658,0,0,0,0,0,0,10,300,25361
202206,538,46140, ,Tulsa  OK ,289,289,74587,0,0,0,0,0,0,10,357,53091,241,241,61852,0,0,0,0,0,0,9,344,52091
202206,540,46340, ,Tyler  TX ,47,47,12028,2,4,521,1,4,601,1,5,623,28,28,7174,2,4,521,1,4,601,0,0,0
202206,544,47020, ,Victoria  TX ,82,82,20314,0,0,0,0,0,0,0,0,0,79,79,20241,0,0,0,0,0,0,0,0,0
202206,545,47260,C,Virginia Beach-Norfolk-Newport News  VA-NC ,343,343,91967,0,0,0,0,0,0,6,449,41700,313,313,88613,0,0,0,0,0,0,6,449,41700
202206,548,12580, ,Baltimore-Columbia-Towson  MD ,233,233,57630,0,0,0,0,0,0,3,659,96709,214,214,54440,0,0,0,0,0,0,1,508,64814
202206,548,15680,C,California-Lexington Park  MD ,22,22,7934,0,0,0,0,0,0,0,0,0,22,22,7934,0,0,0,0,0,0,0,0,0
202206,548,16540, ,Chambersburg-Waynesboro  PA ,34,34,9296,2,4,465,0,0,0,5,30,3135,28,28,7960,2,4,465,0,0,0,5,30,3135
202206,548,25180, ,Hagerstown-Martinsburg  MD-WV ,201,201,53699,0,0,0,0,0,0,0,0,0,194,194,52309,0,0,0,0,0,0,0,0,0
202206,548,47900, ,Washington-Arlington-Alexandria  DC-VA-MD-WV ,1114,1114,315335,5,10,1212,0,0,0,24,1606,224149,1003,1003,284282,4,8,1042,0,0,0,20,1485,209274
202206,548,49020, ,Winchester  VA-WV ,94,94,24739,0,0,0,0,0,0,0,0,0,94,94,24739,0,0,0,0,0,0,0,0,0
202206,554,48140, ,Wausau-Weston  WI ,35,35,11370,2,4,500,0,0,0,0,0,0,21,21,7339,1,2,200,0,0,0,0,0,0
202206,556,48620, ,Wichita  KS ,151,151,57673,10,20,2254,1,3,372,0,0,0,118,118,42322,2,4,455,0,0,0,0,0,0
202206,558,48700, ,Williamsport  PA ,5,5,1520,0,0,0,0,0,0,0,0,0,2,2,690,0,0,0,0,0,0,0,0,0
202206,566,49660, ,Youngstown-Warren-Boardman  OH-PA ,29,29,6283,1,2,219,0,0,0,0,0,0,17,17,4007,0,0,0,0,0,0,0,0,0
202206,999,10180, ,Abilene  TX ,59,59,14987,0,0,0,0,0,0,0,0,0,59,59,14987,0,0,0,0,0,0,0,0,0
202206,999,10500, ,Albany  GA ,27,27,2371,0,0,0,0,0,0,0,0,0,21,21,956,0,0,0,0,0,0,0,0,0
202206,999,10780, ,Alexandria  LA ,39,39,9538,0,0,0,0,0,0,0,0,0,30,30,7270,0,0,0,0,0,0,0,0,0
202206,999,10900, ,Allentown-Bethlehem-Easton  PA-NJ ,111,111,25563,1,2,35,2,8,1360,2,29,1914,73,73,17969,0,0,0,2,8,1360,1,6,1650
202206,999,11260,C,Anchorage  AK ,68,68,21266,0,0,0,1,4,690,2,28,4246,3,3,617,0,0,0,0,0,0,0,0,0
202206,999,11500, ,Anniston-Oxford  AL ,4,4,523,0,0,0,0,0,0,0,0,0,3,3,443,0,0,0,0,0,0,0,0,0
202206,999,12260, ,Augusta-Richmond County  GA-SC ,351,351,85724,0,0,0,0,0,0,1,5,287,191,191,55104,0,0,0,0,0,0,0,0,0
202206,999,12420, ,Austin-Round Rock-Georgetown  TX ,2054,2054,554672,10,20,2127,2,7,636,58,2677,173565,1654,1654,465198,6,12,1353,1,4,378,57,2664,172235
202206,999,12540, ,Bakersfield  CA ,151,151,34760,1,2,380,0,0,0,2,13,836,48,48,10240,1,2,380,0,0,0,0,0,0
202206,999,12620, ,Bangor  ME ,29,29,7543,1,2,198,1,4,450,0,0,0,12,12,3955,1,2,198,1,4,450,0,0,0
202206,999,12940, ,Baton Rouge  LA ,329,329,77399,0,0,0,0,0,0,12,267,30039,40,40,10310,0,0,0,0,0,0,12,267,30039
202206,999,13140, ,Beaumont-Port Arthur  TX ,140,140,32968,0,0,0,0,0,0,0,0,0,125,125,30134,0,0,0,0,0,0,0,0,0
202206,999,13220, ,Beckley  WV ,14,14,1516,0,0,0,0,0,0,0,0,0,13,13,1405,0,0,0,0,0,0,0,0,0
202206,999,13380,C,Bellingham  WA ,95,95,29133,0,0,0,0,0,0,3,79,8931,67,67,21021,0,0,0,0,0,0,3,79,8931
202206,999,13740, ,Billings  MT ,33,33,9088,0,0,0,0,0,0,6,216,24600,33,33,9088,0,0,0,0,0,0,6,216,24600
202206,999,13780, ,Binghamton  NY ,9,9,2116,0,0,0,0,0,0,3,37,3492,3,3,1053,0,0,0,0,0,0,0,0,0
202206,999,13900, ,Bismarck  ND ,33,33,12508,5,10,1851,1,4,930,1,8,1704,26,26,10274,5,10,1851,1,4,930,1,8,1704
202206,999,13980, ,Blacksburg-Christiansburg  VA ,41,41,11361,0,0,0,0,0,0,0,0,0,39,39,10957,0,0,0,0,0,0,0,0,0
202206,999,15260, ,Brunswick  GA ,57,57,19148,1,2,301,0,0,0,1,5,2696,0,0,0,0,0,0,0,0,0,0,0,0
202206,999,16060, ,Carbondale-Marion  IL ,5,5,644,0,0,0,0,0,0,0,0,0,3,3,365,0,0,0,0,0,0,0,0,0
202206,999,16220,C,Casper  WY ,12,12,3016,0,0,0,1,3,371,1,6,598,4,4,720,0,0,0,0,0,0,0,0,0
202206,999,16580, ,Champaign-Urbana  IL ,46,46,15631,0,0,0,0,0,0,0,0,0,45,45,15391,0,0,0,0,0,0,0,0,0
202206,999,16700, ,Charleston-North Charleston  SC ,548,548,186118,0,0,0,0,0,0,7,167,16887,276,276,99899,0,0,0,0,0,0,0,0,0
202206,999,16820,C,Charlottesville  VA ,107,107,34032,1,2,346,0,0,0,5,45,6597,50,50,12335,0,0,0,0,0,0,0,0,0
202206,999,16940, ,Cheyenne  WY ,39,39,8900,0,0,0,0,0,0,0,0,0,39,39,8900,0,0,0,0,0,0,0,0,0
202206,999,17020,C,Chico  CA ,105,105,22019,0,0,0,0,0,0,14,272,28708,85,85,18046,0,0,0,0,0,0,14,272,28708
202206,999,17300, ,Clarksville  TN-KY ,183,183,35527,5,10,1370,4,16,1746,26,192,17619,125,125,20751,4,8,925,4,16,1746,25,185,17164
202206,999,17780, ,College Station-Bryan  TX ,123,123,28415,0,0,0,0,0,0,1,7,1400,122,122,28210,0,0,0,0,0,0,1,7,1400
202206,999,17820, ,Colorado Springs  CO ,452,452,188419,0,0,0,0,0,0,8,354,50580,452,452,188419,0,0,0,0,0,0,8,354,50580
202206,999,18880,C,Crestview-Fort Walton Beach-Destin  FL ,181,181,95531,2,4,450,0,0,0,4,28,4357,181,181,95531,2,4,450,0,0,0,4,28,4357
202206,999,19060, ,Cumberland  MD-WV ,5,5,1219,0,0,0,0,0,0,0,0,0,2,2,500,0,0,0,0,0,0,0,0,0
202206,999,19180, ,Danville  IL ,1,1,55,0,0,0,0,0,0,0,0,0,0,0,0,0,0,0,0,0,0,0,0,0
202206,999,19500, ,Decatur  IL ,1,1,623,0,0,0,0,0,0,1,20,3569,1,1,623,0,0,0,0,0,0,1,20,3569
202206,999,20220, ,Dubuque  IA ,12,12,4021,0,0,0,2,6,1600,0,0,0,9,9,3287,0,0,0,2,6,1600,0,0,0
202206,999,20260, ,Duluth  MN-WI ,72,72,19587,1,2,474,0,0,0,0,0,0,61,61,16642,1,2,474,0,0,0,0,0,0
202206,999,20940, ,El Centro  CA ,27,27,4369,1,2,170,1,3,185,1,7,700,3,3,345,1,2,170,0,0,0,0,0,0
202206,999,21420, ,Enid  OK ,2,2,549,0,0,0,0,0,0,0,0,0,2,2,549,0,0,0,0,0,0,0,0,0
202206,999,21660,C,Eugene-Springfield  OR ,70,70,22228,0,0,0,0,0,0,0,0,0,30,30,11624,0,0,0,0,0,0,0,0,0
202206,999,21780, ,Evansville  IN-KY ,84,84,29199,3,6,1088,0,0,0,1,13,968,30,30,15855,0,0,0,0,0,0,0,0,0
202206,999,21820, ,Fairbanks  AK ,0,0,0,0,0,0,0,0,0,0,0,0,0,0,0,0,0,0,0,0,0,0,0,0
202206,999,22140,C,Farmington  NM ,14,14,3623,0,0,0,0,0,0,0,0,0,14,14,3623,0,0,0,0,0,0,0,0,0
202206,999,22220, ,Fayetteville-Springdale-Rogers  AR-MO ,542,542,165327,32,64,13906,5,17,3575,3,41,3190,423,423,137483,32,64,13906,5,17,3575,0,0,0
202206,999,22380, ,Flagstaff  AZ ,35,35,12477,0,0,0,0,0,0,0,0,0,35,35,12477,0,0,0,0,0,0,0,0,0
202206,999,22500, ,Florence  SC ,72,72,12379,0,0,0,0,0,0,0,0,0,72,72,12379,0,0,0,0,0,0,0,0,0
202206,999,22520, ,Florence-Muscle Shoals  AL ,26,26,3126,0,0,0,0,0,0,0,0,0,7,7,891,0,0,0,0,0,0,0,0,0
202206,999,22540, ,Fond du Lac  WI ,13,13,4407,0,0,0,0,0,0,1,6,476,3,3,1305,0,0,0,0,0,0,0,0,0
202206,999,22660,C,Fort Collins  CO ,124,124,47029,1,2,416,0,0,0,3,25,5579,124,124,47029,1,2,416,0,0,0,3,25,5579
202206,999,22900, ,Fort Smith  AR-OK ,34,34,5517,0,0,0,1,3,255,0,0,0,28,28,4915,0,0,0,0,0,0,0,0,0
202206,999,23460, ,Gadsden  AL ,15,15,3108,0,0,0,0,0,0,0,0,0,7,7,1904,0,0,0,0,0,0,0,0,0
202206,999,24140,C,Goldsboro  NC ,26,26,6281,0,0,0,0,0,0,0,0,0,26,26,6281,0,0,0,0,0,0,0,0,0
202206,999,24220, ,Grand Forks  ND-MN ,20,20,5627,0,0,0,0,0,0,0,0,0,20,20,5627,0,0,0,0,0,0,0,0,0
202206,999,24260, ,Grand Island  NE ,12,12,4126,6,12,2842,0,0,0,0,0,0,6,6,2834,6,12,2842,0,0,0,0,0,0
202206,999,24300,C,Grand Junction  CO ,69,69,10533,0,0,0,0,0,0,0,0,0,69,69,10533,0,0,0,0,0,0,0,0,0
202206,999,24500,C,Great Falls  MT ,21,21,4795,0,0,0,0,0,0,0,0,0,21,21,4795,0,0,0,0,0,0,0,0,0
202206,999,25060, ,Gulfport-Biloxi  MS ,249,249,42293,0,0,0,1,4,401,16,168,7516,147,147,25539,0,0,0,0,0,0,14,156,6500
202206,999,25860,C,Hickory-Lenoir-Morganton  NC ,182,182,41463,1,2,150,0,0,0,2,18,986,153,153,35678,1,2,150,0,0,0,0,0,0
202206,999,25940, ,Hilton Head Island-Bluffton  SC ,277,277,112819,0,0,0,0,0,0,3,78,12644,187,187,71183,0,0,0,0,0,0,0,0,0
202206,999,26140,C,Homosassa Springs  FL ,158,158,34841,0,0,0,0,0,0,0,0,0,0,0,0,0,0,0,0,0,0,0,0,0
202206,999,26380, ,Houma-Thibodaux  LA ,60,60,14459,9,18,1571,1,3,262,0,0,0,46,46,10678,8,16,1415,0,0,0,0,0,0
202206,999,27100, ,Jackson  MI ,15,15,4209,0,0,0,0,0,0,0,0,0,4,4,1330,0,0,0,0,0,0,0,0,0
202206,999,27340,C,Jacksonville  NC ,88,88,20466,0,0,0,0,0,0,0,0,0,88,88,20466,0,0,0,0,0,0,0,0,0
202206,999,27620, ,Jefferson City  MO ,19,19,4982,0,0,0,0,0,0,0,0,0,15,15,4190,0,0,0,0,0,0,0,0,0
202206,999,27980,C,Kahului-Wailuku-Lahaina  HI ,41,41,20561,2,4,625,0,0,0,0,0,0,41,41,20561,2,4,625,0,0,0,0,0,0
202206,999,28660, ,Killeen-Temple  TX ,260,260,63165,7,14,1492,0,0,0,0,0,0,218,218,51954,4,8,902,0,0,0,0,0,0
202206,999,29100, ,La Crosse-Onalaska  WI-MN ,17,17,7059,3,6,1226,1,4,600,1,12,1533,8,8,4287,0,0,0,1,4,600,0,0,0
202206,999,29420, ,Lake Havasu City-Kingman  AZ ,190,190,58128,11,22,1691,0,0,0,0,0,0,189,189,58031,11,22,1691,0,0,0,0,0,0
202206,999,29540, ,Lancaster  PA ,66,66,20067,1,2,413,0,0,0,4,39,3473,48,48,15654,1,2,413,0,0,0,3,34,3177
202206,999,29620, ,Lansing-East Lansing  MI ,58,58,18169,1,2,279,0,0,0,1,26,2885,35,35,12391,0,0,0,0,0,0,0,0,0
202206,999,29700, ,Laredo  TX ,118,118,18953,2,4,353,1,3,381,2,16,1040,0,0,0,0,0,0,0,0,0,0,0,0
202206,999,30020, ,Lawton  OK ,9,9,1220,0,0,0,0,0,0,0,0,0,3,3,600,0,0,0,0,0,0,0,0,0
202206,999,30300, ,Lewiston  ID-WA ,16,16,3534,1,2,460,0,0,0,0,0,0,11,11,2176,0,0,0,0,0,0,0,0,0
202206,999,30860, ,Logan  UT-ID ,81,81,30027,0,0,0,1,3,750,1,106,11931,68,68,26632,0,0,0,0,0,0,1,106,11931
202206,999,30980, ,Longview  TX ,30,30,6975,2,4,380,0,0,0,1,7,766,18,18,4558,0,0,0,0,0,0,0,0,0
202206,999,31340,C,Lynchburg  VA ,50,50,10878,0,0,0,1,3,603,1,10,259,47,47,10268,0,0,0,0,0,0,0,0,0
202206,999,31740, ,Manhattan  KS ,24,24,8030,0,0,0,0,0,0,0,0,0,9,9,3433,0,0,0,0,0,0,0,0,0
202206,999,33540,C,Missoula  MT ,32,32,8773,4,8,921,0,0,0,1,25,3853,32,32,8773,4,8,921,0,0,0,1,25,3853
202206,999,36100,C,Ocala  FL ,367,367,92931,0,0,0,0,0,0,16,320,31928,367,367,92931,0,0,0,0,0,0,16,320,31928
202206,999,36980, ,Owensboro  KY ,20,20,2261,0,0,0,0,0,0,0,0,0,19,19,2059,0,0,0,0,0,0,0,0,0
202206,999,37340, ,Palm Bay-Melbourne-Titusville  FL ,472,472,164428,0,0,0,0,0,0,2,43,25298,459,459,161590,0,0,0,0,0,0,2,43,25298
202206,999,37460,C,Panama City  FL ,223,223,85629,2,4,750,3,9,2008,10,120,28406,187,187,76962,1,2,225,2,6,1395,6,87,21321
202206,999,37900, ,Peoria  IL ,16,16,6215,1,2,160,0,0,0,1,5,391,12,12,5251,0,0,0,0,0,0,0,0,0
202206,999,38340, ,Pittsfield  MA ,10,10,5714,0,0,0,0,0,0,0,0,0,0,0,0,0,0,0,0,0,0,0,0,0
202206,999,38540, ,Pocatello  ID ,25,25,5366,0,0,0,1,3,311,0,0,0,6,6,749,0,0,0,0,0,0,0,0,0
202206,999,39150, ,Prescott Valley-Prescott  AZ ,161,161,65056,3,6,974,0,0,0,0,0,0,151,151,61621,3,6,974,0,0,0,0,0,0
202206,999,40060,C,Richmond  VA ,452,452,109928,11,22,4256,0,0,0,3,277,20498,423,423,104464,11,22,4256,0,0,0,2,268,19629
202206,999,40220,C,Roanoke  VA ,43,43,11786,0,0,0,0,0,0,1,37,4521,23,23,5795,0,0,0,0,0,0,0,0,0
202206,999,41100, ,St. George  UT ,228,228,47086,1,2,172,1,4,800,11,228,33016,184,184,39184,0,0,0,1,4,800,11,228,33016
202206,999,41500, ,Salinas  CA ,48,48,11323,0,0,0,1,3,464,8,165,19868,38,38,8977,0,0,0,0,0,0,6,142,16479
202206,999,41660,C,San Angelo  TX ,17,17,4305,0,0,0,0,0,0,0,0,0,17,17,4305,0,0,0,0,0,0,0,0,0
202206,999,41740,C,San Diego-Chula Vista-Carlsbad  CA ,362,362,102499,2,4,1077,17,60,13595,34,1130,184253,352,352,99340,2,4,1077,17,60,13595,33,1122,183361
202206,999,42020,C,San Luis Obispo-Paso Robles  CA ,46,46,15090,2,4,710,0,0,0,4,121,19731,28,28,7365,2,4,710,0,0,0,4,121,19731
202206,999,42200, ,Santa Maria-Santa Barbara  CA ,36,36,9739,2,4,579,0,0,0,3,63,7317,11,11,8649,0,0,0,0,0,0,0,0,0
202206,999,42540, ,Scranton--Wilkes-Barre  PA ,42,42,12052,0,0,0,0,0,0,1,5,684,11,11,4329,0,0,0,0,0,0,0,0,0
202206,999,42700,C,Sebring-Avon Park  FL ,75,75,17413,0,0,0,0,0,0,0,0,0,75,75,17413,0,0,0,0,0,0,0,0,0
202206,999,43100, ,Sheboygan  WI ,11,11,3555,3,6,1062,0,0,0,0,0,0,3,3,1034,2,4,530,0,0,0,0,0,0
202206,999,43420, ,Sierra Vista-Douglas  AZ ,36,36,5093,1,2,275,0,0,0,0,0,0,33,33,4386,0,0,0,0,0,0,0,0,0
202206,999,43580, ,Sioux City  IA-NE-SD ,37,37,11302,1,2,500,1,3,0,0,0,0,26,26,8172,1,2,500,0,0,0,0,0,0
202206,999,43620, ,Sioux Falls  SD ,164,164,39403,0,0,0,0,0,0,0,0,0,154,154,36709,0,0,0,0,0,0,0,0,0
202206,999,44140, ,Springfield  MA ,36,36,9984,1,2,360,0,0,0,3,107,12522,13,13,4539,0,0,0,0,0,0,1,90,10800
202206,999,44180, ,Springfield  MO ,121,121,36618,5,10,1338,1,3,188,1,5,2700,87,87,27051,4,8,1060,0,0,0,1,5,2700
202206,999,44940, ,Sumter  SC ,58,58,10883,0,0,0,0,0,0,0,0,0,52,52,9924,0,0,0,0,0,0,0,0,0
202206,999,45220, ,Tallahassee  FL ,129,129,25587,1,2,222,1,4,378,5,144,18427,40,40,6771,0,0,0,1,4,378,0,0,0
202206,999,45300, ,Tampa-St. Petersburg-Clearwater  FL ,1181,1181,348072,5,10,845,0,0,0,28,1817,248117,1155,1155,340930,5,10,845,0,0,0,24,1792,240418
202206,999,45460, ,Terre Haute  IN ,9,9,1281,0,0,0,1,4,185,1,5,471,4,4,375,0,0,0,1,4,185,0,0,0
202206,999,45500, ,Texarkana  TX-AR ,12,12,3245,3,6,720,1,4,450,1,5,385,4,4,1399,3,6,720,1,4,450,1,5,385
202206,999,45820, ,Topeka  KS ,25,25,6126,0,0,0,0,0,0,0,0,0,20,20,5102,0,0,0,0,0,0,0,0,0
202206,999,46220, ,Tuscaloosa  AL ,68,68,17545,0,0,0,3,12,904,2,67,11100,30,30,8002,0,0,0,0,0,0,0,0,0
202206,999,46300, ,Twin Falls  ID ,51,51,13624,0,0,0,0,0,0,1,20,3120,43,43,11499,0,0,0,0,0,0,1,20,3120
202206,999,46520,C,Urban Honolulu  HI ,72,72,26708,2,4,904,0,0,0,1,52,12614,0,0,0,0,0,0,0,0,0,0,0,0
202206,999,46540, ,Utica-Rome  NY ,13,13,4087,0,0,0,0,0,0,1,9,1406,5,5,2545,0,0,0,0,0,0,0,0,0
202206,999,46660, ,Valdosta  GA ,112,112,19443,1,2,133,0,0,0,1,14,1375,50,50,8981,0,0,0,0,0,0,0,0,0
202206,999,47300,C,Visalia  CA ,124,124,33773,0,0,0,0,0,0,13,105,12429,112,112,30106,0,0,0,0,0,0,12,96,10291
202206,999,47380, ,Waco  TX ,103,103,13798,2,4,422,0,0,0,1,5,514,89,89,11307,1,2,225,0,0,0,0,0,0
202206,999,47940, ,Waterloo-Cedar Falls  IA ,14,14,6005,0,0,0,0,0,0,0,0,0,9,9,3642,0,0,0,0,0,0,0,0,0
202206,999,48060, ,Watertown-Fort Drum  NY ,21,21,3957,0,0,0,0,0,0,0,0,0,20,20,3657,0,0,0,0,0,0,0,0,0
202206,999,48300, ,Wenatchee  WA ,46,46,12826,0,0,0,0,0,0,1,6,706,19,19,7766,0,0,0,0,0,0,0,0,0
202206,999,48540, ,Wheeling  WV-OH ,0,0,0,0,0,0,0,0,0,0,0,0,0,0,0,0,0,0,0,0,0,0,0,0
202206,999,48660, ,Wichita Falls  TX ,14,14,2791,0,0,0,0,0,0,0,0,0,10,10,1926,0,0,0,0,0,0,0,0,0
202206,999,48900, ,Wilmington  NC ,246,246,83594,14,28,4256,0,0,0,6,173,22631,116,116,39599,10,20,2575,0,0,0,0,0,0
202206,999,49420, ,Yakima  WA ,62,62,16035,7,14,1710,3,11,1375,2,11,2486,54,54,14052,6,12,1225,2,8,1116,0,0,0
202206,999,49740,C,Yuma  AZ ,65,65,10824,0,0,0,0,0,0,0,0,0,65,65,10824,0,0,0,0,0,0,0,0,0
