Survey,CSA,CBSA,MONCOV,CBSA,,1-unit,,,2-units,,,3-4 units,,,5+ units,,,1-unit rep,,,2-units rep,,,3-4 units rep,,,5+ units rep
Date,Code,Code,,Name,Bldgs,Units,Value,Bldgs,Units,Value,Bldgs,Units,Value,Bldgs,Units,Value,Bldgs,Units,Value,Bldgs,Units,Value,      Bldgs,Units,Value,Bldgs,Units,Value
 
202211,104,10580,C,Albany-Schenectady-Troy  NY ,58,58,18652,0,0,0,2,8,1334,5,145,5389,37,37,10791,0,0,0,2,8,1334,3,133,4253
202211,104,24020,C,Glens Falls  NY ,16,16,5381,5,10,1706,0,0,0,0,0,0,16,16,5381,5,10,1706,0,0,0,0,0,0
202211,106,10740,C,Albuquerque  NM ,120,120,18295,0,0,0,0,0,0,1,6,250,113,113,16439,0,0,0,0,0,0,0,0,0
202211,106,42140,C,Santa Fe  NM ,9,9,2624,0,0,0,0,0,0,2,39,4292,0,0,0,0,0,0,0,0,0,0,0,0
202211,107,11020,C,Altoona  PA ,8,8,2333,0,0,0,0,0,0,0,0,0,4,4,1200,0,0,0,0,0,0,0,0,0
202211,108,11100,C,Amarillo  TX ,48,48,12134,0,0,0,0,0,0,0,0,0,47,47,12042,0,0,0,0,0,0,0,0,0
202211,118,11540,C,Appleton  WI ,22,22,8120,0,0,0,0,0,0,2,17,1507,18,18,7088,0,0,0,0,0,0,0,0,0
202211,118,36780,C,Oshkosh-Neenah  WI ,46,46,9306,0,0,0,0,0,0,0,0,0,46,46,9306,0,0,0,0,0,0,0,0,0
202211,120,11700,C,Asheville  NC ,193,193,76441,0,0,0,0,0,0,5,84,9100,99,99,45872,0,0,0,0,0,0,0,0,0
202211,122,12020,C,Athens-Clarke County  GA ,79,79,17764,0,0,0,0,0,0,12,280,29447,55,55,10914,0,0,0,0,0,0,12,280,29447
202211,122,12060,C,Atlanta-Sandy Springs-Alpharetta  GA ,1511,1511,412702,15,30,6032,5,16,835,75,1903,250234,1300,1300,368334,15,30,6032,5,16,835,67,1753,224335
202211,122,23580,C,Gainesville  GA ,55,55,13018,0,0,0,0,0,0,0,0,0,2,2,530,0,0,0,0,0,0,0,0,0
202211,122,40660,C,Rome  GA ,28,28,6431,0,0,0,0,0,0,0,0,0,28,28,6431,0,0,0,0,0,0,0,0,0
202211,140,13460,C,Bend  OR ,94,94,32936,3,6,1429,0,0,0,2,32,5152,94,94,32936,3,6,1429,0,0,0,2,32,5152
202211,142,13820,C,Birmingham-Hoover  AL ,202,202,63407,0,0,0,0,0,0,0,0,0,161,161,49300,0,0,0,0,0,0,0,0,0
202211,144,14020,C,Bloomington  IN ,16,16,6371,0,0,0,0,0,0,0,0,0,15,15,6086,0,0,0,0,0,0,0,0,0
202211,145,14010,C,Bloomington  IL ,18,18,5231,1,2,250,0,0,0,0,0,0,12,12,3516,0,0,0,0,0,0,0,0,0
202211,146,14100,C,Bloomsburg-Berwick  PA ,4,4,1117,0,0,0,0,0,0,1,5,454,2,2,588,0,0,0,0,0,0,0,0,0
202211,147,14260,C,Boise City  ID ,231,231,129453,0,0,0,3,12,1777,15,597,106558,201,201,118386,0,0,0,3,12,1777,15,597,106558
202211,148,12700,C,Barnstable Town  MA ,30,30,21313,1,2,300,0,0,0,0,0,0,18,18,14564,0,0,0,0,0,0,0,0,0
202211,148,14460,C,Boston-Cambridge-Newton  MA-NH ,305,305,118909,30,60,10175,6,20,3011,41,758,206580,161,161,77020,21,42,6495,4,14,2309,10,460,171855
202211,148,31700,C,Manchester-Nashua  NH ,47,47,14909,1,2,375,1,3,539,0,0,0,24,24,8315,1,2,375,0,0,0,0,0,0
202211,148,39300,C,Providence-Warwick  RI-MA ,102,102,35802,9,18,2701,2,7,1064,1,5,458,44,44,21931,5,10,1685,2,7,1064,0,0,0
202211,148,49340,C,Worcester  MA-CT ,57,57,15672,2,4,956,1,3,780,5,46,5120,25,25,7010,2,4,956,1,3,780,0,0,0
202211,150,14540,C,Bowling Green  KY ,61,61,14765,0,0,0,0,0,0,6,48,4680,61,61,14765,0,0,0,0,0,0,6,48,4680
202211,154,15180,C,Brownsville-Harlingen  TX ,84,84,11973,5,10,937,2,7,952,4,24,2018,5,5,1191,0,0,0,0,0,0,0,0,0
202211,160,15380,C,Buffalo-Cheektowaga  NY ,167,167,49531,0,0,0,3,11,1990,2,20,3894,157,157,46786,0,0,0,2,8,1503,0,0,0
202211,162,15540,C,Burlington-South Burlington  VT ,27,27,9455,1,2,404,0,0,0,1,7,1000,17,17,6759,0,0,0,0,0,0,0,0,0
202211,163,15980,C,Cape Coral-Fort Myers  FL ,526,526,123985,15,30,3926,1,3,629,13,248,24345,311,311,78254,1,2,250,0,0,0,11,178,19152
202211,163,34940,C,Naples-Marco Island  FL ,243,243,152599,0,0,0,5,18,5500,24,264,108397,243,243,152599,0,0,0,5,18,5500,24,264,108397
202211,164,16020,C,Cape Girardeau  MO-IL ,8,8,2352,1,2,477,0,0,0,0,0,0,0,0,0,0,0,0,0,0,0,0,0,0
202211,168,16300,C,Cedar Rapids  IA ,21,21,6114,3,6,1383,2,8,600,2,59,5562,19,19,5387,3,6,1383,2,8,600,2,59,5562
202211,168,26980,C,Iowa City  IA ,24,24,8022,1,2,331,0,0,0,1,10,1433,12,12,5124,0,0,0,0,0,0,0,0,0
202211,170,16620,C,Charleston  WV ,9,9,1049,0,0,0,0,0,0,0,0,0,6,6,523,0,0,0,0,0,0,0,0,0
202211,170,26580,C,Huntington-Ashland  WV-KY-OH ,17,17,3252,0,0,0,0,0,0,0,0,0,3,3,237,0,0,0,0,0,0,0,0,0
202211,172,16740,C,Charlotte-Concord-Gastonia  NC-SC ,1073,1073,299167,7,14,3781,0,0,0,14,886,136125,919,919,253135,7,14,3781,0,0,0,11,843,130539
202211,174,16860,C,Chattanooga  TN-GA ,125,125,27248,5,10,960,1,3,174,3,45,4493,94,94,20618,1,2,385,0,0,0,0,0,0
202211,174,17420,C,Cleveland  TN ,37,37,8061,0,0,0,3,10,1349,0,0,0,25,25,5888,0,0,0,3,10,1349,0,0,0
202211,174,19140,C,Dalton  GA ,25,25,2968,1,2,163,1,3,449,1,25,2584,9,9,481,0,0,0,0,0,0,0,0,0
202211,176,16980,C,Chicago-Naperville-Elgin  IL-IN-WI ,487,487,176444,7,14,3179,11,36,6922,25,770,61439,412,412,155032,5,10,2499,10,33,6652,18,726,55145
202211,176,28100,C,Kankakee  IL ,8,8,2075,0,0,0,0,0,0,0,0,0,6,6,1475,0,0,0,0,0,0,0,0,0
202211,176,33140,C,Michigan City-La Porte  IN ,10,10,3514,0,0,0,0,0,0,0,0,0,7,7,2685,0,0,0,0,0,0,0,0,0
202211,178,17140,C,Cincinnati  OH-KY-IN ,256,256,84624,12,24,5025,0,0,0,7,334,55547,228,228,78369,12,24,5025,0,0,0,6,309,53722
202211,184,10420,C,Akron  OH ,37,37,14120,34,68,8000,27,108,12000,35,433,12839,31,31,12250,34,68,8000,27,108,12000,33,420,12000
202211,184,15940,C,Canton-Massillon  OH ,18,18,5916,0,0,0,1,3,154,1,8,614,16,16,5682,0,0,0,0,0,0,0,0,0
202211,184,17460,C,Cleveland-Elyria  OH ,175,175,58191,1,2,11,0,0,0,0,0,0,154,154,53193,0,0,0,0,0,0,0,0,0
202211,190,17860,C,Columbia  MO ,45,45,14082,1,2,310,0,0,0,0,0,0,45,45,14082,1,2,310,0,0,0,0,0,0
202211,192,17900,C,Columbia  SC ,313,313,81723,2,4,488,0,0,0,1,73,12271,193,193,58452,0,0,0,0,0,0,0,0,0
202211,194,12220,C,Auburn-Opelika  AL ,83,83,21613,3,6,1155,1,3,345,2,21,2465,25,25,6021,1,2,314,0,0,0,0,0,0
202211,194,17980,C,Columbus  GA-AL ,25,25,6069,1,2,148,0,0,0,10,350,53350,24,24,5870,1,2,148,0,0,0,10,350,53350
202211,198,18140,C,Columbus  OH ,326,326,119734,2,4,1090,0,0,0,35,961,91294,268,268,102245,1,2,590,0,0,0,32,909,88085
202211,204,18580,C,Corpus Christi  TX ,97,97,25045,0,0,0,0,0,0,1,19,1412,70,70,17238,0,0,0,0,0,0,0,0,0
202211,206,19100,C,Dallas-Fort Worth-Arlington  TX ,2355,2355,624895,17,34,4206,13,48,5935,95,2134,263373,1763,1763,479240,6,12,1402,0,0,0,75,1472,186760
202211,206,43300,C,Sherman-Denison  TX ,44,44,10522,1,2,225,0,0,0,9,200,25198,22,22,6317,0,0,0,0,0,0,8,192,24497
202211,209,19340,C,Davenport-Moline-Rock Island  IA-IL ,17,17,3919,0,0,0,2,6,978,3,31,2437,4,4,621,0,0,0,0,0,0,1,21,1388
202211,212,19430,C,Dayton-Kettering  OH ,73,73,26293,3,6,1184,0,0,0,3,42,5142,42,42,15525,3,6,1184,0,0,0,0,0,0
202211,212,44220,C,Springfield  OH ,3,3,1393,0,0,0,0,0,0,0,0,0,3,3,1393,0,0,0,0,0,0,0,0,0
202211,216,14500,C,Boulder  CO ,69,69,50179,2,4,992,3,9,1979,7,124,27244,66,66,47123,1,2,660,3,9,1979,6,110,23176
202211,216,19740,C,Denver-Aurora-Lakewood  CO ,500,500,173905,2,4,802,6,21,4034,10,768,111871,466,466,162341,2,4,802,6,21,4034,7,694,101379
202211,216,24540,C,Greeley  CO ,138,138,36865,3,6,1048,2,6,1185,2,35,4907,48,48,13309,0,0,0,0,0,0,0,0,0
202211,218,11180,C,Ames  IA ,12,12,3645,0,0,0,4,16,4460,0,0,0,6,6,2057,0,0,0,4,16,4460,0,0,0
202211,218,19780,C,Des Moines-West Des Moines  IA ,160,160,58498,3,6,1463,1,3,630,4,295,50976,149,149,54925,2,4,933,0,0,0,3,290,50312
202211,220,11460,C,Ann Arbor  MI ,43,43,14339,0,0,0,0,0,0,0,0,0,34,34,12143,0,0,0,0,0,0,0,0,0
202211,220,19820,C,Detroit-Warren-Dearborn  MI ,212,212,92142,0,0,0,4,14,2890,5,46,5747,158,158,75346,0,0,0,2,7,2018,1,6,768
202211,220,22420,C,Flint  MI ,10,10,2783,0,0,0,0,0,0,0,0,0,6,6,1797,0,0,0,0,0,0,0,0,0
202211,220,33780,C,Monroe  MI ,10,10,2883,0,0,0,0,0,0,1,5,459,6,6,1970,0,0,0,0,0,0,0,0,0
202211,222,20020,C,Dothan  AL ,85,85,15356,0,0,0,0,0,0,0,0,0,78,78,13817,0,0,0,0,0,0,0,0,0
202211,232,20740,C,Eau Claire  WI ,20,20,8008,4,8,1490,0,0,0,2,43,5520,17,17,7185,0,0,0,0,0,0,0,0,0
202211,236,21300,C,Elmira  NY ,1,1,211,0,0,0,0,0,0,1,6,672,0,0,0,0,0,0,0,0,0,0,0,0
202211,238,21340,C,El Paso  TX ,146,146,34817,5,10,1279,1,3,396,2,16,1881,21,21,5381,0,0,0,0,0,0,0,0,0
202211,238,29740,C,Las Cruces  NM ,51,51,13122,0,0,0,0,0,0,1,6,469,14,14,4027,0,0,0,0,0,0,0,0,0
202211,240,21500,C,Erie  PA ,14,14,5729,2,4,1240,0,0,0,4,24,4216,10,10,4817,2,4,1240,0,0,0,4,24,4216
202211,244,22020,C,Fargo  ND-MN ,63,63,17640,0,0,0,0,0,0,3,144,21934,48,48,13098,0,0,0,0,0,0,2,139,21434
202211,246,22180,C,Fayetteville  NC ,152,152,33557,0,0,0,0,0,0,6,80,10207,111,111,27982,0,0,0,0,0,0,6,80,10207
202211,258,23060,C,Fort Wayne  IN ,160,160,49922,0,0,0,0,0,0,1,6,1500,160,160,49922,0,0,0,0,0,0,1,6,1500
202211,260,23420,C,Fresno  CA ,105,105,28963,0,0,0,0,0,0,1,13,2056,60,60,15083,0,0,0,0,0,0,0,0,0
202211,260,25260,C,Hanford-Corcoran  CA ,40,40,7905,0,0,0,0,0,0,0,0,0,36,36,6993,0,0,0,0,0,0,0,0,0
202211,260,31460,C,Madera  CA ,60,60,16712,0,0,0,0,0,0,0,0,0,60,60,16712,0,0,0,0,0,0,0,0,0
202211,264,23540,C,Gainesville  FL ,73,73,19418,1,2,76,0,0,0,1,90,3064,3,3,523,0,0,0,0,0,0,0,0,0
202211,266,24340,C,Grand Rapids-Kentwood  MI ,118,118,37804,3,6,865,1,3,560,3,43,5577,81,81,25620,0,0,0,0,0,0,1,5,725
202211,266,34740,C,Muskegon  MI ,20,20,5578,0,0,0,0,0,0,0,0,0,15,15,4348,0,0,0,0,0,0,0,0,0
202211,267,24580,C,Green Bay  WI ,37,37,14716,1,2,480,0,0,0,3,20,1767,21,21,9369,1,2,480,0,0,0,0,0,0
202211,268,15500,C,Burlington  NC ,101,101,20401,0,0,0,0,0,0,0,0,0,101,101,20401,0,0,0,0,0,0,0,0,0
202211,268,24660,C,Greensboro-High Point  NC ,144,144,37244,0,0,0,0,0,0,0,0,0,99,99,22936,0,0,0,0,0,0,0,0,0
202211,268,49180,C,Winston-Salem  NC ,291,291,67899,1,2,558,0,0,0,1,5,197,228,228,50968,1,2,558,0,0,0,0,0,0
202211,272,24780,C,Greenville  NC ,57,57,14873,2,4,656,0,0,0,0,0,0,37,37,10277,2,4,656,0,0,0,0,0,0
202211,273,24860,C,Greenville-Anderson  SC ,434,434,138655,2,4,1368,7,25,7209,5,28,7259,431,431,138152,2,4,1368,7,25,7209,5,28,7259
202211,273,43900,C,Spartanburg  SC ,169,169,28356,0,0,0,0,0,0,2,18,2159,0,0,0,0,0,0,0,0,0,0,0,0
202211,276,23900,C,Gettysburg  PA ,33,33,8960,0,0,0,0,0,0,0,0,0,33,33,8960,0,0,0,0,0,0,0,0,0
202211,276,25420,C,Harrisburg-Carlisle  PA ,75,75,19824,0,0,0,0,0,0,2,10,1674,52,52,14195,0,0,0,0,0,0,0,0,0
202211,276,30140,C,Lebanon  PA ,17,17,4263,0,0,0,0,0,0,1,5,876,5,5,1911,0,0,0,0,0,0,0,0,0
202211,276,49620,C,York-Hanover  PA ,63,63,15451,0,0,0,0,0,0,5,105,6341,30,30,9406,0,0,0,0,0,0,4,96,5675
202211,277,25500,C,Harrisonburg  VA ,18,18,7105,3,6,898,0,0,0,0,0,0,18,18,7105,3,6,898,0,0,0,0,0,0
202211,277,44420,C,Staunton  VA ,22,22,5922,0,0,0,0,0,0,0,0,0,22,22,5922,0,0,0,0,0,0,0,0,0
202211,278,25540,C,Hartford-East Hartford-Middletown  CT ,51,51,12895,8,16,1840,2,8,581,8,136,13545,29,29,7332,8,16,1840,2,8,581,5,117,12166
202211,278,35980,C,Norwich-New London  CT ,28,28,7871,0,0,0,0,0,0,1,8,1200,15,15,4377,0,0,0,0,0,0,1,8,1200
202211,279,25620,C,Hattiesburg  MS ,7,7,1340,1,2,230,0,0,0,0,0,0,0,0,0,0,0,0,0,0,0,0,0,0
202211,284,26300,C,Hot Springs  AR ,6,6,4893,0,0,0,0,0,0,0,0,0,6,6,4893,0,0,0,0,0,0,0,0,0
202211,288,26420,C,Houston-The Woodlands-Sugar Land  TX ,2748,2748,673977,38,76,12168,1,4,601,65,1801,214249,2613,2613,638736,32,64,10626,1,4,601,62,1786,213194
202211,290,19460,C,Decatur  AL ,18,18,4739,0,0,0,0,0,0,0,0,0,16,16,4393,0,0,0,0,0,0,0,0,0
202211,290,26620,C,Huntsville  AL ,190,190,40281,0,0,0,0,0,0,2,10,2806,95,95,17427,0,0,0,0,0,0,2,10,2806
202211,292,26820,C,Idaho Falls  ID ,31,31,6406,0,0,0,0,0,0,0,0,0,31,31,6406,0,0,0,0,0,0,0,0,0
202211,294,18020,C,Columbus  IN ,2,2,510,0,0,0,0,0,0,0,0,0,2,2,510,0,0,0,0,0,0,0,0,0
202211,294,26900,C,Indianapolis-Carmel-Anderson  IN ,390,390,136906,4,8,599,2,8,600,7,245,21746,309,309,110711,3,6,300,2,8,600,4,164,13000
202211,294,34620,C,Muncie  IN ,5,5,1646,0,0,0,0,0,0,0,0,0,2,2,778,0,0,0,0,0,0,0,0,0
202211,296,27060,C,Ithaca  NY ,3,3,878,1,2,294,0,0,0,2,30,4588,0,0,0,0,0,0,0,0,0,0,0,0
202211,297,27180,C,Jackson  TN ,29,29,6926,0,0,0,0,0,0,0,0,0,9,9,2352,0,0,0,0,0,0,0,0,0
202211,298,27140,C,Jackson  MS ,49,49,15193,0,0,0,0,0,0,0,0,0,28,28,9631,0,0,0,0,0,0,0,0,0
202211,300,27260,C,Jacksonville  FL ,775,775,190023,1,2,300,0,0,0,8,299,45204,693,693,165079,0,0,0,0,0,0,7,291,45113
202211,304,27740,C,Johnson City  TN ,37,37,11890,1,2,450,0,0,0,1,7,892,24,24,9827,0,0,0,0,0,0,1,7,892
202211,304,28700,C,Kingsport-Bristol  TN-VA ,58,58,13944,0,0,0,0,0,0,0,0,0,45,45,12052,0,0,0,0,0,0,0,0,0
202211,306,27780,C,Johnstown  PA ,2,2,623,0,0,0,0,0,0,0,0,0,0,0,0,0,0,0,0,0,0,0,0,0
202211,308,27860,C,Jonesboro  AR ,38,38,6495,4,8,550,4,16,829,2,10,568,8,8,1967,0,0,0,0,0,0,0,0,0
202211,309,27900,C,Joplin  MO ,23,23,4198,2,4,593,1,3,160,1,5,225,12,12,2459,2,4,593,0,0,0,0,0,0
202211,310,12980,C,Battle Creek  MI ,5,5,1118,0,0,0,0,0,0,0,0,0,1,1,312,0,0,0,0,0,0,0,0,0
202211,310,28020,C,Kalamazoo-Portage  MI ,19,19,6941,3,6,1279,0,0,0,0,0,0,9,9,3944,2,4,800,0,0,0,0,0,0
202211,312,28140,C,Kansas City  MO-KS ,331,331,108455,10,20,3028,3,12,972,5,175,18045,266,266,84676,7,14,850,3,12,972,4,126,11850
202211,312,29940,C,Lawrence  KS ,12,12,3985,0,0,0,1,3,600,1,25,1871,0,0,0,0,0,0,0,0,0,0,0,0
202211,312,41140,C,St. Joseph  MO-KS ,6,6,1136,0,0,0,0,0,0,0,0,0,4,4,722,0,0,0,0,0,0,0,0,0
202211,313,28420,C,Kennewick-Richland  WA ,83,83,26849,1,2,643,0,0,0,0,0,0,54,54,18803,0,0,0,0,0,0,0,0,0
202211,313,47460,C,Walla Walla  WA ,11,11,3558,6,12,1738,0,0,0,0,0,0,9,9,2970,6,12,1738,0,0,0,0,0,0
202211,315,28940,C,Knoxville  TN ,200,200,52350,1,2,270,0,0,0,1,11,737,165,165,46635,1,2,270,0,0,0,0,0,0
202211,315,34100,C,Morristown  TN ,45,45,8508,0,0,0,0,0,0,1,6,636,4,4,1120,0,0,0,0,0,0,0,0,0
202211,316,29020,C,Kokomo  IN ,8,8,1998,0,0,0,0,0,0,0,0,0,7,7,1692,0,0,0,0,0,0,0,0,0
202211,318,29180,C,Lafayette  LA ,118,118,27013,0,0,0,0,0,0,0,0,0,60,60,12502,0,0,0,0,0,0,0,0,0
202211,320,29200,C,Lafayette-West Lafayette  IN ,13,13,3771,0,0,0,0,0,0,7,291,36605,10,10,3117,0,0,0,0,0,0,5,240,30840
202211,324,29340,C,Lake Charles  LA ,49,49,10592,0,0,0,0,0,0,0,0,0,22,22,4498,0,0,0,0,0,0,0,0,0
202211,332,29820,C,Las Vegas-Henderson-Paradise  NV ,426,426,120367,8,16,1805,1,4,593,17,380,18807,424,424,119673,8,16,1805,1,4,593,17,380,18807
202211,336,30460,C,Lexington-Fayette  KY ,149,149,32992,6,12,275,1,3,179,5,89,11538,107,107,23470,6,12,275,1,3,179,3,18,4485
202211,338,30620,C,Lima  OH ,7,7,1351,0,0,0,0,0,0,0,0,0,5,5,905,0,0,0,0,0,0,0,0,0
202211,339,30700,C,Lincoln  NE ,59,59,17948,1,2,359,0,0,0,3,122,17292,3,3,872,0,0,0,0,0,0,0,0,0
202211,340,30780,C,Little Rock-North Little Rock-Conway  AR ,111,111,23855,3,6,765,0,0,0,1,111,8000,103,103,22770,3,6,765,0,0,0,1,111,8000
202211,340,38220,C,Pine Bluff  AR ,6,6,625,0,0,0,0,0,0,0,0,0,5,5,475,0,0,0,0,0,0,0,0,0
202211,348,31080,C,Los Angeles-Long Beach-Anaheim  CA ,700,700,172062,48,96,23563,5,15,4262,36,1268,356945,623,623,145034,45,90,21210,4,12,3647,25,1191,344568
202211,348,37100,C,Oxnard-Thousand Oaks-Ventura  CA ,18,18,4853,0,0,0,0,0,0,0,0,0,6,6,839,0,0,0,0,0,0,0,0,0
202211,348,40140,C,Riverside-San Bernardino-Ontario  CA ,419,419,122825,9,18,2825,4,14,3307,17,384,54426,239,239,65358,9,18,2825,4,14,3307,14,369,53058
202211,350,21060,C,Elizabethtown-Fort Knox  KY ,37,37,8885,1,2,225,0,0,0,0,0,0,37,37,8885,1,2,225,0,0,0,0,0,0
202211,350,31140,C,Louisville-Jefferson County  KY-IN ,195,195,69839,5,10,3520,3,12,1850,3,22,4213,182,182,66079,5,10,3520,3,12,1850,3,22,4213
202211,352,31180,C,Lubbock  TX ,136,136,32304,21,42,6130,0,0,0,2,20,1479,0,0,0,0,0,0,0,0,0,0,0,0
202211,356,31420,C,Macon-Bibb County  GA ,26,26,10211,0,0,0,0,0,0,0,0,0,17,17,8629,0,0,0,0,0,0,0,0,0
202211,356,47580,C,Warner Robins  GA ,63,63,12206,0,0,0,0,0,0,0,0,0,49,49,8848,0,0,0,0,0,0,0,0,0
202211,357,27500,C,Janesville-Beloit  WI ,17,17,4878,2,4,700,0,0,0,0,0,0,7,7,2462,2,4,700,0,0,0,0,0,0
202211,357,31540,C,Madison  WI ,96,96,43132,7,14,3838,0,0,0,6,766,97019,85,85,39757,6,12,3221,0,0,0,5,724,90271
202211,359,31860,C,Mankato  MN ,11,11,3760,0,0,0,1,3,798,2,18,2027,3,3,1448,0,0,0,0,0,0,0,0,0
202211,360,31900,C,Mansfield  OH ,6,6,1880,1,2,342,0,0,0,0,0,0,5,5,1559,1,2,342,0,0,0,0,0,0
202211,365,32580,C,McAllen-Edinburg-Mission  TX ,194,194,42263,14,28,1826,9,34,3990,3,64,4425,105,105,24914,8,16,800,8,31,3850,3,64,4425
202211,366,24420,C,Grants Pass  OR ,11,11,2463,1,2,220,0,0,0,0,0,0,0,0,0,0,0,0,0,0,0,0,0,0
202211,366,32780,C,Medford  OR ,28,28,8243,1,2,345,1,3,1102,2,29,3368,21,21,6164,1,2,345,0,0,0,1,24,2696
202211,368,32820,C,Memphis  TN-MS-AR ,152,152,39705,0,0,0,0,0,0,0,0,0,130,130,34834,0,0,0,0,0,0,0,0,0
202211,370,33100,C,Miami-Fort Lauderdale-Pompano Beach  FL ,393,393,206072,15,30,5436,2,7,1215,20,709,134828,336,336,181617,15,30,5436,1,4,965,5,562,101863
202211,370,38940,C,Port St. Lucie  FL ,306,306,160801,33,66,7127,0,0,0,4,52,8645,306,306,160801,33,66,7127,0,0,0,4,52,8645
202211,370,42680,C,Sebastian-Vero Beach  FL ,89,89,33816,2,4,631,0,0,0,0,0,0,24,24,5694,1,2,350,0,0,0,0,0,0
202211,372,33260,C,Midland  TX ,42,42,12986,0,0,0,0,0,0,0,0,0,42,42,12986,0,0,0,0,0,0,0,0,0
202211,372,36220,C,Odessa  TX ,69,69,16427,0,0,0,0,0,0,1,5,599,0,0,0,0,0,0,0,0,0,0,0,0
202211,376,33340,C,Milwaukee-Waukesha  WI ,102,102,52722,4,8,1776,0,0,0,6,105,19377,79,79,41706,3,6,1536,0,0,0,5,100,18544
202211,376,39540,C,Racine  WI ,9,9,4220,0,0,0,0,0,0,0,0,0,8,8,3935,0,0,0,0,0,0,0,0,0
202211,378,33460,C,Minneapolis-St. Paul-Bloomington  MN-WI ,465,465,177010,1,2,470,1,3,400,18,779,119628,420,420,160680,1,2,470,1,3,400,9,546,82505
202211,378,41060,C,St. Cloud  MN ,18,18,5489,0,0,0,0,0,0,0,0,0,6,6,2459,0,0,0,0,0,0,0,0,0
202211,380,19300,C,Daphne-Fairhope-Foley  AL ,143,143,44012,0,0,0,0,0,0,11,250,19645,92,92,34772,0,0,0,0,0,0,10,240,18851
202211,380,33660,C,Mobile  AL ,57,57,13728,0,0,0,0,0,0,0,0,0,53,53,12974,0,0,0,0,0,0,0,0,0
202211,384,33740,C,Monroe  LA ,19,19,4567,0,0,0,1,4,629,1,5,579,14,14,3531,0,0,0,0,0,0,0,0,0
202211,388,33860,C,Montgomery  AL ,49,49,11060,0,0,0,0,0,0,0,0,0,49,49,11060,0,0,0,0,0,0,0,0,0
202211,390,34060,C,Morgantown  WV ,0,0,0,0,0,0,0,0,0,0,0,0,0,0,0,0,0,0,0,0,0,0,0,0
202211,396,34820,C,Myrtle Beach-Conway-North Myrtle Beach  SC-NC ,760,760,157559,1,2,375,0,0,0,2,25,1712,572,572,106071,1,2,375,0,0,0,0,0,0
202211,400,34980,C,Nashville-Davidson--Murfreesboro--Franklin  TN ,949,949,268027,7,14,1263,1,3,173,7,41,3997,768,768,223367,7,14,1263,1,3,173,0,0,0
202211,404,35100,C,New Bern  NC ,28,28,9134,0,0,0,0,0,0,0,0,0,13,13,4679,0,0,0,0,0,0,0,0,0
202211,406,25220,C,Hammond  LA ,33,33,6272,1,2,100,0,0,0,1,46,4555,25,25,4929,0,0,0,0,0,0,0,0,0
202211,406,35380,C,New Orleans-Metairie  LA ,171,171,47165,18,36,4465,1,3,612,1,47,8478,123,123,35838,4,8,1316,0,0,0,0,0,0
202211,408,14860,C,Bridgeport-Stamford-Norwalk  CT ,42,42,31082,7,14,2400,0,0,0,3,22,2460,28,28,19913,7,14,2400,0,0,0,1,9,1800
202211,408,20700,C,East Stroudsburg  PA ,11,11,2838,0,0,0,0,0,0,0,0,0,1,1,95,0,0,0,0,0,0,0,0,0
202211,408,28740,C,Kingston  NY ,22,22,8240,0,0,0,0,0,0,0,0,0,14,14,6094,0,0,0,0,0,0,0,0,0
202211,408,35300,C,New Haven-Milford  CT ,32,32,7487,1,2,180,0,0,0,4,119,45845,15,15,4171,0,0,0,0,0,0,3,109,45203
202211,408,35620,C,New York-Newark-Jersey City  NY-NJ-PA ,798,798,243620,55,110,14325,10,34,3132,92,2607,298559,489,489,165342,35,70,9389,5,18,2031,36,1906,216851
202211,408,39100,C,Poughkeepsie-Newburgh-Middletown  NY ,53,53,19752,0,0,0,1,3,852,3,42,5372,12,12,4400,0,0,0,0,0,0,0,0,0
202211,408,45940,C,Trenton-Princeton  NJ ,13,13,2311,0,0,0,0,0,0,2,12,694,6,6,1158,0,0,0,0,0,0,0,0,0
202211,412,35840,C,North Port-Sarasota-Bradenton  FL ,558,558,193915,6,12,2760,1,4,4790,1,37,6443,523,523,184092,1,2,563,1,4,4790,1,37,6443
202211,412,39460,C,Punta Gorda  FL ,284,284,87025,4,8,1428,2,6,589,1,24,3527,276,276,83517,3,6,1037,2,6,589,0,0,0
202211,416,36420,C,Oklahoma City  OK ,281,281,92851,13,26,2577,0,0,0,0,0,0,244,244,86151,11,22,2294,0,0,0,0,0,0
202211,420,36540,C,Omaha-Council Bluffs  NE-IA ,152,152,36740,12,24,2332,1,4,671,4,375,19657,128,128,29745,12,24,2332,1,4,671,3,370,18973
202211,422,19660,C,Deltona-Daytona Beach-Ormond Beach  FL ,290,290,94446,9,18,3409,0,0,0,12,262,26017,241,241,79338,9,18,3409,0,0,0,10,227,22137
202211,422,29460,C,Lakeland-Winter Haven  FL ,343,343,109493,2,4,834,0,0,0,4,292,38484,283,283,94914,2,4,834,0,0,0,4,292,38484
202211,422,36740,C,Orlando-Kissimmee-Sanford  FL ,1011,1011,299634,9,18,4200,4,16,3881,16,505,67183,875,875,259945,9,18,4200,4,16,3881,13,450,63369
202211,422,45540,C,The Villages  FL ,199,199,53114,0,0,0,0,0,0,4,50,11191,0,0,0,0,0,0,0,0,0,0,0,0
202211,425,37620,C,Parkersburg-Vienna  WV ,0,0,0,0,0,0,0,0,0,0,0,0,0,0,0,0,0,0,0,0,0,0,0,0
202211,426,37860,C,Pensacola-Ferry Pass-Brent  FL ,203,203,52013,0,0,0,0,0,0,0,0,0,203,203,52013,0,0,0,0,0,0,0,0,0
202211,428,12100,C,Atlantic City-Hammonton  NJ ,33,33,12036,0,0,0,0,0,0,2,14,1203,28,28,10670,0,0,0,0,0,0,0,0,0
202211,428,20100,C,Dover  DE ,44,44,5935,0,0,0,0,0,0,0,0,0,43,43,5720,0,0,0,0,0,0,0,0,0
202211,428,36140,C,Ocean City  NJ ,64,64,27210,11,22,6042,2,7,1054,1,5,47,58,58,25846,11,22,6042,2,7,1054,1,5,47
202211,428,37980,C,Philadelphia-Camden-Wilmington  PA-NJ-DE-MD ,485,485,111572,8,16,3189,17,53,5827,32,718,108507,284,284,75292,8,16,3189,16,50,5577,17,609,96413
202211,428,39740,C,Reading  PA ,20,20,4689,0,0,0,0,0,0,0,0,0,11,11,2183,0,0,0,0,0,0,0,0,0
202211,428,47220,C,Vineland-Bridgeton  NJ ,12,12,1756,0,0,0,0,0,0,0,0,0,9,9,1419,0,0,0,0,0,0,0,0,0
202211,429,38060,C,Phoenix-Mesa-Chandler  AZ ,1390,1390,371722,39,78,11331,0,0,0,23,703,114870,1370,1370,365800,38,76,11071,0,0,0,22,602,97223
202211,430,38300,C,Pittsburgh  PA ,176,176,50819,25,50,17116,5,16,1826,2,38,5052,49,49,19832,22,44,16500,1,4,918,0,0,0
202211,430,48260,C,Weirton-Steubenville  WV-OH ,2,2,423,0,0,0,0,0,0,0,0,0,0,0,0,0,0,0,0,0,0,0,0,0
202211,438,30340,C,Lewiston-Auburn  ME ,11,11,2125,0,0,0,0,0,0,0,0,0,4,4,557,0,0,0,0,0,0,0,0,0
202211,438,38860,C,Portland-South Portland  ME ,140,140,45596,10,20,4591,1,3,392,5,32,5207,53,53,21543,8,16,3830,0,0,0,1,12,3000
202211,440,10540,C,Albany-Lebanon  OR ,14,14,3585,0,0,0,0,0,0,0,0,0,6,6,1637,0,0,0,0,0,0,0,0,0
202211,440,18700,C,Corvallis  OR ,5,5,1273,0,0,0,0,0,0,0,0,0,1,1,44,0,0,0,0,0,0,0,0,0
202211,440,31020,C,Longview  WA ,22,22,7519,0,0,0,1,4,391,0,0,0,22,22,7519,0,0,0,1,4,391,0,0,0
202211,440,38900,C,Portland-Vancouver-Hillsboro  OR-WA ,335,335,118822,3,6,1498,0,0,0,10,382,42938,279,279,100701,2,4,1079,0,0,0,7,336,37070
202211,440,41420,C,Salem  OR ,43,43,13376,1,2,164,0,0,0,4,54,4378,19,19,6823,1,2,164,0,0,0,2,30,1866
202211,444,39380,C,Pueblo  CO ,16,16,2879,0,0,0,0,0,0,0,0,0,16,16,2879,0,0,0,0,0,0,0,0,0
202211,450,20500,C,Durham-Chapel Hill  NC ,216,216,73421,1,2,275,1,3,707,6,234,32792,68,68,27054,0,0,0,0,0,0,1,60,9700
202211,450,39580,C,Raleigh-Cary  NC ,713,713,178468,1,2,260,0,0,0,26,1456,204101,713,713,178468,1,2,260,0,0,0,26,1456,204101
202211,452,39660,C,Rapid City  SD ,36,36,11225,0,0,0,0,0,0,2,18,1218,34,34,10597,0,0,0,0,0,0,2,18,1218
202211,454,39820,C,Redding  CA ,21,21,6450,0,0,0,0,0,0,0,0,0,14,14,4449,0,0,0,0,0,0,0,0,0
202211,456,16180,C,Carson City  NV ,8,8,2113,0,0,0,1,3,382,1,6,599,0,0,0,0,0,0,0,0,0,0,0,0
202211,456,39900,C,Reno  NV ,100,100,27651,2,4,538,1,4,528,7,151,19217,14,14,3317,1,2,329,0,0,0,0,0,0
202211,462,40340,C,Rochester  MN ,94,94,28794,0,0,0,0,0,0,0,0,0,86,86,26842,0,0,0,0,0,0,0,0,0
202211,464,40380,C,Rochester  NY ,60,60,20582,4,8,3151,0,0,0,1,10,1580,32,32,14408,4,8,3151,0,0,0,1,10,1580
202211,466,40420,C,Rockford  IL ,3,3,592,2,4,787,0,0,0,0,0,0,2,2,492,2,4,787,0,0,0,0,0,0
202211,468,40580,C,Rocky Mount  NC ,34,34,5105,0,0,0,0,0,0,0,0,0,3,3,934,0,0,0,0,0,0,0,0,0
202211,472,40900,C,Sacramento-Roseville-Folsom  CA ,510,510,142177,1,2,285,1,4,482,5,231,32341,496,496,138146,1,2,285,1,4,482,5,231,32341
202211,472,49700,C,Yuba City  CA ,23,23,5757,0,0,0,0,0,0,1,5,578,20,20,4788,0,0,0,0,0,0,0,0,0
202211,474,13020,C,Bay City  MI ,5,5,1594,0,0,0,0,0,0,0,0,0,2,2,784,0,0,0,0,0,0,0,0,0
202211,474,33220,C,Midland  MI ,3,3,411,0,0,0,0,0,0,0,0,0,0,0,0,0,0,0,0,0,0,0,0,0
202211,474,40980,C,Saginaw  MI ,8,8,1640,0,0,0,0,0,0,0,0,0,4,4,621,0,0,0,0,0,0,0,0,0
202211,476,41180,C,St. Louis  MO-IL ,292,292,101704,4,8,1345,6,23,4281,17,304,44279,222,222,76615,2,4,712,6,23,4281,11,199,32559
202211,480,41540,C,Salisbury  MD-DE ,292,292,43432,2,4,817,0,0,0,7,145,11619,288,288,42944,2,4,817,0,0,0,7,145,11619
202211,482,36260,C,Ogden-Clearfield  UT ,96,96,37121,0,0,0,1,3,567,6,109,11651,66,66,27956,0,0,0,0,0,0,3,72,6750
202211,482,39340,C,Provo-Orem  UT ,159,159,55107,7,14,3364,1,3,767,6,146,21062,153,153,52048,6,12,2695,1,3,767,6,146,21062
202211,482,41620,C,Salt Lake City  UT ,121,121,35296,4,8,1364,1,3,548,6,366,56394,85,85,24563,2,4,820,0,0,0,1,103,19628
202211,484,41700,C,San Antonio-New Braunfels  TX ,560,560,139539,3,6,781,0,0,0,28,698,76017,420,420,107990,3,6,781,0,0,0,26,648,69899
202211,488,32900,C,Merced  CA ,75,75,22150,0,0,0,0,0,0,10,152,24113,62,62,17715,0,0,0,0,0,0,10,152,24113
202211,488,33700,C,Modesto  CA ,46,46,8848,0,0,0,0,0,0,1,5,225,38,38,7136,0,0,0,0,0,0,1,5,225
202211,488,34900,C,Napa  CA ,19,19,4597,0,0,0,0,0,0,1,53,9165,13,13,2747,0,0,0,0,0,0,0,0,0
202211,488,41860,C,San Francisco-Oakland-Berkeley  CA ,172,172,69649,6,12,2166,5,18,4582,16,855,273666,105,105,49007,1,2,360,5,18,4582,8,782,260086
202211,488,41940,C,San Jose-Sunnyvale-Santa Clara  CA ,132,132,61743,1,2,363,0,0,0,1,7,1677,103,103,53317,0,0,0,0,0,0,0,0,0
202211,488,42100,C,Santa Cruz-Watsonville  CA ,18,18,4781,0,0,0,0,0,0,1,5,386,16,16,4570,0,0,0,0,0,0,0,0,0
202211,488,42220,C,Santa Rosa-Petaluma  CA ,41,41,10866,0,0,0,1,4,850,5,53,50970,31,31,8774,0,0,0,1,4,850,3,43,48886
202211,488,44700,C,Stockton  CA ,117,117,41017,0,0,0,0,0,0,3,57,7817,43,43,18938,0,0,0,0,0,0,1,22,2373
202211,488,46700,C,Vallejo  CA ,55,55,17484,0,0,0,0,0,0,0,0,0,55,55,17484,0,0,0,0,0,0,0,0,0
202211,496,25980,C,Hinesville  GA ,43,43,10159,0,0,0,0,0,0,1,72,12225,25,25,5853,0,0,0,0,0,0,1,72,12225
202211,496,42340,C,Savannah  GA ,145,145,37721,0,0,0,0,0,0,1,10,525,116,116,31074,0,0,0,0,0,0,0,0,0
202211,500,14740,C,Bremerton-Silverdale-Port Orchard  WA ,53,53,18671,0,0,0,0,0,0,5,56,8764,53,53,18671,0,0,0,0,0,0,5,56,8764
202211,500,34580,C,Mount Vernon-Anacortes  WA ,13,13,3087,0,0,0,0,0,0,1,16,1493,13,13,3087,0,0,0,0,0,0,0,0,0
202211,500,36500,C,Olympia-Lacey-Tumwater  WA ,31,31,10556,0,0,0,0,0,0,8,119,16130,25,25,9216,0,0,0,0,0,0,7,114,15918
202211,500,42660,C,Seattle-Tacoma-Bellevue  WA ,357,357,137844,33,66,16931,8,28,5796,15,1130,210053,314,314,121329,33,66,16931,8,28,5796,10,1008,191128
202211,508,43340,C,Shreveport-Bossier City  LA ,54,54,17621,0,0,0,0,0,0,0,0,0,32,32,13208,0,0,0,0,0,0,0,0,0
202211,515,21140,C,Elkhart-Goshen  IN ,24,24,5991,0,0,0,0,0,0,0,0,0,23,23,5704,0,0,0,0,0,0,0,0,0
202211,515,35660,C,Niles  MI ,9,9,4259,1,2,600,0,0,0,0,0,0,4,4,2455,1,2,600,0,0,0,0,0,0
202211,515,43780,C,South Bend-Mishawaka  IN-MI ,21,21,8773,0,0,0,0,0,0,4,186,34632,19,19,8231,0,0,0,0,0,0,4,186,34632
202211,518,17660,C,Coeur dAlene  ID ,64,64,33036,3,6,1314,1,3,1257,3,59,9622,50,50,29588,2,4,927,0,0,0,2,44,7990
202211,518,44060,C,Spokane-Spokane Valley  WA ,141,141,39352,5,10,2571,2,8,1360,4,38,4978,136,136,38145,5,10,2571,2,8,1360,2,28,3876
202211,522,44100,C,Springfield  IL ,3,3,1575,0,0,0,0,0,0,0,0,0,2,2,1300,0,0,0,0,0,0,0,0,0
202211,524,44300,C,State College  PA ,23,23,8371,0,0,0,0,0,0,2,198,61659,19,19,7269,0,0,0,0,0,0,2,198,61659
202211,532,45060,C,Syracuse  NY ,32,32,12189,0,0,0,0,0,0,1,5,313,17,17,9228,0,0,0,0,0,0,0,0,0
202211,534,45780,C,Toledo  OH ,53,53,23725,0,0,0,1,3,314,2,28,2143,38,38,19103,0,0,0,0,0,0,1,6,1200
202211,536,46060,C,Tucson  AZ ,175,175,58297,1,2,238,0,0,0,7,89,13192,93,93,35194,0,0,0,0,0,0,4,32,4637
202211,538,46140,C,Tulsa  OK ,219,219,62447,0,0,0,0,0,0,2,10,769,197,197,58207,0,0,0,0,0,0,0,0,0
202211,540,46340,C,Tyler  TX ,36,36,9183,8,16,2084,6,18,2705,1,5,623,26,26,6662,8,16,2084,6,18,2705,0,0,0
202211,544,47020,C,Victoria  TX ,6,6,841,0,0,0,0,0,0,0,0,0,3,3,769,0,0,0,0,0,0,0,0,0
202211,545,47260,C,Virginia Beach-Norfolk-Newport News  VA-NC ,265,265,60226,4,8,1140,0,0,0,0,0,0,248,248,58593,4,8,1140,0,0,0,0,0,0
202211,548,12580,C,Baltimore-Columbia-Towson  MD ,260,260,68081,4,8,400,1,3,400,5,338,61992,214,214,57182,4,8,400,1,3,400,4,329,60125
202211,548,15680,C,California-Lexington Park  MD ,12,12,4934,0,0,0,0,0,0,0,0,0,12,12,4934,0,0,0,0,0,0,0,0,0
202211,548,16540,C,Chambersburg-Waynesboro  PA ,11,11,3633,0,0,0,0,0,0,0,0,0,10,10,3368,0,0,0,0,0,0,0,0,0
202211,548,25180,C,Hagerstown-Martinsburg  MD-WV ,89,89,20165,0,0,0,0,0,0,0,0,0,74,74,15794,0,0,0,0,0,0,0,0,0
202211,548,47900,C,Washington-Arlington-Alexandria  DC-VA-MD-WV ,753,753,207790,1,2,170,0,0,0,21,1097,139625,625,625,175764,0,0,0,0,0,0,10,929,118527
202211,548,49020,C,Winchester  VA-WV ,23,23,8345,0,0,0,0,0,0,10,63,9890,23,23,8345,0,0,0,0,0,0,10,63,9890
202211,554,48140,C,Wausau-Weston  WI ,13,13,3832,0,0,0,0,0,0,0,0,0,7,7,2119,0,0,0,0,0,0,0,0,0
202211,556,48620,C,Wichita  KS ,114,114,33782,2,4,306,1,3,370,0,0,0,98,98,27287,0,0,0,1,3,370,0,0,0
202211,558,48700,C,Williamsport  PA ,1,1,297,0,0,0,0,0,0,0,0,0,0,0,0,0,0,0,0,0,0,0,0,0
202211,566,49660,C,Youngstown-Warren-Boardman  OH-PA ,23,23,5915,0,0,0,0,0,0,0,0,0,17,17,4760,0,0,0,0,0,0,0,0,0
202211,999,10180,C,Abilene  TX ,16,16,4160,1,2,225,0,0,0,0,0,0,16,16,4160,1,2,225,0,0,0,0,0,0
202211,999,10500,C,Albany  GA ,7,7,1111,0,0,0,0,0,0,0,0,0,5,5,566,0,0,0,0,0,0,0,0,0
202211,999,10780,C,Alexandria  LA ,13,13,4006,0,0,0,0,0,0,0,0,0,9,9,2953,0,0,0,0,0,0,0,0,0
202211,999,10900,C,Allentown-Bethlehem-Easton  PA-NJ ,130,130,32916,0,0,0,0,0,0,2,20,648,111,111,29039,0,0,0,0,0,0,0,0,0
202211,999,11260,C,Anchorage  AK ,36,36,11450,1,2,370,1,3,518,1,15,2275,1,1,337,1,2,370,0,0,0,0,0,0
202211,999,11500,C,Anniston-Oxford  AL ,4,4,579,0,0,0,0,0,0,0,0,0,3,3,499,0,0,0,0,0,0,0,0,0
202211,999,12260,C,Augusta-Richmond County  GA-SC ,183,183,45523,0,0,0,0,0,0,0,0,0,118,118,32610,0,0,0,0,0,0,0,0,0
202211,999,12420,C,Austin-Round Rock-Georgetown  TX ,1012,1012,216390,34,68,3423,5,19,1769,28,987,699653,585,585,121388,30,60,2642,4,16,1511,24,908,691846
202211,999,12540,C,Bakersfield  CA ,100,100,22734,1,2,120,1,3,278,6,46,5715,34,34,7071,1,2,120,0,0,0,4,36,4971
202211,999,12620,C,Bangor  ME ,26,26,4926,1,2,258,0,0,0,0,0,0,12,12,2310,1,2,258,0,0,0,0,0,0
202211,999,12940,C,Baton Rouge  LA ,227,227,53081,2,4,617,0,0,0,0,0,0,31,31,7841,2,4,617,0,0,0,0,0,0
202211,999,13140,C,Beaumont-Port Arthur  TX ,76,76,18184,0,0,0,0,0,0,0,0,0,64,64,15986,0,0,0,0,0,0,0,0,0
202211,999,13220,C,Beckley  WV ,4,4,1102,0,0,0,0,0,0,0,0,0,4,4,1102,0,0,0,0,0,0,0,0,0
202211,999,13380,C,Bellingham  WA ,40,40,10746,0,0,0,1,4,950,5,142,18219,27,27,7025,0,0,0,1,4,950,5,142,18219
202211,999,13740,C,Billings  MT ,15,15,4040,7,14,1576,0,0,0,0,0,0,15,15,4040,7,14,1576,0,0,0,0,0,0
202211,999,13780,C,Binghamton  NY ,11,11,2081,0,0,0,0,0,0,3,22,2219,2,2,399,0,0,0,0,0,0,0,0,0
202211,999,13900,C,Bismarck  ND ,3,3,940,0,0,0,12,48,1455,0,0,0,0,0,0,0,0,0,12,48,1455,0,0,0
202211,999,13980,C,Blacksburg-Christiansburg  VA ,21,21,6899,0,0,0,0,0,0,0,0,0,20,20,6697,0,0,0,0,0,0,0,0,0
202211,999,15260,C,Brunswick  GA ,43,43,22108,0,0,0,0,0,0,0,0,0,38,38,20928,0,0,0,0,0,0,0,0,0
202211,999,16060,C,Carbondale-Marion  IL ,3,3,201,0,0,0,1,4,250,0,0,0,2,2,46,0,0,0,1,4,250,0,0,0
202211,999,16220,C,Casper  WY ,6,6,1613,0,0,0,0,0,0,1,5,498,2,2,479,0,0,0,0,0,0,0,0,0
202211,999,16580,C,Champaign-Urbana  IL ,15,15,4790,0,0,0,0,0,0,3,99,8982,13,13,4320,0,0,0,0,0,0,3,99,8982
202211,999,16700,C,Charleston-North Charleston  SC ,367,367,126855,0,0,0,0,0,0,14,171,19520,180,180,73624,0,0,0,0,0,0,6,39,8431
202211,999,16820,C,Charlottesville  VA ,55,55,18513,1,2,346,0,0,0,5,34,4957,20,20,5175,0,0,0,0,0,0,0,0,0
202211,999,16940,C,Cheyenne  WY ,17,17,3957,0,0,0,2,6,488,1,5,367,6,6,1739,0,0,0,0,0,0,0,0,0
202211,999,17020,C,Chico  CA ,34,34,7708,6,12,1171,1,4,320,0,0,0,23,23,5523,6,12,1171,1,4,320,0,0,0
202211,999,17300,C,Clarksville  TN-KY ,60,60,11651,0,0,0,0,0,0,18,128,12470,58,58,11508,0,0,0,0,0,0,18,128,12470
202211,999,17780,C,College Station-Bryan  TX ,44,44,11855,1,2,250,0,0,0,0,0,0,44,44,11855,1,2,250,0,0,0,0,0,0
202211,999,17820,C,Colorado Springs  CO ,156,156,57964,0,0,0,0,0,0,14,373,68500,152,152,56824,0,0,0,0,0,0,14,373,68500
202211,999,18880,C,Crestview-Fort Walton Beach-Destin  FL ,135,135,69977,2,4,996,0,0,0,0,0,0,135,135,69977,2,4,996,0,0,0,0,0,0
202211,999,19060,C,Cumberland  MD-WV ,6,6,1387,0,0,0,0,0,0,0,0,0,6,6,1387,0,0,0,0,0,0,0,0,0
202211,999,19180,C,Danville  IL ,0,0,0,0,0,0,0,0,0,0,0,0,0,0,0,0,0,0,0,0,0,0,0,0
202211,999,19500,C,Decatur  IL ,1,1,241,0,0,0,0,0,0,0,0,0,0,0,0,0,0,0,0,0,0,0,0,0
202211,999,20220,C,Dubuque  IA ,3,3,1292,1,2,540,0,0,0,1,16,419,1,1,400,1,2,540,0,0,0,0,0,0
202211,999,20260,C,Duluth  MN-WI ,22,22,5785,1,2,650,0,0,0,1,114,16000,14,14,3776,1,2,650,0,0,0,1,114,16000
202211,999,20940,C,El Centro  CA ,20,20,2754,0,0,0,0,0,0,1,5,500,7,7,595,0,0,0,0,0,0,0,0,0
202211,999,21420,C,Enid  OK ,0,0,0,0,0,0,0,0,0,0,0,0,0,0,0,0,0,0,0,0,0,0,0,0
202211,999,21660,C,Eugene-Springfield  OR ,83,83,15000,0,0,0,0,0,0,1,13,1570,62,62,9419,0,0,0,0,0,0,1,13,1570
202211,999,21780,C,Evansville  IN-KY ,44,44,16512,3,6,869,0,0,0,0,0,0,28,28,12088,2,4,600,0,0,0,0,0,0
202211,999,21820,C,Fairbanks  AK ,0,0,0,0,0,0,0,0,0,0,0,0,0,0,0,0,0,0,0,0,0,0,0,0
202211,999,22140,C,Farmington  NM ,7,7,1229,0,0,0,0,0,0,0,0,0,7,7,1229,0,0,0,0,0,0,0,0,0
202211,999,22220,C,Fayetteville-Springdale-Rogers  AR-MO ,239,239,70073,15,30,3683,0,0,0,3,29,2287,183,183,57723,14,28,3218,0,0,0,0,0,0
202211,999,22380,C,Flagstaff  AZ ,26,26,8071,0,0,0,0,0,0,0,0,0,26,26,8071,0,0,0,0,0,0,0,0,0
202211,999,22500,C,Florence  SC ,22,22,4327,11,22,1650,1,3,285,1,7,560,21,21,4182,11,22,1650,1,3,285,1,7,560
202211,999,22520,C,Florence-Muscle Shoals  AL ,15,15,1999,0,0,0,0,0,0,0,0,0,4,4,573,0,0,0,0,0,0,0,0,0
202211,999,22540,C,Fond du Lac  WI ,6,6,2244,0,0,0,0,0,0,1,8,634,1,1,800,0,0,0,0,0,0,0,0,0
202211,999,22660,C,Fort Collins  CO ,62,62,21968,0,0,0,1,4,842,1,30,4384,40,40,14966,0,0,0,1,4,842,0,0,0
202211,999,22900,C,Fort Smith  AR-OK ,18,18,6230,6,12,2029,1,3,255,0,0,0,15,15,5924,6,12,2029,0,0,0,0,0,0
202211,999,23460,C,Gadsden  AL ,8,8,1870,0,0,0,0,0,0,0,0,0,6,6,1563,0,0,0,0,0,0,0,0,0
202211,999,24140,C,Goldsboro  NC ,26,26,5289,0,0,0,0,0,0,0,0,0,23,23,4612,0,0,0,0,0,0,0,0,0
202211,999,24220,C,Grand Forks  ND-MN ,4,4,983,0,0,0,0,0,0,0,0,0,3,3,833,0,0,0,0,0,0,0,0,0
202211,999,24260,C,Grand Island  NE ,15,15,3015,0,0,0,0,0,0,0,0,0,13,13,2619,0,0,0,0,0,0,0,0,0
202211,999,24300,C,Grand Junction  CO ,37,37,51025,0,0,0,0,0,0,0,0,0,37,37,51025,0,0,0,0,0,0,0,0,0
202211,999,24500,C,Great Falls  MT ,6,6,730,0,0,0,0,0,0,0,0,0,6,6,730,0,0,0,0,0,0,0,0,0
202211,999,25060,C,Gulfport-Biloxi  MS ,182,182,31151,4,8,469,1,4,401,1,9,762,116,116,20337,4,8,469,0,0,0,0,0,0
202211,999,25860,C,Hickory-Lenoir-Morganton  NC ,141,141,23724,1,2,360,0,0,0,7,127,17224,122,122,19977,0,0,0,0,0,0,4,112,16400
202211,999,25940,C,Hilton Head Island-Bluffton  SC ,136,136,60455,0,0,0,0,0,0,2,60,9718,16,16,13947,0,0,0,0,0,0,0,0,0
202211,999,26140,C,Homosassa Springs  FL ,100,100,22708,0,0,0,0,0,0,0,0,0,3,3,1435,0,0,0,0,0,0,0,0,0
202211,999,26380,C,Houma-Thibodaux  LA ,42,42,12112,0,0,0,0,0,0,1,7,560,42,42,12112,0,0,0,0,0,0,1,7,560
202211,999,27100,C,Jackson  MI ,8,8,2016,0,0,0,0,0,0,0,0,0,3,3,723,0,0,0,0,0,0,0,0,0
202211,999,27340,C,Jacksonville  NC ,60,60,14964,3,6,378,0,0,0,0,0,0,60,60,14964,3,6,378,0,0,0,0,0,0
202211,999,27620,C,Jefferson City  MO ,14,14,5917,0,0,0,0,0,0,0,0,0,10,10,4946,0,0,0,0,0,0,0,0,0
202211,999,27980,C,Kahului-Wailuku-Lahaina  HI ,17,17,8506,0,0,0,0,0,0,4,28,9642,0,0,0,0,0,0,0,0,0,0,0,0
202211,999,28660,C,Killeen-Temple  TX ,107,107,23863,38,76,7068,0,0,0,4,48,5765,29,29,7643,22,44,4388,0,0,0,0,0,0
202211,999,29100,C,La Crosse-Onalaska  WI-MN ,7,7,2438,5,10,1766,0,0,0,1,14,1789,2,2,900,1,2,320,0,0,0,0,0,0
202211,999,29420,C,Lake Havasu City-Kingman  AZ ,147,147,26383,2,4,499,0,0,0,0,0,0,132,132,24276,1,2,229,0,0,0,0,0,0
202211,999,29540,C,Lancaster  PA ,44,44,13218,1,2,404,0,0,0,1,5,539,31,31,10166,1,2,404,0,0,0,1,5,539
202211,999,29620,C,Lansing-East Lansing  MI ,27,27,7676,1,2,279,0,0,0,1,33,3662,13,13,4317,0,0,0,0,0,0,0,0,0
202211,999,29700,C,Laredo  TX ,73,73,11725,2,4,353,1,3,381,1,13,845,0,0,0,0,0,0,0,0,0,0,0,0
202211,999,30020,C,Lawton  OK ,3,3,544,0,0,0,0,0,0,0,0,0,1,1,325,0,0,0,0,0,0,0,0,0
202211,999,30300,C,Lewiston  ID-WA ,8,8,3097,0,0,0,0,0,0,0,0,0,7,7,1940,0,0,0,0,0,0,0,0,0
202211,999,30860,C,Logan  UT-ID ,32,32,11337,1,2,470,0,0,0,0,0,0,26,26,9837,1,2,470,0,0,0,0,0,0
202211,999,30980,C,Longview  TX ,15,15,3404,1,2,180,0,0,0,1,5,547,8,8,2026,0,0,0,0,0,0,0,0,0
202211,999,31340,C,Lynchburg  VA ,34,34,10180,0,0,0,0,0,0,6,43,9602,32,32,9773,0,0,0,0,0,0,5,35,9395
202211,999,31740,C,Manhattan  KS ,23,23,7278,0,0,0,0,0,0,0,0,0,17,17,5327,0,0,0,0,0,0,0,0,0
202211,999,33540,C,Missoula  MT ,16,16,4452,1,2,292,1,4,566,0,0,0,16,16,4452,1,2,292,1,4,566,0,0,0
202211,999,36100,C,Ocala  FL ,272,272,68186,0,0,0,0,0,0,0,0,0,272,272,68186,0,0,0,0,0,0,0,0,0
202211,999,36980,C,Owensboro  KY ,6,6,1440,0,0,0,0,0,0,0,0,0,6,6,1440,0,0,0,0,0,0,0,0,0
202211,999,37340,C,Palm Bay-Melbourne-Titusville  FL ,312,312,127393,0,0,0,0,0,0,0,0,0,303,303,125831,0,0,0,0,0,0,0,0,0
202211,999,37460,C,Panama City  FL ,91,91,28017,0,0,0,0,0,0,2,25,4925,24,24,3209,0,0,0,0,0,0,0,0,0
202211,999,37900,C,Peoria  IL ,7,7,1745,0,0,0,0,0,0,1,5,391,0,0,0,0,0,0,0,0,0,0,0,0
202211,999,38340,C,Pittsfield  MA ,5,5,2461,0,0,0,0,0,0,0,0,0,1,1,909,0,0,0,0,0,0,0,0,0
202211,999,38540,C,Pocatello  ID ,20,20,4373,0,0,0,1,4,400,0,0,0,14,14,3467,0,0,0,1,4,400,0,0,0
202211,999,39150,C,Prescott Valley-Prescott  AZ ,106,106,32783,25,50,6313,0,0,0,0,0,0,100,100,30561,25,50,6313,0,0,0,0,0,0
202211,999,40060,C,Richmond  VA ,270,270,72741,3,6,379,0,0,0,13,436,38390,261,261,71310,3,6,379,0,0,0,12,429,37714
202211,999,40220,C,Roanoke  VA ,25,25,7310,0,0,0,0,0,0,1,28,3422,12,12,3374,0,0,0,0,0,0,0,0,0
202211,999,41100,C,St. George  UT ,138,138,23804,0,0,0,2,7,1063,4,24,4543,113,113,19186,0,0,0,1,4,640,4,24,4543
202211,999,41500,C,Salinas  CA ,14,14,2979,1,2,200,1,3,464,2,12,1776,10,10,2017,1,2,200,0,0,0,0,0,0
202211,999,41660,C,San Angelo  TX ,16,16,4051,0,0,0,0,0,0,0,0,0,16,16,4051,0,0,0,0,0,0,0,0,0
202211,999,41740,C,San Diego-Chula Vista-Carlsbad  CA ,225,225,63198,3,6,810,5,16,3610,12,149,24024,219,219,61465,3,6,810,5,16,3610,11,144,23467
202211,999,42020,C,San Luis Obispo-Paso Robles  CA ,39,39,12606,0,0,0,5,19,3679,0,0,0,37,37,11980,0,0,0,5,19,3679,0,0,0
202211,999,42200,C,Santa Maria-Santa Barbara  CA ,25,25,9256,2,4,857,0,0,0,2,34,4016,11,11,8623,2,4,857,0,0,0,0,0,0
202211,999,42540,C,Scranton--Wilkes-Barre  PA ,35,35,11017,0,0,0,0,0,0,0,0,0,16,16,6110,0,0,0,0,0,0,0,0,0
202211,999,42700,C,Sebring-Avon Park  FL ,23,23,5343,1,2,222,0,0,0,0,0,0,23,23,5343,1,2,222,0,0,0,0,0,0
202211,999,43100,C,Sheboygan  WI ,9,9,3098,1,2,550,0,0,0,0,0,0,3,3,1179,1,2,550,0,0,0,0,0,0
202211,999,43420,C,Sierra Vista-Douglas  AZ ,33,33,4656,0,0,0,0,0,0,0,0,0,31,31,4046,0,0,0,0,0,0,0,0,0
202211,999,43580,C,Sioux City  IA-NE-SD ,18,18,5807,0,0,0,0,0,0,0,0,0,11,11,3855,0,0,0,0,0,0,0,0,0
202211,999,43620,C,Sioux Falls  SD ,51,51,11782,0,0,0,0,0,0,0,0,0,44,44,10111,0,0,0,0,0,0,0,0,0
202211,999,44140,C,Springfield  MA ,33,33,10283,0,0,0,0,0,0,4,22,2639,14,14,5375,0,0,0,0,0,0,0,0,0
202211,999,44180,C,Springfield  MO ,73,73,23983,2,4,303,0,0,0,0,0,0,52,52,18172,2,4,303,0,0,0,0,0,0
202211,999,44940,C,Sumter  SC ,18,18,4171,0,0,0,0,0,0,0,0,0,18,18,4171,0,0,0,0,0,0,0,0,0
202211,999,45220,C,Tallahassee  FL ,82,82,17991,1,2,222,0,0,0,5,107,13692,27,27,6398,0,0,0,0,0,0,0,0,0
202211,999,45300,C,Tampa-St. Petersburg-Clearwater  FL ,1058,1058,333975,42,84,7530,58,204,8337,87,1346,82538,640,640,243846,42,84,7530,58,204,8337,84,1331,78242
202211,999,45460,C,Terre Haute  IN ,4,4,572,0,0,0,0,0,0,1,5,471,1,1,150,0,0,0,0,0,0,0,0,0
202211,999,45500,C,Texarkana  TX-AR ,9,9,2203,1,2,225,1,4,378,0,0,0,6,6,1519,1,2,225,1,4,378,0,0,0
202211,999,45820,C,Topeka  KS ,21,21,5562,4,8,800,0,0,0,0,0,0,20,20,5419,4,8,800,0,0,0,0,0,0
202211,999,46220,C,Tuscaloosa  AL ,35,35,8388,0,0,0,3,11,829,2,50,8284,11,11,2358,0,0,0,0,0,0,0,0,0
202211,999,46300,C,Twin Falls  ID ,39,39,11503,2,4,510,0,0,0,1,5,562,20,20,7471,1,2,150,0,0,0,0,0,0
202211,999,46520,C,Urban Honolulu  HI ,41,41,17962,8,16,3018,0,0,0,10,309,88608,41,41,17962,8,16,3018,0,0,0,10,309,88608
202211,999,46540,C,Utica-Rome  NY ,4,4,881,0,0,0,0,0,0,3,20,2803,0,0,0,0,0,0,0,0,0,0,0,0
202211,999,46660,C,Valdosta  GA ,62,62,11185,1,2,133,0,0,0,1,10,982,25,25,4885,0,0,0,0,0,0,0,0,0
202211,999,47300,C,Visalia  CA ,66,66,19675,0,0,0,0,0,0,0,0,0,66,66,19675,0,0,0,0,0,0,0,0,0
202211,999,47380,C,Waco  TX ,51,51,8346,8,16,1834,0,0,0,1,5,514,39,39,6135,7,14,1637,0,0,0,0,0,0
202211,999,47940,C,Waterloo-Cedar Falls  IA ,14,14,4207,2,4,400,0,0,0,0,0,0,14,14,4207,2,4,400,0,0,0,0,0,0
202211,999,48060,C,Watertown-Fort Drum  NY ,10,10,1928,0,0,0,0,0,0,0,0,0,0,0,0,0,0,0,0,0,0,0,0,0
202211,999,48300,C,Wenatchee  WA ,21,21,6301,1,2,381,0,0,0,0,0,0,7,7,3676,0,0,0,0,0,0,0,0,0
202211,999,48540,C,Wheeling  WV-OH ,0,0,0,0,0,0,1,3,350,0,0,0,0,0,0,0,0,0,0,0,0,0,0,0
202211,999,48660,C,Wichita Falls  TX ,9,9,2445,0,0,0,0,0,0,0,0,0,7,7,1960,0,0,0,0,0,0,0,0,0
202211,999,48900,C,Wilmington  NC ,119,119,42611,25,50,4722,0,0,0,5,130,17006,38,38,15181,22,44,3462,0,0,0,0,0,0
202211,999,49420,C,Yakima  WA ,24,24,7202,3,6,754,4,12,1613,2,60,4256,17,17,4978,3,6,754,4,12,1613,1,54,2900
202211,999,49740,C,Yuma  AZ ,27,27,3977,0,0,0,0,0,0,0,0,0,24,24,3482,0,0,0,0,0,0,0,0,0
