Survey,CSA,CBSA,MONCOV,CBSA,,1-unit,,,2-units,,,3-4 units,,,5+ units,,,1-unit rep,,,2-units rep,,,3-4 units rep,,,5+ units rep
Date,Code,Code,,Name,Bldgs,Units,Value,Bldgs,Units,Value,Bldgs,Units,Value,Bldgs,Units,Value,Bldgs,Units,Value,Bldgs,Units,Value,      Bldgs,Units,Value,Bldgs,Units,Value
 
202202,104,10580,C,Albany-Schenectady-Troy  NY ,226,226,27491,27,54,876,0,0,0,5,35,4251,202,202,21439,27,54,876,0,0,0,2,16,1848
202202,104,24020,C,Glens Falls  NY ,21,21,6316,0,0,0,0,0,0,0,0,0,12,12,4253,0,0,0,0,0,0,0,0,0
202202,106,10740,C,Albuquerque  NM ,189,189,43399,0,0,0,0,0,0,2,10,417,167,167,38115,0,0,0,0,0,0,0,0,0
202202,106,42140,C,Santa Fe  NM ,35,35,10183,0,0,0,0,0,0,0,0,0,35,35,10183,0,0,0,0,0,0,0,0,0
202202,107,11020,C,Altoona  PA ,6,6,1571,0,0,0,0,0,0,0,0,0,1,1,682,0,0,0,0,0,0,0,0,0
202202,108,11100,C,Amarillo  TX ,86,86,20730,1,2,257,0,0,0,0,0,0,84,84,20096,1,2,257,0,0,0,0,0,0
202202,118,11540,C,Appleton  WI ,42,42,13432,7,14,2450,0,0,0,0,0,0,35,35,11117,7,14,2450,0,0,0,0,0,0
202202,118,36780,C,Oshkosh-Neenah  WI ,21,21,7881,0,0,0,0,0,0,0,0,0,19,19,7301,0,0,0,0,0,0,0,0,0
202202,120,11700,C,Asheville  NC ,208,208,63688,2,4,471,0,0,0,4,98,9709,52,52,17760,1,2,30,0,0,0,0,0,0
202202,122,12020,C,Athens-Clarke County  GA ,80,80,23038,1,2,60,0,0,0,1,157,12693,72,72,22541,1,2,60,0,0,0,1,157,12693
202202,122,12060,C,Atlanta-Sandy Springs-Alpharetta  GA ,2563,2563,614102,2,4,405,11,41,4528,36,1467,176647,2234,2234,547250,0,0,0,10,38,4314,33,1452,174674
202202,122,23580,C,Gainesville  GA ,97,97,22942,0,0,0,0,0,0,7,41,4953,11,11,2673,0,0,0,0,0,0,7,41,4953
202202,122,40660,C,Rome  GA ,23,23,5086,0,0,0,0,0,0,0,0,0,23,23,5086,0,0,0,0,0,0,0,0,0
202202,140,13460,C,Bend  OR ,114,114,38128,3,6,1651,8,24,2191,4,71,7751,65,65,26599,3,6,1651,7,21,1690,3,56,6047
202202,142,13820,C,Birmingham-Hoover  AL ,264,264,77444,0,0,0,0,0,0,0,0,0,180,180,46674,0,0,0,0,0,0,0,0,0
202202,144,14020,C,Bloomington  IN ,19,19,5109,1,2,284,0,0,0,1,24,2818,0,0,0,0,0,0,0,0,0,0,0,0
202202,145,14010,C,Bloomington  IL ,7,7,1604,0,0,0,0,0,0,0,0,0,2,2,544,0,0,0,0,0,0,0,0,0
202202,146,14100,C,Bloomsburg-Berwick  PA ,7,7,1393,0,0,0,0,0,0,0,0,0,4,4,962,0,0,0,0,0,0,0,0,0
202202,147,14260,C,Boise City  ID ,628,628,162150,0,0,0,7,27,2580,37,436,69711,604,604,156476,0,0,0,7,27,2580,37,436,69711
202202,148,12700,C,Barnstable Town  MA ,41,41,18092,2,4,300,0,0,0,0,0,0,26,26,11878,2,4,300,0,0,0,0,0,0
202202,148,14460,C,Boston-Cambridge-Newton  MA-NH ,344,344,120625,16,32,8260,9,28,6316,55,1490,300493,141,141,63589,11,22,6176,8,25,5904,15,1168,261718
202202,148,31700,C,Manchester-Nashua  NH ,49,49,13395,0,0,0,0,0,0,1,40,3835,9,9,3774,0,0,0,0,0,0,1,40,3835
202202,148,39300,C,Providence-Warwick  RI-MA ,113,113,30886,9,18,2360,1,3,222,2,11,1910,48,48,15946,5,10,1425,0,0,0,1,6,949
202202,148,49340,C,Worcester  MA-CT ,88,88,25602,2,4,585,0,0,0,3,50,7161,36,36,12149,1,2,300,0,0,0,1,14,2416
202202,150,14540,C,Bowling Green  KY ,75,75,17928,0,0,0,0,0,0,6,48,3625,75,75,17928,0,0,0,0,0,0,6,48,3625
202202,154,15180,C,Brownsville-Harlingen  TX ,137,137,17134,2,4,282,3,9,873,2,17,1251,22,22,3064,0,0,0,0,0,0,0,0,0
202202,160,15380,C,Buffalo-Cheektowaga  NY ,73,73,27680,1,2,600,0,0,0,4,34,5283,56,56,23411,1,2,600,0,0,0,0,0,0
202202,162,15540,C,Burlington-South Burlington  VT ,35,35,10264,1,2,415,0,0,0,3,18,2022,18,18,5530,0,0,0,0,0,0,0,0,0
202202,163,15980,C,Cape Coral-Fort Myers  FL ,925,925,176470,10,20,2133,0,0,0,15,380,55710,925,925,176470,10,20,2133,0,0,0,15,380,55710
202202,163,34940,C,Naples-Marco Island  FL ,315,315,141150,0,0,0,3,12,2536,5,89,27177,36,36,76913,0,0,0,0,0,0,0,0,0
202202,164,16020,C,Cape Girardeau  MO-IL ,6,6,1672,0,0,0,0,0,0,1,5,577,0,0,0,0,0,0,0,0,0,0,0,0
202202,168,16300,C,Cedar Rapids  IA ,34,34,7993,2,4,1200,0,0,0,0,0,0,33,33,7779,2,4,1200,0,0,0,0,0,0
202202,168,26980,C,Iowa City  IA ,40,40,11771,1,2,497,1,3,362,1,6,860,15,15,4734,0,0,0,0,0,0,0,0,0
202202,170,16620,C,Charleston  WV ,14,14,2137,0,0,0,0,0,0,0,0,0,7,7,1215,0,0,0,0,0,0,0,0,0
202202,170,26580,C,Huntington-Ashland  WV-KY-OH ,19,19,3695,0,0,0,0,0,0,0,0,0,0,0,0,0,0,0,0,0,0,0,0,0
202202,172,16740,C,Charlotte-Concord-Gastonia  NC-SC ,1968,1968,579687,5,10,1586,2,8,1055,17,834,43278,1748,1748,512455,5,10,1586,2,8,1055,16,819,41575
202202,174,16860,C,Chattanooga  TN-GA ,192,192,44174,4,8,577,1,4,248,4,45,4732,122,122,29587,0,0,0,1,4,248,0,0,0
202202,174,17420,C,Cleveland  TN ,62,62,11799,0,0,0,1,3,287,0,0,0,22,22,4517,0,0,0,0,0,0,0,0,0
202202,174,19140,C,Dalton  GA ,38,38,5807,0,0,0,0,0,0,1,5,143,0,0,0,0,0,0,0,0,0,0,0,0
202202,176,16980,C,Chicago-Naperville-Elgin  IL-IN-WI ,579,579,183965,7,14,2642,15,50,7828,17,213,36299,473,473,153384,6,12,2356,14,47,7603,11,171,30428
202202,176,28100,C,Kankakee  IL ,6,6,1346,0,0,0,0,0,0,0,0,0,6,6,1346,0,0,0,0,0,0,0,0,0
202202,176,33140,C,Michigan City-La Porte  IN ,5,5,1685,0,0,0,0,0,0,0,0,0,1,1,375,0,0,0,0,0,0,0,0,0
202202,178,17140,C,Cincinnati  OH-KY-IN ,328,328,98203,10,20,3308,0,0,0,1,12,1350,293,293,88760,10,20,3308,0,0,0,1,12,1350
202202,184,10420,C,Akron  OH ,48,48,23803,0,0,0,1,3,300,1,5,67,19,19,4888,0,0,0,0,0,0,0,0,0
202202,184,15940,C,Canton-Massillon  OH ,35,35,10168,3,6,1068,1,4,700,1,5,384,30,30,9367,3,6,1068,1,4,700,0,0,0
202202,184,17460,C,Cleveland-Elyria  OH ,190,190,57577,0,0,0,0,0,0,3,167,26645,143,143,47381,0,0,0,0,0,0,3,167,26645
202202,190,17860,C,Columbia  MO ,26,26,10319,0,0,0,0,0,0,0,0,0,26,26,10319,0,0,0,0,0,0,0,0,0
202202,192,17900,C,Columbia  SC ,475,475,104180,0,0,0,0,0,0,2,10,1467,172,172,31666,0,0,0,0,0,0,0,0,0
202202,194,12220,C,Auburn-Opelika  AL ,121,121,31477,1,2,429,0,0,0,5,77,11196,24,24,6417,0,0,0,0,0,0,0,0,0
202202,194,17980,C,Columbus  GA-AL ,152,152,28019,0,0,0,0,0,0,2,39,6064,65,65,19264,0,0,0,0,0,0,0,0,0
202202,198,18140,C,Columbus  OH ,423,423,146730,4,8,1570,0,0,0,25,428,42843,376,376,134340,4,8,1570,0,0,0,23,418,41625
202202,204,18580,C,Corpus Christi  TX ,169,169,41121,0,0,0,0,0,0,2,23,1906,134,134,32059,0,0,0,0,0,0,0,0,0
202202,206,19100,C,Dallas-Fort Worth-Arlington  TX ,3868,3868,1202371,39,78,9695,8,27,3670,59,2011,237694,3365,3365,1059905,33,66,7967,7,24,3432,57,1946,225405
202202,206,43300,C,Sherman-Denison  TX ,122,122,15617,0,0,0,0,0,0,1,9,1015,100,100,12991,0,0,0,0,0,0,0,0,0
202202,209,19340,C,Davenport-Moline-Rock Island  IA-IL ,59,59,11843,1,2,360,1,4,919,0,0,0,43,43,8111,1,2,360,1,4,919,0,0,0
202202,212,19430,C,Dayton-Kettering  OH ,68,68,23678,0,0,0,0,0,0,1,18,2184,39,39,17468,0,0,0,0,0,0,0,0,0
202202,212,44220,C,Springfield  OH ,11,11,3174,0,0,0,0,0,0,0,0,0,11,11,3174,0,0,0,0,0,0,0,0,0
202202,216,14500,C,Boulder  CO ,27,27,11643,1,2,463,1,4,1005,2,26,5091,21,21,7389,0,0,0,0,0,0,0,0,0
202202,216,19740,C,Denver-Aurora-Lakewood  CO ,1155,1155,358733,49,98,19836,5,19,4572,28,1413,220361,1121,1121,348011,49,98,19836,4,16,4074,26,1379,215033
202202,216,24540,C,Greeley  CO ,274,274,77618,2,4,452,1,3,736,4,41,5570,133,133,37854,0,0,0,0,0,0,2,10,1525
202202,218,11180,C,Ames  IA ,11,11,2830,0,0,0,0,0,0,0,0,0,7,7,1891,0,0,0,0,0,0,0,0,0
202202,218,19780,C,Des Moines-West Des Moines  IA ,262,262,81300,0,0,0,2,8,2043,3,16,1485,237,237,74645,0,0,0,2,8,2043,0,0,0
202202,220,11460,C,Ann Arbor  MI ,35,35,13265,0,0,0,0,0,0,0,0,0,23,23,10177,0,0,0,0,0,0,0,0,0
202202,220,19820,C,Detroit-Warren-Dearborn  MI ,370,370,128013,4,8,1935,8,29,5153,4,299,37966,296,296,109516,3,6,1655,7,26,4915,4,299,37966
202202,220,22420,C,Flint  MI ,21,21,5811,0,0,0,0,0,0,0,0,0,11,11,3505,0,0,0,0,0,0,0,0,0
202202,220,33780,C,Monroe  MI ,17,17,4657,0,0,0,0,0,0,1,6,214,10,10,3123,0,0,0,0,0,0,0,0,0
202202,222,20020,C,Dothan  AL ,26,26,7108,0,0,0,0,0,0,0,0,0,13,13,4261,0,0,0,0,0,0,0,0,0
202202,232,20740,C,Eau Claire  WI ,22,22,6344,1,2,400,0,0,0,0,0,0,20,20,5608,1,2,400,0,0,0,0,0,0
202202,236,21300,C,Elmira  NY ,5,5,976,0,0,0,0,0,0,1,14,2175,1,1,50,0,0,0,0,0,0,0,0,0
202202,238,21340,C,El Paso  TX ,211,211,49192,4,8,986,0,0,0,2,11,1318,12,12,2871,0,0,0,0,0,0,0,0,0
202202,238,29740,C,Las Cruces  NM ,99,99,26243,0,0,0,0,0,0,1,7,492,21,21,6930,0,0,0,0,0,0,0,0,0
202202,240,21500,C,Erie  PA ,12,12,3881,0,0,0,0,0,0,0,0,0,7,7,2878,0,0,0,0,0,0,0,0,0
202202,244,22020,C,Fargo  ND-MN ,36,36,10071,0,0,0,0,0,0,0,0,0,26,26,6482,0,0,0,0,0,0,0,0,0
202202,246,22180,C,Fayetteville  NC ,240,240,47060,0,0,0,0,0,0,2,10,1380,171,171,37369,0,0,0,0,0,0,2,10,1380
202202,258,23060,C,Fort Wayne  IN ,116,116,34221,1,2,429,0,0,0,0,0,0,116,116,34221,1,2,429,0,0,0,0,0,0
202202,260,23420,C,Fresno  CA ,213,213,61134,0,0,0,2,7,825,1,7,929,90,90,23721,0,0,0,1,3,525,0,0,0
202202,260,25260,C,Hanford-Corcoran  CA ,8,8,1824,1,2,562,0,0,0,0,0,0,0,0,0,0,0,0,0,0,0,0,0,0
202202,260,31460,C,Madera  CA ,68,68,22097,0,0,0,0,0,0,0,0,0,68,68,22097,0,0,0,0,0,0,0,0,0
202202,264,23540,C,Gainesville  FL ,151,151,36342,2,4,232,0,0,0,1,81,2758,92,92,27143,2,4,232,0,0,0,0,0,0
202202,266,24340,C,Grand Rapids-Kentwood  MI ,171,171,59945,1,2,175,2,7,788,4,34,3835,124,124,49050,1,2,175,1,4,698,0,0,0
202202,266,34740,C,Muskegon  MI ,22,22,5539,0,0,0,0,0,0,0,0,0,20,20,5019,0,0,0,0,0,0,0,0,0
202202,267,24580,C,Green Bay  WI ,58,58,22570,0,0,0,0,0,0,2,10,822,41,41,17445,0,0,0,0,0,0,0,0,0
202202,268,15500,C,Burlington  NC ,115,115,21281,1,2,180,0,0,0,0,0,0,115,115,21281,1,2,180,0,0,0,0,0,0
202202,268,24660,C,Greensboro-High Point  NC ,253,253,74338,0,0,0,0,0,0,3,60,7795,178,178,48608,0,0,0,0,0,0,3,60,7795
202202,268,49180,C,Winston-Salem  NC ,359,359,73869,0,0,0,0,0,0,1,5,197,258,258,46367,0,0,0,0,0,0,0,0,0
202202,272,24780,C,Greenville  NC ,80,80,14481,1,2,200,0,0,0,0,0,0,46,46,6651,1,2,200,0,0,0,0,0,0
202202,273,24860,C,Greenville-Anderson  SC ,570,570,141988,6,12,986,4,12,621,14,260,21916,437,437,110464,0,0,0,4,12,621,10,240,21272
202202,273,43900,C,Spartanburg  SC ,270,270,44032,0,0,0,0,0,0,0,0,0,0,0,0,0,0,0,0,0,0,0,0,0
202202,276,23900,C,Gettysburg  PA ,27,27,9000,0,0,0,0,0,0,0,0,0,27,27,9000,0,0,0,0,0,0,0,0,0
202202,276,25420,C,Harrisburg-Carlisle  PA ,140,140,30650,0,0,0,0,0,0,3,39,5588,115,115,25415,0,0,0,0,0,0,2,33,4851
202202,276,30140,C,Lebanon  PA ,14,14,2679,0,0,0,0,0,0,1,5,876,0,0,0,0,0,0,0,0,0,0,0,0
202202,276,49620,C,York-Hanover  PA ,94,94,22672,0,0,0,0,0,0,2,17,1530,64,64,16417,0,0,0,0,0,0,0,0,0
202202,277,25500,C,Harrisonburg  VA ,72,72,18863,0,0,0,0,0,0,0,0,0,72,72,18863,0,0,0,0,0,0,0,0,0
202202,277,44420,C,Staunton  VA ,33,33,7740,0,0,0,0,0,0,0,0,0,33,33,7740,0,0,0,0,0,0,0,0,0
202202,278,25540,C,Hartford-East Hartford-Middletown  CT ,48,48,11495,2,4,300,0,0,0,4,30,2028,21,21,5516,2,4,300,0,0,0,0,0,0
202202,278,35980,C,Norwich-New London  CT ,29,29,7448,0,0,0,0,0,0,0,0,0,19,19,5106,0,0,0,0,0,0,0,0,0
202202,279,25620,C,Hattiesburg  MS ,12,12,2327,0,0,0,0,0,0,1,5,400,0,0,0,0,0,0,0,0,0,0,0,0
202202,284,26300,C,Hot Springs  AR ,3,3,1064,0,0,0,0,0,0,0,0,0,3,3,1064,0,0,0,0,0,0,0,0,0
202202,288,26420,C,Houston-The Woodlands-Sugar Land  TX ,4993,4993,1220538,20,40,5016,0,0,0,29,1645,185398,4579,4579,1117476,20,40,5016,0,0,0,24,1596,180401
202202,290,19460,C,Decatur  AL ,24,24,7498,0,0,0,0,0,0,0,0,0,17,17,6124,0,0,0,0,0,0,0,0,0
202202,290,26620,C,Huntsville  AL ,423,423,79762,1,2,169,0,0,0,1,6,700,108,108,28816,0,0,0,0,0,0,0,0,0
202202,292,26820,C,Idaho Falls  ID ,77,77,14444,0,0,0,2,7,915,0,0,0,74,74,13908,0,0,0,1,4,465,0,0,0
202202,294,18020,C,Columbus  IN ,11,11,2800,0,0,0,0,0,0,0,0,0,0,0,0,0,0,0,0,0,0,0,0,0
202202,294,26900,C,Indianapolis-Carmel-Anderson  IN ,759,759,251180,9,18,4383,1,3,175,8,319,20589,739,739,246701,9,18,4383,1,3,175,8,319,20589
202202,294,34620,C,Muncie  IN ,26,26,1473,0,0,0,0,0,0,0,0,0,23,23,625,0,0,0,0,0,0,0,0,0
202202,296,27060,C,Ithaca  NY ,7,7,2108,0,0,0,0,0,0,2,18,1618,2,2,372,0,0,0,0,0,0,0,0,0
202202,297,27180,C,Jackson  TN ,53,53,12760,0,0,0,0,0,0,0,0,0,16,16,4566,0,0,0,0,0,0,0,0,0
202202,298,27140,C,Jackson  MS ,100,100,22588,0,0,0,1,3,131,0,0,0,75,75,17201,0,0,0,0,0,0,0,0,0
202202,300,27260,C,Jacksonville  FL ,1392,1392,335139,2,4,689,0,0,0,9,772,110300,1385,1385,332907,2,4,689,0,0,0,9,772,110300
202202,304,27740,C,Johnson City  TN ,56,56,12972,0,0,0,0,0,0,8,68,6225,32,32,9412,0,0,0,0,0,0,8,68,6225
202202,304,28700,C,Kingsport-Bristol  TN-VA ,56,56,11582,0,0,0,3,10,1327,1,13,760,41,41,9830,0,0,0,2,7,981,0,0,0
202202,306,27780,C,Johnstown  PA ,7,7,1416,0,0,0,0,0,0,0,0,0,0,0,0,0,0,0,0,0,0,0,0,0
202202,308,27860,C,Jonesboro  AR ,64,64,9472,4,8,639,5,15,773,1,7,395,12,12,1662,1,2,227,0,0,0,0,0,0
202202,309,27900,C,Joplin  MO ,47,47,8156,4,8,750,1,3,139,1,7,815,25,25,5307,2,4,598,0,0,0,0,0,0
202202,310,12980,C,Battle Creek  MI ,5,5,1392,0,0,0,0,0,0,0,0,0,0,0,0,0,0,0,0,0,0,0,0,0
202202,310,28020,C,Kalamazoo-Portage  MI ,29,29,7576,1,2,400,0,0,0,0,0,0,10,10,2834,0,0,0,0,0,0,0,0,0
202202,312,28140,C,Kansas City  MO-KS ,456,456,144640,4,8,1287,2,7,654,5,341,34899,404,404,128696,4,8,1287,2,7,654,4,331,33902
202202,312,29940,C,Lawrence  KS ,14,14,4734,1,2,196,0,0,0,0,0,0,7,7,2319,0,0,0,0,0,0,0,0,0
202202,312,41140,C,St. Joseph  MO-KS ,5,5,1152,0,0,0,0,0,0,0,0,0,1,1,230,0,0,0,0,0,0,0,0,0
202202,313,28420,C,Kennewick-Richland  WA ,160,160,48556,1,2,224,1,4,566,0,0,0,58,58,20217,0,0,0,1,4,566,0,0,0
202202,313,47460,C,Walla Walla  WA ,8,8,3184,0,0,0,1,3,350,0,0,0,5,5,2534,0,0,0,0,0,0,0,0,0
202202,315,28940,C,Knoxville  TN ,441,441,107467,0,0,0,0,0,0,10,279,42299,374,374,97842,0,0,0,0,0,0,8,250,39946
202202,315,34100,C,Morristown  TN ,86,86,21491,1,2,650,1,3,400,0,0,0,78,78,20110,1,2,650,1,3,400,0,0,0
202202,316,29020,C,Kokomo  IN ,13,13,4109,0,0,0,0,0,0,0,0,0,12,12,3804,0,0,0,0,0,0,0,0,0
202202,318,29180,C,Lafayette  LA ,238,238,51171,0,0,0,0,0,0,1,5,529,138,138,27701,0,0,0,0,0,0,0,0,0
202202,320,29200,C,Lafayette-West Lafayette  IN ,34,34,9151,0,0,0,0,0,0,2,43,4882,2,2,954,0,0,0,0,0,0,0,0,0
202202,324,29340,C,Lake Charles  LA ,86,86,15281,1,2,150,0,0,0,0,0,0,31,31,5253,1,2,150,0,0,0,0,0,0
202202,332,29820,C,Las Vegas-Henderson-Paradise  NV ,1240,1240,338322,2,4,950,6,23,2150,3,18,1804,1237,1237,337232,2,4,950,6,23,2150,3,18,1804
202202,336,30460,C,Lexington-Fayette  KY ,120,120,31949,2,4,379,1,3,440,3,70,6626,43,43,15025,1,2,160,0,0,0,0,0,0
202202,338,30620,C,Lima  OH ,9,9,2099,1,2,80,0,0,0,0,0,0,1,1,300,0,0,0,0,0,0,0,0,0
202202,339,30700,C,Lincoln  NE ,90,90,21125,1,2,281,0,0,0,3,76,8726,17,17,4366,0,0,0,0,0,0,2,24,2824
202202,340,30780,C,Little Rock-North Little Rock-Conway  AR ,147,147,43691,3,6,531,1,3,226,6,133,6706,104,104,34449,1,2,240,1,3,226,4,96,4000
202202,340,38220,C,Pine Bluff  AR ,4,4,371,0,0,0,0,0,0,0,0,0,2,2,50,0,0,0,0,0,0,0,0,0
202202,348,31080,C,Los Angeles-Long Beach-Anaheim  CA ,889,889,259310,55,110,24875,8,25,9494,61,1800,258866,720,720,192310,52,104,22875,6,19,8092,53,1752,250958
202202,348,37100,C,Oxnard-Thousand Oaks-Ventura  CA ,36,36,10488,0,0,0,1,3,902,6,85,13627,11,11,2811,0,0,0,0,0,0,0,0,0
202202,348,40140,C,Riverside-San Bernardino-Ontario  CA ,938,938,272859,2,4,104,0,0,0,17,289,31000,746,746,224984,2,4,104,0,0,0,11,226,23017
202202,350,21060,C,Elizabethtown-Fort Knox  KY ,34,34,8129,0,0,0,0,0,0,0,0,0,25,25,6319,0,0,0,0,0,0,0,0,0
202202,350,31140,C,Louisville-Jefferson County  KY-IN ,345,345,93012,3,6,904,0,0,0,1,5,1593,213,213,65674,2,4,579,0,0,0,0,0,0
202202,352,31180,C,Lubbock  TX ,243,243,57075,13,26,3449,0,0,0,1,5,359,240,240,56436,13,26,3449,0,0,0,0,0,0
202202,356,31420,C,Macon-Bibb County  GA ,40,40,8140,0,0,0,0,0,0,0,0,0,5,5,1181,0,0,0,0,0,0,0,0,0
202202,356,47580,C,Warner Robins  GA ,110,110,22249,0,0,0,0,0,0,0,0,0,82,82,15731,0,0,0,0,0,0,0,0,0
202202,357,27500,C,Janesville-Beloit  WI ,27,27,7083,1,2,301,0,0,0,1,9,1162,17,17,4452,0,0,0,0,0,0,0,0,0
202202,357,31540,C,Madison  WI ,115,115,46875,5,10,2473,1,4,1800,7,203,29417,91,91,39850,3,6,1366,1,4,1800,6,198,28246
202202,359,31860,C,Mankato  MN ,13,13,3088,0,0,0,0,0,0,3,45,6109,4,4,1188,0,0,0,0,0,0,2,34,4324
202202,360,31900,C,Mansfield  OH ,1,1,285,0,0,0,9,36,5199,2,12,1430,1,1,285,0,0,0,9,36,5199,2,12,1430
202202,365,32580,C,McAllen-Edinburg-Mission  TX ,306,306,63129,3,6,429,49,196,11233,3,24,958,255,255,56498,1,2,257,49,196,11233,3,24,958
202202,366,24420,C,Grants Pass  OR ,23,23,3473,4,8,742,0,0,0,0,0,0,23,23,3473,4,8,742,0,0,0,0,0,0
202202,366,32780,C,Medford  OR ,74,74,19782,0,0,0,0,0,0,1,5,672,69,69,18550,0,0,0,0,0,0,0,0,0
202202,368,32820,C,Memphis  TN-MS-AR ,329,329,71692,0,0,0,0,0,0,0,0,0,276,276,62636,0,0,0,0,0,0,0,0,0
202202,370,33100,C,Miami-Fort Lauderdale-Pompano Beach  FL ,622,622,216989,14,28,6502,6,20,4333,36,770,156553,534,534,175818,14,28,6502,5,17,3186,29,679,148231
202202,370,38940,C,Port St. Lucie  FL ,403,403,107243,4,8,2594,0,0,0,2,48,9133,379,379,98704,4,8,2594,0,0,0,2,48,9133
202202,370,42680,C,Sebastian-Vero Beach  FL ,76,76,48531,0,0,0,0,0,0,0,0,0,70,70,43561,0,0,0,0,0,0,0,0,0
202202,372,33260,C,Midland  TX ,55,55,11152,0,0,0,0,0,0,0,0,0,55,55,11152,0,0,0,0,0,0,0,0,0
202202,372,36220,C,Odessa  TX ,84,84,19681,0,0,0,0,0,0,1,26,3116,0,0,0,0,0,0,0,0,0,0,0,0
202202,376,33340,C,Milwaukee-Waukesha  WI ,134,134,53395,12,24,5769,0,0,0,1,110,15000,103,103,40530,12,24,5769,0,0,0,1,110,15000
202202,376,39540,C,Racine  WI ,6,6,3465,2,4,600,0,0,0,0,0,0,6,6,3465,2,4,600,0,0,0,0,0,0
202202,378,33460,C,Minneapolis-St. Paul-Bloomington  MN-WI ,698,698,239144,4,8,2022,5,18,3760,13,1239,307553,609,609,213648,4,8,2022,5,18,3760,8,1197,303476
202202,378,41060,C,St. Cloud  MN ,21,21,6213,1,2,259,0,0,0,0,0,0,5,5,2255,0,0,0,0,0,0,0,0,0
202202,380,19300,C,Daphne-Fairhope-Foley  AL ,311,311,84980,0,0,0,0,0,0,0,0,0,234,234,68040,0,0,0,0,0,0,0,0,0
202202,380,33660,C,Mobile  AL ,63,63,14890,0,0,0,0,0,0,0,0,0,57,57,14023,0,0,0,0,0,0,0,0,0
202202,384,33740,C,Monroe  LA ,34,34,8022,0,0,0,1,3,472,1,5,579,1,1,300,0,0,0,0,0,0,0,0,0
202202,388,33860,C,Montgomery  AL ,86,86,19637,0,0,0,1,3,277,1,5,420,57,57,15259,0,0,0,0,0,0,0,0,0
202202,390,34060,C,Morgantown  WV ,1,1,137,0,0,0,0,0,0,0,0,0,0,0,0,0,0,0,0,0,0,0,0,0
202202,396,34820,C,Myrtle Beach-Conway-North Myrtle Beach  SC-NC ,861,861,190592,0,0,0,0,0,0,11,317,38239,607,607,125372,0,0,0,0,0,0,9,295,36747
202202,400,34980,C,Nashville-Davidson--Murfreesboro--Franklin  TN ,1440,1440,426201,2,4,407,3,12,2648,7,83,9445,1089,1089,339156,2,4,407,3,12,2648,4,24,2986
202202,404,35100,C,New Bern  NC ,96,96,22841,0,0,0,0,0,0,2,43,4888,72,72,18670,0,0,0,0,0,0,1,36,4484
202202,406,25220,C,Hammond  LA ,104,104,17454,1,2,100,0,0,0,1,40,3961,0,0,0,0,0,0,0,0,0,0,0,0
202202,406,35380,C,New Orleans-Metairie  LA ,348,348,91458,14,28,3069,0,0,0,1,43,7681,250,250,66633,3,6,549,0,0,0,0,0,0
202202,408,14860,C,Bridgeport-Stamford-Norwalk  CT ,81,81,45339,3,6,891,0,0,0,1,8,507,64,64,36820,2,4,733,0,0,0,0,0,0
202202,408,20700,C,East Stroudsburg  PA ,12,12,4533,0,0,0,0,0,0,1,7,2357,4,4,2602,0,0,0,0,0,0,1,7,2357
202202,408,28740,C,Kingston  NY ,11,11,4058,0,0,0,0,0,0,0,0,0,4,4,1718,0,0,0,0,0,0,0,0,0
202202,408,35300,C,New Haven-Milford  CT ,44,44,9645,1,2,192,1,3,737,2,73,3787,18,18,4609,0,0,0,0,0,0,0,0,0
202202,408,35620,C,New York-Newark-Jersey City  NY-NJ-PA ,1071,1071,266228,49,98,10523,15,50,4218,134,2799,317887,754,754,180966,31,62,7532,8,28,3147,75,1833,215931
202202,408,39100,C,Poughkeepsie-Newburgh-Middletown  NY ,61,61,19927,1,2,298,0,0,0,3,46,8451,18,18,8661,1,2,298,0,0,0,1,34,6640
202202,408,45940,C,Trenton-Princeton  NJ ,24,24,4975,0,0,0,0,0,0,3,53,1677,14,14,1069,0,0,0,0,0,0,2,48,1336
202202,412,35840,C,North Port-Sarasota-Bradenton  FL ,1184,1184,321431,0,0,0,1,4,73,7,315,31664,1152,1152,313735,0,0,0,1,4,73,7,315,31664
202202,412,39460,C,Punta Gorda  FL ,442,442,127800,9,18,3169,0,0,0,0,0,0,442,442,127800,9,18,3169,0,0,0,0,0,0
202202,416,36420,C,Oklahoma City  OK ,612,612,157945,16,32,3451,0,0,0,0,0,0,558,558,149233,14,28,3155,0,0,0,0,0,0
202202,420,36540,C,Omaha-Council Bluffs  NE-IA ,259,259,56006,1,2,186,2,8,637,5,240,16829,214,214,44583,0,0,0,2,8,637,5,240,16829
202202,422,19660,C,Deltona-Daytona Beach-Ormond Beach  FL ,457,457,143432,3,6,906,0,0,0,8,369,55968,402,402,126821,3,6,906,0,0,0,7,354,54113
202202,422,29460,C,Lakeland-Winter Haven  FL ,896,896,231953,3,6,620,0,0,0,4,72,10069,803,803,210019,3,6,620,0,0,0,4,72,10069
202202,422,36740,C,Orlando-Kissimmee-Sanford  FL ,1397,1397,373861,7,14,2799,10,40,7874,7,481,65086,1225,1225,326894,7,14,2799,10,40,7874,3,432,60751
202202,422,45540,C,The Villages  FL ,328,328,93489,0,0,0,0,0,0,1,8,1772,327,327,93299,0,0,0,0,0,0,1,8,1772
202202,425,37620,C,Parkersburg-Vienna  WV ,5,5,1255,0,0,0,0,0,0,0,0,0,3,3,899,0,0,0,0,0,0,0,0,0
202202,426,37860,C,Pensacola-Ferry Pass-Brent  FL ,332,332,79429,0,0,0,0,0,0,0,0,0,332,332,79429,0,0,0,0,0,0,0,0,0
202202,428,12100,C,Atlantic City-Hammonton  NJ ,49,49,13773,0,0,0,0,0,0,1,13,1628,46,46,13309,0,0,0,0,0,0,0,0,0
202202,428,20100,C,Dover  DE ,101,101,16629,0,0,0,0,0,0,0,0,0,99,99,16199,0,0,0,0,0,0,0,0,0
202202,428,36140,C,Ocean City  NJ ,49,49,17945,6,12,2594,0,0,0,1,5,50,43,43,15744,6,12,2594,0,0,0,1,5,50
202202,428,37980,C,Philadelphia-Camden-Wilmington  PA-NJ-DE-MD ,621,621,111930,5,10,1484,8,29,4133,25,315,32618,379,379,82699,5,10,1484,8,29,4133,12,191,19516
202202,428,39740,C,Reading  PA ,30,30,6224,0,0,0,0,0,0,1,5,658,17,17,3359,0,0,0,0,0,0,0,0,0
202202,428,47220,C,Vineland-Bridgeton  NJ ,12,12,1297,0,0,0,0,0,0,0,0,0,9,9,1023,0,0,0,0,0,0,0,0,0
202202,429,38060,C,Phoenix-Mesa-Chandler  AZ ,3155,3155,858560,103,206,20205,14,53,8047,22,780,95608,3117,3117,837847,102,204,19946,14,53,8047,21,653,73395
202202,430,38300,C,Pittsburgh  PA ,265,265,74179,1,2,80,1,3,584,5,65,7867,129,129,44391,0,0,0,0,0,0,0,0,0
202202,430,48260,C,Weirton-Steubenville  WV-OH ,4,4,1118,0,0,0,0,0,0,0,0,0,2,2,634,0,0,0,0,0,0,0,0,0
202202,438,30340,C,Lewiston-Auburn  ME ,9,9,2245,0,0,0,0,0,0,1,24,3000,3,3,930,0,0,0,0,0,0,1,24,3000
202202,438,38860,C,Portland-South Portland  ME ,157,157,47890,2,4,600,0,0,0,10,544,76067,61,61,22496,1,2,225,0,0,0,7,529,74679
202202,440,10540,C,Albany-Lebanon  OR ,14,14,4187,1,2,363,0,0,0,1,5,683,11,11,3479,1,2,363,0,0,0,0,0,0
202202,440,18700,C,Corvallis  OR ,31,31,8661,0,0,0,0,0,0,0,0,0,20,20,5386,0,0,0,0,0,0,0,0,0
202202,440,31020,C,Longview  WA ,27,27,7253,0,0,0,1,4,400,0,0,0,24,24,6295,0,0,0,1,4,400,0,0,0
202202,440,38900,C,Portland-Vancouver-Hillsboro  OR-WA ,618,618,180125,5,10,1912,2,8,1453,21,638,89825,466,466,135515,4,8,1434,1,4,754,17,533,76719
202202,440,41420,C,Salem  OR ,85,85,29613,0,0,0,0,0,0,25,293,34228,78,78,27872,0,0,0,0,0,0,24,288,33496
202202,444,39380,C,Pueblo  CO ,53,53,9709,0,0,0,0,0,0,0,0,0,53,53,9709,0,0,0,0,0,0,0,0,0
202202,450,20500,C,Durham-Chapel Hill  NC ,292,292,95956,0,0,0,0,0,0,1,10,1476,232,232,75883,0,0,0,0,0,0,0,0,0
202202,450,39580,C,Raleigh-Cary  NC ,1358,1358,293907,0,0,0,0,0,0,6,379,24950,1031,1031,233003,0,0,0,0,0,0,6,379,24950
202202,452,39660,C,Rapid City  SD ,54,54,15138,1,2,720,0,0,0,0,0,0,54,54,15138,1,2,720,0,0,0,0,0,0
202202,454,39820,C,Redding  CA ,25,25,7139,0,0,0,0,0,0,0,0,0,13,13,3874,0,0,0,0,0,0,0,0,0
202202,456,16180,C,Carson City  NV ,17,17,4478,0,0,0,0,0,0,1,7,699,0,0,0,0,0,0,0,0,0,0,0,0
202202,456,39900,C,Reno  NV ,220,220,60941,4,8,959,1,4,525,11,187,23595,44,44,11218,1,2,329,0,0,0,0,0,0
202202,462,40340,C,Rochester  MN ,29,29,9356,0,0,0,0,0,0,1,127,15000,20,20,6851,0,0,0,0,0,0,1,127,15000
202202,464,40380,C,Rochester  NY ,76,76,22249,3,6,941,1,3,315,9,268,33861,32,32,11687,3,6,941,0,0,0,6,202,26415
202202,466,40420,C,Rockford  IL ,10,10,2665,0,0,0,0,0,0,0,0,0,9,9,2565,0,0,0,0,0,0,0,0,0
202202,468,40580,C,Rocky Mount  NC ,56,56,7457,0,0,0,0,0,0,0,0,0,28,28,3259,0,0,0,0,0,0,0,0,0
202202,472,40900,C,Sacramento-Roseville-Folsom  CA ,746,746,225309,5,10,1069,8,32,8263,8,148,19696,744,744,224437,5,10,1069,8,32,8263,8,148,19696
202202,472,49700,C,Yuba City  CA ,82,82,20035,0,0,0,0,0,0,0,0,0,69,69,16091,0,0,0,0,0,0,0,0,0
202202,474,13020,C,Bay City  MI ,6,6,1587,0,0,0,0,0,0,0,0,0,1,1,358,0,0,0,0,0,0,0,0,0
202202,474,33220,C,Midland  MI ,8,8,1210,0,0,0,0,0,0,0,0,0,7,7,932,0,0,0,0,0,0,0,0,0
202202,474,40980,C,Saginaw  MI ,19,19,3637,0,0,0,0,0,0,0,0,0,12,12,2214,0,0,0,0,0,0,0,0,0
202202,476,41180,C,St. Louis  MO-IL ,297,297,99361,2,4,378,0,0,0,9,146,14154,191,191,65233,1,2,299,0,0,0,5,100,8044
202202,480,41540,C,Salisbury  MD-DE ,356,356,57189,18,36,3386,0,0,0,0,0,0,352,352,56780,18,36,3386,0,0,0,0,0,0
202202,482,36260,C,Ogden-Clearfield  UT ,350,350,95486,0,0,0,2,8,804,7,417,59360,269,269,73929,0,0,0,0,0,0,3,380,54638
202202,482,39340,C,Provo-Orem  UT ,602,602,180728,6,12,2863,6,24,4634,27,569,74603,594,594,176091,5,10,2274,6,24,4634,27,569,74603
202202,482,41620,C,Salt Lake City  UT ,401,401,118312,6,12,1790,9,31,7522,19,509,73663,259,259,76618,0,0,0,4,15,4436,7,95,13047
202202,484,41700,C,San Antonio-New Braunfels  TX ,983,983,232252,8,16,2055,12,44,5933,11,271,28333,902,902,212599,8,16,2055,12,44,5933,10,266,27268
202202,488,32900,C,Merced  CA ,29,29,9880,0,0,0,0,0,0,0,0,0,14,14,3839,0,0,0,0,0,0,0,0,0
202202,488,33700,C,Modesto  CA ,66,66,11441,0,0,0,0,0,0,1,5,361,45,45,6776,0,0,0,0,0,0,0,0,0
202202,488,34900,C,Napa  CA ,13,13,4057,0,0,0,0,0,0,1,66,11413,0,0,0,0,0,0,0,0,0,0,0,0
202202,488,41860,C,San Francisco-Oakland-Berkeley  CA ,306,306,93163,6,12,3661,3,11,3160,14,384,95970,216,216,61341,3,6,1075,2,8,2303,4,267,70416
202202,488,41940,C,San Jose-Sunnyvale-Santa Clara  CA ,175,175,49822,0,0,0,0,0,0,2,75,17669,161,161,45794,0,0,0,0,0,0,0,0,0
202202,488,42100,C,Santa Cruz-Watsonville  CA ,18,18,3100,0,0,0,0,0,0,1,6,463,5,5,862,0,0,0,0,0,0,0,0,0
202202,488,42220,C,Santa Rosa-Petaluma  CA ,84,84,23366,0,0,0,0,0,0,4,187,44806,65,65,19757,0,0,0,0,0,0,3,182,43973
202202,488,44700,C,Stockton  CA ,383,383,137368,2,4,1184,0,0,0,1,23,2905,155,155,67651,0,0,0,0,0,0,0,0,0
202202,488,46700,C,Vallejo  CA ,99,99,32379,0,0,0,0,0,0,0,0,0,87,87,29455,0,0,0,0,0,0,0,0,0
202202,496,25980,C,Hinesville  GA ,73,73,11946,0,0,0,0,0,0,0,0,0,45,45,5418,0,0,0,0,0,0,0,0,0
202202,496,42340,C,Savannah  GA ,226,226,52921,7,14,1377,4,16,2159,2,12,1619,189,189,44805,7,14,1377,4,16,2159,2,12,1619
202202,500,14740,C,Bremerton-Silverdale-Port Orchard  WA ,142,142,30508,0,0,0,0,0,0,1,111,12843,142,142,30508,0,0,0,0,0,0,1,111,12843
202202,500,34580,C,Mount Vernon-Anacortes  WA ,17,17,4903,0,0,0,0,0,0,1,20,1867,17,17,4903,0,0,0,0,0,0,0,0,0
202202,500,36500,C,Olympia-Lacey-Tumwater  WA ,56,56,14137,5,10,1493,1,4,727,1,5,213,44,44,11429,5,10,1493,1,4,727,0,0,0
202202,500,42660,C,Seattle-Tacoma-Bellevue  WA ,638,638,228826,23,46,11110,24,75,15002,34,1548,195473,514,514,185758,20,40,9628,22,69,13598,24,1401,177054
202202,508,43340,C,Shreveport-Bossier City  LA ,92,92,21744,0,0,0,0,0,0,0,0,0,62,62,14429,0,0,0,0,0,0,0,0,0
202202,515,21140,C,Elkhart-Goshen  IN ,19,19,6252,0,0,0,0,0,0,0,0,0,19,19,6252,0,0,0,0,0,0,0,0,0
202202,515,35660,C,Niles  MI ,16,16,8464,0,0,0,0,0,0,0,0,0,4,4,4188,0,0,0,0,0,0,0,0,0
202202,515,43780,C,South Bend-Mishawaka  IN-MI ,27,27,7622,0,0,0,0,0,0,0,0,0,11,11,4792,0,0,0,0,0,0,0,0,0
202202,518,17660,C,Coeur dAlene  ID ,123,123,44205,2,4,671,0,0,0,8,128,13166,54,54,28283,0,0,0,0,0,0,1,18,2600
202202,518,44060,C,Spokane-Spokane Valley  WA ,171,171,44403,20,40,9437,0,0,0,19,257,6669,134,134,34833,20,40,9437,0,0,0,17,238,4471
202202,522,44100,C,Springfield  IL ,7,7,1938,1,2,299,0,0,0,0,0,0,4,4,1180,1,2,299,0,0,0,0,0,0
202202,524,44300,C,State College  PA ,18,18,6355,0,0,0,0,0,0,0,0,0,11,11,4955,0,0,0,0,0,0,0,0,0
202202,532,45060,C,Syracuse  NY ,36,36,8588,1,2,850,0,0,0,2,18,2794,16,16,4435,0,0,0,0,0,0,0,0,0
202202,534,45780,C,Toledo  OH ,50,50,15731,0,0,0,0,0,0,2,15,1705,32,32,11048,0,0,0,0,0,0,0,0,0
202202,536,46060,C,Tucson  AZ ,410,410,129988,2,4,476,3,12,2771,17,215,24641,317,317,106318,0,0,0,3,12,2771,12,144,13989
202202,538,46140,C,Tulsa  OK ,322,322,85673,2,4,690,1,3,240,1,8,615,314,314,83946,2,4,690,1,3,240,0,0,0
202202,540,46340,C,Tyler  TX ,69,69,16409,2,4,504,0,0,0,0,0,0,50,50,11962,1,2,257,0,0,0,0,0,0
202202,544,47020,C,Victoria  TX ,16,16,3828,0,0,0,0,0,0,0,0,0,16,16,3828,0,0,0,0,0,0,0,0,0
202202,545,47260,C,Virginia Beach-Norfolk-Newport News  VA-NC ,378,378,99455,0,0,0,0,0,0,8,183,12000,340,340,93935,0,0,0,0,0,0,8,183,12000
202202,548,12580,C,Baltimore-Columbia-Towson  MD ,226,226,52360,0,0,0,0,0,0,10,541,99591,215,215,50946,0,0,0,0,0,0,9,404,74852
202202,548,15680,C,California-Lexington Park  MD ,18,18,5356,0,0,0,0,0,0,0,0,0,18,18,5356,0,0,0,0,0,0,0,0,0
202202,548,16540,C,Chambersburg-Waynesboro  PA ,22,22,6635,0,0,0,0,0,0,0,0,0,19,19,5883,0,0,0,0,0,0,0,0,0
202202,548,25180,C,Hagerstown-Martinsburg  MD-WV ,156,156,39966,0,0,0,0,0,0,4,32,3940,149,149,38538,0,0,0,0,0,0,4,32,3940
202202,548,47900,C,Washington-Arlington-Alexandria  DC-VA-MD-WV ,1183,1183,313449,1,2,170,0,0,0,16,750,90619,999,999,268727,0,0,0,0,0,0,11,637,71763
202202,548,49020,C,Winchester  VA-WV ,38,38,9880,0,0,0,0,0,0,0,0,0,38,38,9880,0,0,0,0,0,0,0,0,0
202202,554,48140,C,Wausau-Weston  WI ,34,34,8695,1,2,130,0,0,0,0,0,0,16,16,4110,0,0,0,0,0,0,0,0,0
202202,556,48620,C,Wichita  KS ,108,108,35477,11,22,2186,2,6,645,0,0,0,73,73,26794,6,12,1200,1,3,375,0,0,0
202202,558,48700,C,Williamsport  PA ,5,5,1252,0,0,0,0,0,0,0,0,0,2,2,550,0,0,0,0,0,0,0,0,0
202202,566,49660,C,Youngstown-Warren-Boardman  OH-PA ,18,18,3880,0,0,0,0,0,0,0,0,0,10,10,2137,0,0,0,0,0,0,0,0,0
202202,999,10180,C,Abilene  TX ,51,51,11060,0,0,0,0,0,0,0,0,0,49,49,10658,0,0,0,0,0,0,0,0,0
202202,999,10500,C,Albany  GA ,19,19,3331,0,0,0,0,0,0,0,0,0,17,17,2913,0,0,0,0,0,0,0,0,0
202202,999,10780,C,Alexandria  LA ,30,30,8168,0,0,0,0,0,0,0,0,0,22,22,6061,0,0,0,0,0,0,0,0,0
202202,999,10900,C,Allentown-Bethlehem-Easton  PA-NJ ,121,121,32290,0,0,0,1,4,425,5,154,35223,96,96,26658,0,0,0,1,4,425,2,126,34000
202202,999,11260,C,Anchorage  AK ,69,69,21959,0,0,0,1,4,688,2,20,3005,2,2,545,0,0,0,0,0,0,0,0,0
202202,999,11500,C,Anniston-Oxford  AL ,7,7,771,0,0,0,0,0,0,0,0,0,5,5,595,0,0,0,0,0,0,0,0,0
202202,999,12260,C,Augusta-Richmond County  GA-SC ,382,382,96749,0,0,0,7,26,2602,2,16,1000,220,220,66500,0,0,0,7,26,2602,2,16,1000
202202,999,12420,C,Austin-Round Rock-Georgetown  TX ,1811,1811,450191,21,42,4859,5,19,1766,16,983,69041,1321,1321,342323,21,42,4859,4,16,1432,15,978,68579
202202,999,12540,C,Bakersfield  CA ,188,188,44662,2,4,381,0,0,0,3,27,3726,52,52,7079,1,2,88,0,0,0,0,0,0
202202,999,12620,C,Bangor  ME ,15,15,3173,7,14,2563,2,8,2000,0,0,0,1,1,290,6,12,2400,2,8,2000,0,0,0
202202,999,12940,C,Baton Rouge  LA ,351,351,71742,1,2,150,0,0,0,0,0,0,59,59,7853,1,2,150,0,0,0,0,0,0
202202,999,13140,C,Beaumont-Port Arthur  TX ,156,156,33761,1,2,185,0,0,0,0,0,0,133,133,29129,0,0,0,0,0,0,0,0,0
202202,999,13220,C,Beckley  WV ,1,1,50,0,0,0,0,0,0,0,0,0,1,1,50,0,0,0,0,0,0,0,0,0
202202,999,13380,C,Bellingham  WA ,57,57,15316,0,0,0,3,12,2578,0,0,0,37,37,10141,0,0,0,3,12,2578,0,0,0
202202,999,13740,C,Billings  MT ,98,98,12057,6,12,1397,0,0,0,6,33,4698,41,41,9932,6,12,1397,0,0,0,6,33,4698
202202,999,13780,C,Binghamton  NY ,10,10,1510,0,0,0,0,0,0,3,25,2457,0,0,0,0,0,0,0,0,0,0,0,0
202202,999,13900,C,Bismarck  ND ,8,8,2199,0,0,0,0,0,0,0,0,0,4,4,893,0,0,0,0,0,0,0,0,0
202202,999,13980,C,Blacksburg-Christiansburg  VA ,23,23,6769,0,0,0,1,3,630,1,53,13447,18,18,5605,0,0,0,0,0,0,1,53,13447
202202,999,15260,C,Brunswick  GA ,43,43,12669,2,4,602,0,0,0,1,5,2696,0,0,0,0,0,0,0,0,0,0,0,0
202202,999,16060,C,Carbondale-Marion  IL ,10,10,1175,0,0,0,0,0,0,0,0,0,1,1,30,0,0,0,0,0,0,0,0,0
202202,999,16220,C,Casper  WY ,11,11,2831,1,2,126,0,0,0,1,5,498,2,2,470,0,0,0,0,0,0,0,0,0
202202,999,16580,C,Champaign-Urbana  IL ,32,32,8595,0,0,0,0,0,0,0,0,0,30,30,8257,0,0,0,0,0,0,0,0,0
202202,999,16700,C,Charleston-North Charleston  SC ,524,524,164479,0,0,0,0,0,0,5,140,14011,214,214,71122,0,0,0,0,0,0,0,0,0
202202,999,16820,C,Charlottesville  VA ,104,104,30858,1,2,341,0,0,0,2,35,3432,11,11,3402,0,0,0,0,0,0,0,0,0
202202,999,16940,C,Cheyenne  WY ,65,65,3268,0,0,0,10,40,3732,0,0,0,64,64,3145,0,0,0,10,40,3732,0,0,0
202202,999,17020,C,Chico  CA ,131,131,26959,4,8,1039,2,8,1113,1,5,576,35,35,7533,0,0,0,0,0,0,0,0,0
202202,999,17300,C,Clarksville  TN-KY ,113,113,24970,3,6,297,10,40,3250,25,347,31137,109,109,24630,3,6,297,10,40,3250,25,347,31137
202202,999,17780,C,College Station-Bryan  TX ,188,188,38183,1,2,250,0,0,0,0,0,0,187,187,37977,1,2,250,0,0,0,0,0,0
202202,999,17820,C,Colorado Springs  CO ,388,388,141363,2,4,386,0,0,0,8,309,45777,380,380,139271,2,4,386,0,0,0,8,309,45777
202202,999,18880,C,Crestview-Fort Walton Beach-Destin  FL ,292,292,138807,1,2,243,3,9,1764,10,70,13332,292,292,138807,1,2,243,3,9,1764,10,70,13332
202202,999,19060,C,Cumberland  MD-WV ,5,5,1048,0,0,0,0,0,0,0,0,0,5,5,1048,0,0,0,0,0,0,0,0,0
202202,999,19180,C,Danville  IL ,0,0,0,0,0,0,0,0,0,0,0,0,0,0,0,0,0,0,0,0,0,0,0,0
202202,999,19500,C,Decatur  IL ,1,1,300,0,0,0,0,0,0,0,0,0,0,0,0,0,0,0,0,0,0,0,0,0
202202,999,20220,C,Dubuque  IA ,19,19,5356,0,0,0,0,0,0,0,0,0,18,18,5092,0,0,0,0,0,0,0,0,0
202202,999,20260,C,Duluth  MN-WI ,24,24,5816,0,0,0,0,0,0,0,0,0,11,11,2584,0,0,0,0,0,0,0,0,0
202202,999,20940,C,El Centro  CA ,23,23,4161,0,0,0,0,0,0,4,44,3430,1,1,150,0,0,0,0,0,0,3,36,2565
202202,999,21420,C,Enid  OK ,2,2,496,0,0,0,0,0,0,0,0,0,2,2,496,0,0,0,0,0,0,0,0,0
202202,999,21660,C,Eugene-Springfield  OR ,78,78,19068,5,10,1979,0,0,0,6,45,5723,15,15,3282,2,4,796,0,0,0,0,0,0
202202,999,21780,C,Evansville  IN-KY ,50,50,13647,1,2,425,0,0,0,1,11,819,30,30,9455,0,0,0,0,0,0,0,0,0
202202,999,21820,C,Fairbanks  AK ,1,1,338,0,0,0,0,0,0,0,0,0,0,0,0,0,0,0,0,0,0,0,0,0
202202,999,22140,C,Farmington  NM ,15,15,2876,0,0,0,0,0,0,0,0,0,12,12,1925,0,0,0,0,0,0,0,0,0
202202,999,22220,C,Fayetteville-Springdale-Rogers  AR-MO ,336,336,96069,9,18,2288,0,0,0,26,376,55193,208,208,65567,0,0,0,0,0,0,23,332,50244
202202,999,22380,C,Flagstaff  AZ ,37,37,21642,0,0,0,0,0,0,0,0,0,37,37,21642,0,0,0,0,0,0,0,0,0
202202,999,22500,C,Florence  SC ,50,50,8770,0,0,0,0,0,0,0,0,0,50,50,8770,0,0,0,0,0,0,0,0,0
202202,999,22520,C,Florence-Muscle Shoals  AL ,29,29,3456,0,0,0,0,0,0,0,0,0,9,9,1021,0,0,0,0,0,0,0,0,0
202202,999,22540,C,Fond du Lac  WI ,14,14,5019,0,0,0,0,0,0,0,0,0,3,3,1291,0,0,0,0,0,0,0,0,0
202202,999,22660,C,Fort Collins  CO ,109,109,38663,0,0,0,1,4,960,7,100,14938,109,109,38663,0,0,0,1,4,960,7,100,14938
202202,999,22900,C,Fort Smith  AR-OK ,35,35,6396,8,16,1127,1,3,270,0,0,0,26,26,5343,8,16,1127,1,3,270,0,0,0
202202,999,23460,C,Gadsden  AL ,21,21,2843,0,0,0,0,0,0,0,0,0,12,12,1780,0,0,0,0,0,0,0,0,0
202202,999,24140,C,Goldsboro  NC ,52,52,9757,0,0,0,0,0,0,3,72,5262,52,52,9757,0,0,0,0,0,0,3,72,5262
202202,999,24220,C,Grand Forks  ND-MN ,1,1,1100,0,0,0,0,0,0,0,0,0,0,0,0,0,0,0,0,0,0,0,0,0
202202,999,24260,C,Grand Island  NE ,12,12,2699,0,0,0,1,3,225,0,0,0,8,8,1865,0,0,0,0,0,0,0,0,0
202202,999,24300,C,Grand Junction  CO ,74,74,22757,1,2,194,0,0,0,2,48,3885,74,74,22757,1,2,194,0,0,0,2,48,3885
202202,999,24500,C,Great Falls  MT ,14,14,6210,0,0,0,0,0,0,0,0,0,14,14,6210,0,0,0,0,0,0,0,0,0
202202,999,25060,C,Gulfport-Biloxi  MS ,207,207,45913,0,0,0,1,4,401,4,40,2658,110,110,29957,0,0,0,0,0,0,3,32,1981
202202,999,25860,C,Hickory-Lenoir-Morganton  NC ,135,135,28865,0,0,0,0,0,0,1,7,390,123,123,26827,0,0,0,0,0,0,0,0,0
202202,999,25940,C,Hilton Head Island-Bluffton  SC ,157,157,88996,0,0,0,0,0,0,0,0,0,121,121,72117,0,0,0,0,0,0,0,0,0
202202,999,26140,C,Homosassa Springs  FL ,81,81,16823,1,2,55,0,0,0,1,5,432,0,0,0,0,0,0,0,0,0,0,0,0
202202,999,26380,C,Houma-Thibodaux  LA ,83,83,30969,1,2,156,0,0,0,0,0,0,65,65,25876,0,0,0,0,0,0,0,0,0
202202,999,27100,C,Jackson  MI ,11,11,3026,0,0,0,0,0,0,0,0,0,5,5,1818,0,0,0,0,0,0,0,0,0
202202,999,27340,C,Jacksonville  NC ,155,155,30976,3,6,450,0,0,0,0,0,0,155,155,30976,3,6,450,0,0,0,0,0,0
202202,999,27620,C,Jefferson City  MO ,14,14,3432,0,0,0,0,0,0,0,0,0,7,7,1748,0,0,0,0,0,0,0,0,0
202202,999,27980,C,Kahului-Wailuku-Lahaina  HI ,41,41,20340,1,2,644,0,0,0,0,0,0,41,41,20340,1,2,644,0,0,0,0,0,0
202202,999,28660,C,Killeen-Temple  TX ,265,265,44117,8,16,1551,0,0,0,0,0,0,133,133,25240,4,8,873,0,0,0,0,0,0
202202,999,29100,C,La Crosse-Onalaska  WI-MN ,7,7,2964,1,2,310,0,0,0,0,0,0,5,5,2446,0,0,0,0,0,0,0,0,0
202202,999,29420,C,Lake Havasu City-Kingman  AZ ,175,175,46463,7,14,676,0,0,0,0,0,0,174,174,46366,7,14,676,0,0,0,0,0,0
202202,999,29540,C,Lancaster  PA ,49,49,14801,2,4,638,0,0,0,1,5,297,33,33,11537,1,2,438,0,0,0,0,0,0
202202,999,29620,C,Lansing-East Lansing  MI ,34,34,8812,0,0,0,0,0,0,3,33,3549,15,15,3897,0,0,0,0,0,0,0,0,0
202202,999,29700,C,Laredo  TX ,120,120,17818,1,2,113,0,0,0,1,13,795,0,0,0,0,0,0,0,0,0,0,0,0
202202,999,30020,C,Lawton  OK ,9,9,1778,0,0,0,0,0,0,0,0,0,2,2,604,0,0,0,0,0,0,0,0,0
202202,999,30300,C,Lewiston  ID-WA ,15,15,5306,0,0,0,0,0,0,0,0,0,15,15,5306,0,0,0,0,0,0,0,0,0
202202,999,30860,C,Logan  UT-ID ,47,47,14234,0,0,0,0,0,0,1,10,1427,46,46,13621,0,0,0,0,0,0,1,10,1427
202202,999,30980,C,Longview  TX ,44,44,9485,2,4,393,0,0,0,0,0,0,33,33,7178,2,4,393,0,0,0,0,0,0
202202,999,31340,C,Lynchburg  VA ,25,25,6613,0,0,0,0,0,0,1,10,259,23,23,6241,0,0,0,0,0,0,0,0,0
202202,999,31740,C,Manhattan  KS ,16,16,4471,1,2,247,0,0,0,0,0,0,6,6,1503,1,2,247,0,0,0,0,0,0
202202,999,33540,C,Missoula  MT ,25,25,6773,0,0,0,0,0,0,3,52,5291,25,25,6773,0,0,0,0,0,0,3,52,5291
202202,999,36100,C,Ocala  FL ,559,559,121455,0,0,0,0,0,0,0,0,0,558,558,121365,0,0,0,0,0,0,0,0,0
202202,999,36980,C,Owensboro  KY ,36,36,3201,0,0,0,0,0,0,0,0,0,35,35,3000,0,0,0,0,0,0,0,0,0
202202,999,37340,C,Palm Bay-Melbourne-Titusville  FL ,341,341,128143,0,0,0,0,0,0,1,12,3578,323,323,123675,0,0,0,0,0,0,1,12,3578
202202,999,37460,C,Panama City  FL ,175,175,73623,0,0,0,3,9,806,0,0,0,161,161,70092,0,0,0,3,9,806,0,0,0
202202,999,37900,C,Peoria  IL ,8,8,2132,0,0,0,0,0,0,1,5,286,3,3,770,0,0,0,0,0,0,0,0,0
202202,999,38340,C,Pittsfield  MA ,10,10,4372,0,0,0,0,0,0,1,11,1821,0,0,0,0,0,0,0,0,0,0,0,0
202202,999,38540,C,Pocatello  ID ,29,29,5038,0,0,0,0,0,0,0,0,0,11,11,1437,0,0,0,0,0,0,0,0,0
202202,999,39150,C,Prescott Valley-Prescott  AZ ,167,167,52552,12,24,4124,0,0,0,0,0,0,118,118,35616,11,22,3806,0,0,0,0,0,0
202202,999,40060,C,Richmond  VA ,382,382,85402,2,4,336,0,0,0,18,389,57715,361,361,82324,2,4,336,0,0,0,16,379,56630
202202,999,40220,C,Roanoke  VA ,47,47,18223,0,0,0,0,0,0,1,24,2933,41,41,16772,0,0,0,0,0,0,0,0,0
202202,999,41100,C,St. George  UT ,204,204,45571,0,0,0,1,4,800,0,0,0,160,160,38029,0,0,0,1,4,800,0,0,0
202202,999,41500,C,Salinas  CA ,44,44,12511,0,0,0,0,0,0,9,146,6679,32,32,9777,0,0,0,0,0,0,7,136,5009
202202,999,41660,C,San Angelo  TX ,20,20,4350,0,0,0,0,0,0,0,0,0,20,20,4350,0,0,0,0,0,0,0,0,0
202202,999,41740,C,San Diego-Chula Vista-Carlsbad  CA ,298,298,85254,0,0,0,12,39,9849,26,258,68241,289,289,81870,0,0,0,11,36,7224,25,234,66019
202202,999,42020,C,San Luis Obispo-Paso Robles  CA ,37,37,11119,0,0,0,0,0,0,0,0,0,31,31,9606,0,0,0,0,0,0,0,0,0
202202,999,42200,C,Santa Maria-Santa Barbara  CA ,28,28,18305,0,0,0,0,0,0,3,55,7163,3,3,14396,0,0,0,0,0,0,0,0,0
202202,999,42540,C,Scranton--Wilkes-Barre  PA ,36,36,10276,0,0,0,0,0,0,1,5,94,9,9,3316,0,0,0,0,0,0,0,0,0
202202,999,42700,C,Sebring-Avon Park  FL ,55,55,14469,1,2,150,0,0,0,0,0,0,55,55,14469,1,2,150,0,0,0,0,0,0
202202,999,43100,C,Sheboygan  WI ,11,11,3355,0,0,0,0,0,0,0,0,0,0,0,0,0,0,0,0,0,0,0,0,0
202202,999,43420,C,Sierra Vista-Douglas  AZ ,43,43,7540,0,0,0,0,0,0,0,0,0,33,33,5757,0,0,0,0,0,0,0,0,0
202202,999,43580,C,Sioux City  IA-NE-SD ,28,28,8644,0,0,0,0,0,0,0,0,0,18,18,5825,0,0,0,0,0,0,0,0,0
202202,999,43620,C,Sioux Falls  SD ,69,69,17543,0,0,0,9,35,4536,2,44,7201,64,64,16153,0,0,0,8,32,4536,2,44,7201
202202,999,44140,C,Springfield  MA ,32,32,9145,1,2,155,0,0,0,1,8,1008,5,5,1664,1,2,155,0,0,0,0,0,0
202202,999,44180,C,Springfield  MO ,84,84,26574,0,0,0,0,0,0,4,98,12000,59,59,21367,0,0,0,0,0,0,4,98,12000
202202,999,44940,C,Sumter  SC ,36,36,4551,0,0,0,0,0,0,0,0,0,29,29,3434,0,0,0,0,0,0,0,0,0
202202,999,45220,C,Tallahassee  FL ,135,135,29097,1,2,222,0,0,0,3,98,12524,47,47,10652,0,0,0,0,0,0,0,0,0
202202,999,45300,C,Tampa-St. Petersburg-Clearwater  FL ,1127,1127,307171,3,6,1145,0,0,0,18,596,84813,1105,1105,303113,2,4,865,0,0,0,16,586,82102
202202,999,45460,C,Terre Haute  IN ,10,10,1781,0,0,0,0,0,0,0,0,0,6,6,1075,0,0,0,0,0,0,0,0,0
202202,999,45500,C,Texarkana  TX-AR ,6,6,1347,0,0,0,0,0,0,0,0,0,2,2,435,0,0,0,0,0,0,0,0,0
202202,999,45820,C,Topeka  KS ,21,21,4217,0,0,0,0,0,0,0,0,0,18,18,3823,0,0,0,0,0,0,0,0,0
202202,999,46220,C,Tuscaloosa  AL ,83,83,19182,1,2,360,0,0,0,0,0,0,76,76,17735,1,2,360,0,0,0,0,0,0
202202,999,46300,C,Twin Falls  ID ,47,47,11813,0,0,0,0,0,0,0,0,0,46,46,11589,0,0,0,0,0,0,0,0,0
202202,999,46520,C,Urban Honolulu  HI ,42,42,18123,4,8,1580,0,0,0,3,26,4727,42,42,18123,4,8,1580,0,0,0,3,26,4727
202202,999,46540,C,Utica-Rome  NY ,12,12,3002,1,2,260,0,0,0,2,18,2524,2,2,520,0,0,0,0,0,0,0,0,0
202202,999,46660,C,Valdosta  GA ,106,106,18548,1,2,133,0,0,0,1,9,884,34,34,6671,0,0,0,0,0,0,0,0,0
202202,999,47300,C,Visalia  CA ,141,141,36570,4,8,1366,1,3,437,2,17,1657,131,131,33630,4,8,1366,0,0,0,1,12,1271
202202,999,47380,C,Waco  TX ,76,76,16772,1,2,200,0,0,0,0,0,0,58,58,12759,0,0,0,0,0,0,0,0,0
202202,999,47940,C,Waterloo-Cedar Falls  IA ,16,16,3942,0,0,0,0,0,0,0,0,0,15,15,3758,0,0,0,0,0,0,0,0,0
202202,999,48060,C,Watertown-Fort Drum  NY ,12,12,2833,0,0,0,0,0,0,0,0,0,0,0,0,0,0,0,0,0,0,0,0,0
202202,999,48300,C,Wenatchee  WA ,56,56,15143,0,0,0,0,0,0,0,0,0,25,25,9223,0,0,0,0,0,0,0,0,0
202202,999,48540,C,Wheeling  WV-OH ,2,2,696,0,0,0,0,0,0,0,0,0,0,0,0,0,0,0,0,0,0,0,0,0
202202,999,48660,C,Wichita Falls  TX ,16,16,4341,0,0,0,0,0,0,0,0,0,12,12,3453,0,0,0,0,0,0,0,0,0
202202,999,48900,C,Wilmington  NC ,229,229,74606,1,2,433,0,0,0,4,135,16909,95,95,30069,0,0,0,0,0,0,0,0,0
202202,999,49420,C,Yakima  WA ,49,49,12136,0,0,0,0,0,0,0,0,0,45,45,11269,0,0,0,0,0,0,0,0,0
202202,999,49740,C,Yuma  AZ ,87,87,15287,2,4,342,0,0,0,0,0,0,87,87,15287,2,4,342,0,0,0,0,0,0
