Survey,CSA,CBSA,MONCOV,CBSA,,1-unit,,,2-units,,,3-4 units,,,5+ units,,,1-unit rep,,,2-units rep,,,3-4 units rep,,,5+ units rep
Date,Code,Code,,Name,Bldgs,Units,Value,Bldgs,Units,Value,Bldgs,Units,Value,Bldgs,Units,Value,Bldgs,Units,Value,Bldgs,Units,Value,      Bldgs,Units,Value,Bldgs,Units,Value
 
202210,104,10580,C,Albany-Schenectady-Troy  NY ,86,86,27552,0,0,0,0,0,0,5,36,4342,62,62,18999,0,0,0,0,0,0,3,26,3461
202210,104,24020,C,Glens Falls  NY ,15,15,3885,0,0,0,3,11,1434,0,0,0,8,8,2262,0,0,0,3,11,1434,0,0,0
202210,106,10740,C,Albuquerque  NM ,126,126,21024,0,0,0,0,0,0,1,7,292,108,108,14926,0,0,0,0,0,0,0,0,0
202210,106,42140,C,Santa Fe  NM ,7,7,3356,0,0,0,0,0,0,0,0,0,7,7,3356,0,0,0,0,0,0,0,0,0
202210,107,11020,C,Altoona  PA ,3,3,2604,0,0,0,0,0,0,0,0,0,2,2,2413,0,0,0,0,0,0,0,0,0
202210,108,11100,C,Amarillo  TX ,67,67,17167,3,6,781,0,0,0,0,0,0,67,67,17167,3,6,781,0,0,0,0,0,0
202210,118,11540,C,Appleton  WI ,43,43,17005,0,0,0,0,0,0,2,19,1699,37,37,14951,0,0,0,0,0,0,0,0,0
202210,118,36780,C,Oshkosh-Neenah  WI ,18,18,8822,2,4,640,0,0,0,1,56,9732,17,17,8423,2,4,640,0,0,0,1,56,9732
202210,120,11700,C,Asheville  NC ,194,194,63128,0,0,0,0,0,0,6,115,11755,53,53,15999,0,0,0,0,0,0,0,0,0
202210,122,12020,C,Athens-Clarke County  GA ,46,46,14377,1,2,394,0,0,0,10,299,37111,18,18,6340,1,2,394,0,0,0,10,299,37111
202210,122,12060,C,Atlanta-Sandy Springs-Alpharetta  GA ,1925,1925,682845,15,30,6039,11,41,4515,47,1811,249232,1744,1744,642702,15,30,6039,11,41,4515,43,1791,245272
202210,122,23580,C,Gainesville  GA ,70,70,16543,0,0,0,0,0,0,0,0,0,7,7,1696,0,0,0,0,0,0,0,0,0
202210,122,40660,C,Rome  GA ,29,29,13269,0,0,0,0,0,0,0,0,0,29,29,13269,0,0,0,0,0,0,0,0,0
202210,140,13460,C,Bend  OR ,81,81,31087,2,4,1174,0,0,0,4,56,7340,81,81,31087,2,4,1174,0,0,0,4,56,7340
202210,142,13820,C,Birmingham-Hoover  AL ,201,201,62398,0,0,0,0,0,0,0,0,0,181,181,57144,0,0,0,0,0,0,0,0,0
202210,144,14020,C,Bloomington  IN ,37,37,11321,1,2,175,0,0,0,0,0,0,36,36,11120,0,0,0,0,0,0,0,0,0
202210,145,14010,C,Bloomington  IL ,12,12,4026,1,2,146,0,0,0,2,64,3600,8,8,3071,0,0,0,0,0,0,2,64,3600
202210,146,14100,C,Bloomsburg-Berwick  PA ,16,16,3098,0,0,0,0,0,0,1,5,454,8,8,340,0,0,0,0,0,0,0,0,0
202210,147,14260,C,Boise City  ID ,248,248,76718,1,2,385,3,12,2250,12,228,42761,213,213,63763,1,2,385,3,12,2250,12,228,42761
202210,148,12700,C,Barnstable Town  MA ,54,54,28726,1,2,300,0,0,0,0,0,0,27,27,13050,0,0,0,0,0,0,0,0,0
202210,148,14460,C,Boston-Cambridge-Newton  MA-NH ,341,341,130571,21,42,9456,3,9,2831,46,483,139014,179,179,83171,15,30,6783,2,6,2300,14,255,112458
202210,148,31700,C,Manchester-Nashua  NH ,58,58,16096,2,4,811,1,4,700,0,0,0,32,32,9915,1,2,341,1,4,700,0,0,0
202210,148,39300,C,Providence-Warwick  RI-MA ,117,117,39665,7,14,2170,2,6,907,0,0,0,56,56,26019,4,8,1310,2,6,907,0,0,0
202210,148,49340,C,Worcester  MA-CT ,62,62,18020,1,2,253,1,4,600,3,29,3840,21,21,7160,0,0,0,1,4,600,1,9,1200
202210,150,14540,C,Bowling Green  KY ,54,54,11089,0,0,0,1,4,880,15,112,12080,54,54,11089,0,0,0,1,4,880,15,112,12080
202210,154,15180,C,Brownsville-Harlingen  TX ,93,93,14170,9,18,1851,2,7,952,4,30,2631,9,9,3134,5,10,1059,0,0,0,0,0,0
202210,160,15380,C,Buffalo-Cheektowaga  NY ,149,149,48332,2,4,750,0,0,0,3,26,4192,138,138,45474,1,2,450,0,0,0,2,16,1950
202210,162,15540,C,Burlington-South Burlington  VT ,25,25,7686,2,4,900,0,0,0,2,10,945,14,14,4805,1,2,600,0,0,0,0,0,0
202210,163,15980,C,Cape Coral-Fort Myers  FL ,398,398,86411,14,28,3674,0,0,0,13,496,57065,146,146,32977,1,2,260,0,0,0,11,403,50166
202210,163,34940,C,Naples-Marco Island  FL ,294,294,124082,1,2,1800,5,19,3983,5,42,4534,294,294,124082,1,2,1800,5,19,3983,5,42,4534
202210,164,16020,C,Cape Girardeau  MO-IL ,10,10,2920,1,2,477,0,0,0,0,0,0,0,0,0,0,0,0,0,0,0,0,0,0
202210,168,16300,C,Cedar Rapids  IA ,57,57,13949,2,4,800,0,0,0,4,24,2900,54,54,13637,2,4,800,0,0,0,4,24,2900
202210,168,26980,C,Iowa City  IA ,39,39,11606,3,6,1556,1,3,362,1,12,1720,26,26,8324,2,4,1256,0,0,0,0,0,0
202210,170,16620,C,Charleston  WV ,16,16,1547,0,0,0,0,0,0,0,0,0,15,15,1497,0,0,0,0,0,0,0,0,0
202210,170,26580,C,Huntington-Ashland  WV-KY-OH ,18,18,3467,0,0,0,0,0,0,0,0,0,2,2,248,0,0,0,0,0,0,0,0,0
202210,172,16740,C,Charlotte-Concord-Gastonia  NC-SC ,1310,1310,355848,1,2,387,0,0,0,38,612,75795,1111,1111,297308,1,2,387,0,0,0,34,516,63503
202210,174,16860,C,Chattanooga  TN-GA ,141,141,35091,4,8,575,1,3,174,3,60,5991,103,103,26154,0,0,0,0,0,0,0,0,0
202210,174,17420,C,Cleveland  TN ,43,43,10491,0,0,0,2,8,1301,0,0,0,29,29,7956,0,0,0,2,8,1301,0,0,0
202210,174,19140,C,Dalton  GA ,25,25,5037,0,0,0,0,0,0,0,0,0,21,21,4080,0,0,0,0,0,0,0,0,0
202210,176,16980,C,Chicago-Naperville-Elgin  IL-IN-WI ,679,679,217078,27,54,9553,21,67,20290,24,752,172288,584,584,188079,26,52,9373,19,60,19084,16,702,164459
202210,176,28100,C,Kankakee  IL ,7,7,1942,0,0,0,0,0,0,0,0,0,4,4,922,0,0,0,0,0,0,0,0,0
202210,176,33140,C,Michigan City-La Porte  IN ,9,9,3449,0,0,0,0,0,0,0,0,0,1,1,100,0,0,0,0,0,0,0,0,0
202210,178,17140,C,Cincinnati  OH-KY-IN ,348,348,117235,10,20,3544,10,38,4521,12,132,13457,287,287,99522,9,18,3369,10,38,4521,8,59,6943
202210,184,10420,C,Akron  OH ,192,192,50666,0,0,0,62,247,7560,41,969,213454,186,186,49138,0,0,0,61,244,5422,40,960,213333
202210,184,15940,C,Canton-Massillon  OH ,32,32,10598,0,0,0,9,36,2493,15,106,7628,28,28,10131,0,0,0,8,32,2288,14,97,6936
202210,184,17460,C,Cleveland-Elyria  OH ,232,232,70693,1,2,11,4,14,1769,10,53,7084,208,208,65381,0,0,0,3,11,1561,10,53,7084
202210,190,17860,C,Columbia  MO ,34,34,14032,1,2,265,0,0,0,1,65,6939,34,34,14032,1,2,265,0,0,0,1,65,6939
202210,192,17900,C,Columbia  SC ,333,333,82391,0,0,0,0,0,0,20,312,45022,228,228,60418,0,0,0,0,0,0,20,312,45022
202210,194,12220,C,Auburn-Opelika  AL ,85,85,23307,1,2,421,1,3,345,3,26,3146,18,18,5327,0,0,0,0,0,0,0,0,0
202210,194,17980,C,Columbus  GA-AL ,42,42,9012,1,2,114,0,0,0,2,42,6612,17,17,4575,0,0,0,0,0,0,0,0,0
202210,198,18140,C,Columbus  OH ,409,409,145260,6,12,1989,3,12,2082,27,633,48777,335,335,122984,6,12,1989,3,12,2082,24,593,45108
202210,204,18580,C,Corpus Christi  TX ,99,99,24749,0,0,0,0,0,0,1,25,1858,74,74,17251,0,0,0,0,0,0,0,0,0
202210,206,19100,C,Dallas-Fort Worth-Arlington  TX ,2545,2545,708570,27,54,7942,12,44,5379,76,4476,512972,2043,2043,581742,25,50,7498,0,0,0,72,4429,506605
202210,206,43300,C,Sherman-Denison  TX ,48,48,10367,0,0,0,0,0,0,1,11,965,22,22,5259,0,0,0,0,0,0,0,0,0
202210,209,19340,C,Davenport-Moline-Rock Island  IA-IL ,47,47,10866,2,4,669,4,12,1917,2,10,1049,26,26,5286,0,0,0,1,3,450,0,0,0
202210,212,19430,C,Dayton-Kettering  OH ,112,112,40290,5,10,2500,0,0,0,3,49,5999,69,69,25276,5,10,2500,0,0,0,0,0,0
202210,212,44220,C,Springfield  OH ,8,8,4696,0,0,0,0,0,0,0,0,0,8,8,4696,0,0,0,0,0,0,0,0,0
202210,216,14500,C,Boulder  CO ,99,99,61614,1,2,602,2,6,1234,4,57,13576,97,97,59172,1,2,602,2,6,1234,3,40,8637
202210,216,19740,C,Denver-Aurora-Lakewood  CO ,576,576,182765,7,14,3454,2,6,1143,22,769,94228,525,525,167029,3,6,1275,0,0,0,17,677,80493
202210,216,24540,C,Greeley  CO ,179,179,58922,3,6,1048,2,6,1185,14,351,57569,79,79,32542,0,0,0,0,0,0,12,311,51955
202210,218,11180,C,Ames  IA ,16,16,5967,3,6,1639,3,10,2870,0,0,0,10,10,4428,3,6,1639,3,10,2870,0,0,0
202210,218,19780,C,Des Moines-West Des Moines  IA ,251,251,88137,2,4,875,1,4,839,11,267,44443,238,238,83465,2,4,875,0,0,0,10,261,43646
202210,220,11460,C,Ann Arbor  MI ,36,36,10273,0,0,0,0,0,0,0,0,0,23,23,6699,0,0,0,0,0,0,0,0,0
202210,220,19820,C,Detroit-Warren-Dearborn  MI ,327,327,117507,2,4,848,9,32,5363,15,117,29216,239,239,90021,2,4,848,5,19,4028,9,66,23077
202210,220,22420,C,Flint  MI ,19,19,6679,0,0,0,0,0,0,0,0,0,10,10,4552,0,0,0,0,0,0,0,0,0
202210,220,33780,C,Monroe  MI ,13,13,4193,0,0,0,0,0,0,1,5,459,6,6,2365,0,0,0,0,0,0,0,0,0
202210,222,20020,C,Dothan  AL ,22,22,7794,0,0,0,0,0,0,0,0,0,12,12,5500,0,0,0,0,0,0,0,0,0
202210,232,20740,C,Eau Claire  WI ,46,46,19144,18,36,7400,0,0,0,6,30,4680,43,43,18277,17,34,7052,0,0,0,6,30,4680
202210,236,21300,C,Elmira  NY ,1,1,211,0,0,0,0,0,0,1,5,560,0,0,0,0,0,0,0,0,0,0,0,0
202210,238,21340,C,El Paso  TX ,155,155,36189,6,12,1541,1,3,396,3,22,2586,0,0,0,0,0,0,0,0,0,0,0,0
202210,238,29740,C,Las Cruces  NM ,58,58,15222,0,0,0,0,0,0,1,7,547,0,0,0,0,0,0,0,0,0,0,0,0
202210,240,21500,C,Erie  PA ,9,9,2865,1,2,300,0,0,0,0,0,0,5,5,1924,1,2,300,0,0,0,0,0,0
202210,244,22020,C,Fargo  ND-MN ,62,62,23433,0,0,0,0,0,0,7,307,41815,59,59,22224,0,0,0,0,0,0,7,307,41815
202210,246,22180,C,Fayetteville  NC ,98,98,20025,1,2,340,0,0,0,0,0,0,50,50,13498,1,2,340,0,0,0,0,0,0
202210,258,23060,C,Fort Wayne  IN ,125,125,38758,2,4,150,0,0,0,1,5,642,125,125,38758,2,4,150,0,0,0,1,5,642
202210,260,23420,C,Fresno  CA ,178,178,49377,0,0,0,1,4,1000,3,98,11795,129,129,34102,0,0,0,1,4,1000,1,78,8808
202210,260,25260,C,Hanford-Corcoran  CA ,25,25,6642,1,2,497,6,18,4602,0,0,0,19,19,5269,1,2,497,6,18,4602,0,0,0
202210,260,31460,C,Madera  CA ,50,50,14276,3,6,300,4,16,800,0,0,0,50,50,14276,3,6,300,4,16,800,0,0,0
202210,264,23540,C,Gainesville  FL ,102,102,24314,0,0,0,0,0,0,1,119,4052,11,11,2744,0,0,0,0,0,0,0,0,0
202210,266,24340,C,Grand Rapids-Kentwood  MI ,231,231,72053,6,12,1729,1,3,563,4,64,8048,175,175,55865,0,0,0,0,0,0,0,0,0
202210,266,34740,C,Muskegon  MI ,29,29,7193,1,2,288,0,0,0,0,0,0,23,23,5833,0,0,0,0,0,0,0,0,0
202210,267,24580,C,Green Bay  WI ,47,47,16405,1,2,580,0,0,0,7,63,6519,30,30,11047,0,0,0,0,0,0,3,36,4035
202210,268,15500,C,Burlington  NC ,155,155,26741,0,0,0,0,0,0,1,8,1143,155,155,26741,0,0,0,0,0,0,1,8,1143
202210,268,24660,C,Greensboro-High Point  NC ,140,140,35844,1,2,238,0,0,0,0,0,0,73,73,15260,0,0,0,0,0,0,0,0,0
202210,268,49180,C,Winston-Salem  NC ,329,329,81005,0,0,0,0,0,0,1,6,237,255,255,61122,0,0,0,0,0,0,0,0,0
202210,272,24780,C,Greenville  NC ,57,57,13737,4,8,1328,0,0,0,0,0,0,32,32,8002,4,8,1328,0,0,0,0,0,0
202210,273,24860,C,Greenville-Anderson  SC ,410,410,117264,6,12,1768,0,0,0,7,149,16989,362,362,104199,6,12,1768,0,0,0,6,125,14601
202210,273,43900,C,Spartanburg  SC ,199,199,33435,0,0,0,0,0,0,1,24,2879,0,0,0,0,0,0,0,0,0,0,0,0
202210,276,23900,C,Gettysburg  PA ,27,27,7755,0,0,0,0,0,0,0,0,0,27,27,7755,0,0,0,0,0,0,0,0,0
202210,276,25420,C,Harrisburg-Carlisle  PA ,84,84,23189,0,0,0,0,0,0,4,55,14491,58,58,17063,0,0,0,0,0,0,4,55,14491
202210,276,30140,C,Lebanon  PA ,16,16,3089,0,0,0,0,0,0,2,134,12476,3,3,541,0,0,0,0,0,0,1,129,11600
202210,276,49620,C,York-Hanover  PA ,75,75,16222,0,0,0,0,0,0,2,36,2684,41,41,10246,0,0,0,0,0,0,1,30,2240
202210,277,25500,C,Harrisonburg  VA ,22,22,5641,2,4,1100,0,0,0,3,17,2140,22,22,5641,2,4,1100,0,0,0,3,17,2140
202210,277,44420,C,Staunton  VA ,15,15,3628,1,2,300,0,0,0,0,0,0,15,15,3628,1,2,300,0,0,0,0,0,0
202210,278,25540,C,Hartford-East Hartford-Middletown  CT ,50,50,17212,2,4,460,0,0,0,3,15,1106,27,27,11313,2,4,460,0,0,0,0,0,0
202210,278,35980,C,Norwich-New London  CT ,25,25,7480,0,0,0,0,0,0,0,0,0,13,13,4379,0,0,0,0,0,0,0,0,0
202210,279,25620,C,Hattiesburg  MS ,7,7,1503,0,0,0,0,0,0,0,0,0,0,0,0,0,0,0,0,0,0,0,0,0
202210,284,26300,C,Hot Springs  AR ,8,8,4309,0,0,0,0,0,0,0,0,0,8,8,4309,0,0,0,0,0,0,0,0,0
202210,288,26420,C,Houston-The Woodlands-Sugar Land  TX ,3226,3226,768318,88,176,3967,0,0,0,60,2882,270061,3070,3070,727342,83,166,2682,0,0,0,58,2867,269005
202210,290,19460,C,Decatur  AL ,17,17,6102,0,0,0,0,0,0,0,0,0,16,16,5980,0,0,0,0,0,0,0,0,0
202210,290,26620,C,Huntsville  AL ,245,245,50068,0,0,0,0,0,0,8,146,18196,46,46,16937,0,0,0,0,0,0,0,0,0
202210,292,26820,C,Idaho Falls  ID ,70,70,15031,0,0,0,4,16,2199,0,0,0,70,70,15031,0,0,0,4,16,2199,0,0,0
202210,294,18020,C,Columbus  IN ,3,3,620,0,0,0,0,0,0,0,0,0,3,3,620,0,0,0,0,0,0,0,0,0
202210,294,26900,C,Indianapolis-Carmel-Anderson  IN ,417,417,148591,16,32,4478,1,4,300,17,805,86551,352,352,131147,14,28,4008,1,4,300,15,757,82017
202210,294,34620,C,Muncie  IN ,7,7,1845,0,0,0,0,0,0,0,0,0,5,5,1263,0,0,0,0,0,0,0,0,0
202210,296,27060,C,Ithaca  NY ,7,7,1760,1,2,250,0,0,0,1,5,342,1,1,125,1,2,250,0,0,0,0,0,0
202210,297,27180,C,Jackson  TN ,36,36,6835,0,0,0,0,0,0,0,0,0,12,12,1496,0,0,0,0,0,0,0,0,0
202210,298,27140,C,Jackson  MS ,84,84,26947,0,0,0,0,0,0,0,0,0,66,66,23089,0,0,0,0,0,0,0,0,0
202210,300,27260,C,Jacksonville  FL ,1156,1156,279492,3,6,395,0,0,0,12,617,70078,1147,1147,275513,3,6,395,0,0,0,12,617,70078
202210,304,27740,C,Johnson City  TN ,62,62,16549,1,2,450,0,0,0,4,25,3218,45,45,13781,0,0,0,0,0,0,4,25,3218
202210,304,28700,C,Kingsport-Bristol  TN-VA ,45,45,13305,0,0,0,0,0,0,0,0,0,33,33,11836,0,0,0,0,0,0,0,0,0
202210,306,27780,C,Johnstown  PA ,4,4,1203,0,0,0,0,0,0,0,0,0,0,0,0,0,0,0,0,0,0,0,0,0
202210,308,27860,C,Jonesboro  AR ,45,45,7327,5,10,745,5,18,1182,2,10,568,4,4,867,1,2,195,0,0,0,0,0,0
202210,309,27900,C,Joplin  MO ,50,50,8106,3,6,1036,0,0,0,1,5,225,37,37,6032,3,6,1036,0,0,0,0,0,0
202210,310,12980,C,Battle Creek  MI ,4,4,707,0,0,0,0,0,0,0,0,0,1,1,312,0,0,0,0,0,0,0,0,0
202210,310,28020,C,Kalamazoo-Portage  MI ,22,22,7643,0,0,0,0,0,0,0,0,0,13,13,5512,0,0,0,0,0,0,0,0,0
202210,312,28140,C,Kansas City  MO-KS ,317,317,119986,26,52,9916,2,7,761,7,323,53275,234,234,89930,21,42,6286,2,7,761,5,266,46069
202210,312,29940,C,Lawrence  KS ,19,19,6982,0,0,0,0,0,0,4,48,7859,14,14,5143,0,0,0,0,0,0,4,48,7859
202210,312,41140,C,St. Joseph  MO-KS ,11,11,2786,0,0,0,0,0,0,0,0,0,7,7,1957,0,0,0,0,0,0,0,0,0
202210,313,28420,C,Kennewick-Richland  WA ,90,90,28481,1,2,643,1,4,485,0,0,0,24,24,8506,0,0,0,0,0,0,0,0,0
202210,313,47460,C,Walla Walla  WA ,8,8,2306,1,2,411,0,0,0,0,0,0,6,6,1717,0,0,0,0,0,0,0,0,0
202210,315,28940,C,Knoxville  TN ,293,293,81712,5,10,2039,0,0,0,3,34,2663,249,249,75164,5,10,2039,0,0,0,0,0,0
202210,315,34100,C,Morristown  TN ,41,41,8156,0,0,0,1,3,750,0,0,0,19,19,2312,0,0,0,1,3,750,0,0,0
202210,316,29020,C,Kokomo  IN ,6,6,1986,0,0,0,0,0,0,0,0,0,5,5,1681,0,0,0,0,0,0,0,0,0
202210,318,29180,C,Lafayette  LA ,163,163,38482,0,0,0,0,0,0,0,0,0,71,71,16704,0,0,0,0,0,0,0,0,0
202210,320,29200,C,Lafayette-West Lafayette  IN ,63,63,20331,0,0,0,0,0,0,2,60,6782,57,57,19076,0,0,0,0,0,0,0,0,0
202210,324,29340,C,Lake Charles  LA ,60,60,10673,1,2,450,0,0,0,0,0,0,55,55,9072,1,2,450,0,0,0,0,0,0
202210,332,29820,C,Las Vegas-Henderson-Paradise  NV ,478,478,134925,0,0,0,3,12,876,9,274,17256,476,476,134230,0,0,0,3,12,876,9,274,17256
202210,336,30460,C,Lexington-Fayette  KY ,111,111,32171,0,0,0,1,3,440,6,128,11826,36,36,14786,0,0,0,0,0,0,0,0,0
202210,338,30620,C,Lima  OH ,6,6,1738,0,0,0,0,0,0,0,0,0,1,1,350,0,0,0,0,0,0,0,0,0
202210,339,30700,C,Lincoln  NE ,67,67,24880,0,0,0,0,0,0,1,12,900,64,64,24270,0,0,0,0,0,0,1,12,900
202210,340,30780,C,Little Rock-North Little Rock-Conway  AR ,105,105,36177,1,2,200,0,0,0,6,123,14498,88,88,32522,1,2,200,0,0,0,6,123,14498
202210,340,38220,C,Pine Bluff  AR ,1,1,150,0,0,0,0,0,0,0,0,0,1,1,150,0,0,0,0,0,0,0,0,0
202210,348,31080,C,Los Angeles-Long Beach-Anaheim  CA ,724,724,183779,52,104,22322,3,10,2509,34,1606,271279,584,584,142483,48,96,20242,1,4,1242,21,1475,247626
202210,348,37100,C,Oxnard-Thousand Oaks-Ventura  CA ,27,27,6111,0,0,0,0,0,0,1,87,19515,17,17,3114,0,0,0,0,0,0,1,87,19515
202210,348,40140,C,Riverside-San Bernardino-Ontario  CA ,688,688,189786,3,6,478,7,24,3668,13,135,17033,555,555,147171,3,6,478,6,21,3160,10,119,15611
202210,350,21060,C,Elizabethtown-Fort Knox  KY ,23,23,5370,0,0,0,0,0,0,0,0,0,23,23,5370,0,0,0,0,0,0,0,0,0
202210,350,31140,C,Louisville-Jefferson County  KY-IN ,288,288,91658,0,0,0,1,4,350,14,434,50055,270,270,86605,0,0,0,1,4,350,14,434,50055
202210,352,31180,C,Lubbock  TX ,161,161,38262,20,40,5839,0,0,0,2,27,1997,0,0,0,0,0,0,0,0,0,0,0,0
202210,356,31420,C,Macon-Bibb County  GA ,33,33,8093,0,0,0,0,0,0,0,0,0,22,22,6319,0,0,0,0,0,0,0,0,0
202210,356,47580,C,Warner Robins  GA ,98,98,18961,0,0,0,0,0,0,0,0,0,83,83,15348,0,0,0,0,0,0,0,0,0
202210,357,27500,C,Janesville-Beloit  WI ,27,27,6506,1,2,427,0,0,0,0,0,0,14,14,3468,1,2,427,0,0,0,0,0,0
202210,357,31540,C,Madison  WI ,129,129,63108,7,14,3238,0,0,0,9,229,50873,98,98,52138,1,2,450,0,0,0,6,151,38901
202210,359,31860,C,Mankato  MN ,53,53,13964,1,2,675,1,3,798,1,14,1477,43,43,10925,0,0,0,0,0,0,0,0,0
202210,360,31900,C,Mansfield  OH ,8,8,2604,0,0,0,0,0,0,0,0,0,6,6,1870,0,0,0,0,0,0,0,0,0
202210,365,32580,C,McAllen-Edinburg-Mission  TX ,279,279,76186,7,14,975,36,143,17909,5,47,4287,239,239,70971,2,4,120,35,140,17769,5,47,4287
202210,366,24420,C,Grants Pass  OR ,17,17,3524,0,0,0,0,0,0,0,0,0,17,17,3524,0,0,0,0,0,0,0,0,0
202210,366,32780,C,Medford  OR ,171,171,28802,1,2,416,0,0,0,3,17,2162,169,169,28373,1,2,416,0,0,0,2,12,1490
202210,368,32820,C,Memphis  TN-MS-AR ,214,214,57849,0,0,0,0,0,0,0,0,0,154,154,47148,0,0,0,0,0,0,0,0,0
202210,370,33100,C,Miami-Fort Lauderdale-Pompano Beach  FL ,440,440,183675,10,20,6145,6,18,2203,44,760,157947,375,375,154449,9,18,6098,5,15,1817,27,559,112277
202210,370,38940,C,Port St. Lucie  FL ,308,308,88711,17,34,4507,0,0,0,1,11,1581,289,289,84325,17,34,4507,0,0,0,0,0,0
202210,370,42680,C,Sebastian-Vero Beach  FL ,92,92,40836,2,4,700,0,0,0,0,0,0,21,21,12144,2,4,700,0,0,0,0,0,0
202210,372,33260,C,Midland  TX ,52,52,11594,0,0,0,0,0,0,0,0,0,52,52,11594,0,0,0,0,0,0,0,0,0
202210,372,36220,C,Odessa  TX ,80,80,19046,1,2,224,0,0,0,1,5,599,0,0,0,0,0,0,0,0,0,0,0,0
202210,376,33340,C,Milwaukee-Waukesha  WI ,125,125,56491,13,26,6998,0,0,0,7,49,7845,91,91,40087,12,24,6758,0,0,0,4,24,4797
202210,376,39540,C,Racine  WI ,10,10,3010,0,0,0,0,0,0,0,0,0,9,9,2725,0,0,0,0,0,0,0,0,0
202210,378,33460,C,Minneapolis-St. Paul-Bloomington  MN-WI ,716,716,251034,12,24,3549,4,13,2939,24,1356,227751,641,641,226480,11,22,3149,3,10,2297,13,1051,180611
202210,378,41060,C,St. Cloud  MN ,41,41,11674,0,0,0,0,0,0,0,0,0,24,24,7416,0,0,0,0,0,0,0,0,0
202210,380,19300,C,Daphne-Fairhope-Foley  AL ,284,284,82242,2,4,200,0,0,0,1,13,1032,208,208,66088,2,4,200,0,0,0,0,0,0
202210,380,33660,C,Mobile  AL ,67,67,15954,0,0,0,0,0,0,0,0,0,64,64,15497,0,0,0,0,0,0,0,0,0
202210,384,33740,C,Monroe  LA ,29,29,6984,1,2,74,3,10,1476,2,14,1682,7,7,1930,0,0,0,1,4,533,0,0,0
202210,388,33860,C,Montgomery  AL ,33,33,8592,1,2,121,0,0,0,0,0,0,17,17,5840,0,0,0,0,0,0,0,0,0
202210,390,34060,C,Morgantown  WV ,1,1,137,0,0,0,0,0,0,0,0,0,0,0,0,0,0,0,0,0,0,0,0,0
202210,396,34820,C,Myrtle Beach-Conway-North Myrtle Beach  SC-NC ,965,965,190439,1,2,570,0,0,0,3,36,2400,720,720,123503,1,2,570,0,0,0,0,0,0
202210,400,34980,C,Nashville-Davidson--Murfreesboro--Franklin  TN ,843,843,289500,0,0,0,2,6,346,7,55,5399,657,657,246932,0,0,0,2,6,346,0,0,0
202210,404,35100,C,New Bern  NC ,37,37,12659,1,2,200,0,0,0,0,0,0,20,20,7565,1,2,200,0,0,0,0,0,0
202210,406,25220,C,Hammond  LA ,55,55,10132,0,0,0,0,0,0,1,61,6041,0,0,0,0,0,0,0,0,0,0,0,0
202210,406,35380,C,New Orleans-Metairie  LA ,204,204,63793,14,28,3099,0,0,0,2,62,11183,138,138,47549,1,2,175,0,0,0,0,0,0
202210,408,14860,C,Bridgeport-Stamford-Norwalk  CT ,44,44,30141,1,2,185,0,0,0,7,152,26306,32,32,18768,1,2,185,0,0,0,5,142,23769
202210,408,20700,C,East Stroudsburg  PA ,15,15,4596,0,0,0,0,0,0,0,0,0,4,4,1532,0,0,0,0,0,0,0,0,0
202210,408,28740,C,Kingston  NY ,23,23,9581,0,0,0,0,0,0,0,0,0,17,17,7750,0,0,0,0,0,0,0,0,0
202210,408,35300,C,New Haven-Milford  CT ,27,27,6024,4,8,1291,0,0,0,3,69,9135,7,7,2731,3,6,697,0,0,0,2,63,8750
202210,408,35620,C,New York-Newark-Jersey City  NY-NJ-PA ,912,912,266632,46,92,11813,12,38,4476,89,1676,193249,645,645,194717,36,72,9520,6,20,2225,36,1174,135947
202210,408,39100,C,Poughkeepsie-Newburgh-Middletown  NY ,73,73,23455,0,0,0,1,3,600,8,95,16858,30,30,8470,0,0,0,1,3,600,7,90,16140
202210,408,45940,C,Trenton-Princeton  NJ ,6,6,869,0,0,0,0,0,0,3,34,3619,1,1,0,0,0,0,0,0,0,1,24,3021
202210,412,35840,C,North Port-Sarasota-Bradenton  FL ,692,692,245684,5,10,2321,1,4,4790,11,554,98450,651,651,234176,1,2,563,1,4,4790,11,554,98450
202210,412,39460,C,Punta Gorda  FL ,312,312,92718,15,30,4857,0,0,0,1,33,4850,303,303,88772,13,26,4075,0,0,0,0,0,0
202210,416,36420,C,Oklahoma City  OK ,335,335,99734,4,8,853,0,0,0,2,17,2500,292,292,91911,2,4,570,0,0,0,2,17,2500
202210,420,36540,C,Omaha-Council Bluffs  NE-IA ,197,197,37481,42,84,5052,1,4,1025,18,396,36207,168,168,30110,40,80,4489,1,4,1025,17,391,35523
202210,422,19660,C,Deltona-Daytona Beach-Ormond Beach  FL ,407,407,134706,12,24,4450,0,0,0,2,47,5215,349,349,116831,12,24,4450,0,0,0,0,0,0
202210,422,29460,C,Lakeland-Winter Haven  FL ,566,566,164189,0,0,0,0,0,0,0,0,0,497,497,147551,0,0,0,0,0,0,0,0,0
202210,422,36740,C,Orlando-Kissimmee-Sanford  FL ,993,993,300292,12,24,4657,4,16,3286,16,940,129279,847,847,257139,12,24,4657,4,16,3286,12,868,124337
202210,422,45540,C,The Villages  FL ,236,236,62913,0,0,0,0,0,0,4,66,14772,0,0,0,0,0,0,0,0,0,0,0,0
202210,425,37620,C,Parkersburg-Vienna  WV ,4,4,611,0,0,0,0,0,0,0,0,0,3,3,459,0,0,0,0,0,0,0,0,0
202210,426,37860,C,Pensacola-Ferry Pass-Brent  FL ,218,218,55856,0,0,0,0,0,0,0,0,0,218,218,55856,0,0,0,0,0,0,0,0,0
202210,428,12100,C,Atlantic City-Hammonton  NJ ,25,25,5547,0,0,0,0,0,0,2,11,830,20,20,4232,0,0,0,0,0,0,0,0,0
202210,428,20100,C,Dover  DE ,54,54,9825,0,0,0,0,0,0,0,0,0,53,53,9609,0,0,0,0,0,0,0,0,0
202210,428,36140,C,Ocean City  NJ ,50,50,22766,5,10,2848,3,9,2475,0,0,0,48,48,22154,5,10,2848,3,9,2475,0,0,0
202210,428,37980,C,Philadelphia-Camden-Wilmington  PA-NJ-DE-MD ,463,463,100950,10,20,3620,13,43,5719,27,275,42348,240,240,59740,9,18,3170,12,40,5269,16,205,35187
202210,428,39740,C,Reading  PA ,18,18,4746,0,0,0,0,0,0,0,0,0,8,8,1797,0,0,0,0,0,0,0,0,0
202210,428,47220,C,Vineland-Bridgeton  NJ ,7,7,1244,0,0,0,0,0,0,0,0,0,7,7,1244,0,0,0,0,0,0,0,0,0
202210,429,38060,C,Phoenix-Mesa-Chandler  AZ ,1149,1149,332586,67,134,22623,2,8,1402,67,1584,287630,1020,1020,295488,66,132,22363,2,8,1402,65,1459,267020
202210,430,38300,C,Pittsburgh  PA ,235,235,69925,1,2,284,1,3,63,3,35,4443,123,123,42375,0,0,0,0,0,0,0,0,0
202210,430,48260,C,Weirton-Steubenville  WV-OH ,4,4,960,0,0,0,0,0,0,0,0,0,2,2,525,0,0,0,0,0,0,0,0,0
202210,438,30340,C,Lewiston-Auburn  ME ,17,17,2713,0,0,0,0,0,0,0,0,0,9,9,775,0,0,0,0,0,0,0,0,0
202210,438,38860,C,Portland-South Portland  ME ,162,162,54118,3,6,1121,2,6,500,2,36,6891,52,52,22991,1,2,350,1,3,250,1,31,6500
202210,440,10540,C,Albany-Lebanon  OR ,18,18,5190,4,8,2188,0,0,0,1,5,683,9,9,3021,4,8,2188,0,0,0,0,0,0
202210,440,18700,C,Corvallis  OR ,6,6,1853,0,0,0,0,0,0,0,0,0,2,2,625,0,0,0,0,0,0,0,0,0
202210,440,31020,C,Longview  WA ,17,17,4434,0,0,0,0,0,0,0,0,0,17,17,4434,0,0,0,0,0,0,0,0,0
202210,440,38900,C,Portland-Vancouver-Hillsboro  OR-WA ,356,356,120775,3,6,1804,0,0,0,21,469,68583,268,268,93552,2,4,1385,0,0,0,15,399,60338
202210,440,41420,C,Salem  OR ,45,45,13943,0,0,0,0,0,0,2,28,2931,15,15,5723,0,0,0,0,0,0,0,0,0
202210,444,39380,C,Pueblo  CO ,34,34,5502,0,0,0,0,0,0,0,0,0,0,0,0,0,0,0,0,0,0,0,0,0
202210,450,20500,C,Durham-Chapel Hill  NC ,215,215,82636,1,2,273,1,3,707,5,190,26991,86,86,45503,0,0,0,0,0,0,0,0,0
202210,450,39580,C,Raleigh-Cary  NC ,728,728,195104,2,4,678,0,0,0,15,832,131680,607,607,161024,0,0,0,0,0,0,5,237,42212
202210,452,39660,C,Rapid City  SD ,40,40,11039,0,0,0,0,0,0,1,6,683,39,39,10772,0,0,0,0,0,0,1,6,683
202210,454,39820,C,Redding  CA ,15,15,4940,0,0,0,0,0,0,1,5,563,2,2,680,0,0,0,0,0,0,0,0,0
202210,456,16180,C,Carson City  NV ,10,10,2642,0,0,0,1,3,382,1,7,699,0,0,0,0,0,0,0,0,0,0,0,0
202210,456,39900,C,Reno  NV ,140,140,36911,14,28,4047,1,4,528,11,197,25313,42,42,9181,12,24,3629,0,0,0,2,24,3296
202210,462,40340,C,Rochester  MN ,45,45,14562,1,2,326,0,0,0,0,0,0,30,30,10667,0,0,0,0,0,0,0,0,0
202210,464,40380,C,Rochester  NY ,82,82,29761,6,12,2360,2,7,440,4,76,11511,50,50,20235,6,12,2360,1,4,200,3,71,11002
202210,466,40420,C,Rockford  IL ,15,15,3083,3,6,1125,0,0,0,0,0,0,14,14,2983,3,6,1125,0,0,0,0,0,0
202210,468,40580,C,Rocky Mount  NC ,31,31,4424,0,0,0,0,0,0,0,0,0,1,1,100,0,0,0,0,0,0,0,0,0
202210,472,40900,C,Sacramento-Roseville-Folsom  CA ,533,533,154869,11,22,3072,0,0,0,0,0,0,516,516,149908,10,20,2708,0,0,0,0,0,0
202210,472,49700,C,Yuba City  CA ,30,30,7035,1,2,193,0,0,0,1,5,578,26,26,5816,1,2,193,0,0,0,0,0,0
202210,474,13020,C,Bay City  MI ,7,7,2346,0,0,0,0,0,0,0,0,0,2,2,839,0,0,0,0,0,0,0,0,0
202210,474,33220,C,Midland  MI ,8,8,1776,1,2,211,0,0,0,0,0,0,6,6,1206,1,2,211,0,0,0,0,0,0
202210,474,40980,C,Saginaw  MI ,3,3,620,1,2,138,0,0,0,1,20,4077,1,1,250,1,2,138,0,0,0,1,20,4077
202210,476,41180,C,St. Louis  MO-IL ,315,315,117821,12,24,3016,1,4,231,13,372,61278,236,236,89910,10,20,2348,1,4,231,10,356,59002
202210,480,41540,C,Salisbury  MD-DE ,399,399,67720,3,6,1165,0,0,0,5,115,6660,396,396,67351,3,6,1165,0,0,0,5,115,6660
202210,482,36260,C,Ogden-Clearfield  UT ,160,160,49916,0,0,0,2,8,1781,2,32,4018,130,130,40896,0,0,0,1,4,1026,0,0,0
202210,482,39340,C,Provo-Orem  UT ,170,170,78459,11,22,4039,6,23,3680,11,91,16547,162,162,74213,10,20,3369,6,23,3680,11,91,16547
202210,482,41620,C,Salt Lake City  UT ,211,211,102401,2,4,545,2,6,1096,8,413,63748,169,169,89847,0,0,0,0,0,0,2,113,21854
202210,484,41700,C,San Antonio-New Braunfels  TX ,629,629,157902,18,36,4659,0,0,0,22,1049,148326,573,573,145636,18,36,4659,0,0,0,22,1049,148326
202210,488,32900,C,Merced  CA ,88,88,26343,0,0,0,0,0,0,0,0,0,74,74,21144,0,0,0,0,0,0,0,0,0
202210,488,33700,C,Modesto  CA ,73,73,9552,0,0,0,0,0,0,0,0,0,64,64,7723,0,0,0,0,0,0,0,0,0
202210,488,34900,C,Napa  CA ,9,9,3519,0,0,0,0,0,0,1,61,10549,2,2,1355,0,0,0,0,0,0,0,0,0
202210,488,41860,C,San Francisco-Oakland-Berkeley  CA ,220,220,95240,2,4,1230,3,11,2262,17,474,92991,148,148,70521,0,0,0,3,11,2262,5,366,67288
202210,488,41940,C,San Jose-Sunnyvale-Santa Clara  CA ,113,113,44476,0,0,0,1,4,1771,4,79,39321,82,82,35543,0,0,0,1,4,1771,3,70,37164
202210,488,42100,C,Santa Cruz-Watsonville  CA ,47,47,10721,1,2,950,0,0,0,1,5,386,44,44,10404,1,2,950,0,0,0,0,0,0
202210,488,42220,C,Santa Rosa-Petaluma  CA ,58,58,16838,0,0,0,0,0,0,4,158,30590,45,45,13642,0,0,0,0,0,0,1,129,17165
202210,488,44700,C,Stockton  CA ,171,171,66323,0,0,0,0,0,0,2,41,6397,87,87,41236,0,0,0,0,0,0,0,0,0
202210,488,46700,C,Vallejo  CA ,35,35,7449,0,0,0,0,0,0,0,0,0,35,35,7449,0,0,0,0,0,0,0,0,0
202210,496,25980,C,Hinesville  GA ,59,59,14485,0,0,0,0,0,0,0,0,0,39,39,9700,0,0,0,0,0,0,0,0,0
202210,496,42340,C,Savannah  GA ,132,132,37373,2,4,372,1,4,372,2,19,1200,100,100,30098,2,4,372,1,4,372,1,5,465
202210,500,14740,C,Bremerton-Silverdale-Port Orchard  WA ,37,37,13426,1,2,354,0,0,0,0,0,0,37,37,13426,1,2,354,0,0,0,0,0,0
202210,500,34580,C,Mount Vernon-Anacortes  WA ,14,14,4928,1,2,392,7,28,3067,1,18,1680,14,14,4928,1,2,392,7,28,3067,0,0,0
202210,500,36500,C,Olympia-Lacey-Tumwater  WA ,29,29,6986,0,0,0,0,0,0,1,5,213,22,22,5423,0,0,0,0,0,0,0,0,0
202210,500,42660,C,Seattle-Tacoma-Bellevue  WA ,427,427,174828,33,66,16425,12,38,16786,25,1163,183054,372,372,150468,33,66,16425,12,38,16786,20,1023,161247
202210,508,43340,C,Shreveport-Bossier City  LA ,76,76,20895,0,0,0,0,0,0,0,0,0,35,35,11700,0,0,0,0,0,0,0,0,0
202210,515,21140,C,Elkhart-Goshen  IN ,38,38,13817,0,0,0,0,0,0,0,0,0,37,37,13530,0,0,0,0,0,0,0,0,0
202210,515,35660,C,Niles  MI ,26,26,8861,0,0,0,0,0,0,0,0,0,16,16,4390,0,0,0,0,0,0,0,0,0
202210,515,43780,C,South Bend-Mishawaka  IN-MI ,46,46,16730,0,0,0,0,0,0,0,0,0,43,43,15653,0,0,0,0,0,0,0,0,0
202210,518,17660,C,Coeur dAlene  ID ,79,79,35271,2,4,1103,0,0,0,3,43,4822,41,41,26945,2,4,1103,0,0,0,0,0,0
202210,518,44060,C,Spokane-Spokane Valley  WA ,89,89,24448,13,26,5441,0,0,0,5,58,8381,34,34,9582,12,24,5134,0,0,0,1,24,4506
202210,522,44100,C,Springfield  IL ,15,15,6800,2,4,1000,0,0,0,0,0,0,13,13,6200,2,4,1000,0,0,0,0,0,0
202210,524,44300,C,State College  PA ,17,17,4384,0,0,0,0,0,0,0,0,0,12,12,3183,0,0,0,0,0,0,0,0,0
202210,532,45060,C,Syracuse  NY ,36,36,8945,0,0,0,0,0,0,0,0,0,22,22,5923,0,0,0,0,0,0,0,0,0
202210,534,45780,C,Toledo  OH ,57,57,19460,1,2,270,1,4,540,3,312,21299,55,55,18911,0,0,0,1,4,540,3,312,21299
202210,536,46060,C,Tucson  AZ ,276,276,93370,4,8,886,0,0,0,4,65,9755,182,182,66994,2,4,410,0,0,0,0,0,0
202210,538,46140,C,Tulsa  OK ,256,256,65831,1,2,500,1,4,435,4,101,10878,238,238,62429,1,2,500,1,4,435,3,88,9878
202210,540,46340,C,Tyler  TX ,30,30,7576,0,0,0,0,0,0,1,5,623,16,16,4100,0,0,0,0,0,0,0,0,0
202210,544,47020,C,Victoria  TX ,11,11,2122,0,0,0,0,0,0,0,0,0,8,8,2050,0,0,0,0,0,0,0,0,0
202210,545,47260,C,Virginia Beach-Norfolk-Newport News  VA-NC ,249,249,66065,0,0,0,0,0,0,0,0,0,243,243,65113,0,0,0,0,0,0,0,0,0
202210,548,12580,C,Baltimore-Columbia-Towson  MD ,233,233,58305,1,2,525,0,0,0,5,206,42950,111,111,28479,0,0,0,0,0,0,1,14,3200
202210,548,15680,C,California-Lexington Park  MD ,27,27,10540,0,0,0,0,0,0,0,0,0,27,27,10540,0,0,0,0,0,0,0,0,0
202210,548,16540,C,Chambersburg-Waynesboro  PA ,19,19,5399,0,0,0,1,4,800,0,0,0,17,17,4952,0,0,0,1,4,800,0,0,0
202210,548,25180,C,Hagerstown-Martinsburg  MD-WV ,92,92,22027,0,0,0,0,0,0,0,0,0,87,87,21035,0,0,0,0,0,0,0,0,0
202210,548,47900,C,Washington-Arlington-Alexandria  DC-VA-MD-WV ,773,773,212449,3,6,541,0,0,0,26,1350,177357,603,603,167357,3,6,541,0,0,0,15,794,105231
202210,548,49020,C,Winchester  VA-WV ,52,52,11104,0,0,0,0,0,0,0,0,0,52,52,11104,0,0,0,0,0,0,0,0,0
202210,554,48140,C,Wausau-Weston  WI ,19,19,6227,1,2,336,0,0,0,1,16,938,17,17,5581,1,2,336,0,0,0,1,16,938
202210,556,48620,C,Wichita  KS ,109,109,43734,29,58,8410,0,0,0,2,42,11727,87,87,32891,24,48,7520,0,0,0,2,42,11727
202210,558,48700,C,Williamsport  PA ,3,3,1483,0,0,0,0,0,0,0,0,0,1,1,835,0,0,0,0,0,0,0,0,0
202210,566,49660,C,Youngstown-Warren-Boardman  OH-PA ,20,20,4737,0,0,0,0,0,0,0,0,0,15,15,3481,0,0,0,0,0,0,0,0,0
202210,999,10180,C,Abilene  TX ,36,36,9116,5,10,1127,0,0,0,0,0,0,36,36,9116,5,10,1127,0,0,0,0,0,0
202210,999,10500,C,Albany  GA ,8,8,1381,0,0,0,0,0,0,0,0,0,6,6,835,0,0,0,0,0,0,0,0,0
202210,999,10780,C,Alexandria  LA ,14,14,5040,4,8,560,0,0,0,0,0,0,9,9,3723,4,8,560,0,0,0,0,0,0
202210,999,10900,C,Allentown-Bethlehem-Easton  PA-NJ ,82,82,19027,1,2,460,0,0,0,3,255,22378,58,58,14131,1,2,460,0,0,0,2,246,22275
202210,999,11260,C,Anchorage  AK ,44,44,14083,1,2,370,2,7,1099,1,17,2578,5,5,1685,1,2,370,1,4,582,0,0,0
202210,999,11500,C,Anniston-Oxford  AL ,5,5,1375,1,2,125,0,0,0,0,0,0,4,4,1146,1,2,125,0,0,0,0,0,0
202210,999,12260,C,Augusta-Richmond County  GA-SC ,284,284,52465,0,0,0,2,7,746,1,66,9676,127,127,18620,0,0,0,0,0,0,1,66,9676
202210,999,12420,C,Austin-Round Rock-Georgetown  TX ,1380,1380,567631,8,16,1876,0,0,0,29,1816,186277,1032,1032,486691,6,12,1483,0,0,0,28,1803,184947
202210,999,12540,C,Bakersfield  CA ,90,90,20386,0,0,0,0,0,0,1,5,154,32,32,6080,0,0,0,0,0,0,0,0,0
202210,999,12620,C,Bangor  ME ,26,26,6494,1,2,393,0,0,0,0,0,0,12,12,3668,1,2,393,0,0,0,0,0,0
202210,999,12940,C,Baton Rouge  LA ,260,260,59659,0,0,0,0,0,0,0,0,0,38,38,8362,0,0,0,0,0,0,0,0,0
202210,999,13140,C,Beaumont-Port Arthur  TX ,99,99,25544,0,0,0,0,0,0,0,0,0,88,88,23395,0,0,0,0,0,0,0,0,0
202210,999,13220,C,Beckley  WV ,14,14,1419,0,0,0,0,0,0,0,0,0,13,13,1334,0,0,0,0,0,0,0,0,0
202210,999,13380,C,Bellingham  WA ,55,55,16469,0,0,0,0,0,0,3,20,3041,40,40,12176,0,0,0,0,0,0,3,20,3041
202210,999,13740,C,Billings  MT ,134,134,12100,9,18,2660,0,0,0,0,0,0,134,134,12100,9,18,2660,0,0,0,0,0,0
202210,999,13780,C,Binghamton  NY ,12,12,2266,0,0,0,0,0,0,2,14,1144,0,0,0,0,0,0,0,0,0,0,0,0
202210,999,13900,C,Bismarck  ND ,26,26,8896,19,38,9592,5,18,3179,0,0,0,21,21,7372,19,38,9592,5,18,3179,0,0,0
202210,999,13980,C,Blacksburg-Christiansburg  VA ,33,33,10234,7,14,2891,0,0,0,0,0,0,33,33,10234,7,14,2891,0,0,0,0,0,0
202210,999,15260,C,Brunswick  GA ,59,59,37073,0,0,0,0,0,0,10,264,42400,55,55,36203,0,0,0,0,0,0,10,264,42400
202210,999,16060,C,Carbondale-Marion  IL ,5,5,1082,0,0,0,4,16,925,0,0,0,3,3,806,0,0,0,4,16,925,0,0,0
202210,999,16220,C,Casper  WY ,7,7,2339,0,0,0,0,0,0,0,0,0,5,5,1800,0,0,0,0,0,0,0,0,0
202210,999,16580,C,Champaign-Urbana  IL ,25,25,8014,0,0,0,0,0,0,3,67,8232,25,25,8014,0,0,0,0,0,0,3,67,8232
202210,999,16700,C,Charleston-North Charleston  SC ,530,530,177186,0,0,0,1,4,1003,11,156,17951,314,314,112249,0,0,0,1,4,1003,5,27,6842
202210,999,16820,C,Charlottesville  VA ,62,62,21225,1,2,346,0,0,0,5,45,6597,21,21,5594,0,0,0,0,0,0,0,0,0
202210,999,16940,C,Cheyenne  WY ,17,17,5170,0,0,0,0,0,0,4,416,19821,17,17,5170,0,0,0,0,0,0,4,416,19821
202210,999,17020,C,Chico  CA ,56,56,11431,1,2,274,0,0,0,0,0,0,43,43,8848,1,2,274,0,0,0,0,0,0
202210,999,17300,C,Clarksville  TN-KY ,53,53,11768,1,2,300,5,20,2000,3,96,9500,51,51,11625,1,2,300,5,20,2000,3,96,9500
202210,999,17780,C,College Station-Bryan  TX ,84,84,21834,2,4,551,0,0,0,3,18,1000,84,84,21834,2,4,551,0,0,0,3,18,1000
202210,999,17820,C,Colorado Springs  CO ,171,171,70074,0,0,0,0,0,0,7,132,18413,166,166,68649,0,0,0,0,0,0,7,132,18413
202210,999,18880,C,Crestview-Fort Walton Beach-Destin  FL ,156,156,108632,13,26,5214,0,0,0,2,60,6400,156,156,108632,13,26,5214,0,0,0,2,60,6400
202210,999,19060,C,Cumberland  MD-WV ,6,6,2100,0,0,0,0,0,0,0,0,0,5,5,1915,0,0,0,0,0,0,0,0,0
202210,999,19180,C,Danville  IL ,0,0,0,0,0,0,0,0,0,0,0,0,0,0,0,0,0,0,0,0,0,0,0,0
202210,999,19500,C,Decatur  IL ,0,0,0,0,0,0,0,0,0,0,0,0,0,0,0,0,0,0,0,0,0,0,0,0
202210,999,20220,C,Dubuque  IA ,13,13,6019,0,0,0,0,0,0,1,19,498,9,9,4350,0,0,0,0,0,0,0,0,0
202210,999,20260,C,Duluth  MN-WI ,63,63,15537,1,2,250,0,0,0,1,40,10000,55,55,13252,1,2,250,0,0,0,1,40,10000
202210,999,20940,C,El Centro  CA ,22,22,3016,0,0,0,1,3,322,2,10,1164,6,6,255,0,0,0,0,0,0,0,0,0
202210,999,21420,C,Enid  OK ,0,0,0,0,0,0,0,0,0,0,0,0,0,0,0,0,0,0,0,0,0,0,0,0
202210,999,21660,C,Eugene-Springfield  OR ,54,54,15853,1,2,69,0,0,0,7,128,13656,31,31,9768,1,2,69,0,0,0,7,128,13656
202210,999,21780,C,Evansville  IN-KY ,88,88,29637,14,28,2908,0,0,0,1,5,350,67,67,23828,12,24,2371,0,0,0,0,0,0
202210,999,21820,C,Fairbanks  AK ,1,1,295,0,0,0,0,0,0,0,0,0,0,0,0,0,0,0,0,0,0,0,0,0
202210,999,22140,C,Farmington  NM ,13,13,3199,0,0,0,0,0,0,0,0,0,13,13,3199,0,0,0,0,0,0,0,0,0
202210,999,22220,C,Fayetteville-Springdale-Rogers  AR-MO ,416,416,122020,3,6,801,1,3,389,4,40,3105,355,355,108671,2,4,336,1,3,389,0,0,0
202210,999,22380,C,Flagstaff  AZ ,19,19,7865,1,2,500,0,0,0,5,201,51938,19,19,7865,1,2,500,0,0,0,5,201,51938
202210,999,22500,C,Florence  SC ,37,37,7073,0,0,0,0,0,0,0,0,0,35,35,6783,0,0,0,0,0,0,0,0,0
202210,999,22520,C,Florence-Muscle Shoals  AL ,11,11,1280,0,0,0,0,0,0,0,0,0,8,8,956,0,0,0,0,0,0,0,0,0
202210,999,22540,C,Fond du Lac  WI ,12,12,3700,0,0,0,1,3,596,1,9,714,0,0,0,0,0,0,0,0,0,0,0,0
202210,999,22660,C,Fort Collins  CO ,70,70,23934,1,2,370,0,0,0,2,35,5115,45,45,15977,1,2,370,0,0,0,0,0,0
202210,999,22900,C,Fort Smith  AR-OK ,37,37,8029,22,44,8629,1,3,255,0,0,0,31,31,7169,21,42,8483,0,0,0,0,0,0
202210,999,23460,C,Gadsden  AL ,11,11,2260,0,0,0,0,0,0,0,0,0,6,6,1691,0,0,0,0,0,0,0,0,0
202210,999,24140,C,Goldsboro  NC ,22,22,5444,1,2,251,0,0,0,0,0,0,19,19,4767,1,2,251,0,0,0,0,0,0
202210,999,24220,C,Grand Forks  ND-MN ,10,10,3139,0,0,0,0,0,0,0,0,0,10,10,3139,0,0,0,0,0,0,0,0,0
202210,999,24260,C,Grand Island  NE ,16,16,4324,0,0,0,0,0,0,0,0,0,12,12,3172,0,0,0,0,0,0,0,0,0
202210,999,24300,C,Grand Junction  CO ,41,41,5704,0,0,0,0,0,0,1,5,155,41,41,5704,0,0,0,0,0,0,1,5,155
202210,999,24500,C,Great Falls  MT ,14,14,3973,0,0,0,0,0,0,0,0,0,14,14,3973,0,0,0,0,0,0,0,0,0
202210,999,25060,C,Gulfport-Biloxi  MS ,265,265,37513,1,2,245,2,8,851,2,11,931,185,185,24366,0,0,0,1,4,450,0,0,0
202210,999,25860,C,Hickory-Lenoir-Morganton  NC ,126,126,34547,2,4,500,0,0,0,6,78,9486,105,105,30344,2,4,500,0,0,0,3,60,8500
202210,999,25940,C,Hilton Head Island-Bluffton  SC ,136,136,65750,0,0,0,0,0,0,1,31,4035,45,45,37004,0,0,0,0,0,0,0,0,0
202210,999,26140,C,Homosassa Springs  FL ,114,114,25001,1,2,186,0,0,0,0,0,0,0,0,0,0,0,0,0,0,0,0,0,0
202210,999,26380,C,Houma-Thibodaux  LA ,39,39,8789,2,4,334,1,3,262,0,0,0,28,28,6037,1,2,178,0,0,0,0,0,0
202210,999,27100,C,Jackson  MI ,10,10,3096,0,0,0,0,0,0,0,0,0,2,2,663,0,0,0,0,0,0,0,0,0
202210,999,27340,C,Jacksonville  NC ,80,80,21968,3,6,380,0,0,0,3,72,6280,80,80,21968,3,6,380,0,0,0,3,72,6280
202210,999,27620,C,Jefferson City  MO ,12,12,2620,0,0,0,0,0,0,0,0,0,8,8,1630,0,0,0,0,0,0,0,0,0
202210,999,27980,C,Kahului-Wailuku-Lahaina  HI ,16,16,7221,0,0,0,0,0,0,9,324,68141,16,16,7221,0,0,0,0,0,0,9,324,68141
202210,999,28660,C,Killeen-Temple  TX ,143,143,36205,28,56,6176,0,0,0,1,180,35131,123,123,31813,25,50,5586,0,0,0,1,180,35131
202210,999,29100,C,La Crosse-Onalaska  WI-MN ,22,22,8989,6,12,2780,0,0,0,1,17,2172,14,14,6405,2,4,1080,0,0,0,0,0,0
202210,999,29420,C,Lake Havasu City-Kingman  AZ ,96,96,29328,2,4,320,0,0,0,0,0,0,95,95,29231,2,4,320,0,0,0,0,0,0
202210,999,29540,C,Lancaster  PA ,50,50,15062,0,0,0,0,0,0,0,0,0,40,40,12717,0,0,0,0,0,0,0,0,0
202210,999,29620,C,Lansing-East Lansing  MI ,40,40,11435,1,2,279,5,20,1527,9,89,8067,18,18,5582,0,0,0,5,20,1527,8,50,3739
202210,999,29700,C,Laredo  TX ,86,86,13813,2,4,353,1,3,381,2,16,1040,0,0,0,0,0,0,0,0,0,0,0,0
202210,999,30020,C,Lawton  OK ,8,8,1359,0,0,0,0,0,0,0,0,0,0,0,0,0,0,0,0,0,0,0,0,0
202210,999,30300,C,Lewiston  ID-WA ,6,6,2820,1,2,488,0,0,0,0,0,0,4,4,1261,1,2,488,0,0,0,0,0,0
202210,999,30860,C,Logan  UT-ID ,52,52,15113,0,0,0,1,4,1013,2,63,7933,44,44,13048,0,0,0,1,4,1013,2,63,7933
202210,999,30980,C,Longview  TX ,21,21,4468,1,2,200,0,0,0,1,7,766,15,15,3129,0,0,0,0,0,0,0,0,0
202210,999,31340,C,Lynchburg  VA ,35,35,6129,0,0,0,1,3,603,1,11,285,33,33,5722,0,0,0,0,0,0,0,0,0
202210,999,31740,C,Manhattan  KS ,16,16,5282,0,0,0,0,0,0,0,0,0,7,7,2356,0,0,0,0,0,0,0,0,0
202210,999,33540,C,Missoula  MT ,36,36,10949,2,4,487,1,4,566,2,80,6503,36,36,10949,2,4,487,1,4,566,2,80,6503
202210,999,36100,C,Ocala  FL ,476,476,119777,0,0,0,0,0,0,0,0,0,476,476,119777,0,0,0,0,0,0,0,0,0
202210,999,36980,C,Owensboro  KY ,13,13,1345,0,0,0,0,0,0,0,0,0,13,13,1345,0,0,0,0,0,0,0,0,0
202210,999,37340,C,Palm Bay-Melbourne-Titusville  FL ,342,342,123082,0,0,0,0,0,0,8,240,33862,327,327,119858,0,0,0,0,0,0,8,240,33862
202210,999,37460,C,Panama City  FL ,255,255,80967,0,0,0,0,0,0,1,5,2122,237,237,75624,0,0,0,0,0,0,0,0,0
202210,999,37900,C,Peoria  IL ,13,13,3294,0,0,0,0,0,0,0,0,0,4,4,845,0,0,0,0,0,0,0,0,0
202210,999,38340,C,Pittsfield  MA ,8,8,6730,0,0,0,0,0,0,0,0,0,4,4,5477,0,0,0,0,0,0,0,0,0
202210,999,38540,C,Pocatello  ID ,19,19,5804,5,10,1099,4,15,1511,1,49,5932,12,12,4591,4,8,719,3,12,1200,1,49,5932
202210,999,39150,C,Prescott Valley-Prescott  AZ ,119,119,43734,0,0,0,0,0,0,0,0,0,114,114,42016,0,0,0,0,0,0,0,0,0
202210,999,40060,C,Richmond  VA ,277,277,78003,0,0,0,0,0,0,8,742,76682,268,268,76572,0,0,0,0,0,0,7,732,75716
202210,999,40220,C,Roanoke  VA ,27,27,8008,0,0,0,0,0,0,1,37,4521,11,11,3407,0,0,0,0,0,0,0,0,0
202210,999,41100,C,St. George  UT ,149,149,30031,0,0,0,1,4,800,3,21,3360,124,124,25963,0,0,0,1,4,800,3,21,3360
202210,999,41500,C,Salinas  CA ,32,32,8530,0,0,0,0,0,0,1,6,980,28,28,7567,0,0,0,0,0,0,0,0,0
202210,999,41660,C,San Angelo  TX ,19,19,4811,0,0,0,0,0,0,0,0,0,19,19,4811,0,0,0,0,0,0,0,0,0
202210,999,41740,C,San Diego-Chula Vista-Carlsbad  CA ,189,189,53380,3,6,959,6,22,5672,14,204,34068,185,185,52153,3,6,959,6,22,5672,13,199,33511
202210,999,42020,C,San Luis Obispo-Paso Robles  CA ,36,36,12498,2,4,513,2,6,606,1,6,584,34,34,11872,2,4,513,2,6,606,1,6,584
202210,999,42200,C,Santa Maria-Santa Barbara  CA ,31,31,3666,1,2,286,0,0,0,2,37,4379,16,16,2985,0,0,0,0,0,0,0,0,0
202210,999,42540,C,Scranton--Wilkes-Barre  PA ,35,35,9525,2,4,440,0,0,0,0,0,0,7,7,2368,2,4,440,0,0,0,0,0,0
202210,999,42700,C,Sebring-Avon Park  FL ,76,76,18801,4,8,1459,0,0,0,0,0,0,76,76,18801,4,8,1459,0,0,0,0,0,0
202210,999,43100,C,Sheboygan  WI ,7,7,2513,2,4,832,0,0,0,0,0,0,2,2,550,1,2,300,0,0,0,0,0,0
202210,999,43420,C,Sierra Vista-Douglas  AZ ,35,35,4118,0,0,0,0,0,0,0,0,0,33,33,3508,0,0,0,0,0,0,0,0,0
202210,999,43580,C,Sioux City  IA-NE-SD ,24,24,8664,0,0,0,1,4,0,5,60,3000,13,13,5449,0,0,0,0,0,0,5,60,3000
202210,999,43620,C,Sioux Falls  SD ,118,118,28595,4,8,1294,0,0,0,4,34,3278,111,111,26684,3,6,1044,0,0,0,3,29,2872
202210,999,44140,C,Springfield  MA ,29,29,7391,1,2,560,0,0,0,3,15,2177,7,7,2272,1,2,560,0,0,0,0,0,0
202210,999,44180,C,Springfield  MO ,149,149,43076,2,4,398,1,3,188,0,0,0,121,121,35224,1,2,120,0,0,0,0,0,0
202210,999,44940,C,Sumter  SC ,18,18,3236,0,0,0,0,0,0,0,0,0,13,13,2438,0,0,0,0,0,0,0,0,0
202210,999,45220,C,Tallahassee  FL ,101,101,22923,1,2,222,0,0,0,6,141,18043,37,37,9369,0,0,0,0,0,0,0,0,0
202210,999,45300,C,Tampa-St. Petersburg-Clearwater  FL ,1094,1094,313948,6,12,1639,46,164,7284,135,1500,112991,598,598,206353,5,10,1359,45,161,6607,132,1480,107573
202210,999,45460,C,Terre Haute  IN ,11,11,2871,2,4,705,0,0,0,1,5,471,5,5,1720,2,4,705,0,0,0,0,0,0
202210,999,45500,C,Texarkana  TX-AR ,9,9,2114,0,0,0,0,0,0,0,0,0,5,5,1213,0,0,0,0,0,0,0,0,0
202210,999,45820,C,Topeka  KS ,21,21,5464,0,0,0,0,0,0,0,0,0,19,19,4891,0,0,0,0,0,0,0,0,0
202210,999,46220,C,Tuscaloosa  AL ,42,42,9902,0,0,0,3,11,829,1,66,10934,14,14,2909,0,0,0,0,0,0,0,0,0
202210,999,46300,C,Twin Falls  ID ,23,23,6335,0,0,0,0,0,0,0,0,0,23,23,6335,0,0,0,0,0,0,0,0,0
202210,999,46520,C,Urban Honolulu  HI ,31,31,19607,6,12,5360,0,0,0,1,346,259828,31,31,19607,6,12,5360,0,0,0,1,346,259828
202210,999,46540,C,Utica-Rome  NY ,8,8,4998,0,0,0,0,0,0,2,12,1707,2,2,3500,0,0,0,0,0,0,0,0,0
202210,999,46660,C,Valdosta  GA ,80,80,15284,1,2,133,0,0,0,1,14,1375,36,36,7804,0,0,0,0,0,0,0,0,0
202210,999,47300,C,Visalia  CA ,94,94,27369,2,4,411,0,0,0,17,204,24796,94,94,27369,2,4,411,0,0,0,17,204,24796
202210,999,47380,C,Waco  TX ,35,35,6778,1,2,197,0,0,0,1,5,514,24,24,4777,0,0,0,0,0,0,0,0,0
202210,999,47940,C,Waterloo-Cedar Falls  IA ,15,15,6341,1,2,381,0,0,0,0,0,0,14,14,6068,1,2,381,0,0,0,0,0,0
202210,999,48060,C,Watertown-Fort Drum  NY ,10,10,2201,0,0,0,0,0,0,0,0,0,0,0,0,0,0,0,0,0,0,0,0,0
202210,999,48300,C,Wenatchee  WA ,34,34,9730,1,2,535,0,0,0,1,10,1682,17,17,6540,1,2,535,0,0,0,1,10,1682
202210,999,48540,C,Wheeling  WV-OH ,2,2,375,0,0,0,0,0,0,0,0,0,1,1,225,0,0,0,0,0,0,0,0,0
202210,999,48660,C,Wichita Falls  TX ,7,7,1854,0,0,0,0,0,0,0,0,0,0,0,0,0,0,0,0,0,0,0,0,0
202210,999,48900,C,Wilmington  NC ,219,219,53243,3,6,1261,0,0,0,5,171,22370,126,126,21729,0,0,0,0,0,0,0,0,0
202210,999,49420,C,Yakima  WA ,21,21,5074,1,2,237,2,6,898,0,0,0,21,21,5074,1,2,237,0,0,0,0,0,0
202210,999,49740,C,Yuma  AZ ,49,49,7762,1,2,211,0,0,0,0,0,0,49,49,7762,1,2,211,0,0,0,0,0,0
