Survey,CSA,CBSA,MONCOV,CBSA,,1-unit,,,2-units,,,3-4 units,,,5+ units,,,1-unit rep,,,2-units rep,,,3-4 units rep,,,5+ units rep
Date,Code,Code,,Name,Bldgs,Units,Value,Bldgs,Units,Value,Bldgs,Units,Value,Bldgs,Units,Value,Bldgs,Units,Value,Bldgs,Units,Value,      Bldgs,Units,Value,Bldgs,Units,Value
 
202207,104,10580,C,Albany-Schenectady-Troy  NY ,100,100,35191,1,2,250,2,7,763,5,40,5098,62,62,24119,1,2,250,0,0,0,2,20,3000
202207,104,24020,C,Glens Falls  NY ,31,31,9443,1,2,400,0,0,0,2,12,1700,22,22,7324,1,2,400,0,0,0,2,12,1700
202207,106,10740,C,Albuquerque  NM ,153,153,42157,0,0,0,0,0,0,1,8,333,143,143,39655,0,0,0,0,0,0,0,0,0
202207,106,42140,C,Santa Fe  NM ,14,14,4082,0,0,0,0,0,0,3,51,5613,0,0,0,0,0,0,0,0,0,0,0,0
202207,107,11020,C,Altoona  PA ,13,13,2359,0,0,0,0,0,0,0,0,0,8,8,1316,0,0,0,0,0,0,0,0,0
202207,108,11100,C,Amarillo  TX ,65,65,16495,0,0,0,0,0,0,1,5,623,56,56,14348,0,0,0,0,0,0,0,0,0
202207,118,11540,C,Appleton  WI ,41,41,16194,1,2,400,0,0,0,6,39,5866,36,36,14640,1,2,400,0,0,0,4,24,4551
202207,118,36780,C,Oshkosh-Neenah  WI ,23,23,12435,0,0,0,0,0,0,0,0,0,20,20,11363,0,0,0,0,0,0,0,0,0
202207,120,11700,C,Asheville  NC ,199,199,67904,0,0,0,0,0,0,6,120,12156,28,28,11079,0,0,0,0,0,0,0,0,0
202207,122,12020,C,Athens-Clarke County  GA ,61,61,23503,2,4,810,2,8,897,0,0,0,42,42,17616,2,4,810,2,8,897,0,0,0
202207,122,12060,C,Atlanta-Sandy Springs-Alpharetta  GA ,2001,2001,503615,4,8,1644,4,15,2971,45,2160,283285,1732,1732,442138,4,8,1644,3,12,2014,40,2135,278600
202207,122,23580,C,Gainesville  GA ,101,101,23420,0,0,0,0,0,0,0,0,0,30,30,6692,0,0,0,0,0,0,0,0,0
202207,122,40660,C,Rome  GA ,22,22,4604,0,0,0,0,0,0,0,0,0,22,22,4604,0,0,0,0,0,0,0,0,0
202207,140,13460,C,Bend  OR ,61,61,20906,2,4,837,0,0,0,4,54,8263,61,61,20906,2,4,837,0,0,0,4,54,8263
202207,142,13820,C,Birmingham-Hoover  AL ,244,244,72946,0,0,0,0,0,0,1,273,50015,190,190,54552,0,0,0,0,0,0,1,273,50015
202207,144,14020,C,Bloomington  IN ,33,33,8931,0,0,0,0,0,0,6,102,13107,33,33,8931,0,0,0,0,0,0,6,102,13107
202207,145,14010,C,Bloomington  IL ,14,14,4399,0,0,0,0,0,0,0,0,0,9,9,3095,0,0,0,0,0,0,0,0,0
202207,146,14100,C,Bloomsburg-Berwick  PA ,8,8,3477,0,0,0,0,0,0,1,5,454,1,1,138,0,0,0,0,0,0,0,0,0
202207,147,14260,C,Boise City  ID ,489,489,132053,2,4,697,8,31,6402,8,210,44642,471,471,127735,2,4,697,8,31,6402,7,175,39537
202207,148,12700,C,Barnstable Town  MA ,41,41,24085,0,0,0,0,0,0,0,0,0,18,18,9896,0,0,0,0,0,0,0,0,0
202207,148,14460,C,Boston-Cambridge-Newton  MA-NH ,347,347,137615,11,22,6188,8,27,6817,44,1000,174747,178,178,86103,6,12,3466,6,21,5437,7,682,133854
202207,148,31700,C,Manchester-Nashua  NH ,54,54,16145,1,2,363,1,3,539,0,0,0,22,22,7290,0,0,0,0,0,0,0,0,0
202207,148,39300,C,Providence-Warwick  RI-MA ,122,122,32560,7,14,1962,0,0,0,3,15,1234,39,39,12995,2,4,550,0,0,0,0,0,0
202207,148,49340,C,Worcester  MA-CT ,74,74,21894,7,14,2906,0,0,0,5,59,7575,27,27,8484,4,8,1726,0,0,0,1,7,1080
202207,150,14540,C,Bowling Green  KY ,69,69,17363,1,2,250,3,12,900,5,34,2150,69,69,17363,1,2,250,3,12,900,5,34,2150
202207,154,15180,C,Brownsville-Harlingen  TX ,109,109,14358,4,8,792,2,7,952,2,25,2507,37,37,5609,0,0,0,0,0,0,0,0,0
202207,160,15380,C,Buffalo-Cheektowaga  NY ,77,77,32339,0,0,0,4,13,2550,1,20,4485,61,61,28276,0,0,0,3,10,2337,0,0,0
202207,162,15540,C,Burlington-South Burlington  VT ,36,36,10945,2,4,746,0,0,0,5,90,7867,18,18,5746,0,0,0,0,0,0,3,67,5652
202207,163,15980,C,Cape Coral-Fort Myers  FL ,669,669,145261,48,96,11994,0,0,0,14,327,54706,385,385,85166,34,68,8317,0,0,0,12,231,47584
202207,163,34940,C,Naples-Marco Island  FL ,282,282,149503,1,2,260,2,8,913,7,116,34707,282,282,149503,1,2,260,2,8,913,7,116,34707
202207,164,16020,C,Cape Girardeau  MO-IL ,12,12,3488,1,2,477,0,0,0,0,0,0,0,0,0,0,0,0,0,0,0,0,0,0
202207,168,16300,C,Cedar Rapids  IA ,20,20,5294,5,10,1819,0,0,0,2,20,2250,17,17,4558,4,8,1490,0,0,0,2,20,2250
202207,168,26980,C,Iowa City  IA ,47,47,15145,0,0,0,3,12,2538,1,9,1290,31,31,11103,0,0,0,3,12,2538,0,0,0
202207,170,16620,C,Charleston  WV ,13,13,1607,1,2,334,1,4,150,0,0,0,9,9,1038,1,2,334,1,4,150,0,0,0
202207,170,26580,C,Huntington-Ashland  WV-KY-OH ,19,19,4604,0,0,0,0,0,0,0,0,0,1,1,750,0,0,0,0,0,0,0,0,0
202207,172,16740,C,Charlotte-Concord-Gastonia  NC-SC ,1409,1409,371436,0,0,0,0,0,0,12,286,34520,1169,1169,297366,0,0,0,0,0,0,9,220,26504
202207,174,16860,C,Chattanooga  TN-GA ,157,157,37912,14,28,2004,6,19,1850,4,62,6190,113,113,28717,10,20,1429,5,16,1676,0,0,0
202207,174,17420,C,Cleveland  TN ,55,55,14530,0,0,0,1,3,254,0,0,0,21,21,6527,0,0,0,0,0,0,0,0,0
202207,174,19140,C,Dalton  GA ,21,21,3615,0,0,0,0,0,0,0,0,0,17,17,2658,0,0,0,0,0,0,0,0,0
202207,176,16980,C,Chicago-Naperville-Elgin  IL-IN-WI ,660,660,236378,4,8,2070,11,35,8304,28,504,75518,564,564,206173,4,8,2070,11,35,8304,22,467,69856
202207,176,28100,C,Kankakee  IL ,6,6,1862,0,0,0,0,0,0,0,0,0,3,3,842,0,0,0,0,0,0,0,0,0
202207,176,33140,C,Michigan City-La Porte  IN ,9,9,2966,0,0,0,0,0,0,0,0,0,0,0,0,0,0,0,0,0,0,0,0,0
202207,178,17140,C,Cincinnati  OH-KY-IN ,282,282,91963,11,22,3401,2,7,961,9,309,53400,248,248,83789,11,22,3401,2,7,961,7,283,51419
202207,184,10420,C,Akron  OH ,60,60,19476,0,0,0,2,7,2758,3,17,1826,51,51,16355,0,0,0,1,4,621,1,5,1000
202207,184,15940,C,Canton-Massillon  OH ,35,35,13848,2,4,746,5,17,2126,5,30,2242,32,32,13498,2,4,746,5,17,2126,3,20,1474
202207,184,17460,C,Cleveland-Elyria  OH ,264,264,77927,2,4,261,1,4,695,0,0,0,210,210,64904,0,0,0,1,4,695,0,0,0
202207,190,17860,C,Columbia  MO ,46,46,17315,0,0,0,0,0,0,0,0,0,44,44,16925,0,0,0,0,0,0,0,0,0
202207,192,17900,C,Columbia  SC ,349,349,80492,1,2,826,0,0,0,2,15,2257,77,77,15427,1,2,826,0,0,0,0,0,0
202207,194,12220,C,Auburn-Opelika  AL ,107,107,27762,2,4,841,1,3,345,2,27,3282,30,30,7067,0,0,0,0,0,0,0,0,0
202207,194,17980,C,Columbus  GA-AL ,69,69,15029,0,0,0,0,0,0,2,43,6769,46,46,10417,0,0,0,0,0,0,0,0,0
202207,198,18140,C,Columbus  OH ,528,528,193992,0,0,0,5,19,1508,39,766,67730,462,462,172557,0,0,0,4,16,1454,37,743,66785
202207,204,18580,C,Corpus Christi  TX ,155,155,39244,0,0,0,0,0,0,2,41,3338,113,113,27972,0,0,0,0,0,0,0,0,0
202207,206,19100,C,Dallas-Fort Worth-Arlington  TX ,3387,3387,898212,15,30,3896,6,22,2527,70,5019,678730,2882,2882,762974,14,28,3709,3,11,1653,66,4978,674163
202207,206,43300,C,Sherman-Denison  TX ,63,63,15922,2,4,430,0,0,0,1,11,965,33,33,9975,0,0,0,0,0,0,0,0,0
202207,209,19340,C,Davenport-Moline-Rock Island  IA-IL ,29,29,7548,2,4,840,3,11,1330,0,0,0,13,13,4307,2,4,840,2,8,1080,0,0,0
202207,212,19430,C,Dayton-Kettering  OH ,93,93,36912,0,0,0,1,3,875,1,27,3275,49,49,21724,0,0,0,1,3,875,0,0,0
202207,212,44220,C,Springfield  OH ,13,13,4304,0,0,0,0,0,0,0,0,0,13,13,4304,0,0,0,0,0,0,0,0,0
202207,216,14500,C,Boulder  CO ,49,49,37105,2,4,1427,4,13,2875,3,38,10304,46,46,33441,2,4,1427,4,13,2875,2,18,4493
202207,216,19740,C,Denver-Aurora-Lakewood  CO ,663,663,207297,5,10,2102,5,19,5174,15,1218,196162,542,542,171202,5,10,2102,5,19,5174,4,423,92585
202207,216,24540,C,Greeley  CO ,232,232,70161,4,8,1397,2,6,1185,5,107,17217,114,114,38531,0,0,0,0,0,0,3,60,10626
202207,218,11180,C,Ames  IA ,20,20,7206,0,0,0,0,0,0,0,0,0,12,12,5139,0,0,0,0,0,0,0,0,0
202207,218,19780,C,Des Moines-West Des Moines  IA ,305,305,105917,2,4,911,3,10,2582,2,10,1124,285,285,98438,2,4,911,2,7,1952,0,0,0
202207,220,11460,C,Ann Arbor  MI ,37,37,11510,1,2,571,0,0,0,1,8,135,25,25,8456,1,2,571,0,0,0,1,8,135
202207,220,19820,C,Detroit-Warren-Dearborn  MI ,316,316,115741,4,8,1544,13,49,10002,15,83,14003,236,236,89921,3,6,1168,11,42,9459,13,73,12080
202207,220,22420,C,Flint  MI ,18,18,6450,0,0,0,0,0,0,0,0,0,9,9,4058,0,0,0,0,0,0,0,0,0
202207,220,33780,C,Monroe  MI ,15,15,4235,0,0,0,0,0,0,1,5,459,10,10,3162,0,0,0,0,0,0,0,0,0
202207,222,20020,C,Dothan  AL ,33,33,9228,0,0,0,0,0,0,0,0,0,22,22,6835,0,0,0,0,0,0,0,0,0
202207,232,20740,C,Eau Claire  WI ,32,32,13282,5,10,1821,1,4,750,2,38,4878,25,25,11231,2,4,680,1,4,750,0,0,0
202207,236,21300,C,Elmira  NY ,1,1,213,0,0,0,0,0,0,1,9,1009,0,0,0,0,0,0,0,0,0,0,0,0
202207,238,21340,C,El Paso  TX ,202,202,47923,6,12,1541,1,3,396,3,22,2586,34,34,8711,0,0,0,0,0,0,0,0,0
202207,238,29740,C,Las Cruces  NM ,95,95,10107,1,2,287,1,4,889,0,0,0,87,87,8328,1,2,287,1,4,889,0,0,0
202207,240,21500,C,Erie  PA ,13,13,4652,0,0,0,0,0,0,0,0,0,10,10,3935,0,0,0,0,0,0,0,0,0
202207,244,22020,C,Fargo  ND-MN ,112,112,33646,0,0,0,0,0,0,3,213,33131,110,110,32854,0,0,0,0,0,0,3,213,33131
202207,246,22180,C,Fayetteville  NC ,186,186,39969,1,2,340,0,0,0,0,0,0,132,132,32625,1,2,340,0,0,0,0,0,0
202207,258,23060,C,Fort Wayne  IN ,178,178,55860,0,0,0,0,0,0,1,36,1100,178,178,55860,0,0,0,0,0,0,1,36,1100
202207,260,23420,C,Fresno  CA ,120,120,31010,0,0,0,0,0,0,3,22,3304,53,53,10517,0,0,0,0,0,0,0,0,0
202207,260,25260,C,Hanford-Corcoran  CA ,36,36,12116,0,0,0,0,0,0,0,0,0,27,27,10022,0,0,0,0,0,0,0,0,0
202207,260,31460,C,Madera  CA ,66,66,18812,0,0,0,0,0,0,0,0,0,66,66,18812,0,0,0,0,0,0,0,0,0
202207,264,23540,C,Gainesville  FL ,103,103,24536,0,0,0,0,0,0,3,164,12400,0,0,0,0,0,0,0,0,0,2,40,8178
202207,266,24340,C,Grand Rapids-Kentwood  MI ,168,168,54143,3,6,1285,1,3,560,7,85,11656,97,97,30040,0,0,0,0,0,0,3,36,5550
202207,266,34740,C,Muskegon  MI ,33,33,9788,0,0,0,0,0,0,0,0,0,25,25,7989,0,0,0,0,0,0,0,0,0
202207,267,24580,C,Green Bay  WI ,44,44,15490,2,4,945,0,0,0,3,21,1954,29,29,11045,1,2,365,0,0,0,0,0,0
202207,268,15500,C,Burlington  NC ,151,151,27044,0,0,0,0,0,0,1,38,2549,132,132,23210,0,0,0,0,0,0,0,0,0
202207,268,24660,C,Greensboro-High Point  NC ,203,203,56965,0,0,0,0,0,0,0,0,0,134,134,34502,0,0,0,0,0,0,0,0,0
202207,268,49180,C,Winston-Salem  NC ,232,232,73443,0,0,0,0,0,0,0,0,0,155,155,40159,0,0,0,0,0,0,0,0,0
202207,272,24780,C,Greenville  NC ,54,54,13297,1,2,300,0,0,0,0,0,0,27,27,7091,1,2,300,0,0,0,0,0,0
202207,273,24860,C,Greenville-Anderson  SC ,550,550,131014,6,12,1134,0,0,0,1,26,2588,496,496,116330,5,10,963,0,0,0,0,0,0
202207,273,43900,C,Spartanburg  SC ,224,224,37609,0,0,0,0,0,0,2,25,2999,0,0,0,0,0,0,0,0,0,0,0,0
202207,276,23900,C,Gettysburg  PA ,81,81,26271,0,0,0,0,0,0,0,0,0,81,81,26271,0,0,0,0,0,0,0,0,0
202207,276,25420,C,Harrisburg-Carlisle  PA ,115,115,31144,0,0,0,1,3,358,3,101,18359,92,92,25653,0,0,0,1,3,358,2,96,17762
202207,276,30140,C,Lebanon  PA ,20,20,4048,0,0,0,0,0,0,2,10,1393,1,1,213,0,0,0,0,0,0,0,0,0
202207,276,49620,C,York-Hanover  PA ,90,90,19559,2,4,682,0,0,0,1,12,888,50,50,12059,2,4,682,0,0,0,0,0,0
202207,277,25500,C,Harrisonburg  VA ,86,86,16899,0,0,0,0,0,0,2,10,1210,86,86,16899,0,0,0,0,0,0,2,10,1210
202207,277,44420,C,Staunton  VA ,30,30,7481,0,0,0,0,0,0,0,0,0,30,30,7481,0,0,0,0,0,0,0,0,0
202207,278,25540,C,Hartford-East Hartford-Middletown  CT ,65,65,19618,0,0,0,0,0,0,4,30,2536,38,38,12780,0,0,0,0,0,0,0,0,0
202207,278,35980,C,Norwich-New London  CT ,36,36,9608,0,0,0,1,4,450,0,0,0,25,25,6653,0,0,0,1,4,450,0,0,0
202207,279,25620,C,Hattiesburg  MS ,9,9,1793,0,0,0,0,0,0,0,0,0,0,0,0,0,0,0,0,0,0,0,0,0
202207,284,26300,C,Hot Springs  AR ,9,9,1575,0,0,0,0,0,0,0,0,0,9,9,1575,0,0,0,0,0,0,0,0,0
202207,288,26420,C,Houston-The Woodlands-Sugar Land  TX ,3270,3270,769938,43,86,12854,1,4,480,94,2957,357251,2921,2921,684540,37,74,11313,1,4,480,91,2942,356196
202207,290,19460,C,Decatur  AL ,5,5,1814,0,0,0,0,0,0,0,0,0,4,4,1692,0,0,0,0,0,0,0,0,0
202207,290,26620,C,Huntsville  AL ,292,292,60577,0,0,0,0,0,0,0,0,0,166,166,30337,0,0,0,0,0,0,0,0,0
202207,292,26820,C,Idaho Falls  ID ,89,89,23717,0,0,0,0,0,0,0,0,0,87,87,23100,0,0,0,0,0,0,0,0,0
202207,294,18020,C,Columbus  IN ,30,30,13507,0,0,0,0,0,0,0,0,0,30,30,13507,0,0,0,0,0,0,0,0,0
202207,294,26900,C,Indianapolis-Carmel-Anderson  IN ,651,651,233163,3,6,539,0,0,0,6,173,20768,553,553,200904,2,4,240,0,0,0,3,102,13107
202207,294,34620,C,Muncie  IN ,36,36,6993,0,0,0,0,0,0,0,0,0,31,31,5810,0,0,0,0,0,0,0,0,0
202207,296,27060,C,Ithaca  NY ,7,7,2195,2,4,594,0,0,0,2,39,6116,2,2,812,1,2,300,0,0,0,0,0,0
202207,297,27180,C,Jackson  TN ,38,38,10384,0,0,0,0,0,0,0,0,0,12,12,4595,0,0,0,0,0,0,0,0,0
202207,298,27140,C,Jackson  MS ,92,92,26983,0,0,0,0,0,0,0,0,0,67,67,20444,0,0,0,0,0,0,0,0,0
202207,300,27260,C,Jacksonville  FL ,980,980,242764,1,2,85,0,0,0,3,192,30314,973,973,239790,1,2,85,0,0,0,3,192,30314
202207,304,27740,C,Johnson City  TN ,84,84,19949,2,4,702,0,0,0,2,13,1563,67,67,17266,1,2,252,0,0,0,2,13,1563
202207,304,28700,C,Kingsport-Bristol  TN-VA ,69,69,17091,0,0,0,0,0,0,0,0,0,54,54,15096,0,0,0,0,0,0,0,0,0
202207,306,27780,C,Johnstown  PA ,8,8,2084,0,0,0,0,0,0,0,0,0,1,1,350,0,0,0,0,0,0,0,0,0
202207,308,27860,C,Jonesboro  AR ,58,58,9498,4,8,550,5,16,829,1,11,625,14,14,2598,0,0,0,0,0,0,0,0,0
202207,309,27900,C,Joplin  MO ,40,40,7962,1,2,257,0,0,0,2,27,1893,0,0,0,0,0,0,0,0,0,0,0,0
202207,310,12980,C,Battle Creek  MI ,6,6,1102,0,0,0,0,0,0,0,0,0,0,0,0,0,0,0,0,0,0,0,0,0
202207,310,28020,C,Kalamazoo-Portage  MI ,23,23,7467,0,0,0,0,0,0,0,0,0,9,9,3063,0,0,0,0,0,0,0,0,0
202207,312,28140,C,Kansas City  MO-KS ,503,503,161714,29,58,16118,4,14,2471,4,566,82161,437,437,143517,29,58,16118,4,14,2471,3,561,81611
202207,312,29940,C,Lawrence  KS ,9,9,3360,0,0,0,0,0,0,0,0,0,5,5,1789,0,0,0,0,0,0,0,0,0
202207,312,41140,C,St. Joseph  MO-KS ,7,7,1259,0,0,0,0,0,0,0,0,0,4,4,637,0,0,0,0,0,0,0,0,0
202207,313,28420,C,Kennewick-Richland  WA ,101,101,33845,4,8,1109,11,44,8743,1,5,600,32,32,13344,3,6,935,11,44,8743,0,0,0
202207,313,47460,C,Walla Walla  WA ,9,9,3362,4,8,2036,0,0,0,0,0,0,7,7,2967,4,8,2036,0,0,0,0,0,0
202207,315,28940,C,Knoxville  TN ,324,324,96502,3,6,675,0,0,0,5,52,3617,268,268,87656,3,6,675,0,0,0,2,16,800
202207,315,34100,C,Morristown  TN ,63,63,13141,11,22,1012,10,31,5175,0,0,0,34,34,5182,11,22,1012,10,31,5175,0,0,0
202207,316,29020,C,Kokomo  IN ,16,16,5116,0,0,0,0,0,0,0,0,0,15,15,4810,0,0,0,0,0,0,0,0,0
202207,318,29180,C,Lafayette  LA ,158,158,45081,0,0,0,0,0,0,0,0,0,75,75,24580,0,0,0,0,0,0,0,0,0
202207,320,29200,C,Lafayette-West Lafayette  IN ,67,67,20143,1,2,210,0,0,0,2,45,5087,60,60,18703,0,0,0,0,0,0,0,0,0
202207,324,29340,C,Lake Charles  LA ,66,66,13994,2,4,567,0,0,0,12,232,27917,29,29,5497,1,2,470,0,0,0,12,232,27917
202207,332,29820,C,Las Vegas-Henderson-Paradise  NV ,423,423,119224,17,34,6120,0,0,0,9,240,35859,421,421,118529,17,34,6120,0,0,0,9,240,35859
202207,336,30460,C,Lexington-Fayette  KY ,94,94,28694,1,2,219,1,3,440,3,105,10233,35,35,15376,0,0,0,0,0,0,0,0,0
202207,338,30620,C,Lima  OH ,10,10,2733,0,0,0,0,0,0,1,5,585,0,0,0,0,0,0,0,0,0,0,0,0
202207,339,30700,C,Lincoln  NE ,96,96,28395,1,2,359,0,0,0,4,107,15166,13,13,3347,0,0,0,0,0,0,0,0,0
202207,340,30780,C,Little Rock-North Little Rock-Conway  AR ,189,189,45065,4,8,685,0,0,0,4,106,11339,139,139,37064,0,0,0,0,0,0,2,84,10100
202207,340,38220,C,Pine Bluff  AR ,5,5,705,0,0,0,0,0,0,0,0,0,4,4,555,0,0,0,0,0,0,0,0,0
202207,348,31080,C,Los Angeles-Long Beach-Anaheim  CA ,818,818,217271,62,124,26978,12,43,9677,42,1067,163159,672,672,168368,60,120,25645,10,37,8469,28,948,143598
202207,348,37100,C,Oxnard-Thousand Oaks-Ventura  CA ,34,34,9755,0,0,0,0,0,0,4,62,13708,17,17,4438,0,0,0,0,0,0,2,24,8597
202207,348,40140,C,Riverside-San Bernardino-Ontario  CA ,806,806,231003,3,6,453,3,12,2759,11,184,31264,640,640,192562,2,4,121,3,12,2759,7,160,29083
202207,350,21060,C,Elizabethtown-Fort Knox  KY ,25,25,6479,0,0,0,0,0,0,0,0,0,19,19,5172,0,0,0,0,0,0,0,0,0
202207,350,31140,C,Louisville-Jefferson County  KY-IN ,253,253,77436,2,4,845,0,0,0,3,50,3904,146,146,52618,1,2,519,0,0,0,0,0,0
202207,352,31180,C,Lubbock  TX ,164,164,42928,2,4,417,0,0,0,0,0,0,162,162,42322,2,4,417,0,0,0,0,0,0
202207,356,31420,C,Macon-Bibb County  GA ,34,34,6661,0,0,0,0,0,0,0,0,0,6,6,1110,0,0,0,0,0,0,0,0,0
202207,356,47580,C,Warner Robins  GA ,83,83,18154,0,0,0,0,0,0,10,212,26797,64,64,13661,0,0,0,0,0,0,10,212,26797
202207,357,27500,C,Janesville-Beloit  WI ,22,22,5947,1,2,675,0,0,0,0,0,0,11,11,3383,1,2,675,0,0,0,0,0,0
202207,357,31540,C,Madison  WI ,108,108,48150,8,16,4086,0,0,0,4,141,21764,79,79,38588,3,6,1888,0,0,0,2,88,13300
202207,359,31860,C,Mankato  MN ,16,16,5196,0,0,0,1,3,798,2,16,1816,5,5,2020,0,0,0,0,0,0,0,0,0
202207,360,31900,C,Mansfield  OH ,8,8,2604,0,0,0,0,0,0,0,0,0,6,6,1870,0,0,0,0,0,0,0,0,0
202207,365,32580,C,McAllen-Edinburg-Mission  TX ,354,354,80145,17,34,2787,10,40,4024,9,123,16680,272,272,64861,16,32,2683,10,40,4024,9,123,16680
202207,366,24420,C,Grants Pass  OR ,16,16,3588,2,4,441,0,0,0,0,0,0,0,0,0,0,0,0,0,0,0,0,0,0
202207,366,32780,C,Medford  OR ,49,49,18830,0,0,0,0,0,0,1,5,672,45,45,17777,0,0,0,0,0,0,0,0,0
202207,368,32820,C,Memphis  TN-MS-AR ,276,276,72497,0,0,0,0,0,0,2,72,9249,242,242,65065,0,0,0,0,0,0,2,72,9249
202207,370,33100,C,Miami-Fort Lauderdale-Pompano Beach  FL ,578,578,226113,13,26,4568,3,10,1577,49,671,102808,509,509,194076,13,26,4568,3,10,1577,32,465,56048
202207,370,38940,C,Port St. Lucie  FL ,427,427,115558,0,0,0,0,0,0,47,954,121296,410,410,110976,0,0,0,0,0,0,46,942,119571
202207,370,42680,C,Sebastian-Vero Beach  FL ,106,106,42704,0,0,0,1,3,202,0,0,0,21,21,5443,0,0,0,0,0,0,0,0,0
202207,372,33260,C,Midland  TX ,49,49,9993,0,0,0,0,0,0,0,0,0,49,49,9993,0,0,0,0,0,0,0,0,0
202207,372,36220,C,Odessa  TX ,91,91,21664,1,2,224,0,0,0,1,5,599,0,0,0,0,0,0,0,0,0,0,0,0
202207,376,33340,C,Milwaukee-Waukesha  WI ,134,134,63699,12,24,6216,0,0,0,11,333,59440,88,88,42184,10,20,5394,0,0,0,10,322,58263
202207,376,39540,C,Racine  WI ,14,14,5168,0,0,0,0,0,0,0,0,0,13,13,4883,0,0,0,0,0,0,0,0,0
202207,378,33460,C,Minneapolis-St. Paul-Bloomington  MN-WI ,687,687,235329,0,0,0,5,19,4234,24,893,148776,597,597,207916,0,0,0,5,19,4234,14,682,115309
202207,378,41060,C,St. Cloud  MN ,65,65,19087,3,6,1005,0,0,0,0,0,0,49,49,14562,0,0,0,0,0,0,0,0,0
202207,380,19300,C,Daphne-Fairhope-Foley  AL ,238,238,80570,1,2,197,0,0,0,1,14,1112,152,152,62288,1,2,197,0,0,0,0,0,0
202207,380,33660,C,Mobile  AL ,56,56,14916,0,0,0,0,0,0,0,0,0,15,15,5413,0,0,0,0,0,0,0,0,0
202207,384,33740,C,Monroe  LA ,28,28,6496,1,2,74,1,4,629,2,15,1798,3,3,758,0,0,0,0,0,0,0,0,0
202207,388,33860,C,Montgomery  AL ,46,46,10713,0,0,0,0,0,0,0,0,0,45,45,10480,0,0,0,0,0,0,0,0,0
202207,390,34060,C,Morgantown  WV ,1,1,305,0,0,0,0,0,0,0,0,0,0,0,0,0,0,0,0,0,0,0,0,0
202207,396,34820,C,Myrtle Beach-Conway-North Myrtle Beach  SC-NC ,937,937,221491,0,0,0,0,0,0,1,7,350,728,728,166394,0,0,0,0,0,0,0,0,0
202207,400,34980,C,Nashville-Davidson--Murfreesboro--Franklin  TN ,1100,1100,338546,0,0,0,3,12,669,13,85,9921,870,870,284966,0,0,0,3,12,669,5,28,4327
202207,404,35100,C,New Bern  NC ,41,41,9769,0,0,0,0,0,0,0,0,0,21,21,3815,0,0,0,0,0,0,0,0,0
202207,406,25220,C,Hammond  LA ,67,67,13057,0,0,0,0,0,0,1,63,6239,57,57,11379,0,0,0,0,0,0,0,0,0
202207,406,35380,C,New Orleans-Metairie  LA ,247,247,75775,16,32,3589,1,3,612,2,64,11544,169,169,56113,2,4,440,0,0,0,0,0,0
202207,408,14860,C,Bridgeport-Stamford-Norwalk  CT ,34,34,29480,0,0,0,1,3,423,4,436,103028,21,21,17625,0,0,0,1,3,423,2,426,100525
202207,408,20700,C,East Stroudsburg  PA ,22,22,6780,0,0,0,0,0,0,0,0,0,9,9,3177,0,0,0,0,0,0,0,0,0
202207,408,28740,C,Kingston  NY ,24,24,10209,2,4,900,0,0,0,1,5,1220,13,13,6782,2,4,900,0,0,0,0,0,0
202207,408,35300,C,New Haven-Milford  CT ,31,31,7299,1,2,180,0,0,0,2,70,8313,3,3,1202,0,0,0,0,0,0,1,57,7479
202207,408,35620,C,New York-Newark-Jersey City  NY-NJ-PA ,1248,1248,295096,52,104,12449,19,66,4486,134,3863,617415,947,947,215726,39,78,10155,15,53,3159,78,3152,537003
202207,408,39100,C,Poughkeepsie-Newburgh-Middletown  NY ,65,65,22392,0,0,0,0,0,0,15,323,50225,14,14,4018,0,0,0,0,0,0,14,316,49219
202207,408,45940,C,Trenton-Princeton  NJ ,32,32,3427,0,0,0,0,0,0,3,68,7485,17,17,1863,0,0,0,0,0,0,2,63,7127
202207,412,35840,C,North Port-Sarasota-Bradenton  FL ,771,771,247943,5,10,2198,0,0,0,3,116,15234,724,724,234752,0,0,0,0,0,0,3,116,15234
202207,412,39460,C,Punta Gorda  FL ,221,221,64497,16,32,5294,3,9,2565,3,82,13863,3,3,1791,3,6,1362,0,0,0,0,0,0
202207,416,36420,C,Oklahoma City  OK ,376,376,124089,22,44,4039,0,0,0,4,73,15320,333,333,115174,20,40,3756,0,0,0,4,73,15320
202207,420,36540,C,Omaha-Council Bluffs  NE-IA ,194,194,44740,0,0,0,0,0,0,14,254,12210,170,170,38384,0,0,0,0,0,0,14,254,12210
202207,422,19660,C,Deltona-Daytona Beach-Ormond Beach  FL ,527,527,169164,14,28,4917,0,0,0,10,333,35095,423,423,133435,14,28,4917,0,0,0,9,300,31630
202207,422,29460,C,Lakeland-Winter Haven  FL ,681,681,164043,4,8,881,0,0,0,13,104,17900,505,505,113501,3,6,500,0,0,0,13,104,17900
202207,422,36740,C,Orlando-Kissimmee-Sanford  FL ,1212,1212,322840,13,26,3362,1,3,305,9,247,23703,1031,1031,270447,13,26,3362,1,3,305,4,168,17964
202207,422,45540,C,The Villages  FL ,354,354,93761,0,0,0,0,0,0,0,0,0,353,353,93571,0,0,0,0,0,0,0,0,0
202207,425,37620,C,Parkersburg-Vienna  WV ,6,6,1189,0,0,0,0,0,0,0,0,0,5,5,1037,0,0,0,0,0,0,0,0,0
202207,426,37860,C,Pensacola-Ferry Pass-Brent  FL ,323,323,82768,0,0,0,0,0,0,0,0,0,323,323,82768,0,0,0,0,0,0,0,0,0
202207,428,12100,C,Atlantic City-Hammonton  NJ ,31,31,5979,1,2,341,0,0,0,2,18,1593,26,26,4898,1,2,341,0,0,0,0,0,0
202207,428,20100,C,Dover  DE ,74,74,11531,2,4,825,0,0,0,0,0,0,66,66,9675,2,4,825,0,0,0,0,0,0
202207,428,36140,C,Ocean City  NJ ,35,35,14498,4,8,399,2,6,107,0,0,0,33,33,13886,4,8,399,2,6,107,0,0,0
202207,428,37980,C,Philadelphia-Camden-Wilmington  PA-NJ-DE-MD ,575,575,119523,7,14,2092,14,45,5989,32,417,54624,342,342,80534,6,12,1977,12,39,5289,16,292,41233
202207,428,39740,C,Reading  PA ,37,37,10280,0,0,0,0,0,0,0,0,0,25,25,6989,0,0,0,0,0,0,0,0,0
202207,428,47220,C,Vineland-Bridgeton  NJ ,10,10,1167,0,0,0,0,0,0,0,0,0,9,9,1052,0,0,0,0,0,0,0,0,0
202207,429,38060,C,Phoenix-Mesa-Chandler  AZ ,1960,1960,529255,9,18,1594,1,4,372,51,2524,696352,1676,1676,444686,9,18,1594,1,4,372,48,2377,672268
202207,430,38300,C,Pittsburgh  PA ,266,266,75928,2,4,466,3,9,1026,6,81,10541,106,106,36911,0,0,0,1,3,631,0,0,0
202207,430,48260,C,Weirton-Steubenville  WV-OH ,4,4,1041,0,0,0,0,0,0,0,0,0,1,1,400,0,0,0,0,0,0,0,0,0
202207,438,30340,C,Lewiston-Auburn  ME ,19,19,3072,0,0,0,0,0,0,0,0,0,12,12,1248,0,0,0,0,0,0,0,0,0
202207,438,38860,C,Portland-South Portland  ME ,186,186,68656,6,12,1962,1,3,250,7,58,15755,46,46,29005,3,6,930,0,0,0,1,28,12500
202207,440,10540,C,Albany-Lebanon  OR ,16,16,4164,0,0,0,0,0,0,1,5,683,6,6,1797,0,0,0,0,0,0,0,0,0
202207,440,18700,C,Corvallis  OR ,17,17,4671,0,0,0,0,0,0,6,110,14984,11,11,2828,0,0,0,0,0,0,6,110,14984
202207,440,31020,C,Longview  WA ,20,20,6343,0,0,0,3,12,1380,3,36,4338,18,18,5749,0,0,0,3,12,1380,3,36,4338
202207,440,38900,C,Portland-Vancouver-Hillsboro  OR-WA ,393,393,137346,5,10,1659,3,10,1304,26,1165,141110,281,281,102400,4,8,1379,2,7,733,20,1068,129643
202207,440,41420,C,Salem  OR ,75,75,23087,1,2,475,0,0,0,6,92,10231,39,39,13183,0,0,0,0,0,0,3,60,6881
202207,444,39380,C,Pueblo  CO ,44,44,7120,0,0,0,0,0,0,0,0,0,0,0,0,0,0,0,0,0,0,0,0,0
202207,450,20500,C,Durham-Chapel Hill  NC ,247,247,94294,10,20,2729,0,0,0,3,85,9067,195,195,74197,9,18,2456,0,0,0,0,0,0
202207,450,39580,C,Raleigh-Cary  NC ,994,994,272060,2,4,521,0,0,0,10,914,122329,994,994,272060,2,4,521,0,0,0,10,914,122329
202207,452,39660,C,Rapid City  SD ,39,39,11135,0,0,0,1,4,511,6,318,39576,36,36,10369,0,0,0,1,4,511,6,318,39576
202207,454,39820,C,Redding  CA ,20,20,6459,0,0,0,0,0,0,1,5,563,2,2,658,0,0,0,0,0,0,0,0,0
202207,456,16180,C,Carson City  NV ,13,13,3434,0,0,0,1,3,382,1,7,699,0,0,0,0,0,0,0,0,0,0,0,0
202207,456,39900,C,Reno  NV ,165,165,44788,6,12,1719,1,4,528,10,202,25707,41,41,9702,4,8,1301,0,0,0,0,0,0
202207,462,40340,C,Rochester  MN ,37,37,10877,0,0,0,3,12,2845,6,189,23710,24,24,7783,0,0,0,3,12,2845,6,189,23710
202207,464,40380,C,Rochester  NY ,108,108,34846,7,14,2140,0,0,0,1,26,1367,68,68,24668,7,14,2140,0,0,0,1,26,1367
202207,466,40420,C,Rockford  IL ,78,78,22125,0,0,0,0,0,0,0,0,0,70,70,20886,0,0,0,0,0,0,0,0,0
202207,468,40580,C,Rocky Mount  NC ,33,33,5443,0,0,0,0,0,0,0,0,0,15,15,2559,0,0,0,0,0,0,0,0,0
202207,472,40900,C,Sacramento-Roseville-Folsom  CA ,507,507,155183,2,4,679,0,0,0,1,7,1039,485,485,148787,2,4,679,0,0,0,1,7,1039
202207,472,49700,C,Yuba City  CA ,36,36,8765,0,0,0,0,0,0,1,5,578,33,33,7689,0,0,0,0,0,0,0,0,0
202207,474,13020,C,Bay City  MI ,7,7,2214,0,0,0,0,0,0,0,0,0,2,2,1150,0,0,0,0,0,0,0,0,0
202207,474,33220,C,Midland  MI ,8,8,2226,0,0,0,0,0,0,0,0,0,3,3,859,0,0,0,0,0,0,0,0,0
202207,474,40980,C,Saginaw  MI ,15,15,4534,0,0,0,1,3,495,0,0,0,10,10,3214,0,0,0,0,0,0,0,0,0
202207,476,41180,C,St. Louis  MO-IL ,392,392,128814,5,10,1697,1,3,600,7,75,8715,324,324,100402,2,4,766,1,3,600,4,60,6639
202207,480,41540,C,Salisbury  MD-DE ,283,283,49462,38,76,11840,1,3,592,2,12,1486,277,277,48651,38,76,11840,1,3,592,2,12,1486
202207,482,36260,C,Ogden-Clearfield  UT ,230,230,72107,4,8,1550,8,29,4975,27,301,49184,191,191,59432,4,8,1550,6,22,3890,26,296,48640
202207,482,39340,C,Provo-Orem  UT ,423,423,130081,2,4,838,1,3,600,9,79,18678,415,415,125942,2,4,838,1,3,600,9,79,18678
202207,482,41620,C,Salt Lake City  UT ,247,247,65060,2,4,538,2,6,1096,7,406,59403,222,222,57891,1,2,379,0,0,0,2,96,16994
202207,484,41700,C,San Antonio-New Braunfels  TX ,766,766,193402,14,28,3781,16,64,16938,66,1528,158351,706,706,180675,14,28,3781,16,64,16938,66,1528,158351
202207,488,32900,C,Merced  CA ,18,18,6749,1,2,360,0,0,0,0,0,0,1,1,286,1,2,360,0,0,0,0,0,0
202207,488,33700,C,Modesto  CA ,44,44,9469,0,0,0,0,0,0,0,0,0,25,25,5104,0,0,0,0,0,0,0,0,0
202207,488,34900,C,Napa  CA ,10,10,3112,0,0,0,0,0,0,1,71,12278,0,0,0,0,0,0,0,0,0,0,0,0
202207,488,41860,C,San Francisco-Oakland-Berkeley  CA ,245,245,83111,8,16,5079,4,13,5149,29,717,174303,157,157,56677,1,2,1910,3,10,4259,19,622,155748
202207,488,41940,C,San Jose-Sunnyvale-Santa Clara  CA ,555,555,153608,2,4,1600,0,0,0,9,260,46721,511,511,139386,2,4,1600,0,0,0,8,250,44324
202207,488,42100,C,Santa Cruz-Watsonville  CA ,28,28,4580,0,0,0,0,0,0,1,7,540,16,16,2660,0,0,0,0,0,0,0,0,0
202207,488,42220,C,Santa Rosa-Petaluma  CA ,85,85,33653,0,0,0,0,0,0,2,10,2083,70,70,30547,0,0,0,0,0,0,0,0,0
202207,488,44700,C,Stockton  CA ,200,200,46007,0,0,0,0,0,0,3,38,4799,83,83,10630,0,0,0,0,0,0,1,5,741
202207,488,46700,C,Vallejo  CA ,50,50,16497,0,0,0,0,0,0,0,0,0,41,41,14293,0,0,0,0,0,0,0,0,0
202207,496,25980,C,Hinesville  GA ,49,49,13175,2,4,370,0,0,0,0,0,0,26,26,7673,2,4,370,0,0,0,0,0,0
202207,496,42340,C,Savannah  GA ,160,160,45501,0,0,0,3,12,1620,11,73,8700,121,121,36681,0,0,0,3,12,1620,10,59,7965
202207,500,14740,C,Bremerton-Silverdale-Port Orchard  WA ,90,90,34969,0,0,0,11,33,4120,1,39,8068,90,90,34969,0,0,0,11,33,4120,1,39,8068
202207,500,34580,C,Mount Vernon-Anacortes  WA ,38,38,11524,0,0,0,0,0,0,1,21,1960,38,38,11524,0,0,0,0,0,0,0,0,0
202207,500,36500,C,Olympia-Lacey-Tumwater  WA ,53,53,13371,0,0,0,0,0,0,1,6,255,45,45,11585,0,0,0,0,0,0,0,0,0
202207,500,42660,C,Seattle-Tacoma-Bellevue  WA ,564,564,206986,48,96,26269,19,62,11582,33,1315,161951,490,490,176867,48,96,26269,19,62,11582,26,1205,146347
202207,508,43340,C,Shreveport-Bossier City  LA ,55,55,14469,0,0,0,0,0,0,0,0,0,31,31,8061,0,0,0,0,0,0,0,0,0
202207,515,21140,C,Elkhart-Goshen  IN ,27,27,8391,0,0,0,0,0,0,1,6,476,22,22,7526,0,0,0,0,0,0,0,0,0
202207,515,35660,C,Niles  MI ,15,15,7236,0,0,0,0,0,0,0,0,0,3,3,2186,0,0,0,0,0,0,0,0,0
202207,515,43780,C,South Bend-Mishawaka  IN-MI ,29,29,10693,0,0,0,0,0,0,0,0,0,23,23,8897,0,0,0,0,0,0,0,0,0
202207,518,17660,C,Coeur dAlene  ID ,107,107,42368,3,6,1406,0,0,0,5,88,11034,58,58,30878,2,4,1019,0,0,0,2,36,5200
202207,518,44060,C,Spokane-Spokane Valley  WA ,140,140,40265,2,4,750,0,0,0,15,426,54175,61,61,19169,0,0,0,0,0,0,11,380,48815
202207,522,44100,C,Springfield  IL ,6,6,1550,0,0,0,0,0,0,0,0,0,3,3,755,0,0,0,0,0,0,0,0,0
202207,524,44300,C,State College  PA ,12,12,3497,1,2,315,2,8,1800,1,5,1350,6,6,2243,0,0,0,2,8,1800,1,5,1350
202207,532,45060,C,Syracuse  NY ,38,38,8350,0,0,0,0,0,0,1,5,313,17,17,3831,0,0,0,0,0,0,0,0,0
202207,534,45780,C,Toledo  OH ,42,42,13851,6,12,263,0,0,0,1,20,857,21,21,7360,5,10,23,0,0,0,0,0,0
202207,536,46060,C,Tucson  AZ ,209,209,69502,2,4,475,0,0,0,8,99,14632,109,109,43083,0,0,0,0,0,0,3,24,3376
202207,538,46140,C,Tulsa  OK ,252,252,59263,7,14,1280,0,0,0,2,13,1000,212,212,48683,6,12,1033,0,0,0,0,0,0
202207,540,46340,C,Tyler  TX ,91,91,23190,2,4,517,0,0,0,1,5,623,76,76,19473,1,2,260,0,0,0,0,0,0
202207,544,47020,C,Victoria  TX ,12,12,2378,0,0,0,0,0,0,0,0,0,9,9,2306,0,0,0,0,0,0,0,0,0
202207,545,47260,C,Virginia Beach-Norfolk-Newport News  VA-NC ,291,291,73724,0,0,0,1,4,915,7,280,14329,214,214,58699,0,0,0,1,4,915,5,220,10777
202207,548,12580,C,Baltimore-Columbia-Towson  MD ,163,163,40221,0,0,0,1,3,269,7,221,42575,149,149,37993,0,0,0,1,3,269,5,66,9834
202207,548,15680,C,California-Lexington Park  MD ,21,21,8160,0,0,0,0,0,0,0,0,0,21,21,8160,0,0,0,0,0,0,0,0,0
202207,548,16540,C,Chambersburg-Waynesboro  PA ,24,24,5893,6,12,1800,0,0,0,0,0,0,17,17,4432,6,12,1800,0,0,0,0,0,0
202207,548,25180,C,Hagerstown-Martinsburg  MD-WV ,144,144,34731,1,2,360,0,0,0,0,0,0,139,139,33739,1,2,360,0,0,0,0,0,0
202207,548,47900,C,Washington-Arlington-Alexandria  DC-VA-MD-WV ,769,769,232019,4,8,1571,0,0,0,22,1832,287977,673,673,205195,4,8,1571,0,0,0,15,1696,269210
202207,548,49020,C,Winchester  VA-WV ,63,63,20409,0,0,0,0,0,0,0,0,0,63,63,20409,0,0,0,0,0,0,0,0,0
202207,554,48140,C,Wausau-Weston  WI ,41,41,12265,0,0,0,0,0,0,1,84,11000,29,29,8737,0,0,0,0,0,0,1,84,11000
202207,556,48620,C,Wichita  KS ,137,137,50576,53,106,12732,3,10,1400,0,0,0,111,111,38445,50,100,12088,3,10,1400,0,0,0
202207,558,48700,C,Williamsport  PA ,6,6,1567,0,0,0,0,0,0,0,0,0,2,2,631,0,0,0,0,0,0,0,0,0
202207,566,49660,C,Youngstown-Warren-Boardman  OH-PA ,25,25,6834,0,0,0,0,0,0,0,0,0,14,14,4401,0,0,0,0,0,0,0,0,0
202207,999,10180,C,Abilene  TX ,37,37,9369,3,6,801,0,0,0,0,0,0,37,37,9369,3,6,801,0,0,0,0,0,0
202207,999,10500,C,Albany  GA ,12,12,1586,0,0,0,0,0,0,0,0,0,6,6,172,0,0,0,0,0,0,0,0,0
202207,999,10780,C,Alexandria  LA ,42,42,9389,0,0,0,0,0,0,0,0,0,36,36,7809,0,0,0,0,0,0,0,0,0
202207,999,10900,C,Allentown-Bethlehem-Easton  PA-NJ ,133,133,31375,0,0,0,0,0,0,2,25,818,99,99,24278,0,0,0,0,0,0,0,0,0
202207,999,11260,C,Anchorage  AK ,54,54,17242,0,0,0,1,3,518,2,20,3033,4,4,1348,0,0,0,0,0,0,0,0,0
202207,999,11500,C,Anniston-Oxford  AL ,2,2,679,0,0,0,0,0,0,0,0,0,1,1,450,0,0,0,0,0,0,0,0,0
202207,999,12260,C,Augusta-Richmond County  GA-SC ,315,315,73474,0,0,0,0,0,0,10,138,19844,153,153,38405,0,0,0,0,0,0,10,138,19844
202207,999,12420,C,Austin-Round Rock-Georgetown  TX ,1489,1489,548868,12,24,2442,6,23,2118,35,2075,370291,1101,1101,465480,10,20,2049,3,12,1134,34,2062,368960
202207,999,12540,C,Bakersfield  CA ,131,131,26811,2,4,186,0,0,0,1,6,184,52,52,8013,2,4,186,0,0,0,0,0,0
202207,999,12620,C,Bangor  ME ,25,25,5654,1,2,350,0,0,0,0,0,0,6,6,2027,1,2,350,0,0,0,0,0,0
202207,999,12940,C,Baton Rouge  LA ,300,300,68054,0,0,0,0,0,0,0,0,0,68,68,14290,0,0,0,0,0,0,0,0,0
202207,999,13140,C,Beaumont-Port Arthur  TX ,103,103,25600,0,0,0,0,0,0,0,0,0,90,90,23184,0,0,0,0,0,0,0,0,0
202207,999,13220,C,Beckley  WV ,15,15,3965,0,0,0,0,0,0,0,0,0,14,14,3694,0,0,0,0,0,0,0,0,0
202207,999,13380,C,Bellingham  WA ,57,57,15362,0,0,0,2,6,1564,2,23,3378,36,36,9368,0,0,0,2,6,1564,2,23,3378
202207,999,13740,C,Billings  MT ,39,39,11826,3,6,1350,0,0,0,0,0,0,39,39,11826,3,6,1350,0,0,0,0,0,0
202207,999,13780,C,Binghamton  NY ,7,7,1311,0,0,0,0,0,0,3,27,2549,0,0,0,0,0,0,0,0,0,0,0,0
202207,999,13900,C,Bismarck  ND ,25,25,8542,4,8,1122,0,0,0,0,0,0,20,20,7058,4,8,1122,0,0,0,0,0,0
202207,999,13980,C,Blacksburg-Christiansburg  VA ,41,41,10545,0,0,0,0,0,0,3,54,4945,39,39,10141,0,0,0,0,0,0,3,54,4945
202207,999,15260,C,Brunswick  GA ,47,47,15317,1,2,301,0,0,0,1,5,2696,2,2,150,0,0,0,0,0,0,0,0,0
202207,999,16060,C,Carbondale-Marion  IL ,4,4,829,0,0,0,0,0,0,0,0,0,3,3,678,0,0,0,0,0,0,0,0,0
202207,999,16220,C,Casper  WY ,10,10,2449,0,0,0,0,0,0,1,5,498,4,4,720,0,0,0,0,0,0,0,0,0
202207,999,16580,C,Champaign-Urbana  IL ,16,16,7320,0,0,0,0,0,0,0,0,0,16,16,7320,0,0,0,0,0,0,0,0,0
202207,999,16700,C,Charleston-North Charleston  SC ,502,502,163926,0,0,0,0,0,0,10,224,22283,268,268,96118,0,0,0,0,0,0,0,0,0
202207,999,16820,C,Charlottesville  VA ,68,68,22759,1,2,346,0,0,0,5,47,6855,9,9,2355,0,0,0,0,0,0,0,0,0
202207,999,16940,C,Cheyenne  WY ,28,28,6304,0,0,0,4,16,2044,4,92,11500,28,28,6304,0,0,0,4,16,2044,4,92,11500
202207,999,17020,C,Chico  CA ,68,68,14044,0,0,0,0,0,0,0,0,0,52,52,10866,0,0,0,0,0,0,0,0,0
202207,999,17300,C,Clarksville  TN-KY ,180,180,34173,0,0,0,53,210,15035,39,410,29571,177,177,33876,0,0,0,53,210,15035,39,410,29571
202207,999,17780,C,College Station-Bryan  TX ,107,107,28094,0,0,0,0,0,0,0,0,0,107,107,28094,0,0,0,0,0,0,0,0,0
202207,999,17820,C,Colorado Springs  CO ,226,226,95636,3,6,2087,0,0,0,17,536,87308,226,226,95636,3,6,2087,0,0,0,17,536,87308
202207,999,18880,C,Crestview-Fort Walton Beach-Destin  FL ,228,228,118248,0,0,0,0,0,0,2,14,2178,228,228,118248,0,0,0,0,0,0,2,14,2178
202207,999,19060,C,Cumberland  MD-WV ,8,8,2548,0,0,0,0,0,0,0,0,0,8,8,2548,0,0,0,0,0,0,0,0,0
202207,999,19180,C,Danville  IL ,1,1,138,0,0,0,0,0,0,0,0,0,0,0,0,0,0,0,0,0,0,0,0,0
202207,999,19500,C,Decatur  IL ,0,0,0,0,0,0,0,0,0,0,0,0,0,0,0,0,0,0,0,0,0,0,0,0
202207,999,20220,C,Dubuque  IA ,8,8,2703,0,0,0,0,0,0,1,14,367,3,3,1077,0,0,0,0,0,0,0,0,0
202207,999,20260,C,Duluth  MN-WI ,54,54,13008,0,0,0,0,0,0,0,0,0,40,40,9512,0,0,0,0,0,0,0,0,0
202207,999,20940,C,El Centro  CA ,28,28,4768,0,0,0,0,0,0,1,5,500,8,8,1444,0,0,0,0,0,0,0,0,0
202207,999,21420,C,Enid  OK ,6,6,1512,0,0,0,0,0,0,0,0,0,6,6,1512,0,0,0,0,0,0,0,0,0
202207,999,21660,C,Eugene-Springfield  OR ,78,78,17633,1,2,273,0,0,0,7,119,14899,60,60,12876,1,2,273,0,0,0,7,119,14899
202207,999,21780,C,Evansville  IN-KY ,81,81,26150,3,6,1088,0,0,0,1,14,1042,37,37,15273,0,0,0,0,0,0,0,0,0
202207,999,21820,C,Fairbanks  AK ,6,6,4,0,0,0,0,0,0,0,0,0,6,6,4,0,0,0,0,0,0,0,0,0
202207,999,22140,C,Farmington  NM ,6,6,1392,0,0,0,0,0,0,0,0,0,4,4,806,0,0,0,0,0,0,0,0,0
202207,999,22220,C,Fayetteville-Springdale-Rogers  AR-MO ,456,456,133518,1,2,465,8,32,5796,12,153,13154,360,360,111319,0,0,0,8,32,5796,8,112,9963
202207,999,22380,C,Flagstaff  AZ ,34,34,11120,0,0,0,0,0,0,0,0,0,34,34,11120,0,0,0,0,0,0,0,0,0
202207,999,22500,C,Florence  SC ,81,81,14775,0,0,0,0,0,0,0,0,0,81,81,14775,0,0,0,0,0,0,0,0,0
202207,999,22520,C,Florence-Muscle Shoals  AL ,23,23,2901,0,0,0,0,0,0,0,0,0,8,8,1158,0,0,0,0,0,0,0,0,0
202207,999,22540,C,Fond du Lac  WI ,15,15,3909,0,0,0,0,0,0,1,7,555,4,4,600,0,0,0,0,0,0,0,0,0
202207,999,22660,C,Fort Collins  CO ,111,111,43042,4,8,2176,2,6,1536,2,69,14800,111,111,43042,4,8,2176,2,6,1536,2,69,14800
202207,999,22900,C,Fort Smith  AR-OK ,54,54,12911,11,22,1683,0,0,0,2,18,2400,46,46,11657,11,22,1683,0,0,0,2,18,2400
202207,999,23460,C,Gadsden  AL ,17,17,3688,0,0,0,0,0,0,0,0,0,10,10,2662,0,0,0,0,0,0,0,0,0
202207,999,24140,C,Goldsboro  NC ,13,13,2659,0,0,0,0,0,0,0,0,0,9,9,1756,0,0,0,0,0,0,0,0,0
202207,999,24220,C,Grand Forks  ND-MN ,23,23,5056,0,0,0,0,0,0,0,0,0,23,23,5056,0,0,0,0,0,0,0,0,0
202207,999,24260,C,Grand Island  NE ,10,10,2284,3,6,893,1,3,500,0,0,0,7,7,1885,3,6,893,1,3,500,0,0,0
202207,999,24300,C,Grand Junction  CO ,57,57,10155,0,0,0,0,0,0,2,48,3406,57,57,10155,0,0,0,0,0,0,2,48,3406
202207,999,24500,C,Great Falls  MT ,15,15,8069,1,2,600,0,0,0,1,5,250,12,12,7477,1,2,600,0,0,0,0,0,0
202207,999,25060,C,Gulfport-Biloxi  MS ,270,270,28329,1,2,185,2,6,602,2,12,1016,188,188,14941,0,0,0,0,0,0,0,0,0
202207,999,25860,C,Hickory-Lenoir-Morganton  NC ,156,156,39209,1,2,360,0,0,0,3,18,986,131,131,34249,0,0,0,0,0,0,0,0,0
202207,999,25940,C,Hilton Head Island-Bluffton  SC ,238,238,116289,0,0,0,0,0,0,4,80,12958,116,116,71413,0,0,0,0,0,0,0,0,0
202207,999,26140,C,Homosassa Springs  FL ,128,128,28072,1,2,186,0,0,0,0,0,0,0,0,0,0,0,0,0,0,0,0,0,0
202207,999,26380,C,Houma-Thibodaux  LA ,27,27,9196,1,2,156,0,0,0,0,0,0,15,15,5956,0,0,0,0,0,0,0,0,0
202207,999,27100,C,Jackson  MI ,9,9,2577,0,0,0,0,0,0,0,0,0,2,2,690,0,0,0,0,0,0,0,0,0
202207,999,27340,C,Jacksonville  NC ,102,102,21339,0,0,0,0,0,0,0,0,0,102,102,21339,0,0,0,0,0,0,0,0,0
202207,999,27620,C,Jefferson City  MO ,17,17,6200,0,0,0,0,0,0,0,0,0,11,11,4718,0,0,0,0,0,0,0,0,0
202207,999,27980,C,Kahului-Wailuku-Lahaina  HI ,24,24,21016,1,2,261,0,0,0,0,0,0,24,24,21016,1,2,261,0,0,0,0,0,0
202207,999,28660,C,Killeen-Temple  TX ,154,154,33309,36,72,7124,0,0,0,4,66,7927,62,62,15962,19,38,4284,0,0,0,0,0,0
202207,999,29100,C,La Crosse-Onalaska  WI-MN ,20,20,6631,5,10,1950,0,0,0,1,13,1661,12,12,4094,3,6,1100,0,0,0,0,0,0
202207,999,29420,C,Lake Havasu City-Kingman  AZ ,156,156,45746,0,0,0,3,12,2028,0,0,0,155,155,45650,0,0,0,3,12,2028,0,0,0
202207,999,29540,C,Lancaster  PA ,65,65,21040,6,12,3984,1,3,447,8,69,13797,45,45,14023,6,12,3984,0,0,0,7,64,13501
202207,999,29620,C,Lansing-East Lansing  MI ,36,36,11626,1,2,490,0,0,0,2,161,23218,17,17,6493,1,2,490,0,0,0,1,132,20000
202207,999,29700,C,Laredo  TX ,96,96,15419,2,4,353,1,3,381,1,18,1170,0,0,0,0,0,0,0,0,0,0,0,0
202207,999,30020,C,Lawton  OK ,11,11,1868,0,0,0,0,0,0,0,0,0,4,4,684,0,0,0,0,0,0,0,0,0
202207,999,30300,C,Lewiston  ID-WA ,7,7,1870,1,2,200,0,0,0,0,0,0,3,3,784,1,2,200,0,0,0,0,0,0
202207,999,30860,C,Logan  UT-ID ,81,81,27992,0,0,0,0,0,0,4,21,3711,71,71,25435,0,0,0,0,0,0,4,21,3711
202207,999,30980,C,Longview  TX ,23,23,4908,0,0,0,0,0,0,2,17,2416,0,0,0,0,0,0,0,0,0,0,0,0
202207,999,31340,C,Lynchburg  VA ,25,25,6653,1,2,225,0,0,0,1,11,285,23,23,6247,1,2,225,0,0,0,0,0,0
202207,999,31740,C,Manhattan  KS ,18,18,6022,1,2,279,0,0,0,0,0,0,7,7,2511,0,0,0,0,0,0,0,0,0
202207,999,33540,C,Missoula  MT ,37,37,9076,1,2,289,0,0,0,4,84,3844,37,37,9076,1,2,289,0,0,0,4,84,3844
202207,999,36100,C,Ocala  FL ,401,401,101540,0,0,0,0,0,0,11,272,28050,401,401,101540,0,0,0,0,0,0,11,272,28050
202207,999,36980,C,Owensboro  KY ,10,10,955,0,0,0,0,0,0,0,0,0,10,10,955,0,0,0,0,0,0,0,0,0
202207,999,37340,C,Palm Bay-Melbourne-Titusville  FL ,249,249,85426,0,0,0,0,0,0,4,216,41124,75,75,39312,0,0,0,0,0,0,4,216,41124
202207,999,37460,C,Panama City  FL ,104,104,38030,1,2,438,0,0,0,5,60,10869,7,7,4213,0,0,0,0,0,0,0,0,0
202207,999,37900,C,Peoria  IL ,5,5,1522,1,2,160,0,0,0,8,101,3391,2,2,712,0,0,0,0,0,0,7,96,3000
202207,999,38340,C,Pittsfield  MA ,8,8,2721,0,0,0,0,0,0,0,0,0,1,1,443,0,0,0,0,0,0,0,0,0
202207,999,38540,C,Pocatello  ID ,36,36,11311,0,0,0,1,3,311,0,0,0,28,28,10341,0,0,0,0,0,0,0,0,0
202207,999,39150,C,Prescott Valley-Prescott  AZ ,138,138,50687,7,14,2920,0,0,0,0,0,0,133,133,48708,6,12,2631,0,0,0,0,0,0
202207,999,40060,C,Richmond  VA ,476,476,113458,4,8,1131,1,3,166,22,790,99574,464,464,111552,4,8,1131,1,3,166,21,780,98608
202207,999,40220,C,Roanoke  VA ,41,41,12481,0,0,0,0,0,0,1,39,4766,25,25,7605,0,0,0,0,0,0,0,0,0
202207,999,41100,C,St. George  UT ,202,202,39547,2,4,393,1,4,800,3,22,3467,166,166,33026,0,0,0,1,4,800,3,22,3467
202207,999,41500,C,Salinas  CA ,29,29,7426,1,2,348,0,0,0,2,17,2514,4,4,210,0,0,0,0,0,0,0,0,0
202207,999,41660,C,San Angelo  TX ,12,12,3039,0,0,0,0,0,0,0,0,0,12,12,3039,0,0,0,0,0,0,0,0,0
202207,999,41740,C,San Diego-Chula Vista-Carlsbad  CA ,251,251,72721,6,12,1656,5,20,3977,13,113,24620,244,244,70933,6,12,1656,5,20,3977,12,107,23952
202207,999,42020,C,San Luis Obispo-Paso Robles  CA ,47,47,13851,0,0,0,1,3,521,5,77,3021,17,17,4903,0,0,0,0,0,0,3,55,0
202207,999,42200,C,Santa Maria-Santa Barbara  CA ,37,37,6697,1,2,286,2,6,2100,2,10,911,25,25,6265,0,0,0,2,6,2100,0,0,0
202207,999,42540,C,Scranton--Wilkes-Barre  PA ,40,40,11854,0,0,0,0,0,0,0,0,0,16,16,5725,0,0,0,0,0,0,0,0,0
202207,999,42700,C,Sebring-Avon Park  FL ,42,42,9449,0,0,0,0,0,0,0,0,0,42,42,9449,0,0,0,0,0,0,0,0,0
202207,999,43100,C,Sheboygan  WI ,13,13,4907,2,4,700,0,0,0,0,0,0,3,3,1185,2,4,700,0,0,0,0,0,0
202207,999,43420,C,Sierra Vista-Douglas  AZ ,39,39,4058,0,0,0,0,0,0,0,0,0,37,37,3628,0,0,0,0,0,0,0,0,0
202207,999,43580,C,Sioux City  IA-NE-SD ,19,19,5820,0,0,0,1,3,0,0,0,0,10,10,3259,0,0,0,0,0,0,0,0,0
202207,999,43620,C,Sioux Falls  SD ,138,138,33242,1,2,380,11,44,8592,20,616,83527,130,130,31285,1,2,380,11,44,8592,20,616,83527
202207,999,44140,C,Springfield  MA ,34,34,10446,0,0,0,0,0,0,2,14,1344,16,16,6269,0,0,0,0,0,0,0,0,0
202207,999,44180,C,Springfield  MO ,164,164,41569,0,0,0,1,3,188,5,25,2700,134,134,33176,0,0,0,0,0,0,5,25,2700
202207,999,44940,C,Sumter  SC ,32,32,5080,1,2,230,0,0,0,0,0,0,0,0,0,0,0,0,0,0,0,0,0,0
202207,999,45220,C,Tallahassee  FL ,124,124,28638,1,2,222,0,0,0,6,146,18683,58,58,14687,0,0,0,0,0,0,0,0,0
202207,999,45300,C,Tampa-St. Petersburg-Clearwater  FL ,1268,1268,390454,4,8,914,19,68,4754,63,1071,88531,1241,1241,382858,3,6,634,19,68,4754,60,1051,83113
202207,999,45460,C,Terre Haute  IN ,7,7,963,0,0,0,0,0,0,2,11,1221,2,2,140,0,0,0,0,0,0,1,6,750
202207,999,45500,C,Texarkana  TX-AR ,13,13,3152,0,0,0,0,0,0,0,0,0,7,7,1773,0,0,0,0,0,0,0,0,0
202207,999,45820,C,Topeka  KS ,39,39,8378,0,0,0,0,0,0,0,0,0,35,35,7369,0,0,0,0,0,0,0,0,0
202207,999,46220,C,Tuscaloosa  AL ,43,43,10597,0,0,0,3,11,829,2,69,11431,11,11,2671,0,0,0,0,0,0,0,0,0
202207,999,46300,C,Twin Falls  ID ,18,18,4702,0,0,0,0,0,0,3,30,9360,16,16,4340,0,0,0,0,0,0,3,30,9360
202207,999,46520,C,Urban Honolulu  HI ,108,108,29775,3,6,1000,0,0,0,6,47,14271,108,108,29775,3,6,1000,0,0,0,6,47,14271
202207,999,46540,C,Utica-Rome  NY ,12,12,3093,0,0,0,0,0,0,2,21,2945,2,2,1230,0,0,0,0,0,0,0,0,0
202207,999,46660,C,Valdosta  GA ,93,93,17898,1,2,133,0,0,0,1,15,1473,42,42,9289,0,0,0,0,0,0,0,0,0
202207,999,47300,C,Visalia  CA ,85,85,20387,1,2,150,0,0,0,23,168,19030,78,78,19134,0,0,0,0,0,0,23,168,19030
202207,999,47380,C,Waco  TX ,56,56,7528,2,4,422,0,0,0,1,5,514,44,44,5317,1,2,225,0,0,0,0,0,0
202207,999,47940,C,Waterloo-Cedar Falls  IA ,11,11,5074,4,8,780,0,0,0,0,0,0,6,6,2637,4,8,780,0,0,0,0,0,0
202207,999,48060,C,Watertown-Fort Drum  NY ,13,13,2642,0,0,0,0,0,0,0,0,0,0,0,0,0,0,0,0,0,0,0,0,0
202207,999,48300,C,Wenatchee  WA ,49,49,17064,2,4,900,0,0,0,0,0,0,29,29,13291,2,4,900,0,0,0,0,0,0
202207,999,48540,C,Wheeling  WV-OH ,0,0,0,0,0,0,0,0,0,0,0,0,0,0,0,0,0,0,0,0,0,0,0,0
202207,999,48660,C,Wichita Falls  TX ,11,11,2584,0,0,0,0,0,0,0,0,0,9,9,2114,0,0,0,0,0,0,0,0,0
202207,999,48900,C,Wilmington  NC ,187,187,57570,4,8,1961,1,3,1422,6,177,23155,80,80,21403,1,2,700,0,0,0,0,0,0
202207,999,49420,C,Yakima  WA ,35,35,9729,1,2,286,2,6,709,1,8,1808,29,29,8220,1,2,286,1,3,450,0,0,0
202207,999,49740,C,Yuma  AZ ,81,81,14138,0,0,0,0,0,0,6,90,10995,77,77,13525,0,0,0,0,0,0,6,90,10995
