Survey,CSA,CBSA,MONCOV,CBSA,,1-unit,,,2-units,,,3-4 units,,,5+ units,,,1-unit rep,,,2-units rep,,,3-4 units rep,,,5+ units rep
Date,Code,Code,,Name,Bldgs,Units,Value,Bldgs,Units,Value,Bldgs,Units,Value,Bldgs,Units,Value,Bldgs,Units,Value,Bldgs,Units,Value,      Bldgs,Units,Value,Bldgs,Units,Value
 
202203,104,10580,C,Albany-Schenectady-Troy  NY ,108,108,31358,1,2,300,3,12,2540,5,57,3793,72,72,22428,0,0,0,2,8,2040,1,16,0
202203,104,24020,C,Glens Falls  NY ,21,21,5303,0,0,0,1,4,523,2,10,1155,11,11,2900,0,0,0,1,4,523,2,10,1155
202203,106,10740,C,Albuquerque  NM ,226,226,60861,0,0,0,1,4,400,4,241,25965,210,210,56949,0,0,0,1,4,400,2,231,25548
202203,106,42140,C,Santa Fe  NM ,31,31,8421,0,0,0,0,0,0,3,38,5330,0,0,0,0,0,0,0,0,0,0,0,0
202203,107,11020,C,Altoona  PA ,6,6,1979,0,0,0,0,0,0,0,0,0,4,4,1618,0,0,0,0,0,0,0,0,0
202203,108,11100,C,Amarillo  TX ,64,64,15390,8,16,2055,0,0,0,0,0,0,63,63,15072,8,16,2055,0,0,0,0,0,0
202203,118,11540,C,Appleton  WI ,38,38,13634,8,16,3098,0,0,0,1,7,793,27,27,10491,8,16,3098,0,0,0,0,0,0
202203,118,36780,C,Oshkosh-Neenah  WI ,34,34,11013,1,2,348,0,0,0,0,0,0,32,32,10514,1,2,348,0,0,0,0,0,0
202203,120,11700,C,Asheville  NC ,300,300,101744,1,2,441,0,0,0,7,132,13187,135,135,52792,0,0,0,0,0,0,0,0,0
202203,122,12020,C,Athens-Clarke County  GA ,86,86,24704,0,0,0,0,0,0,13,301,40245,52,52,18458,0,0,0,0,0,0,13,301,40245
202203,122,12060,C,Atlanta-Sandy Springs-Alpharetta  GA ,2882,2882,740538,10,20,5096,18,64,6400,46,1453,182670,2545,2545,667748,10,20,5096,18,64,6400,45,1448,181170
202203,122,23580,C,Gainesville  GA ,137,137,32794,0,0,0,0,0,0,0,0,0,34,34,8525,0,0,0,0,0,0,0,0,0
202203,122,40660,C,Rome  GA ,12,12,500,0,0,0,0,0,0,0,0,0,12,12,500,0,0,0,0,0,0,0,0,0
202203,140,13460,C,Bend  OR ,136,136,50251,10,20,2369,0,0,0,3,50,10126,136,136,50251,10,20,2369,0,0,0,3,50,10126
202203,142,13820,C,Birmingham-Hoover  AL ,386,386,120318,1,2,160,0,0,0,6,333,47930,304,304,90784,1,2,160,0,0,0,6,333,47930
202203,144,14020,C,Bloomington  IN ,32,32,8704,1,2,284,0,0,0,1,44,5167,7,7,1995,0,0,0,0,0,0,0,0,0
202203,145,14010,C,Bloomington  IL ,29,29,8287,0,0,0,0,0,0,0,0,0,21,21,6457,0,0,0,0,0,0,0,0,0
202203,146,14100,C,Bloomsburg-Berwick  PA ,9,9,2276,0,0,0,0,0,0,0,0,0,5,5,1112,0,0,0,0,0,0,0,0,0
202203,147,14260,C,Boise City  ID ,746,746,187152,4,8,1869,24,96,10228,24,551,76389,716,716,180034,4,8,1869,24,96,10228,24,551,76389
202203,148,12700,C,Barnstable Town  MA ,49,49,27192,3,6,640,0,0,0,0,0,0,24,24,14114,1,2,150,0,0,0,0,0,0
202203,148,14460,C,Boston-Cambridge-Newton  MA-NH ,416,416,148899,19,38,9765,11,35,7046,55,959,169306,233,233,96350,15,30,7927,9,29,6042,11,457,108811
202203,148,31700,C,Manchester-Nashua  NH ,63,63,19097,2,4,1033,0,0,0,0,0,0,22,22,9423,0,0,0,0,0,0,0,0,0
202203,148,39300,C,Providence-Warwick  RI-MA ,137,137,38057,8,16,2250,0,0,0,0,0,0,64,64,21385,6,12,1724,0,0,0,0,0,0
202203,148,49340,C,Worcester  MA-CT ,126,126,34334,3,6,1417,1,3,465,3,64,7867,68,68,19159,2,4,940,1,3,465,0,0,0
202203,150,14540,C,Bowling Green  KY ,85,85,20384,0,0,0,2,7,625,6,48,3555,84,84,20234,0,0,0,1,4,400,6,48,3555
202203,154,15180,C,Brownsville-Harlingen  TX ,175,175,22292,2,4,282,2,7,850,2,23,1695,45,45,6949,0,0,0,0,0,0,0,0,0
202203,160,15380,C,Buffalo-Cheektowaga  NY ,91,91,31450,1,2,210,0,0,0,5,55,9311,67,67,25017,1,2,210,0,0,0,1,8,1565
202203,162,15540,C,Burlington-South Burlington  VT ,42,42,14161,1,2,415,0,0,0,5,37,4767,22,22,8510,0,0,0,0,0,0,1,9,1800
202203,163,15980,C,Cape Coral-Fort Myers  FL ,880,880,170243,14,28,3638,10,40,4569,8,407,75604,581,581,109520,0,0,0,10,40,4569,4,335,70619
202203,163,34940,C,Naples-Marco Island  FL ,352,352,148307,2,4,267,4,16,3907,3,176,18884,352,352,148307,2,4,267,4,16,3907,3,176,18884
202203,164,16020,C,Cape Girardeau  MO-IL ,8,8,2264,0,0,0,1,3,75,1,5,577,0,0,0,0,0,0,0,0,0,0,0,0
202203,168,16300,C,Cedar Rapids  IA ,66,66,14285,4,8,1106,0,0,0,1,106,9303,62,62,13416,3,6,831,0,0,0,1,106,9303
202203,168,26980,C,Iowa City  IA ,49,49,15184,10,20,5300,1,4,700,0,0,0,41,41,13728,10,20,5300,1,4,700,0,0,0
202203,170,16620,C,Charleston  WV ,16,16,2531,0,0,0,0,0,0,0,0,0,9,9,1444,0,0,0,0,0,0,0,0,0
202203,170,26580,C,Huntington-Ashland  WV-KY-OH ,24,24,4565,0,0,0,2,6,280,0,0,0,0,0,0,0,0,0,2,6,280,0,0,0
202203,172,16740,C,Charlotte-Concord-Gastonia  NC-SC ,2062,2062,551017,2,4,690,6,23,3760,17,329,19313,1791,1791,468695,2,4,690,6,23,3760,16,308,16930
202203,174,16860,C,Chattanooga  TN-GA ,267,267,63356,5,10,721,3,12,1883,4,61,6410,192,192,48138,0,0,0,3,12,1883,0,0,0
202203,174,17420,C,Cleveland  TN ,105,105,24159,1,2,295,5,18,3061,1,8,256,81,81,19806,1,2,295,5,18,3061,1,8,256
202203,174,19140,C,Dalton  GA ,47,47,7216,0,0,0,0,0,0,1,5,143,0,0,0,0,0,0,0,0,0,0,0,0
202203,176,16980,C,Chicago-Naperville-Elgin  IL-IN-WI ,878,878,265474,19,38,7551,18,58,11837,22,710,159444,742,742,227917,18,36,7291,17,55,10980,13,576,142099
202203,176,28100,C,Kankakee  IL ,24,24,5393,0,0,0,0,0,0,0,0,0,24,24,5393,0,0,0,0,0,0,0,0,0
202203,176,33140,C,Michigan City-La Porte  IN ,10,10,2867,0,0,0,0,0,0,0,0,0,0,0,0,0,0,0,0,0,0,0,0,0
202203,178,17140,C,Cincinnati  OH-KY-IN ,455,455,141792,23,46,6829,15,51,7365,12,177,18461,377,377,124265,22,44,6606,15,51,7365,11,172,18055
202203,184,10420,C,Akron  OH ,50,50,15117,0,0,0,2,7,800,4,24,2511,40,40,11654,0,0,0,1,4,500,3,16,2404
202203,184,15940,C,Canton-Massillon  OH ,36,36,11756,3,6,1205,1,3,154,1,8,614,30,30,10838,3,6,1205,0,0,0,0,0,0
202203,184,17460,C,Cleveland-Elyria  OH ,291,291,92757,1,2,153,3,11,1100,7,36,7845,207,207,70725,0,0,0,3,11,1100,6,31,3886
202203,190,17860,C,Columbia  MO ,59,59,22172,0,0,0,0,0,0,1,7,829,58,58,21894,0,0,0,0,0,0,1,7,829
202203,192,17900,C,Columbia  SC ,551,551,118532,0,0,0,7,25,3806,3,209,31689,193,193,33182,0,0,0,7,25,3806,1,198,30132
202203,194,12220,C,Auburn-Opelika  AL ,148,148,39881,0,0,0,1,3,664,7,105,15268,33,33,10175,0,0,0,0,0,0,0,0,0
202203,194,17980,C,Columbus  GA-AL ,147,147,22087,0,0,0,0,0,0,2,53,8240,47,47,12353,0,0,0,0,0,0,0,0,0
202203,198,18140,C,Columbus  OH ,623,623,210421,4,8,1200,1,4,750,17,374,19190,551,551,189851,4,8,1200,1,4,750,15,363,17848
202203,204,18580,C,Corpus Christi  TX ,155,155,37915,1,2,247,0,0,0,2,33,2733,114,114,27135,0,0,0,0,0,0,0,0,0
202203,206,19100,C,Dallas-Fort Worth-Arlington  TX ,5097,5097,1345264,21,42,5200,26,98,13679,38,2320,301544,4386,4386,1151511,17,34,4212,25,94,13361,32,2161,276405
202203,206,43300,C,Sherman-Denison  TX ,142,142,26310,1,2,32,0,0,0,3,34,4094,120,120,23838,0,0,0,0,0,0,2,22,2740
202203,209,19340,C,Davenport-Moline-Rock Island  IA-IL ,83,83,17947,1,2,360,1,4,540,1,5,664,80,80,16834,1,2,360,1,4,540,0,0,0
202203,212,19430,C,Dayton-Kettering  OH ,131,131,45582,2,4,507,1,3,299,2,55,9726,89,89,36629,0,0,0,0,0,0,1,22,5723
202203,212,44220,C,Springfield  OH ,3,3,1361,0,0,0,0,0,0,0,0,0,3,3,1361,0,0,0,0,0,0,0,0,0
202203,216,14500,C,Boulder  CO ,30,30,14818,0,0,0,1,3,703,8,97,21358,26,26,11411,0,0,0,0,0,0,6,65,15092
202203,216,19740,C,Denver-Aurora-Lakewood  CO ,1378,1378,419965,6,12,3830,1,3,757,45,1720,239663,1325,1325,403695,5,10,3214,1,3,757,43,1678,233097
202203,216,24540,C,Greeley  CO ,367,367,100603,1,2,344,1,4,1009,13,150,21779,158,158,41414,0,0,0,1,4,1009,8,104,15980
202203,218,11180,C,Ames  IA ,39,39,11617,0,0,0,0,0,0,0,0,0,32,32,9599,0,0,0,0,0,0,0,0,0
202203,218,19780,C,Des Moines-West Des Moines  IA ,417,417,125565,14,28,6318,0,0,0,1,11,1143,391,391,116884,12,24,5731,0,0,0,0,0,0
202203,220,11460,C,Ann Arbor  MI ,82,82,24100,0,0,0,0,0,0,1,19,1490,64,64,19661,0,0,0,0,0,0,0,0,0
202203,220,19820,C,Detroit-Warren-Dearborn  MI ,485,485,170336,1,2,338,2,8,969,19,501,64791,379,379,143241,1,2,338,1,4,651,16,485,61641
202203,220,22420,C,Flint  MI ,56,56,13138,0,0,0,15,48,1099,0,0,0,48,48,11424,0,0,0,15,48,1099,0,0,0
202203,220,33780,C,Monroe  MI ,23,23,5923,0,0,0,1,4,500,1,11,393,6,6,2227,0,0,0,1,4,500,0,0,0
202203,222,20020,C,Dothan  AL ,40,40,11974,0,0,0,0,0,0,0,0,0,22,22,8124,0,0,0,0,0,0,0,0,0
202203,232,20740,C,Eau Claire  WI ,26,26,10060,6,12,2341,0,0,0,1,9,1700,23,23,9098,5,10,2085,0,0,0,1,9,1700
202203,236,21300,C,Elmira  NY ,2,2,196,0,0,0,0,0,0,1,22,3418,0,0,0,0,0,0,0,0,0,0,0,0
202203,238,21340,C,El Paso  TX ,304,304,71228,5,10,1233,1,3,392,3,16,1918,69,69,16508,0,0,0,0,0,0,0,0,0
202203,238,29740,C,Las Cruces  NM ,141,141,36833,0,0,0,1,3,237,1,8,563,43,43,12566,0,0,0,0,0,0,0,0,0
202203,240,21500,C,Erie  PA ,18,18,7070,0,0,0,0,0,0,1,6,450,13,13,5911,0,0,0,0,0,0,1,6,450
202203,244,22020,C,Fargo  ND-MN ,106,106,32320,0,0,0,0,0,0,0,0,0,104,104,31345,0,0,0,0,0,0,0,0,0
202203,246,22180,C,Fayetteville  NC ,243,243,44791,0,0,0,0,0,0,0,0,0,161,161,33273,0,0,0,0,0,0,0,0,0
202203,258,23060,C,Fort Wayne  IN ,154,154,43280,8,16,961,0,0,0,2,14,1040,13,13,4231,0,0,0,0,0,0,0,0,0
202203,260,23420,C,Fresno  CA ,343,343,104551,0,0,0,1,4,300,6,81,17148,193,193,58397,0,0,0,0,0,0,5,72,15953
202203,260,25260,C,Hanford-Corcoran  CA ,31,31,7854,1,2,316,0,0,0,0,0,0,0,0,0,1,2,316,0,0,0,0,0,0
202203,260,31460,C,Madera  CA ,107,107,27016,0,0,0,0,0,0,2,32,3517,107,107,27016,0,0,0,0,0,0,2,32,3517
202203,264,23540,C,Gainesville  FL ,122,122,28214,0,0,0,0,0,0,2,110,3745,0,0,0,0,0,0,0,0,0,0,0,0
202203,266,24340,C,Grand Rapids-Kentwood  MI ,253,253,78291,1,2,301,8,28,4721,4,99,11147,166,166,56313,0,0,0,6,22,3371,1,50,6000
202203,266,34740,C,Muskegon  MI ,26,26,6770,0,0,0,0,0,0,0,0,0,20,20,5318,0,0,0,0,0,0,0,0,0
202203,267,24580,C,Green Bay  WI ,61,61,22736,2,4,848,0,0,0,2,15,1220,34,34,14525,0,0,0,0,0,0,0,0,0
202203,268,15500,C,Burlington  NC ,194,194,30074,0,0,0,0,0,0,0,0,0,194,194,30074,0,0,0,0,0,0,0,0,0
202203,268,24660,C,Greensboro-High Point  NC ,270,270,73041,5,10,3362,0,0,0,6,162,24318,201,201,48294,5,10,3362,0,0,0,6,162,24318
202203,268,49180,C,Winston-Salem  NC ,386,386,95971,0,0,0,1,3,276,1,7,276,265,265,63043,0,0,0,0,0,0,0,0,0
202203,272,24780,C,Greenville  NC ,86,86,17070,2,4,800,0,0,0,0,0,0,47,47,8062,2,4,800,0,0,0,0,0,0
202203,273,24860,C,Greenville-Anderson  SC ,686,686,191101,1,2,247,6,24,1064,30,283,29289,652,652,182830,1,2,247,6,24,1064,29,278,29247
202203,273,43900,C,Spartanburg  SC ,319,319,51968,0,0,0,0,0,0,0,0,0,0,0,0,0,0,0,0,0,0,0,0,0
202203,276,23900,C,Gettysburg  PA ,33,33,8518,0,0,0,0,0,0,0,0,0,33,33,8518,0,0,0,0,0,0,0,0,0
202203,276,25420,C,Harrisburg-Carlisle  PA ,135,135,34560,0,0,0,1,4,226,8,297,25343,117,117,30337,0,0,0,1,4,226,7,287,24115
202203,276,30140,C,Lebanon  PA ,21,21,4078,0,0,0,0,0,0,1,8,1401,3,3,502,0,0,0,0,0,0,0,0,0
202203,276,49620,C,York-Hanover  PA ,74,74,18005,0,0,0,0,0,0,2,27,2386,42,42,11866,0,0,0,0,0,0,0,0,0
202203,277,25500,C,Harrisonburg  VA ,93,93,17577,0,0,0,0,0,0,1,5,680,89,89,16705,0,0,0,0,0,0,0,0,0
202203,277,44420,C,Staunton  VA ,34,34,7364,0,0,0,0,0,0,0,0,0,34,34,7364,0,0,0,0,0,0,0,0,0
202203,278,25540,C,Hartford-East Hartford-Middletown  CT ,66,66,16236,0,0,0,0,0,0,5,54,4549,30,30,7680,0,0,0,0,0,0,0,0,0
202203,278,35980,C,Norwich-New London  CT ,32,32,8574,0,0,0,0,0,0,0,0,0,21,21,5943,0,0,0,0,0,0,0,0,0
202203,279,25620,C,Hattiesburg  MS ,20,20,2420,0,0,0,0,0,0,0,0,0,8,8,6,0,0,0,0,0,0,0,0,0
202203,284,26300,C,Hot Springs  AR ,1,1,200,0,0,0,0,0,0,0,0,0,1,1,200,0,0,0,0,0,0,0,0,0
202203,288,26420,C,Houston-The Woodlands-Sugar Land  TX ,5573,5573,1341077,29,58,5548,0,0,0,74,2248,237405,5026,5026,1205604,29,58,5548,0,0,0,69,2191,231985
202203,290,19460,C,Decatur  AL ,32,32,6899,0,0,0,0,0,0,0,0,0,31,31,6654,0,0,0,0,0,0,0,0,0
202203,290,26620,C,Huntsville  AL ,482,482,92204,2,4,337,0,0,0,1,7,817,107,107,31661,0,0,0,0,0,0,0,0,0
202203,292,26820,C,Idaho Falls  ID ,162,162,29440,2,4,264,6,23,2880,5,72,8133,159,159,28910,2,4,264,5,20,2430,5,72,8133
202203,294,18020,C,Columbus  IN ,17,17,4327,0,0,0,0,0,0,0,0,0,0,0,0,0,0,0,0,0,0,0,0,0
202203,294,26900,C,Indianapolis-Carmel-Anderson  IN ,860,860,297279,13,26,2170,2,8,574,11,565,80138,825,825,288962,13,26,2170,2,8,574,11,565,80138
202203,294,34620,C,Muncie  IN ,21,21,2398,0,0,0,0,0,0,0,0,0,16,16,1067,0,0,0,0,0,0,0,0,0
202203,296,27060,C,Ithaca  NY ,7,7,2014,1,2,320,0,0,0,1,6,411,3,3,746,0,0,0,0,0,0,0,0,0
202203,297,27180,C,Jackson  TN ,54,54,12103,0,0,0,0,0,0,0,0,0,11,11,2541,0,0,0,0,0,0,0,0,0
202203,298,27140,C,Jackson  MS ,117,117,33556,0,0,0,0,0,0,0,0,0,99,99,30552,0,0,0,0,0,0,0,0,0
202203,300,27260,C,Jacksonville  FL ,1517,1517,358802,3,6,500,8,24,7179,13,540,72644,1505,1505,354820,3,6,500,8,24,7179,13,540,72644
202203,304,27740,C,Johnson City  TN ,64,64,16737,0,0,0,0,0,0,0,0,0,36,36,12602,0,0,0,0,0,0,0,0,0
202203,304,28700,C,Kingsport-Bristol  TN-VA ,101,101,21421,0,0,0,3,10,1327,2,16,936,83,83,19045,0,0,0,2,7,981,0,0,0
202203,306,27780,C,Johnstown  PA ,6,6,1415,0,0,0,0,0,0,0,0,0,1,1,325,0,0,0,0,0,0,0,0,0
202203,308,27860,C,Jonesboro  AR ,77,77,11301,5,10,687,7,22,1250,2,10,565,19,19,2521,0,0,0,2,6,420,0,0,0
202203,309,27900,C,Joplin  MO ,70,70,12713,5,10,826,0,0,0,1,5,233,43,43,9021,2,4,598,0,0,0,0,0,0
202203,310,12980,C,Battle Creek  MI ,4,4,987,0,0,0,0,0,0,0,0,0,1,1,250,0,0,0,0,0,0,0,0,0
202203,310,28020,C,Kalamazoo-Portage  MI ,45,45,12225,2,4,800,1,3,461,0,0,0,17,17,5217,0,0,0,0,0,0,0,0,0
202203,312,28140,C,Kansas City  MO-KS ,523,523,173307,8,16,4628,3,9,1886,16,372,61198,475,475,156378,8,16,4628,3,9,1886,16,372,61198
202203,312,29940,C,Lawrence  KS ,19,19,7429,1,2,196,0,0,0,0,0,0,10,10,4203,0,0,0,0,0,0,0,0,0
202203,312,41140,C,St. Joseph  MO-KS ,11,11,2874,1,2,225,0,0,0,0,0,0,4,4,1325,0,0,0,0,0,0,0,0,0
202203,313,28420,C,Kennewick-Richland  WA ,146,146,45316,0,0,0,0,0,0,0,0,0,52,52,19524,0,0,0,0,0,0,0,0,0
202203,313,47460,C,Walla Walla  WA ,15,15,5231,0,0,0,1,3,350,0,0,0,10,10,4206,0,0,0,0,0,0,0,0,0
202203,315,28940,C,Knoxville  TN ,452,452,108033,0,0,0,0,0,0,3,46,6727,371,371,96379,0,0,0,0,0,0,1,6,3500
202203,315,34100,C,Morristown  TN ,73,73,17475,0,0,0,2,8,1346,0,0,0,57,57,14403,0,0,0,2,8,1346,0,0,0
202203,316,29020,C,Kokomo  IN ,10,10,3477,0,0,0,0,0,0,0,0,0,8,8,2866,0,0,0,0,0,0,0,0,0
202203,318,29180,C,Lafayette  LA ,183,183,42387,0,0,0,0,0,0,0,0,0,134,134,34286,0,0,0,0,0,0,0,0,0
202203,320,29200,C,Lafayette-West Lafayette  IN ,54,54,14248,0,0,0,0,0,0,1,52,5637,43,43,11950,0,0,0,0,0,0,0,0,0
202203,324,29340,C,Lake Charles  LA ,105,105,18034,3,6,597,0,0,0,0,0,0,41,41,6372,2,4,500,0,0,0,0,0,0
202203,332,29820,C,Las Vegas-Henderson-Paradise  NV ,1231,1231,335022,2,4,950,9,36,5130,19,215,20252,1231,1231,335022,2,4,950,9,36,5130,19,215,20252
202203,336,30460,C,Lexington-Fayette  KY ,144,144,31592,0,0,0,6,20,2246,4,120,10512,26,26,8150,0,0,0,5,16,1660,0,0,0
202203,338,30620,C,Lima  OH ,11,11,2809,0,0,0,1,3,207,1,5,560,4,4,1115,0,0,0,0,0,0,0,0,0
202203,339,30700,C,Lincoln  NE ,117,117,27170,2,4,563,0,0,0,2,95,10782,11,11,2741,0,0,0,0,0,0,0,0,0
202203,340,30780,C,Little Rock-North Little Rock-Conway  AR ,245,245,42375,4,8,488,0,0,0,8,194,18657,159,159,28066,2,4,250,0,0,0,5,144,15000
202203,340,38220,C,Pine Bluff  AR ,4,4,694,0,0,0,0,0,0,0,0,0,2,2,373,0,0,0,0,0,0,0,0,0
202203,348,31080,C,Los Angeles-Long Beach-Anaheim  CA ,1167,1167,350907,66,132,27912,22,69,14343,45,736,137522,967,967,271786,60,120,25211,19,60,12538,36,601,117052
202203,348,37100,C,Oxnard-Thousand Oaks-Ventura  CA ,56,56,16167,5,10,2252,1,3,661,5,112,12194,34,34,9622,4,8,1766,0,0,0,2,69,7177
202203,348,40140,C,Riverside-San Bernardino-Ontario  CA ,1588,1588,454553,7,14,896,7,27,5144,20,310,35789,1372,1372,404517,7,14,896,7,27,5144,10,229,24890
202203,350,21060,C,Elizabethtown-Fort Knox  KY ,68,68,16313,6,12,1440,0,0,0,0,0,0,57,57,14100,6,12,1440,0,0,0,0,0,0
202203,350,31140,C,Louisville-Jefferson County  KY-IN ,347,347,96965,1,2,325,0,0,0,0,0,0,202,202,66919,0,0,0,0,0,0,0,0,0
202203,352,31180,C,Lubbock  TX ,208,208,53063,33,66,9647,6,24,3461,0,0,0,206,206,52657,33,66,9647,6,24,3461,0,0,0
202203,356,31420,C,Macon-Bibb County  GA ,75,75,15428,0,0,0,0,0,0,0,0,0,33,33,7035,0,0,0,0,0,0,0,0,0
202203,356,47580,C,Warner Robins  GA ,422,422,58054,0,0,0,0,0,0,0,0,0,389,389,50307,0,0,0,0,0,0,0,0,0
202203,357,27500,C,Janesville-Beloit  WI ,36,36,8992,1,2,350,0,0,0,1,17,2195,22,22,5520,1,2,350,0,0,0,0,0,0
202203,357,31540,C,Madison  WI ,164,164,65669,4,8,2153,1,4,800,9,495,83006,125,125,54839,2,4,1046,1,4,800,8,489,81600
202203,359,31860,C,Mankato  MN ,22,22,6395,0,0,0,0,0,0,1,21,3409,8,8,3359,0,0,0,0,0,0,0,0,0
202203,360,31900,C,Mansfield  OH ,18,18,4989,0,0,0,1,4,293,1,5,529,16,16,4559,0,0,0,0,0,0,0,0,0
202203,365,32580,C,McAllen-Edinburg-Mission  TX ,398,398,83282,19,38,3799,19,75,5082,0,0,0,336,336,74705,15,30,3392,18,72,4679,0,0,0
202203,366,24420,C,Grants Pass  OR ,24,24,6813,0,0,0,0,0,0,0,0,0,8,8,2463,0,0,0,0,0,0,0,0,0
202203,366,32780,C,Medford  OR ,93,93,25719,2,4,1067,0,0,0,2,15,2157,85,85,24063,2,4,1067,0,0,0,1,9,1350
202203,368,32820,C,Memphis  TN-MS-AR ,391,391,96341,1,2,650,0,0,0,1,5,609,338,338,85648,1,2,650,0,0,0,0,0,0
202203,370,33100,C,Miami-Fort Lauderdale-Pompano Beach  FL ,743,743,310008,14,28,5561,4,15,5742,27,732,92469,631,631,256905,14,28,5561,3,12,4595,21,651,80096
202203,370,38940,C,Port St. Lucie  FL ,463,463,126731,5,10,2851,16,48,1987,1,16,2103,430,430,116802,5,10,2851,16,48,1987,1,16,2103
202203,370,42680,C,Sebastian-Vero Beach  FL ,80,80,46528,0,0,0,0,0,0,0,0,0,74,74,42057,0,0,0,0,0,0,0,0,0
202203,372,33260,C,Midland  TX ,38,38,8648,0,0,0,0,0,0,0,0,0,38,38,8648,0,0,0,0,0,0,0,0,0
202203,372,36220,C,Odessa  TX ,99,99,23196,0,0,0,0,0,0,1,35,4195,0,0,0,0,0,0,0,0,0,0,0,0
202203,376,33340,C,Milwaukee-Waukesha  WI ,149,149,64659,17,34,8784,0,0,0,2,35,5024,104,104,46336,17,34,8784,0,0,0,0,0,0
202203,376,39540,C,Racine  WI ,14,14,5041,0,0,0,0,0,0,0,0,0,14,14,5041,0,0,0,0,0,0,0,0,0
202203,378,33460,C,Minneapolis-St. Paul-Bloomington  MN-WI ,1050,1050,348032,5,10,2338,3,12,7092,20,2153,423717,900,900,299725,3,6,1501,3,12,7092,17,2079,414673
202203,378,41060,C,St. Cloud  MN ,46,46,12376,1,2,259,0,0,0,0,0,0,6,6,1890,0,0,0,0,0,0,0,0,0
202203,380,19300,C,Daphne-Fairhope-Foley  AL ,344,344,90951,0,0,0,0,0,0,1,5,260,236,236,71905,0,0,0,0,0,0,0,0,0
202203,380,33660,C,Mobile  AL ,91,91,21227,0,0,0,0,0,0,0,0,0,78,78,19050,0,0,0,0,0,0,0,0,0
202203,384,33740,C,Monroe  LA ,36,36,8464,0,0,0,1,3,472,1,7,810,1,1,381,0,0,0,0,0,0,0,0,0
202203,388,33860,C,Montgomery  AL ,99,99,23945,0,0,0,0,0,0,0,0,0,68,68,19323,0,0,0,0,0,0,0,0,0
202203,390,34060,C,Morgantown  WV ,0,0,0,0,0,0,0,0,0,0,0,0,0,0,0,0,0,0,0,0,0,0,0,0
202203,396,34820,C,Myrtle Beach-Conway-North Myrtle Beach  SC-NC ,913,913,187550,5,10,959,0,0,0,4,62,4548,221,221,54286,0,0,0,0,0,0,0,0,0
202203,400,34980,C,Nashville-Davidson--Murfreesboro--Franklin  TN ,2018,2018,550760,4,8,864,2,8,925,8,109,11465,1465,1465,391798,4,8,864,2,8,925,4,23,2379
202203,404,35100,C,New Bern  NC ,57,57,11849,0,0,0,0,0,0,2,25,2773,7,7,2806,0,0,0,0,0,0,0,0,0
202203,406,25220,C,Hammond  LA ,112,112,18785,0,0,0,0,0,0,0,0,0,0,0,0,0,0,0,0,0,0,0,0,0
202203,406,35380,C,New Orleans-Metairie  LA ,344,344,93648,16,32,3609,0,0,0,2,58,10360,210,210,59456,2,4,402,0,0,0,0,0,0
202203,408,14860,C,Bridgeport-Stamford-Norwalk  CT ,72,72,42142,2,4,841,0,0,0,3,23,3984,53,53,31457,1,2,683,0,0,0,0,0,0
202203,408,20700,C,East Stroudsburg  PA ,25,25,7269,0,0,0,0,0,0,1,5,564,14,14,4711,0,0,0,0,0,0,0,0,0
202203,408,28740,C,Kingston  NY ,20,20,7205,0,0,0,0,0,0,0,0,0,16,16,6177,0,0,0,0,0,0,0,0,0
202203,408,35300,C,New Haven-Milford  CT ,41,41,9930,2,4,992,1,4,982,1,18,1151,12,12,4329,1,2,399,0,0,0,0,0,0
202203,408,35620,C,New York-Newark-Jersey City  NY-NJ-PA ,1141,1141,347773,58,116,13418,32,107,11585,143,7101,804472,851,851,265716,45,90,11521,23,79,9937,83,5624,653667
202203,408,39100,C,Poughkeepsie-Newburgh-Middletown  NY ,74,74,21044,0,0,0,2,7,1818,3,57,9315,35,35,10391,0,0,0,2,7,1818,3,57,9315
202203,408,45940,C,Trenton-Princeton  NJ ,16,16,1343,0,0,0,0,0,0,1,8,546,11,11,548,0,0,0,0,0,0,0,0,0
202203,412,35840,C,North Port-Sarasota-Bradenton  FL ,1205,1205,353621,70,140,19795,0,0,0,13,368,35108,1205,1205,353621,70,140,19795,0,0,0,13,368,35108
202203,412,39460,C,Punta Gorda  FL ,364,364,116472,6,12,1995,0,0,0,11,308,46536,364,364,116472,6,12,1995,0,0,0,11,308,46536
202203,416,36420,C,Oklahoma City  OK ,848,848,226426,23,46,6212,0,0,0,0,0,0,780,780,212176,23,46,6212,0,0,0,0,0,0
202203,420,36540,C,Omaha-Council Bluffs  NE-IA ,352,352,83911,5,10,1579,0,0,0,10,235,15337,288,288,68419,5,10,1579,0,0,0,8,225,14183
202203,422,19660,C,Deltona-Daytona Beach-Ormond Beach  FL ,642,642,210701,6,12,2506,0,0,0,2,271,24320,522,522,169810,6,12,2506,0,0,0,1,250,21724
202203,422,29460,C,Lakeland-Winter Haven  FL ,1082,1082,258854,1,2,60,0,0,0,20,648,73546,876,876,205430,1,2,60,0,0,0,20,648,73546
202203,422,36740,C,Orlando-Kissimmee-Sanford  FL ,1878,1878,469826,13,26,6148,2,8,1831,61,1470,166695,1676,1676,414757,13,26,6148,2,8,1831,57,1404,160855
202203,422,45540,C,The Villages  FL ,373,373,104227,0,0,0,0,0,0,0,0,0,372,372,104038,0,0,0,0,0,0,0,0,0
202203,425,37620,C,Parkersburg-Vienna  WV ,4,4,1379,0,0,0,0,0,0,0,0,0,2,2,1023,0,0,0,0,0,0,0,0,0
202203,426,37860,C,Pensacola-Ferry Pass-Brent  FL ,387,387,92850,0,0,0,0,0,0,0,0,0,387,387,92850,0,0,0,0,0,0,0,0,0
202203,428,12100,C,Atlantic City-Hammonton  NJ ,48,48,14210,2,4,930,0,0,0,2,20,2504,44,44,13227,2,4,930,0,0,0,0,0,0
202203,428,20100,C,Dover  DE ,74,74,13146,0,0,0,0,0,0,0,0,0,72,72,12716,0,0,0,0,0,0,0,0,0
202203,428,36140,C,Ocean City  NJ ,50,50,26990,7,14,3926,0,0,0,0,0,0,50,50,26990,7,14,3926,0,0,0,0,0,0
202203,428,37980,C,Philadelphia-Camden-Wilmington  PA-NJ-DE-MD ,734,734,147102,14,28,3966,16,57,8029,26,341,38316,442,442,111802,11,22,3265,16,57,8029,14,164,20023
202203,428,39740,C,Reading  PA ,54,54,17449,0,0,0,0,0,0,1,5,658,32,32,12166,0,0,0,0,0,0,0,0,0
202203,428,47220,C,Vineland-Bridgeton  NJ ,9,9,1052,0,0,0,0,0,0,0,0,0,6,6,869,0,0,0,0,0,0,0,0,0
202203,429,38060,C,Phoenix-Mesa-Chandler  AZ ,3841,3841,1017135,97,194,21051,3,12,2383,42,1389,246983,3597,3597,962518,96,192,20792,3,12,2383,40,1215,219172
202203,430,38300,C,Pittsburgh  PA ,328,328,91273,4,8,1347,3,9,1363,7,154,27001,179,179,57855,3,6,1165,0,0,0,2,57,11732
202203,430,48260,C,Weirton-Steubenville  WV-OH ,4,4,683,0,0,0,0,0,0,0,0,0,1,1,50,0,0,0,0,0,0,0,0,0
202203,438,30340,C,Lewiston-Auburn  ME ,24,24,5674,0,0,0,0,0,0,1,12,1043,13,13,3233,0,0,0,0,0,0,0,0,0
202203,438,38860,C,Portland-South Portland  ME ,195,195,57604,6,12,2446,0,0,0,4,22,1917,72,72,25418,4,8,1810,0,0,0,0,0,0
202203,440,10540,C,Albany-Lebanon  OR ,16,16,3720,0,0,0,0,0,0,3,42,6357,13,13,3029,0,0,0,0,0,0,2,36,5538
202203,440,18700,C,Corvallis  OR ,22,22,5170,0,0,0,0,0,0,0,0,0,22,22,5170,0,0,0,0,0,0,0,0,0
202203,440,31020,C,Longview  WA ,51,51,12501,0,0,0,1,4,450,0,0,0,17,17,4065,0,0,0,1,4,450,0,0,0
202203,440,38900,C,Portland-Vancouver-Hillsboro  OR-WA ,649,649,190339,1,2,478,1,4,699,10,274,32104,399,399,118640,0,0,0,0,0,0,3,143,15967
202203,440,41420,C,Salem  OR ,143,143,40783,1,2,597,0,0,0,12,133,16101,77,77,23548,0,0,0,0,0,0,2,27,3126
202203,444,39380,C,Pueblo  CO ,59,59,9073,0,0,0,0,0,0,0,0,0,59,59,9073,0,0,0,0,0,0,0,0,0
202203,450,20500,C,Durham-Chapel Hill  NC ,374,374,130525,0,0,0,0,0,0,2,20,5664,370,370,129278,0,0,0,0,0,0,1,7,3745
202203,450,39580,C,Raleigh-Cary  NC ,1530,1530,351303,0,0,0,0,0,0,1,6,980,1143,1143,279271,0,0,0,0,0,0,1,6,980
202203,452,39660,C,Rapid City  SD ,86,86,24654,0,0,0,0,0,0,6,79,8518,85,85,24376,0,0,0,0,0,0,6,79,8518
202203,454,39820,C,Redding  CA ,55,55,18131,0,0,0,0,0,0,0,0,0,35,35,12863,0,0,0,0,0,0,0,0,0
202203,456,16180,C,Carson City  NV ,21,21,5532,0,0,0,0,0,0,2,10,998,0,0,0,0,0,0,0,0,0,0,0,0
202203,456,39900,C,Reno  NV ,290,290,79872,5,10,1293,1,4,525,18,345,41602,69,69,17438,2,4,664,0,0,0,5,120,13212
202203,462,40340,C,Rochester  MN ,56,56,17852,1,2,163,1,3,380,2,267,27300,36,36,12167,0,0,0,0,0,0,2,267,27300
202203,464,40380,C,Rochester  NY ,103,103,31001,6,12,2133,11,42,5482,6,124,14696,60,60,20026,6,12,2133,11,42,5482,2,15,2422
202203,466,40420,C,Rockford  IL ,37,37,6904,0,0,0,0,0,0,0,0,0,35,35,6704,0,0,0,0,0,0,0,0,0
202203,468,40580,C,Rocky Mount  NC ,66,66,9073,0,0,0,0,0,0,0,0,0,34,34,4235,0,0,0,0,0,0,0,0,0
202203,472,40900,C,Sacramento-Roseville-Folsom  CA ,860,860,244002,7,14,1581,0,0,0,0,0,0,856,856,243208,7,14,1581,0,0,0,0,0,0
202203,472,49700,C,Yuba City  CA ,85,85,19884,1,2,288,0,0,0,0,0,0,77,77,16993,1,2,288,0,0,0,0,0,0
202203,474,13020,C,Bay City  MI ,6,6,2076,0,0,0,0,0,0,0,0,0,3,3,1148,0,0,0,0,0,0,0,0,0
202203,474,33220,C,Midland  MI ,11,11,2360,0,0,0,0,0,0,0,0,0,1,1,285,0,0,0,0,0,0,0,0,0
202203,474,40980,C,Saginaw  MI ,11,11,2703,2,4,496,0,0,0,0,0,0,7,7,1888,1,2,200,0,0,0,0,0,0
202203,476,41180,C,St. Louis  MO-IL ,491,491,158729,5,10,858,4,14,1703,17,282,36491,368,368,115025,4,8,779,3,11,1025,13,235,31953
202203,480,41540,C,Salisbury  MD-DE ,471,471,81860,11,22,1988,0,0,0,0,0,0,468,468,81570,11,22,1988,0,0,0,0,0,0
202203,482,36260,C,Ogden-Clearfield  UT ,438,438,131554,1,2,351,7,24,3581,5,110,14825,346,346,107674,0,0,0,3,10,1911,1,71,10275
202203,482,39340,C,Provo-Orem  UT ,761,761,235753,2,4,632,7,25,4976,15,198,21044,751,751,229410,2,4,632,7,25,4976,15,198,21044
202203,482,41620,C,Salt Lake City  UT ,524,524,162648,4,8,635,6,23,4643,28,765,115058,402,402,125173,0,0,0,4,16,3417,16,323,51909
202203,484,41700,C,San Antonio-New Braunfels  TX ,1142,1142,271737,2,4,514,0,0,0,39,988,108892,1035,1035,248794,2,4,514,0,0,0,38,983,107826
202203,488,32900,C,Merced  CA ,53,53,16316,0,0,0,0,0,0,0,0,0,21,21,5758,0,0,0,0,0,0,0,0,0
202203,488,33700,C,Modesto  CA ,77,77,18355,1,2,800,0,0,0,1,5,361,58,58,14563,1,2,800,0,0,0,0,0,0
202203,488,34900,C,Napa  CA ,14,14,4407,1,2,233,0,0,0,1,79,13661,0,0,0,0,0,0,0,0,0,0,0,0
202203,488,41860,C,San Francisco-Oakland-Berkeley  CA ,432,432,136347,4,8,1886,2,7,2054,27,283,59098,307,307,95120,4,8,1886,1,4,1198,17,134,26153
202203,488,41940,C,San Jose-Sunnyvale-Santa Clara  CA ,227,227,72194,0,0,0,0,0,0,19,766,103418,207,207,66294,0,0,0,0,0,0,18,705,91429
202203,488,42100,C,Santa Cruz-Watsonville  CA ,22,22,4237,0,0,0,0,0,0,1,7,540,7,7,1926,0,0,0,0,0,0,0,0,0
202203,488,42220,C,Santa Rosa-Petaluma  CA ,106,106,29996,0,0,0,0,0,0,1,5,833,81,81,25319,0,0,0,0,0,0,0,0,0
202203,488,44700,C,Stockton  CA ,411,411,142308,1,2,400,0,0,0,2,27,3410,205,205,82715,0,0,0,0,0,0,0,0,0
202203,488,46700,C,Vallejo  CA ,110,110,33827,0,0,0,0,0,0,0,0,0,96,96,30423,0,0,0,0,0,0,0,0,0
202203,496,25980,C,Hinesville  GA ,69,69,12350,0,0,0,0,0,0,0,0,0,35,35,4424,0,0,0,0,0,0,0,0,0
202203,496,42340,C,Savannah  GA ,259,259,72917,0,0,0,0,0,0,0,0,0,207,207,61839,0,0,0,0,0,0,0,0,0
202203,500,14740,C,Bremerton-Silverdale-Port Orchard  WA ,116,116,39024,1,2,158,0,0,0,2,44,5852,116,116,39024,1,2,158,0,0,0,2,44,5852
202203,500,34580,C,Mount Vernon-Anacortes  WA ,36,36,9956,2,4,620,0,0,0,1,24,2240,26,26,7355,2,4,620,0,0,0,0,0,0
202203,500,36500,C,Olympia-Lacey-Tumwater  WA ,65,65,16400,0,0,0,4,15,10574,13,226,23241,50,50,13015,0,0,0,4,15,10574,12,220,22986
202203,500,42660,C,Seattle-Tacoma-Bellevue  WA ,722,722,249542,51,102,22944,35,108,22259,36,1874,396553,549,549,191662,49,98,22225,33,102,21023,25,1710,377235
202203,508,43340,C,Shreveport-Bossier City  LA ,81,81,24366,0,0,0,0,0,0,0,0,0,39,39,14177,0,0,0,0,0,0,0,0,0
202203,515,21140,C,Elkhart-Goshen  IN ,28,28,7634,0,0,0,0,0,0,0,0,0,28,28,7634,0,0,0,0,0,0,0,0,0
202203,515,35660,C,Niles  MI ,21,21,9583,3,6,1590,0,0,0,1,5,600,9,9,4360,3,6,1590,0,0,0,1,5,600
202203,515,43780,C,South Bend-Mishawaka  IN-MI ,43,43,15126,1,2,390,0,0,0,0,0,0,34,34,13187,1,2,390,0,0,0,0,0,0
202203,518,17660,C,Coeur dAlene  ID ,165,165,56087,2,4,671,0,0,0,11,187,20575,78,78,35832,0,0,0,0,0,0,3,54,7800
202203,518,44060,C,Spokane-Spokane Valley  WA ,218,218,59009,6,12,2285,2,7,1275,13,200,26034,170,170,46553,5,10,2046,2,7,1275,10,172,22388
202203,522,44100,C,Springfield  IL ,29,29,8490,2,4,598,0,0,0,0,0,0,19,19,5832,2,4,598,0,0,0,0,0,0
202203,524,44300,C,State College  PA ,23,23,8892,0,0,0,0,0,0,1,135,58941,16,16,7609,0,0,0,0,0,0,1,135,58941
202203,532,45060,C,Syracuse  NY ,47,47,10114,0,0,0,0,0,0,0,0,0,28,28,6508,0,0,0,0,0,0,0,0,0
202203,534,45780,C,Toledo  OH ,65,65,27287,0,0,0,3,11,657,10,72,5447,39,39,20453,0,0,0,2,8,400,8,43,2150
202203,536,46060,C,Tucson  AZ ,546,546,171469,3,6,744,0,0,0,18,356,44731,384,384,127591,1,2,268,0,0,0,11,272,32128
202203,538,46140,C,Tulsa  OK ,339,339,94606,1,2,224,0,0,0,7,79,10539,310,310,89421,0,0,0,0,0,0,5,68,9693
202203,540,46340,C,Tyler  TX ,71,71,16762,2,4,494,0,0,0,0,0,0,50,50,11962,0,0,0,0,0,0,0,0,0
202203,544,47020,C,Victoria  TX ,25,25,5981,0,0,0,0,0,0,0,0,0,25,25,5981,0,0,0,0,0,0,0,0,0
202203,545,47260,C,Virginia Beach-Norfolk-Newport News  VA-NC ,392,392,104904,3,6,960,0,0,0,26,372,30242,358,358,101752,3,6,960,0,0,0,26,372,30242
202203,548,12580,C,Baltimore-Columbia-Towson  MD ,307,307,74255,0,0,0,0,0,0,5,316,56575,289,289,70288,0,0,0,0,0,0,3,130,22989
202203,548,15680,C,California-Lexington Park  MD ,20,20,7319,0,0,0,0,0,0,0,0,0,20,20,7319,0,0,0,0,0,0,0,0,0
202203,548,16540,C,Chambersburg-Waynesboro  PA ,42,42,12059,0,0,0,1,4,520,0,0,0,38,38,11142,0,0,0,1,4,520,0,0,0
202203,548,25180,C,Hagerstown-Martinsburg  MD-WV ,208,208,45663,1,2,334,0,0,0,7,241,26516,71,71,16379,0,0,0,0,0,0,6,220,24641
202203,548,47900,C,Washington-Arlington-Alexandria  DC-VA-MD-WV ,1495,1495,374140,8,16,2055,1,3,859,31,2221,265439,1342,1342,336617,8,16,2055,0,0,0,27,2139,255734
202203,548,49020,C,Winchester  VA-WV ,95,95,27408,0,0,0,0,0,0,0,0,0,95,95,27408,0,0,0,0,0,0,0,0,0
202203,554,48140,C,Wausau-Weston  WI ,27,27,8734,0,0,0,0,0,0,0,0,0,12,12,4835,0,0,0,0,0,0,0,0,0
202203,556,48620,C,Wichita  KS ,164,164,56309,45,90,11580,3,10,1150,0,0,0,128,128,48540,41,82,10830,1,4,700,0,0,0
202203,558,48700,C,Williamsport  PA ,9,9,2272,0,0,0,0,0,0,0,0,0,3,3,1041,0,0,0,0,0,0,0,0,0
202203,566,49660,C,Youngstown-Warren-Boardman  OH-PA ,38,38,8982,0,0,0,0,0,0,0,0,0,30,30,7129,0,0,0,0,0,0,0,0,0
202203,999,10180,C,Abilene  TX ,69,69,14999,2,4,393,0,0,0,0,0,0,68,68,14790,2,4,393,0,0,0,0,0,0
202203,999,10500,C,Albany  GA ,12,12,1646,0,0,0,0,0,0,1,18,2532,6,6,340,0,0,0,0,0,0,0,0,0
202203,999,10780,C,Alexandria  LA ,24,24,6308,0,0,0,0,0,0,0,0,0,14,14,3750,0,0,0,0,0,0,0,0,0
202203,999,10900,C,Allentown-Bethlehem-Easton  PA-NJ ,117,117,27627,1,2,35,0,0,0,4,32,2916,89,89,22344,0,0,0,0,0,0,2,12,1300
202203,999,11260,C,Anchorage  AK ,88,88,27633,1,2,329,1,4,688,2,24,3605,5,5,1076,1,2,329,0,0,0,0,0,0
202203,999,11500,C,Anniston-Oxford  AL ,8,8,1519,0,0,0,0,0,0,0,0,0,7,7,1439,0,0,0,0,0,0,0,0,0
202203,999,12260,C,Augusta-Richmond County  GA-SC ,383,383,93215,0,0,0,3,12,1295,1,8,500,192,192,57549,0,0,0,3,12,1295,1,8,500
202203,999,12420,C,Austin-Round Rock-Georgetown  TX ,2424,2424,590028,13,26,2760,9,34,3976,58,2484,232618,1855,1855,469147,13,26,2760,8,31,3643,57,2478,232064
202203,999,12540,C,Bakersfield  CA ,267,267,76767,0,0,0,0,0,0,0,0,0,262,262,75803,0,0,0,0,0,0,0,0,0
202203,999,12620,C,Bangor  ME ,18,18,3801,0,0,0,1,3,197,0,0,0,1,1,253,0,0,0,0,0,0,0,0,0
202203,999,12940,C,Baton Rouge  LA ,403,403,88748,1,2,8921,0,0,0,0,0,0,45,45,9459,0,0,0,0,0,0,0,0,0
202203,999,13140,C,Beaumont-Port Arthur  TX ,134,134,29125,1,2,185,0,0,0,0,0,0,105,105,23490,0,0,0,0,0,0,0,0,0
202203,999,13220,C,Beckley  WV ,14,14,4267,0,0,0,0,0,0,0,0,0,12,12,4057,0,0,0,0,0,0,0,0,0
202203,999,13380,C,Bellingham  WA ,90,90,27032,3,6,1131,2,8,1823,4,270,29750,38,38,12528,1,2,360,2,8,1823,4,270,29750
202203,999,13740,C,Billings  MT ,121,121,15916,5,10,1673,0,0,0,0,0,0,50,50,13270,5,10,1673,0,0,0,0,0,0
202203,999,13780,C,Binghamton  NY ,12,12,2123,0,0,0,0,0,0,3,39,3684,0,0,0,0,0,0,0,0,0,0,0,0
202203,999,13900,C,Bismarck  ND ,43,43,15148,6,12,2734,0,0,0,0,0,0,37,37,13189,6,12,2734,0,0,0,0,0,0
202203,999,13980,C,Blacksburg-Christiansburg  VA ,32,32,7491,0,0,0,0,0,0,0,0,0,19,19,5018,0,0,0,0,0,0,0,0,0
202203,999,15260,C,Brunswick  GA ,52,52,15383,2,4,602,0,0,0,1,5,2696,0,0,0,0,0,0,0,0,0,0,0,0
202203,999,16060,C,Carbondale-Marion  IL ,27,27,2954,0,0,0,0,0,0,0,0,0,13,13,1075,0,0,0,0,0,0,0,0,0
202203,999,16220,C,Casper  WY ,18,18,4368,0,0,0,0,0,0,0,0,0,14,14,3511,0,0,0,0,0,0,0,0,0
202203,999,16580,C,Champaign-Urbana  IL ,62,62,19262,0,0,0,0,0,0,2,214,41201,59,59,18130,0,0,0,0,0,0,2,214,41201
202203,999,16700,C,Charleston-North Charleston  SC ,577,577,181747,0,0,0,1,4,269,10,254,18088,200,200,99397,0,0,0,0,0,0,0,0,0
202203,999,16820,C,Charlottesville  VA ,122,122,32424,1,2,341,0,0,0,4,72,6003,20,20,4350,0,0,0,0,0,0,0,0,0
202203,999,16940,C,Cheyenne  WY ,49,49,10851,0,0,0,0,0,0,0,0,0,48,48,10729,0,0,0,0,0,0,0,0,0
202203,999,17020,C,Chico  CA ,143,143,28035,6,12,1197,2,8,1113,7,98,11530,23,23,3751,2,4,157,0,0,0,6,93,10953
202203,999,17300,C,Clarksville  TN-KY ,172,172,41662,0,0,0,5,19,2320,34,260,24110,168,168,41322,0,0,0,5,19,2320,34,260,24110
202203,999,17780,C,College Station-Bryan  TX ,199,199,41107,0,0,0,2,8,652,5,49,6477,193,193,40347,0,0,0,2,8,652,5,49,6477
202203,999,17820,C,Colorado Springs  CO ,552,552,207690,0,0,0,0,0,0,20,555,84163,551,551,207587,0,0,0,0,0,0,20,555,84163
202203,999,18880,C,Crestview-Fort Walton Beach-Destin  FL ,330,330,177525,0,0,0,0,0,0,1,7,1406,330,330,177525,0,0,0,0,0,0,1,7,1406
202203,999,19060,C,Cumberland  MD-WV ,3,3,931,0,0,0,0,0,0,0,0,0,2,2,665,0,0,0,0,0,0,0,0,0
202203,999,19180,C,Danville  IL ,0,0,0,0,0,0,0,0,0,0,0,0,0,0,0,0,0,0,0,0,0,0,0,0
202203,999,19500,C,Decatur  IL ,5,5,1775,0,0,0,0,0,0,0,0,0,4,4,1475,0,0,0,0,0,0,0,0,0
202203,999,20220,C,Dubuque  IA ,17,17,5136,0,0,0,0,0,0,0,0,0,17,17,5136,0,0,0,0,0,0,0,0,0
202203,999,20260,C,Duluth  MN-WI ,26,26,7322,0,0,0,0,0,0,0,0,0,15,15,4477,0,0,0,0,0,0,0,0,0
202203,999,20940,C,El Centro  CA ,36,36,6661,1,2,132,0,0,0,2,21,2129,2,2,96,1,2,132,0,0,0,0,0,0
202203,999,21420,C,Enid  OK ,6,6,1985,0,0,0,0,0,0,0,0,0,6,6,1985,0,0,0,0,0,0,0,0,0
202203,999,21660,C,Eugene-Springfield  OR ,78,78,19764,4,8,1483,0,0,0,8,81,10132,5,5,1314,0,0,0,0,0,0,1,12,1660
202203,999,21780,C,Evansville  IN-KY ,78,78,25989,24,48,7197,0,0,0,2,48,1120,62,62,22631,22,44,6930,0,0,0,2,48,1120
202203,999,21820,C,Fairbanks  AK ,1,1,338,0,0,0,1,3,622,0,0,0,0,0,0,0,0,0,0,0,0,0,0,0
202203,999,22140,C,Farmington  NM ,21,21,4628,0,0,0,0,0,0,0,0,0,21,21,4628,0,0,0,0,0,0,0,0,0
202203,999,22220,C,Fayetteville-Springdale-Rogers  AR-MO ,638,638,201287,13,26,3229,0,0,0,4,58,6533,485,485,164660,0,0,0,0,0,0,0,0,0
202203,999,22380,C,Flagstaff  AZ ,61,61,22165,0,0,0,0,0,0,0,0,0,54,54,20263,0,0,0,0,0,0,0,0,0
202203,999,22500,C,Florence  SC ,53,53,10235,0,0,0,0,0,0,0,0,0,53,53,10235,0,0,0,0,0,0,0,0,0
202203,999,22520,C,Florence-Muscle Shoals  AL ,35,35,4010,0,0,0,0,0,0,0,0,0,12,12,1370,0,0,0,0,0,0,0,0,0
202203,999,22540,C,Fond du Lac  WI ,15,15,5131,0,0,0,0,0,0,0,0,0,3,3,1188,0,0,0,0,0,0,0,0,0
202203,999,22660,C,Fort Collins  CO ,167,167,54578,2,4,675,1,3,519,2,23,3799,113,113,39360,2,4,675,0,0,0,1,8,1104
202203,999,22900,C,Fort Smith  AR-OK ,39,39,6828,3,6,1079,2,6,880,0,0,0,29,29,5823,2,4,899,2,6,880,0,0,0
202203,999,23460,C,Gadsden  AL ,11,11,1776,0,0,0,0,0,0,0,0,0,1,1,363,0,0,0,0,0,0,0,0,0
202203,999,24140,C,Goldsboro  NC ,42,42,9040,0,0,0,0,0,0,0,0,0,42,42,9040,0,0,0,0,0,0,0,0,0
202203,999,24220,C,Grand Forks  ND-MN ,8,8,1724,0,0,0,0,0,0,0,0,0,6,6,1302,0,0,0,0,0,0,0,0,0
202203,999,24260,C,Grand Island  NE ,20,20,4675,2,4,707,1,3,225,0,0,0,15,15,3670,2,4,707,0,0,0,0,0,0
202203,999,24300,C,Grand Junction  CO ,100,100,18050,1,2,208,0,0,0,0,0,0,100,100,18050,1,2,208,0,0,0,0,0,0
202203,999,24500,C,Great Falls  MT ,16,16,5086,0,0,0,0,0,0,0,0,0,16,16,5086,0,0,0,0,0,0,0,0,0
202203,999,25060,C,Gulfport-Biloxi  MS ,388,388,58565,1,2,185,1,4,401,2,10,847,266,266,38172,0,0,0,0,0,0,0,0,0
202203,999,25860,C,Hickory-Lenoir-Morganton  NC ,172,172,38035,0,0,0,0,0,0,2,10,557,134,134,30652,0,0,0,0,0,0,0,0,0
202203,999,25940,C,Hilton Head Island-Bluffton  SC ,321,321,116937,4,8,3148,6,18,7142,0,0,0,46,46,25164,4,8,3148,6,18,7142,0,0,0
202203,999,26140,C,Homosassa Springs  FL ,96,96,20105,1,2,55,0,0,0,1,5,432,0,0,0,0,0,0,0,0,0,0,0,0
202203,999,26380,C,Houma-Thibodaux  LA ,59,59,14907,1,2,156,0,0,0,0,0,0,42,42,10332,0,0,0,0,0,0,0,0,0
202203,999,27100,C,Jackson  MI ,13,13,4269,0,0,0,0,0,0,0,0,0,3,3,2265,0,0,0,0,0,0,0,0,0
202203,999,27340,C,Jacksonville  NC ,155,155,30863,0,0,0,0,0,0,0,0,0,155,155,30863,0,0,0,0,0,0,0,0,0
202203,999,27620,C,Jefferson City  MO ,13,13,3137,0,0,0,0,0,0,0,0,0,0,0,0,0,0,0,0,0,0,0,0,0
202203,999,27980,C,Kahului-Wailuku-Lahaina  HI ,34,34,15036,1,2,399,1,3,750,1,22,7478,0,0,0,0,0,0,0,0,0,0,0,0
202203,999,28660,C,Killeen-Temple  TX ,294,294,55286,5,10,841,0,0,0,0,0,0,267,267,48939,1,2,120,0,0,0,0,0,0
202203,999,29100,C,La Crosse-Onalaska  WI-MN ,23,23,6499,2,4,955,1,3,525,1,5,1000,10,10,3149,1,2,460,0,0,0,0,0,0
202203,999,29420,C,Lake Havasu City-Kingman  AZ ,199,199,54140,6,12,455,0,0,0,0,0,0,198,198,54043,6,12,455,0,0,0,0,0,0
202203,999,29540,C,Lancaster  PA ,69,69,19087,4,8,1494,1,4,367,9,53,8341,48,48,14739,4,8,1494,1,4,367,6,37,5118
202203,999,29620,C,Lansing-East Lansing  MI ,53,53,12699,0,0,0,0,0,0,2,42,4674,24,24,5839,0,0,0,0,0,0,0,0,0
202203,999,29700,C,Laredo  TX ,141,141,20936,1,2,113,1,3,408,2,17,1040,0,0,0,0,0,0,0,0,0,0,0,0
202203,999,30020,C,Lawton  OK ,5,5,496,0,0,0,0,0,0,0,0,0,2,2,490,0,0,0,0,0,0,0,0,0
202203,999,30300,C,Lewiston  ID-WA ,9,9,2856,1,2,648,0,0,0,0,0,0,9,9,2856,1,2,648,0,0,0,0,0,0
202203,999,30860,C,Logan  UT-ID ,113,113,33519,0,0,0,0,0,0,2,15,2555,102,102,31479,0,0,0,0,0,0,2,15,2555
202203,999,30980,C,Longview  TX ,46,46,9870,2,4,393,0,0,0,0,0,0,32,32,6960,2,4,393,0,0,0,0,0,0
202203,999,31340,C,Lynchburg  VA ,93,93,18708,1,2,284,0,0,0,1,13,337,91,91,18336,0,0,0,0,0,0,0,0,0
202203,999,31740,C,Manhattan  KS ,27,27,8185,1,2,368,0,0,0,0,0,0,9,9,3234,0,0,0,0,0,0,0,0,0
202203,999,33540,C,Missoula  MT ,28,28,6571,0,0,0,1,3,438,7,65,6007,28,28,6571,0,0,0,1,3,438,7,65,6007
202203,999,36100,C,Ocala  FL ,535,535,115657,0,0,0,0,0,0,0,0,0,534,534,115568,0,0,0,0,0,0,0,0,0
202203,999,36980,C,Owensboro  KY ,27,27,2649,1,2,173,0,0,0,0,0,0,27,27,2649,0,0,0,0,0,0,0,0,0
202203,999,37340,C,Palm Bay-Melbourne-Titusville  FL ,370,370,137279,0,0,0,0,0,0,0,0,0,351,351,133111,0,0,0,0,0,0,0,0,0
202203,999,37460,C,Panama City  FL ,159,159,50818,2,4,843,0,0,0,5,107,8383,40,40,17070,0,0,0,0,0,0,0,0,0
202203,999,37900,C,Peoria  IL ,24,24,8015,1,2,400,0,0,0,1,6,344,15,15,5667,0,0,0,0,0,0,0,0,0
202203,999,38340,C,Pittsfield  MA ,7,7,3369,0,0,0,0,0,0,1,18,2980,0,0,0,0,0,0,0,0,0,0,0,0
202203,999,38540,C,Pocatello  ID ,33,33,7000,0,0,0,6,24,3210,0,0,0,21,21,5660,0,0,0,6,24,3210,0,0,0
202203,999,39150,C,Prescott Valley-Prescott  AZ ,219,219,71978,9,18,2807,0,0,0,2,96,7254,213,213,69118,9,18,2807,0,0,0,2,96,7254
202203,999,40060,C,Richmond  VA ,506,506,127426,6,12,898,0,0,0,19,954,99367,465,465,121364,6,12,898,0,0,0,17,943,98151
202203,999,40220,C,Roanoke  VA ,51,51,14146,2,4,628,0,0,0,0,0,0,33,33,8149,2,4,628,0,0,0,0,0,0
202203,999,41100,C,St. George  UT ,293,293,57696,0,0,0,0,0,0,4,54,4555,235,235,47491,0,0,0,0,0,0,4,54,4555
202203,999,41500,C,Salinas  CA ,44,44,10777,0,0,0,1,3,446,2,26,3203,12,12,2685,0,0,0,0,0,0,0,0,0
202203,999,41660,C,San Angelo  TX ,34,34,7395,0,0,0,0,0,0,0,0,0,34,34,7395,0,0,0,0,0,0,0,0,0
202203,999,41740,C,San Diego-Chula Vista-Carlsbad  CA ,335,335,96139,7,14,1952,10,35,6861,25,740,145743,326,326,92365,7,14,1952,10,35,6861,24,711,143058
202203,999,42020,C,San Luis Obispo-Paso Robles  CA ,113,113,26610,2,4,440,0,0,0,1,10,1380,105,105,24471,2,4,440,0,0,0,1,10,1380
202203,999,42200,C,Santa Maria-Santa Barbara  CA ,41,41,5108,0,0,0,0,0,0,3,66,8585,11,11,556,0,0,0,0,0,0,0,0,0
202203,999,42540,C,Scranton--Wilkes-Barre  PA ,45,45,12303,3,6,960,0,0,0,2,10,778,21,21,6204,3,6,960,0,0,0,0,0,0
202203,999,42700,C,Sebring-Avon Park  FL ,66,66,15099,0,0,0,0,0,0,0,0,0,66,66,15099,0,0,0,0,0,0,0,0,0
202203,999,43100,C,Sheboygan  WI ,18,18,5537,0,0,0,0,0,0,0,0,0,6,6,2280,0,0,0,0,0,0,0,0,0
202203,999,43420,C,Sierra Vista-Douglas  AZ ,31,31,4420,0,0,0,0,0,0,0,0,0,31,31,4420,0,0,0,0,0,0,0,0,0
202203,999,43580,C,Sioux City  IA-NE-SD ,34,34,9970,0,0,0,1,3,0,0,0,0,16,16,5107,0,0,0,0,0,0,0,0,0
202203,999,43620,C,Sioux Falls  SD ,232,232,57832,1,2,467,5,20,2963,21,754,71301,227,227,56442,1,2,467,5,20,2963,21,754,71301
202203,999,44140,C,Springfield  MA ,52,52,14372,3,6,724,0,0,0,2,42,6381,19,19,6485,2,4,425,0,0,0,1,28,4616
202203,999,44180,C,Springfield  MO ,138,138,41346,4,8,948,0,0,0,0,0,0,82,82,28997,4,8,948,0,0,0,0,0,0
202203,999,44940,C,Sumter  SC ,40,40,6999,4,8,427,0,0,0,0,0,0,32,32,5722,4,8,427,0,0,0,0,0,0
202203,999,45220,C,Tallahassee  FL ,145,145,30881,1,2,222,0,0,0,6,132,16869,40,40,8700,0,0,0,0,0,0,0,0,0
202203,999,45300,C,Tampa-St. Petersburg-Clearwater  FL ,1153,1153,318510,10,20,5292,0,0,0,12,359,33215,1120,1120,310869,10,20,5292,0,0,0,10,349,30504
202203,999,45460,C,Terre Haute  IN ,8,8,1659,2,4,600,0,0,0,0,0,0,4,4,1035,2,4,600,0,0,0,0,0,0
202203,999,45500,C,Texarkana  TX-AR ,7,7,1615,0,0,0,0,0,0,0,0,0,0,0,0,0,0,0,0,0,0,0,0,0
202203,999,45820,C,Topeka  KS ,46,46,12732,0,0,0,0,0,0,0,0,0,40,40,11776,0,0,0,0,0,0,0,0,0
202203,999,46220,C,Tuscaloosa  AL ,94,94,23810,0,0,0,4,16,1058,2,56,10129,40,40,11200,0,0,0,0,0,0,0,0,0
202203,999,46300,C,Twin Falls  ID ,87,87,21146,2,4,523,0,0,0,0,0,0,73,73,17836,2,4,523,0,0,0,0,0,0
202203,999,46520,C,Urban Honolulu  HI ,156,156,49541,10,20,3792,0,0,0,1,401,120000,156,156,49541,10,20,3792,0,0,0,1,401,120000
202203,999,46540,C,Utica-Rome  NY ,15,15,5798,0,0,0,0,0,0,1,10,1563,5,5,3975,0,0,0,0,0,0,0,0,0
202203,999,46660,C,Valdosta  GA ,145,145,28029,1,2,133,0,0,0,1,13,1277,62,62,14357,0,0,0,0,0,0,0,0,0
202203,999,47300,C,Visalia  CA ,88,88,24183,4,8,800,0,0,0,8,70,14700,88,88,24183,4,8,800,0,0,0,8,70,14700
202203,999,47380,C,Waco  TX ,129,129,23543,0,0,0,0,0,0,1,5,514,101,101,17927,0,0,0,0,0,0,0,0,0
202203,999,47940,C,Waterloo-Cedar Falls  IA ,24,24,8367,0,0,0,0,0,0,0,0,0,23,23,8094,0,0,0,0,0,0,0,0,0
202203,999,48060,C,Watertown-Fort Drum  NY ,14,14,3611,0,0,0,0,0,0,0,0,0,1,1,300,0,0,0,0,0,0,0,0,0
202203,999,48300,C,Wenatchee  WA ,76,76,21438,2,4,783,1,4,602,0,0,0,38,38,14193,2,4,783,1,4,602,0,0,0
202203,999,48540,C,Wheeling  WV-OH ,1,1,397,0,0,0,0,0,0,0,0,0,0,0,0,0,0,0,0,0,0,0,0,0
202203,999,48660,C,Wichita Falls  TX ,24,24,6658,0,0,0,0,0,0,0,0,0,22,22,6188,0,0,0,0,0,0,0,0,0
202203,999,48900,C,Wilmington  NC ,291,291,95966,1,2,433,0,0,0,5,184,23046,131,131,42694,0,0,0,0,0,0,0,0,0
202203,999,49420,C,Yakima  WA ,45,45,10832,0,0,0,2,8,1116,3,46,4528,28,28,7706,0,0,0,2,8,1116,3,46,4528
202203,999,49740,C,Yuma  AZ ,83,83,14921,3,6,850,0,0,0,0,0,0,72,72,13147,3,6,850,0,0,0,0,0,0
