Survey,CSA,CBSA,MONCOV,CBSA,,1-unit,,,2-units,,,3-4 units,,,5+ units,,,1-unit rep,,,2-units rep,,,3-4 units rep,,,5+ units rep
Date,Code,Code,,Name,Bldgs,Units,Value,Bldgs,Units,Value,Bldgs,Units,Value,Bldgs,Units,Value,Bldgs,Units,Value,Bldgs,Units,Value,      Bldgs,Units,Value,Bldgs,Units,Value
 
202208,104,10580,C,Albany-Schenectady-Troy  NY ,113,113,38522,1,2,297,1,4,523,13,337,83153,76,76,28797,0,0,0,0,0,0,10,320,81439
202208,104,24020,C,Glens Falls  NY ,18,18,5180,0,0,0,0,0,0,0,0,0,9,9,2966,0,0,0,0,0,0,0,0,0
202208,106,10740,C,Albuquerque  NM ,107,107,31621,0,0,0,0,0,0,1,8,333,96,96,28729,0,0,0,0,0,0,0,0,0
202208,106,42140,C,Santa Fe  NM ,18,18,7260,0,0,0,0,0,0,0,0,0,18,18,7260,0,0,0,0,0,0,0,0,0
202208,107,11020,C,Altoona  PA ,7,7,1262,0,0,0,0,0,0,0,0,0,2,2,260,0,0,0,0,0,0,0,0,0
202208,108,11100,C,Amarillo  TX ,60,60,15373,5,10,1302,0,0,0,0,0,0,60,60,15373,5,10,1302,0,0,0,0,0,0
202208,118,11540,C,Appleton  WI ,48,48,22857,8,16,2242,0,0,0,4,67,3257,41,41,20432,8,16,2242,0,0,0,2,50,1750
202208,118,36780,C,Oshkosh-Neenah  WI ,33,33,13690,7,14,3015,0,0,0,0,0,0,32,32,13301,7,14,3015,0,0,0,0,0,0
202208,120,11700,C,Asheville  NC ,213,213,71328,1,2,313,0,0,0,6,117,11927,25,25,8985,0,0,0,0,0,0,0,0,0
202208,122,12020,C,Athens-Clarke County  GA ,66,66,22750,0,0,0,1,4,499,3,180,17684,32,32,13086,0,0,0,1,4,499,3,180,17684
202208,122,12060,C,Atlanta-Sandy Springs-Alpharetta  GA ,2182,2182,509988,8,16,2369,12,47,11092,52,2339,308692,1898,1898,444443,8,16,2369,12,47,11092,50,2324,305824
202208,122,23580,C,Gainesville  GA ,116,116,26737,0,0,0,1,3,427,3,66,8186,24,24,5224,0,0,0,0,0,0,0,0,0
202208,122,40660,C,Rome  GA ,27,27,5916,0,0,0,0,0,0,0,0,0,27,27,5916,0,0,0,0,0,0,0,0,0
202208,140,13460,C,Bend  OR ,87,87,35477,4,8,1739,0,0,0,8,92,13649,87,87,35477,4,8,1739,0,0,0,8,92,13649
202208,142,13820,C,Birmingham-Hoover  AL ,250,250,75848,28,56,8194,12,46,6912,13,71,13309,203,203,58040,28,56,8194,12,46,6912,13,71,13309
202208,144,14020,C,Bloomington  IN ,21,21,5575,0,0,0,1,3,433,4,191,20960,2,2,380,0,0,0,0,0,0,0,0,0
202208,145,14010,C,Bloomington  IL ,18,18,5418,1,2,146,0,0,0,0,0,0,11,11,3598,0,0,0,0,0,0,0,0,0
202208,146,14100,C,Bloomsburg-Berwick  PA ,6,6,1682,0,0,0,0,0,0,1,5,454,3,3,864,0,0,0,0,0,0,0,0,0
202208,147,14260,C,Boise City  ID ,518,518,147054,4,8,1317,14,56,3861,5,146,27374,468,468,128854,4,8,1317,14,56,3861,5,146,27374
202208,148,12700,C,Barnstable Town  MA ,69,69,34151,0,0,0,0,0,0,0,0,0,39,39,17262,0,0,0,0,0,0,0,0,0
202208,148,14460,C,Boston-Cambridge-Newton  MA-NH ,334,334,132378,14,28,6210,10,35,9000,46,460,85499,185,185,85155,6,12,2869,7,26,7297,9,205,55114
202208,148,31700,C,Manchester-Nashua  NH ,47,47,17962,2,4,530,1,3,539,2,114,11500,23,23,10336,1,2,60,0,0,0,2,114,11500
202208,148,39300,C,Providence-Warwick  RI-MA ,140,140,41434,6,12,1894,5,19,3195,3,15,1234,61,61,24130,1,2,482,4,16,2880,0,0,0
202208,148,49340,C,Worcester  MA-CT ,96,96,31373,4,8,1676,0,0,0,5,55,6116,48,48,17521,3,6,1423,0,0,0,1,12,750
202208,150,14540,C,Bowling Green  KY ,71,71,19730,0,0,0,2,8,870,29,284,31900,71,71,19730,0,0,0,2,8,870,29,284,31900
202208,154,15180,C,Brownsville-Harlingen  TX ,116,116,16634,4,8,792,3,9,1221,3,32,2791,10,10,2852,0,0,0,0,0,0,0,0,0
202208,160,15380,C,Buffalo-Cheektowaga  NY ,70,70,31296,1,2,400,3,12,3585,5,41,6384,54,54,26838,1,2,400,3,12,3585,3,20,2099
202208,162,15540,C,Burlington-South Burlington  VT ,36,36,10781,2,4,853,0,0,0,2,18,1730,14,14,4251,0,0,0,0,0,0,0,0,0
202208,163,15980,C,Cape Coral-Fort Myers  FL ,817,817,171283,15,30,4146,1,3,629,13,285,28882,514,514,107233,2,4,733,0,0,0,10,192,21983
202208,163,34940,C,Naples-Marco Island  FL ,314,314,157975,0,0,0,6,22,4975,5,102,11647,314,314,157975,0,0,0,6,22,4975,5,102,11647
202208,164,16020,C,Cape Girardeau  MO-IL ,13,13,3812,0,0,0,0,0,0,0,0,0,0,0,0,0,0,0,0,0,0,0,0,0
202208,168,16300,C,Cedar Rapids  IA ,27,27,14817,3,6,1162,0,0,0,0,0,0,25,25,13979,1,2,400,0,0,0,0,0,0
202208,168,26980,C,Iowa City  IA ,80,80,23541,0,0,0,0,0,0,4,131,18795,64,64,19607,0,0,0,0,0,0,3,120,17218
202208,170,16620,C,Charleston  WV ,14,14,3084,0,0,0,0,0,0,0,0,0,11,11,2517,0,0,0,0,0,0,0,0,0
202208,170,26580,C,Huntington-Ashland  WV-KY-OH ,20,20,4066,0,0,0,0,0,0,0,0,0,0,0,0,0,0,0,0,0,0,0,0,0
202208,172,16740,C,Charlotte-Concord-Gastonia  NC-SC ,1348,1348,364858,5,10,1610,0,0,0,10,376,45723,1173,1173,312614,5,10,1610,0,0,0,8,354,43225
202208,174,16860,C,Chattanooga  TN-GA ,150,150,34957,4,8,575,1,3,174,3,60,5991,102,102,23968,0,0,0,0,0,0,0,0,0
202208,174,17420,C,Cleveland  TN ,49,49,12258,0,0,0,1,3,254,0,0,0,15,15,4256,0,0,0,0,0,0,0,0,0
202208,174,19140,C,Dalton  GA ,27,27,4593,5,10,900,0,0,0,0,0,0,23,23,3636,5,10,900,0,0,0,0,0,0
202208,176,16980,C,Chicago-Naperville-Elgin  IL-IN-WI ,700,700,235733,13,26,5208,22,67,13137,23,538,95074,605,605,206615,12,24,4788,20,61,12158,15,481,85960
202208,176,28100,C,Kankakee  IL ,11,11,3153,0,0,0,0,0,0,0,0,0,9,9,2553,0,0,0,0,0,0,0,0,0
202208,176,33140,C,Michigan City-La Porte  IN ,11,11,4222,0,0,0,0,0,0,0,0,0,0,0,0,0,0,0,0,0,0,0,0,0
202208,178,17140,C,Cincinnati  OH-KY-IN ,359,359,121271,13,26,3847,4,12,2000,7,84,8355,229,229,86572,13,26,3847,4,12,2000,1,10,797
202208,184,10420,C,Akron  OH ,59,59,20573,0,0,0,1,3,350,2,13,839,48,48,16795,0,0,0,1,3,350,0,0,0
202208,184,15940,C,Canton-Massillon  OH ,34,34,9670,0,0,0,1,3,154,1,8,614,29,29,9086,0,0,0,0,0,0,0,0,0
202208,184,17460,C,Cleveland-Elyria  OH ,266,266,78666,4,8,786,2,7,708,1,5,500,213,213,66272,2,4,525,1,4,500,1,5,500
202208,190,17860,C,Columbia  MO ,39,39,13413,0,0,0,0,0,0,0,0,0,38,38,13146,0,0,0,0,0,0,0,0,0
202208,192,17900,C,Columbia  SC ,346,346,81475,2,4,889,1,3,608,3,165,21748,71,71,16794,2,4,889,1,3,608,1,150,19491
202208,194,12220,C,Auburn-Opelika  AL ,85,85,27034,1,2,330,0,0,0,7,501,99406,55,55,19776,0,0,0,0,0,0,6,480,96547
202208,194,17980,C,Columbus  GA-AL ,38,38,9673,0,0,0,0,0,0,2,42,6612,15,15,5100,0,0,0,0,0,0,0,0,0
202208,198,18140,C,Columbus  OH ,529,529,189179,0,0,0,3,10,2250,26,776,148935,464,464,170722,0,0,0,2,7,1275,23,749,147830
202208,204,18580,C,Corpus Christi  TX ,130,130,33736,0,0,0,0,0,0,1,25,1858,81,81,20654,0,0,0,0,0,0,0,0,0
202208,206,19100,C,Dallas-Fort Worth-Arlington  TX ,3693,3693,944781,19,38,4854,8,29,7779,40,2134,291547,2890,2890,730286,9,18,2375,4,16,6564,19,1251,188918
202208,206,43300,C,Sherman-Denison  TX ,72,72,14528,1,2,225,0,0,0,1,10,877,41,41,8554,0,0,0,0,0,0,0,0,0
202208,209,19340,C,Davenport-Moline-Rock Island  IA-IL ,41,41,10945,1,2,325,6,23,4183,1,5,524,25,25,7830,0,0,0,6,23,4183,0,0,0
202208,212,19430,C,Dayton-Kettering  OH ,110,110,44943,0,0,0,1,3,800,3,101,12441,66,66,29711,0,0,0,1,3,800,2,70,8681
202208,212,44220,C,Springfield  OH ,9,9,3580,0,0,0,0,0,0,1,8,228,9,9,3580,0,0,0,0,0,0,1,8,228
202208,216,14500,C,Boulder  CO ,43,43,30947,0,0,0,2,7,1748,5,86,19199,31,31,24205,0,0,0,2,7,1748,3,27,7138
202208,216,19740,C,Denver-Aurora-Lakewood  CO ,797,797,243285,8,16,3749,5,19,4312,16,1004,137352,766,766,232256,7,14,3307,5,19,4312,14,919,125196
202208,216,24540,C,Greeley  CO ,273,273,83926,4,8,1397,4,13,2269,8,171,22909,154,154,52234,0,0,0,2,6,932,6,125,16463
202208,218,11180,C,Ames  IA ,23,23,6602,0,0,0,2,8,1560,0,0,0,15,15,4311,0,0,0,2,8,1560,0,0,0
202208,218,19780,C,Des Moines-West Des Moines  IA ,277,277,93997,1,2,361,1,3,630,9,293,45427,254,254,85595,1,2,361,0,0,0,8,287,44630
202208,220,11460,C,Ann Arbor  MI ,34,34,12949,1,2,750,0,0,0,0,0,0,20,20,9022,1,2,750,0,0,0,0,0,0
202208,220,19820,C,Detroit-Warren-Dearborn  MI ,343,343,128127,1,2,608,8,30,3414,26,356,35196,257,257,105041,1,2,608,6,23,2871,21,309,29638
202208,220,22420,C,Flint  MI ,21,21,6304,1,2,292,1,3,668,0,0,0,12,12,4150,1,2,292,0,0,0,0,0,0
202208,220,33780,C,Monroe  MI ,16,16,5596,0,0,0,0,0,0,1,5,459,10,10,3921,0,0,0,0,0,0,0,0,0
202208,222,20020,C,Dothan  AL ,38,38,11999,0,0,0,0,0,0,0,0,0,27,27,9623,0,0,0,0,0,0,0,0,0
202208,232,20740,C,Eau Claire  WI ,33,33,11569,7,14,2752,0,0,0,3,44,5648,27,27,9810,3,6,1231,0,0,0,0,0,0
202208,236,21300,C,Elmira  NY ,4,4,935,0,0,0,0,0,0,1,7,784,0,0,0,0,0,0,0,0,0,0,0,0
202208,238,21340,C,El Paso  TX ,180,180,42009,6,12,1541,0,0,0,2,22,2586,2,2,326,0,0,0,0,0,0,0,0,0
202208,238,29740,C,Las Cruces  NM ,81,81,21261,0,0,0,0,0,0,1,8,625,0,0,0,0,0,0,0,0,0,0,0,0
202208,240,21500,C,Erie  PA ,14,14,2998,0,0,0,0,0,0,0,0,0,8,8,1933,0,0,0,0,0,0,0,0,0
202208,244,22020,C,Fargo  ND-MN ,151,151,49802,2,4,370,0,0,0,0,0,0,148,148,48593,2,4,370,0,0,0,0,0,0
202208,246,22180,C,Fayetteville  NC ,120,120,22967,0,0,0,0,0,0,11,264,26824,62,62,15080,0,0,0,0,0,0,11,264,26824
202208,258,23060,C,Fort Wayne  IN ,120,120,37248,3,6,1284,0,0,0,1,100,8500,120,120,37248,3,6,1284,0,0,0,1,100,8500
202208,260,23420,C,Fresno  CA ,97,97,30132,0,0,0,0,0,0,21,178,17900,26,26,7966,0,0,0,0,0,0,18,156,14597
202208,260,25260,C,Hanford-Corcoran  CA ,54,54,15511,0,0,0,0,0,0,0,0,0,47,47,13909,0,0,0,0,0,0,0,0,0
202208,260,31460,C,Madera  CA ,99,99,28287,0,0,0,0,0,0,0,0,0,99,99,28287,0,0,0,0,0,0,0,0,0
202208,264,23540,C,Gainesville  FL ,135,135,32255,0,0,0,0,0,0,1,120,4086,61,61,17525,0,0,0,0,0,0,0,0,0
202208,266,24340,C,Grand Rapids-Kentwood  MI ,218,218,71141,4,8,1102,2,6,1400,28,377,53697,145,145,46808,0,0,0,1,3,840,24,320,46564
202208,266,34740,C,Muskegon  MI ,32,32,8406,1,2,288,0,0,0,0,0,0,23,23,6493,0,0,0,0,0,0,0,0,0
202208,267,24580,C,Green Bay  WI ,68,68,25059,6,12,3380,0,0,0,4,52,6531,50,50,19251,3,6,1900,0,0,0,2,32,4724
202208,268,15500,C,Burlington  NC ,188,188,24313,0,0,0,2,8,1371,8,107,49458,188,188,24313,0,0,0,2,8,1371,8,107,49458
202208,268,24660,C,Greensboro-High Point  NC ,161,161,42357,1,2,90,0,0,0,1,24,2971,87,87,18387,1,2,90,0,0,0,1,24,2971
202208,268,49180,C,Winston-Salem  NC ,276,276,81475,1,2,230,0,0,0,1,6,237,179,179,43155,0,0,0,0,0,0,0,0,0
202208,272,24780,C,Greenville  NC ,36,36,9042,0,0,0,0,0,0,0,0,0,8,8,2600,0,0,0,0,0,0,0,0,0
202208,273,24860,C,Greenville-Anderson  SC ,521,521,147237,1,2,180,6,22,1565,0,0,0,492,492,137882,1,2,180,6,22,1565,0,0,0
202208,273,43900,C,Spartanburg  SC ,240,240,40281,0,0,0,0,0,0,1,24,2879,0,0,0,0,0,0,0,0,0,0,0,0
202208,276,23900,C,Gettysburg  PA ,20,20,6065,0,0,0,0,0,0,0,0,0,20,20,6065,0,0,0,0,0,0,0,0,0
202208,276,25420,C,Harrisburg-Carlisle  PA ,121,121,28919,0,0,0,0,0,0,3,16,1557,96,96,23320,0,0,0,0,0,0,2,11,960
202208,276,30140,C,Lebanon  PA ,18,18,3603,0,0,0,0,0,0,1,5,876,1,1,275,0,0,0,0,0,0,0,0,0
202208,276,49620,C,York-Hanover  PA ,88,88,19068,0,0,0,0,0,0,1,9,666,51,51,12423,0,0,0,0,0,0,0,0,0
202208,277,25500,C,Harrisonburg  VA ,44,44,9518,0,0,0,0,0,0,0,0,0,44,44,9518,0,0,0,0,0,0,0,0,0
202208,277,44420,C,Staunton  VA ,20,20,6339,0,0,0,0,0,0,0,0,0,20,20,6339,0,0,0,0,0,0,0,0,0
202208,278,25540,C,Hartford-East Hartford-Middletown  CT ,59,59,14999,1,2,200,1,3,400,4,26,2064,26,26,6460,1,2,200,0,0,0,0,0,0
202208,278,35980,C,Norwich-New London  CT ,36,36,9755,1,2,130,0,0,0,0,0,0,24,24,6626,1,2,130,0,0,0,0,0,0
202208,279,25620,C,Hattiesburg  MS ,10,10,1952,0,0,0,0,0,0,0,0,0,0,0,0,0,0,0,0,0,0,0,0,0
202208,284,26300,C,Hot Springs  AR ,8,8,2307,0,0,0,0,0,0,0,0,0,8,8,2307,0,0,0,0,0,0,0,0,0
202208,288,26420,C,Houston-The Woodlands-Sugar Land  TX ,3700,3700,971062,40,80,12757,0,0,0,69,2733,308242,3379,3379,894186,35,70,11472,0,0,0,66,2718,307187
202208,290,19460,C,Decatur  AL ,22,22,6330,0,0,0,0,0,0,0,0,0,21,21,6207,0,0,0,0,0,0,0,0,0
202208,290,26620,C,Huntsville  AL ,293,293,60077,0,0,0,0,0,0,11,447,56643,55,55,20357,0,0,0,0,0,0,3,301,38447
202208,292,26820,C,Idaho Falls  ID ,89,89,20588,0,0,0,9,36,4590,0,0,0,88,88,20153,0,0,0,9,36,4590,0,0,0
202208,294,18020,C,Columbus  IN ,11,11,3844,0,0,0,0,0,0,0,0,0,11,11,3844,0,0,0,0,0,0,0,0,0
202208,294,26900,C,Indianapolis-Carmel-Anderson  IN ,595,595,225948,6,12,2978,2,8,700,5,183,22052,514,514,204450,6,12,2978,2,8,700,3,140,17990
202208,294,34620,C,Muncie  IN ,12,12,2373,0,0,0,0,0,0,0,0,0,10,10,1790,0,0,0,0,0,0,0,0,0
202208,296,27060,C,Ithaca  NY ,7,7,1839,0,0,0,0,0,0,1,5,342,3,3,675,0,0,0,0,0,0,0,0,0
202208,297,27180,C,Jackson  TN ,30,30,6813,0,0,0,0,0,0,0,0,0,3,3,676,0,0,0,0,0,0,0,0,0
202208,298,27140,C,Jackson  MS ,64,64,17821,0,0,0,0,0,0,0,0,0,43,43,12300,0,0,0,0,0,0,0,0,0
202208,300,27260,C,Jacksonville  FL ,1176,1176,274244,2,4,915,0,0,0,5,357,47120,1168,1168,270808,2,4,915,0,0,0,5,357,47120
202208,304,27740,C,Johnson City  TN ,66,66,17552,0,0,0,0,0,0,2,12,1520,49,49,14869,0,0,0,0,0,0,2,12,1520
202208,304,28700,C,Kingsport-Bristol  TN-VA ,60,60,16448,0,0,0,0,0,0,0,0,0,45,45,14512,0,0,0,0,0,0,0,0,0
202208,306,27780,C,Johnstown  PA ,1,1,183,0,0,0,0,0,0,0,0,0,0,0,0,0,0,0,0,0,0,0,0,0
202208,308,27860,C,Jonesboro  AR ,51,51,8281,3,6,413,5,18,1182,2,10,568,4,4,911,0,0,0,0,0,0,0,0,0
202208,309,27900,C,Joplin  MO ,46,46,11136,1,2,76,0,0,0,1,5,225,19,19,5460,0,0,0,0,0,0,0,0,0
202208,310,12980,C,Battle Creek  MI ,9,9,1671,0,0,0,0,0,0,0,0,0,5,5,958,0,0,0,0,0,0,0,0,0
202208,310,28020,C,Kalamazoo-Portage  MI ,36,36,12094,1,2,299,0,0,0,0,0,0,18,18,7153,0,0,0,0,0,0,0,0,0
202208,312,28140,C,Kansas City  MO-KS ,511,511,167193,6,12,3224,14,56,10064,16,570,80463,431,431,137236,2,4,320,14,56,10064,14,519,74016
202208,312,29940,C,Lawrence  KS ,9,9,3504,0,0,0,0,0,0,0,0,0,8,8,3178,0,0,0,0,0,0,0,0,0
202208,312,41140,C,St. Joseph  MO-KS ,6,6,1258,0,0,0,0,0,0,0,0,0,2,2,370,0,0,0,0,0,0,0,0,0
202208,313,28420,C,Kennewick-Richland  WA ,108,108,36244,1,2,643,0,0,0,0,0,0,31,31,13441,0,0,0,0,0,0,0,0,0
202208,313,47460,C,Walla Walla  WA ,18,18,3852,0,0,0,0,0,0,0,0,0,17,17,3752,0,0,0,0,0,0,0,0,0
202208,315,28940,C,Knoxville  TN ,307,307,97631,4,8,1232,0,0,0,3,34,2663,247,247,88040,4,8,1232,0,0,0,0,0,0
202208,315,34100,C,Morristown  TN ,52,52,11113,0,0,0,0,0,0,0,0,0,21,21,2722,0,0,0,0,0,0,0,0,0
202208,316,29020,C,Kokomo  IN ,14,14,4704,0,0,0,0,0,0,0,0,0,12,12,4092,0,0,0,0,0,0,0,0,0
202208,318,29180,C,Lafayette  LA ,140,140,32882,0,0,0,0,0,0,0,0,0,24,24,6303,0,0,0,0,0,0,0,0,0
202208,320,29200,C,Lafayette-West Lafayette  IN ,30,30,8987,0,0,0,0,0,0,2,54,6104,24,24,7678,0,0,0,0,0,0,0,0,0
202208,324,29340,C,Lake Charles  LA ,63,63,12802,0,0,0,0,0,0,0,0,0,25,25,4198,0,0,0,0,0,0,0,0,0
202208,332,29820,C,Las Vegas-Henderson-Paradise  NV ,623,623,175608,0,0,0,2,8,1462,5,28,4013,623,623,175608,0,0,0,2,8,1462,5,28,4013
202208,336,30460,C,Lexington-Fayette  KY ,108,108,27321,1,2,300,1,3,440,5,127,11786,18,18,6546,1,2,300,0,0,0,0,0,0
202208,338,30620,C,Lima  OH ,7,7,1946,0,0,0,0,0,0,1,5,585,0,0,0,0,0,0,0,0,0,0,0,0
202208,339,30700,C,Lincoln  NE ,88,88,26469,6,12,2107,1,4,845,4,127,18001,0,0,0,4,8,1390,1,4,845,0,0,0
202208,340,30780,C,Little Rock-North Little Rock-Conway  AR ,149,149,36789,12,24,2769,0,0,0,1,21,1183,90,90,26011,8,16,2045,0,0,0,0,0,0
202208,340,38220,C,Pine Bluff  AR ,6,6,540,0,0,0,0,0,0,0,0,0,5,5,390,0,0,0,0,0,0,0,0,0
202208,348,31080,C,Los Angeles-Long Beach-Anaheim  CA ,1034,1034,282478,86,172,39172,6,20,4168,61,1778,325317,850,850,225106,82,164,37227,3,11,2314,47,1621,294490
202208,348,37100,C,Oxnard-Thousand Oaks-Ventura  CA ,38,38,8942,1,2,492,0,0,0,2,37,4977,14,14,2092,0,0,0,0,0,0,0,0,0
202208,348,40140,C,Riverside-San Bernardino-Ontario  CA ,903,903,223569,6,12,683,10,37,6722,22,371,51504,748,748,189561,6,12,683,9,34,6214,15,334,47885
202208,350,21060,C,Elizabethtown-Fort Knox  KY ,50,50,13315,0,0,0,0,0,0,0,0,0,50,50,13315,0,0,0,0,0,0,0,0,0
202208,350,31140,C,Louisville-Jefferson County  KY-IN ,297,297,83809,2,4,651,0,0,0,2,49,3826,180,180,56621,0,0,0,0,0,0,0,0,0
202208,352,31180,C,Lubbock  TX ,150,150,38193,0,0,0,0,0,0,0,0,0,130,130,32216,0,0,0,0,0,0,0,0,0
202208,356,31420,C,Macon-Bibb County  GA ,54,54,12480,0,0,0,0,0,0,0,0,0,23,23,6320,0,0,0,0,0,0,0,0,0
202208,356,47580,C,Warner Robins  GA ,69,69,59907,0,0,0,0,0,0,19,558,46420,50,50,55344,0,0,0,0,0,0,19,558,46420
202208,357,27500,C,Janesville-Beloit  WI ,27,27,7217,0,0,0,0,0,0,0,0,0,13,13,3808,0,0,0,0,0,0,0,0,0
202208,357,31540,C,Madison  WI ,122,122,56795,7,14,3750,3,12,1884,6,248,58421,101,101,49718,6,12,3134,3,12,1884,4,200,51043
202208,359,31860,C,Mankato  MN ,15,15,4607,1,2,335,1,3,798,2,12,1266,6,6,1622,1,2,335,0,0,0,0,0,0
202208,360,31900,C,Mansfield  OH ,10,10,3228,0,0,0,0,0,0,0,0,0,8,8,2494,0,0,0,0,0,0,0,0,0
202208,365,32580,C,McAllen-Edinburg-Mission  TX ,369,369,83029,30,60,5157,13,50,3740,2,26,990,288,288,67902,28,56,4903,13,50,3740,2,26,990
202208,366,24420,C,Grants Pass  OR ,16,16,3206,0,0,0,0,0,0,0,0,0,5,5,868,0,0,0,0,0,0,0,0,0
202208,366,32780,C,Medford  OR ,37,37,11245,0,0,0,1,3,1102,0,0,0,28,28,8486,0,0,0,0,0,0,0,0,0
202208,368,32820,C,Memphis  TN-MS-AR ,325,325,73056,0,0,0,0,0,0,0,0,0,291,291,65458,0,0,0,0,0,0,0,0,0
202208,370,33100,C,Miami-Fort Lauderdale-Pompano Beach  FL ,602,602,320195,23,46,7911,8,27,3467,43,893,130393,521,521,279538,23,46,7911,7,24,3217,28,693,85136
202208,370,38940,C,Port St. Lucie  FL ,405,405,115478,14,28,2374,2,6,596,19,113,23035,387,387,110647,13,26,2040,2,6,596,18,102,21454
202208,370,42680,C,Sebastian-Vero Beach  FL ,108,108,43963,2,4,604,0,0,0,0,0,0,21,21,8971,1,2,324,0,0,0,0,0,0
202208,372,33260,C,Midland  TX ,76,76,17051,0,0,0,0,0,0,0,0,0,76,76,17051,0,0,0,0,0,0,0,0,0
202208,372,36220,C,Odessa  TX ,97,97,23093,0,0,0,0,0,0,1,5,599,0,0,0,0,0,0,0,0,0,0,0,0
202208,376,33340,C,Milwaukee-Waukesha  WI ,154,154,73223,8,16,3700,0,0,0,12,79,14325,98,98,47865,5,10,2510,0,0,0,10,60,11994
202208,376,39540,C,Racine  WI ,16,16,6269,1,2,550,0,0,0,0,0,0,14,14,5640,1,2,550,0,0,0,0,0,0
202208,378,33460,C,Minneapolis-St. Paul-Bloomington  MN-WI ,761,761,291448,35,70,10743,4,15,3874,25,1050,200260,659,659,260075,35,70,10743,4,15,3874,15,802,160625
202208,378,41060,C,St. Cloud  MN ,30,30,8711,3,6,1059,0,0,0,0,0,0,8,8,2566,0,0,0,0,0,0,0,0,0
202208,380,19300,C,Daphne-Fairhope-Foley  AL ,233,233,71842,1,2,695,0,0,0,1,13,1032,174,174,60915,1,2,695,0,0,0,0,0,0
202208,380,33660,C,Mobile  AL ,17,17,3753,0,0,0,0,0,0,0,0,0,13,13,3261,0,0,0,0,0,0,0,0,0
202208,384,33740,C,Monroe  LA ,32,32,7782,16,32,4258,1,4,629,2,14,1682,5,5,1598,15,30,4184,0,0,0,0,0,0
202208,388,33860,C,Montgomery  AL ,62,62,16790,0,0,0,0,0,0,0,0,0,43,43,13535,0,0,0,0,0,0,0,0,0
202208,390,34060,C,Morgantown  WV ,2,2,212,0,0,0,0,0,0,0,0,0,0,0,0,0,0,0,0,0,0,0,0,0
202208,396,34820,C,Myrtle Beach-Conway-North Myrtle Beach  SC-NC ,1200,1200,279569,0,0,0,1,3,470,4,42,2974,1051,1051,235831,0,0,0,0,0,0,1,6,574
202208,400,34980,C,Nashville-Davidson--Murfreesboro--Franklin  TN ,1132,1132,346588,1,2,380,1,4,446,9,66,6795,860,860,279896,1,2,380,0,0,0,0,0,0
202208,404,35100,C,New Bern  NC ,44,44,13871,0,0,0,0,0,0,0,0,0,23,23,7618,0,0,0,0,0,0,0,0,0
202208,406,25220,C,Hammond  LA ,106,106,14371,1,2,175,0,0,0,1,61,6041,96,96,12693,0,0,0,0,0,0,0,0,0
202208,406,35380,C,New Orleans-Metairie  LA ,310,310,100917,15,30,3442,1,3,612,1,63,11363,221,221,77810,3,6,743,0,0,0,0,0,0
202208,408,14860,C,Bridgeport-Stamford-Norwalk  CT ,51,51,33557,2,4,1565,0,0,0,3,19,1932,31,31,17180,2,4,1565,0,0,0,1,6,1272
202208,408,20700,C,East Stroudsburg  PA ,26,26,9046,0,0,0,0,0,0,1,5,564,15,15,6217,0,0,0,0,0,0,0,0,0
202208,408,28740,C,Kingston  NY ,25,25,12390,0,0,0,0,0,0,0,0,0,14,14,8907,0,0,0,0,0,0,0,0,0
202208,408,35300,C,New Haven-Milford  CT ,35,35,8496,3,6,530,0,0,0,2,122,19642,13,13,3476,2,4,350,0,0,0,1,112,19000
202208,408,35620,C,New York-Newark-Jersey City  NY-NJ-PA ,1071,1071,330038,61,122,18081,22,75,9791,126,3565,455537,643,643,221795,44,88,14033,17,59,8451,63,2884,372442
202208,408,39100,C,Poughkeepsie-Newburgh-Middletown  NY ,68,68,23704,0,0,0,0,0,0,2,11,1550,13,13,4994,0,0,0,0,0,0,0,0,0
202208,408,45940,C,Trenton-Princeton  NJ ,12,12,2202,0,0,0,0,0,0,2,12,694,3,3,757,0,0,0,0,0,0,0,0,0
202208,412,35840,C,North Port-Sarasota-Bradenton  FL ,872,872,315140,5,10,2198,3,10,7220,5,248,12733,823,823,301387,0,0,0,3,10,7220,5,248,12733
202208,412,39460,C,Punta Gorda  FL ,244,244,73688,12,24,3630,2,8,2280,4,79,13356,12,12,6956,0,0,0,0,0,0,0,0,0
202208,416,36420,C,Oklahoma City  OK ,466,466,143135,41,82,9235,1,3,1100,0,0,0,424,424,134620,41,82,9235,1,3,1100,0,0,0
202208,420,36540,C,Omaha-Council Bluffs  NE-IA ,236,236,53584,4,8,839,3,10,1592,4,60,5092,202,202,43265,4,8,839,3,10,1592,2,50,4040
202208,422,19660,C,Deltona-Daytona Beach-Ormond Beach  FL ,613,613,204285,9,18,3264,0,0,0,2,47,5215,545,545,183035,9,18,3264,0,0,0,0,0,0
202208,422,29460,C,Lakeland-Winter Haven  FL ,649,649,158097,3,6,690,0,0,0,15,682,73049,456,456,103040,3,6,690,0,0,0,15,682,73049
202208,422,36740,C,Orlando-Kissimmee-Sanford  FL ,1118,1118,291715,14,28,4370,4,12,2704,10,512,73182,968,968,250604,14,28,4370,4,12,2704,6,440,68171
202208,422,45540,C,The Villages  FL ,282,282,75190,0,0,0,0,0,0,4,67,14996,0,0,0,0,0,0,0,0,0,0,0,0
202208,425,37620,C,Parkersburg-Vienna  WV ,8,8,1360,0,0,0,0,0,0,0,0,0,7,7,1208,0,0,0,0,0,0,0,0,0
202208,426,37860,C,Pensacola-Ferry Pass-Brent  FL ,338,338,79008,0,0,0,0,0,0,0,0,0,190,190,48682,0,0,0,0,0,0,0,0,0
202208,428,12100,C,Atlantic City-Hammonton  NJ ,42,42,10686,1,2,341,0,0,0,2,15,1328,34,34,9018,1,2,341,0,0,0,0,0,0
202208,428,20100,C,Dover  DE ,107,107,16500,10,20,2931,0,0,0,0,0,0,105,105,16070,10,20,2931,0,0,0,0,0,0
202208,428,36140,C,Ocean City  NJ ,35,35,13978,6,12,4274,2,7,864,0,0,0,31,31,12958,6,12,4274,2,7,864,0,0,0
202208,428,37980,C,Philadelphia-Camden-Wilmington  PA-NJ-DE-MD ,628,628,151447,24,48,6837,19,61,7124,31,274,27420,350,350,99989,24,48,6837,18,58,6874,17,171,16495
202208,428,39740,C,Reading  PA ,29,29,7802,0,0,0,0,0,0,1,5,658,15,15,3887,0,0,0,0,0,0,0,0,0
202208,428,47220,C,Vineland-Bridgeton  NJ ,13,13,2233,0,0,0,0,0,0,0,0,0,12,12,2118,0,0,0,0,0,0,0,0,0
202208,429,38060,C,Phoenix-Mesa-Chandler  AZ ,2060,2060,565280,51,102,12501,3,9,1742,54,1197,154029,1755,1755,475616,50,100,12241,3,9,1742,52,1054,130398
202208,430,38300,C,Pittsburgh  PA ,273,273,83604,3,6,1006,6,20,2716,4,55,6866,95,95,36328,1,2,540,2,8,1808,0,0,0
202208,430,48260,C,Weirton-Steubenville  WV-OH ,2,2,484,0,0,0,0,0,0,0,0,0,0,0,0,0,0,0,0,0,0,0,0,0
202208,438,30340,C,Lewiston-Auburn  ME ,15,15,3284,0,0,0,0,0,0,0,0,0,8,8,1559,0,0,0,0,0,0,0,0,0
202208,438,38860,C,Portland-South Portland  ME ,210,210,65255,6,12,2031,0,0,0,6,49,6548,65,65,24696,2,4,810,0,0,0,1,24,3800
202208,440,10540,C,Albany-Lebanon  OR ,29,29,8863,1,2,450,0,0,0,1,5,683,19,19,6497,1,2,450,0,0,0,0,0,0
202208,440,18700,C,Corvallis  OR ,16,16,5939,0,0,0,0,0,0,0,0,0,16,16,5939,0,0,0,0,0,0,0,0,0
202208,440,31020,C,Longview  WA ,41,41,11396,0,0,0,0,0,0,4,66,7985,41,41,11396,0,0,0,0,0,0,4,66,7985
202208,440,38900,C,Portland-Vancouver-Hillsboro  OR-WA ,448,448,165260,5,10,1836,7,24,3402,20,534,75539,353,353,134320,5,10,1836,7,24,3402,17,479,68757
202208,440,41420,C,Salem  OR ,71,71,23061,3,6,1353,0,0,0,4,37,3811,30,30,11751,2,4,930,0,0,0,0,0,0
202208,444,39380,C,Pueblo  CO ,49,49,7929,0,0,0,0,0,0,0,0,0,0,0,0,0,0,0,0,0,0,0,0,0
202208,450,20500,C,Durham-Chapel Hill  NC ,278,278,95264,0,0,0,0,0,0,10,376,51978,197,197,66317,0,0,0,0,0,0,9,335,48396
202208,450,39580,C,Raleigh-Cary  NC ,1078,1078,279470,2,4,746,0,0,0,19,814,102174,1078,1078,279470,2,4,746,0,0,0,19,814,102174
202208,452,39660,C,Rapid City  SD ,48,48,16090,0,0,0,3,12,1395,1,6,668,45,45,15149,0,0,0,3,12,1395,1,6,668
202208,454,39820,C,Redding  CA ,53,53,15779,0,0,0,0,0,0,0,0,0,43,43,12898,0,0,0,0,0,0,0,0,0
202208,456,16180,C,Carson City  NV ,13,13,3434,0,0,0,0,0,0,2,10,998,0,0,0,0,0,0,0,0,0,0,0,0
202208,456,39900,C,Reno  NV ,157,157,43333,6,12,1685,3,10,1504,22,330,41587,18,18,4002,4,8,1266,2,6,976,11,132,16389
202208,462,40340,C,Rochester  MN ,42,42,14341,0,0,0,9,36,8326,3,190,29079,26,26,10017,0,0,0,9,36,8326,3,190,29079
202208,464,40380,C,Rochester  NY ,163,163,33879,1,2,579,5,15,1305,16,140,16853,135,135,26094,1,2,579,3,9,750,16,140,16853
202208,466,40420,C,Rockford  IL ,24,24,6202,0,0,0,0,0,0,0,0,0,17,17,5238,0,0,0,0,0,0,0,0,0
202208,468,40580,C,Rocky Mount  NC ,46,46,6373,0,0,0,0,0,0,0,0,0,2,2,416,0,0,0,0,0,0,0,0,0
202208,472,40900,C,Sacramento-Roseville-Folsom  CA ,672,672,197091,14,28,5197,1,4,731,11,314,60888,648,648,190168,14,28,5197,1,4,731,11,314,60888
202208,472,49700,C,Yuba City  CA ,28,28,8275,0,0,0,0,0,0,1,6,693,24,24,6839,0,0,0,0,0,0,0,0,0
202208,474,13020,C,Bay City  MI ,7,7,1993,0,0,0,0,0,0,0,0,0,2,2,791,0,0,0,0,0,0,0,0,0
202208,474,33220,C,Midland  MI ,5,5,1762,1,2,249,0,0,0,0,0,0,2,2,430,1,2,249,0,0,0,0,0,0
202208,474,40980,C,Saginaw  MI ,13,13,3611,1,2,137,0,0,0,0,0,0,5,5,1424,1,2,137,0,0,0,0,0,0
202208,476,41180,C,St. Louis  MO-IL ,417,417,141943,2,4,633,9,36,4093,28,669,103352,299,299,101797,0,0,0,9,36,4093,21,560,90701
202208,480,41540,C,Salisbury  MD-DE ,415,415,70993,4,8,1980,0,0,0,1,8,2075,408,408,70131,3,6,1840,0,0,0,1,8,2075
202208,482,36260,C,Ogden-Clearfield  UT ,248,248,71859,0,0,0,3,10,1822,18,188,30715,194,194,58732,0,0,0,1,4,689,13,84,18544
202208,482,39340,C,Provo-Orem  UT ,313,313,121345,21,42,8625,8,30,3977,11,187,31407,305,305,116743,20,40,7955,8,30,3977,11,187,31407
202208,482,41620,C,Salt Lake City  UT ,257,257,82203,2,4,319,3,11,2451,7,314,43554,231,231,74805,0,0,0,1,4,1205,1,9,1776
202208,484,41700,C,San Antonio-New Braunfels  TX ,681,681,172493,5,10,1302,0,0,0,68,2248,252145,608,608,157764,5,10,1302,0,0,0,68,2248,252145
202208,488,32900,C,Merced  CA ,18,18,7137,0,0,0,1,3,257,0,0,0,1,1,286,0,0,0,1,3,257,0,0,0
202208,488,33700,C,Modesto  CA ,77,77,17760,1,2,20,0,0,0,0,0,0,64,64,15160,1,2,20,0,0,0,0,0,0
202208,488,34900,C,Napa  CA ,24,24,9234,0,0,0,0,0,0,1,70,12105,13,13,5808,0,0,0,0,0,0,0,0,0
202208,488,41860,C,San Francisco-Oakland-Berkeley  CA ,315,315,112672,10,20,7329,4,12,2307,15,378,134291,234,234,85031,7,14,4645,4,12,2307,7,317,121191
202208,488,41940,C,San Jose-Sunnyvale-Santa Clara  CA ,845,845,272540,0,0,0,0,0,0,4,501,75416,822,822,263114,0,0,0,0,0,0,3,491,73020
202208,488,42100,C,Santa Cruz-Watsonville  CA ,30,30,5697,0,0,0,0,0,0,2,72,8852,25,25,5170,0,0,0,0,0,0,1,65,8312
202208,488,42220,C,Santa Rosa-Petaluma  CA ,89,89,28603,1,2,177,0,0,0,17,245,52532,71,71,24246,1,2,177,0,0,0,15,235,50448
202208,488,44700,C,Stockton  CA ,206,206,54336,1,2,304,0,0,0,3,30,3708,133,133,35641,0,0,0,0,0,0,1,5,680
202208,488,46700,C,Vallejo  CA ,67,67,19762,0,0,0,0,0,0,0,0,0,66,66,19476,0,0,0,0,0,0,0,0,0
202208,496,25980,C,Hinesville  GA ,73,73,18259,0,0,0,0,0,0,0,0,0,48,48,12278,0,0,0,0,0,0,0,0,0
202208,496,42340,C,Savannah  GA ,164,164,45300,0,0,0,0,0,0,5,235,30640,120,120,35491,0,0,0,0,0,0,5,235,30640
202208,500,14740,C,Bremerton-Silverdale-Port Orchard  WA ,119,119,47790,0,0,0,5,17,4087,3,60,8654,119,119,47790,0,0,0,5,17,4087,3,60,8654
202208,500,34580,C,Mount Vernon-Anacortes  WA ,14,14,3836,1,2,239,0,0,0,1,21,1960,14,14,3836,0,0,0,0,0,0,0,0,0
202208,500,36500,C,Olympia-Lacey-Tumwater  WA ,53,53,13886,0,0,0,0,0,0,2,68,25073,44,44,11876,0,0,0,0,0,0,1,62,24818
202208,500,42660,C,Seattle-Tacoma-Bellevue  WA ,611,611,227053,43,86,19678,17,57,11622,21,1152,134709,524,524,191706,42,84,19294,17,57,11622,13,884,93459
202208,508,43340,C,Shreveport-Bossier City  LA ,81,81,23272,0,0,0,0,0,0,0,0,0,52,52,17868,0,0,0,0,0,0,0,0,0
202208,515,21140,C,Elkhart-Goshen  IN ,37,37,9681,0,0,0,0,0,0,6,67,8556,33,33,9102,0,0,0,0,0,0,5,60,8000
202208,515,35660,C,Niles  MI ,19,19,8388,0,0,0,0,0,0,0,0,0,6,6,2143,0,0,0,0,0,0,0,0,0
202208,515,43780,C,South Bend-Mishawaka  IN-MI ,27,27,8906,0,0,0,0,0,0,0,0,0,23,23,7401,0,0,0,0,0,0,0,0,0
202208,518,17660,C,Coeur dAlene  ID ,91,91,27444,5,10,3135,1,3,1257,6,105,13520,37,37,14981,4,8,2748,0,0,0,3,54,7800
202208,518,44060,C,Spokane-Spokane Valley  WA ,203,203,55445,1,2,393,0,0,0,18,412,57099,193,193,52969,1,2,393,0,0,0,16,401,55928
202208,522,44100,C,Springfield  IL ,14,14,4713,0,0,0,0,0,0,0,0,0,10,10,3759,0,0,0,0,0,0,0,0,0
202208,524,44300,C,State College  PA ,28,28,9851,0,0,0,0,0,0,0,0,0,23,23,8359,0,0,0,0,0,0,0,0,0
202208,532,45060,C,Syracuse  NY ,40,40,9543,0,0,0,0,0,0,1,5,313,20,20,5379,0,0,0,0,0,0,0,0,0
202208,534,45780,C,Toledo  OH ,60,60,17953,1,2,210,0,0,0,0,0,0,58,58,17383,1,2,210,0,0,0,0,0,0
202208,536,46060,C,Tucson  AZ ,227,227,77529,2,4,475,0,0,0,8,98,14231,94,94,40250,0,0,0,0,0,0,3,24,3125
202208,538,46140,C,Tulsa  OK ,251,251,67256,0,0,0,0,0,0,3,197,3580,207,207,55612,0,0,0,0,0,0,2,184,2580
202208,540,46340,C,Tyler  TX ,71,71,18118,0,0,0,2,6,902,1,5,623,56,56,14348,0,0,0,2,6,902,0,0,0
202208,544,47020,C,Victoria  TX ,13,13,2635,0,0,0,0,0,0,0,0,0,10,10,2562,0,0,0,0,0,0,0,0,0
202208,545,47260,C,Virginia Beach-Norfolk-Newport News  VA-NC ,321,321,83912,0,0,0,0,0,0,1,39,1400,299,299,82078,0,0,0,0,0,0,1,39,1400
202208,548,12580,C,Baltimore-Columbia-Towson  MD ,186,186,49418,0,0,0,0,0,0,1,26,6344,184,184,48837,0,0,0,0,0,0,1,26,6344
202208,548,15680,C,California-Lexington Park  MD ,20,20,8432,0,0,0,0,0,0,0,0,0,20,20,8432,0,0,0,0,0,0,0,0,0
202208,548,16540,C,Chambersburg-Waynesboro  PA ,17,17,4810,1,2,320,0,0,0,0,0,0,14,14,4038,1,2,320,0,0,0,0,0,0
202208,548,25180,C,Hagerstown-Martinsburg  MD-WV ,176,176,45033,1,2,520,0,0,0,0,0,0,171,171,44041,1,2,520,0,0,0,0,0,0
202208,548,47900,C,Washington-Arlington-Alexandria  DC-VA-MD-WV ,846,846,233973,4,8,881,7,27,3841,31,2494,339807,637,637,180071,4,8,881,7,27,3841,21,1924,270693
202208,548,49020,C,Winchester  VA-WV ,67,67,17767,0,0,0,0,0,0,4,39,15960,67,67,17767,0,0,0,0,0,0,4,39,15960
202208,554,48140,C,Wausau-Weston  WI ,33,33,9757,0,0,0,0,0,0,0,0,0,21,21,6250,0,0,0,0,0,0,0,0,0
202208,556,48620,C,Wichita  KS ,150,150,61847,25,50,5646,0,0,0,0,0,0,122,122,49822,22,44,5062,0,0,0,0,0,0
202208,558,48700,C,Williamsport  PA ,2,2,516,0,0,0,0,0,0,0,0,0,0,0,0,0,0,0,0,0,0,0,0,0
202208,566,49660,C,Youngstown-Warren-Boardman  OH-PA ,29,29,7002,0,0,0,0,0,0,0,0,0,18,18,4856,0,0,0,0,0,0,0,0,0
202208,999,10180,C,Abilene  TX ,43,43,10748,1,2,225,0,0,0,0,0,0,43,43,10748,1,2,225,0,0,0,0,0,0
202208,999,10500,C,Albany  GA ,15,15,2423,0,0,0,0,0,0,0,0,0,10,10,1135,0,0,0,0,0,0,0,0,0
202208,999,10780,C,Alexandria  LA ,62,62,8764,6,12,720,0,0,0,0,0,0,55,55,6920,6,12,720,0,0,0,0,0,0
202208,999,10900,C,Allentown-Bethlehem-Easton  PA-NJ ,130,130,36117,1,2,537,0,0,0,3,27,2501,96,96,28807,0,0,0,0,0,0,2,13,2340
202208,999,11260,C,Anchorage  AK ,61,61,19486,0,0,0,1,4,690,2,20,3033,5,5,1685,0,0,0,0,0,0,0,0,0
202208,999,11500,C,Anniston-Oxford  AL ,4,4,1214,0,0,0,0,0,0,0,0,0,3,3,1134,0,0,0,0,0,0,0,0,0
202208,999,12260,C,Augusta-Richmond County  GA-SC ,244,244,59644,0,0,0,0,0,0,8,174,19920,156,156,42143,0,0,0,0,0,0,8,174,19920
202208,999,12420,C,Austin-Round Rock-Georgetown  TX ,1609,1609,378968,16,32,2203,1,4,378,20,685,74788,1179,1179,282211,13,26,1619,1,4,378,19,672,73458
202208,999,12540,C,Bakersfield  CA ,154,154,34121,0,0,0,0,0,0,1,5,154,46,46,8574,0,0,0,0,0,0,0,0,0
202208,999,12620,C,Bangor  ME ,52,52,12976,2,4,580,2,8,1273,0,0,0,35,35,9459,1,2,450,2,8,1273,0,0,0
202208,999,12940,C,Baton Rouge  LA ,274,274,64879,0,0,0,0,0,0,0,0,0,88,88,20976,0,0,0,0,0,0,0,0,0
202208,999,13140,C,Beaumont-Port Arthur  TX ,115,115,29800,1,2,272,0,0,0,0,0,0,100,100,27016,1,2,272,0,0,0,0,0,0
202208,999,13220,C,Beckley  WV ,7,7,1553,0,0,0,0,0,0,0,0,0,6,6,1438,0,0,0,0,0,0,0,0,0
202208,999,13380,C,Bellingham  WA ,60,60,17070,1,2,524,0,0,0,2,37,8813,32,32,8649,1,2,524,0,0,0,2,37,8813
202208,999,13740,C,Billings  MT ,49,49,15548,0,0,0,0,0,0,0,0,0,48,48,15240,0,0,0,0,0,0,0,0,0
202208,999,13780,C,Binghamton  NY ,15,15,3005,0,0,0,0,0,0,3,23,2265,5,5,929,0,0,0,0,0,0,0,0,0
202208,999,13900,C,Bismarck  ND ,53,53,13825,3,6,1302,0,0,0,0,0,0,47,47,11946,3,6,1302,0,0,0,0,0,0
202208,999,13980,C,Blacksburg-Christiansburg  VA ,42,42,9271,0,0,0,0,0,0,0,0,0,41,41,9155,0,0,0,0,0,0,0,0,0
202208,999,15260,C,Brunswick  GA ,49,49,16506,1,2,301,0,0,0,1,5,2696,0,0,0,0,0,0,0,0,0,0,0,0
202208,999,16060,C,Carbondale-Marion  IL ,10,10,1633,1,2,160,4,13,2005,0,0,0,7,7,1229,1,2,160,4,13,2005,0,0,0
202208,999,16220,C,Casper  WY ,11,11,2804,0,0,0,0,0,0,1,5,498,4,4,806,0,0,0,0,0,0,0,0,0
202208,999,16580,C,Champaign-Urbana  IL ,19,19,6055,0,0,0,0,0,0,0,0,0,19,19,6055,0,0,0,0,0,0,0,0,0
202208,999,16700,C,Charleston-North Charleston  SC ,526,526,179350,1,2,128,0,0,0,10,196,19843,290,290,107868,0,0,0,0,0,0,4,20,5088
202208,999,16820,C,Charlottesville  VA ,67,67,24588,1,2,346,0,0,0,10,165,12597,18,18,5870,0,0,0,0,0,0,5,120,6000
202208,999,16940,C,Cheyenne  WY ,12,12,2595,0,0,0,22,88,12760,4,112,12400,12,12,2595,0,0,0,22,88,12760,4,112,12400
202208,999,17020,C,Chico  CA ,88,88,19034,6,12,709,0,0,0,3,72,6964,71,71,15657,6,12,709,0,0,0,3,72,6964
202208,999,17300,C,Clarksville  TN-KY ,72,72,16420,4,8,1770,0,0,0,12,86,7095,69,69,15965,4,8,1770,0,0,0,12,86,7095
202208,999,17780,C,College Station-Bryan  TX ,125,125,24431,0,0,0,3,12,1566,0,0,0,124,124,24226,0,0,0,3,12,1566,0,0,0
202208,999,17820,C,Colorado Springs  CO ,159,159,64917,0,0,0,0,0,0,15,610,117053,158,158,64815,0,0,0,0,0,0,15,610,117053
202208,999,18880,C,Crestview-Fort Walton Beach-Destin  FL ,290,290,177608,0,0,0,9,27,4766,7,219,51178,290,290,177608,0,0,0,9,27,4766,7,219,51178
202208,999,19060,C,Cumberland  MD-WV ,6,6,1700,0,0,0,0,0,0,0,0,0,5,5,1515,0,0,0,0,0,0,0,0,0
202208,999,19180,C,Danville  IL ,0,0,0,0,0,0,0,0,0,0,0,0,0,0,0,0,0,0,0,0,0,0,0,0
202208,999,19500,C,Decatur  IL ,4,4,1296,0,0,0,0,0,0,0,0,0,4,4,1296,0,0,0,0,0,0,0,0,0
202208,999,20220,C,Dubuque  IA ,18,18,6062,0,0,0,0,0,0,1,17,445,12,12,3990,0,0,0,0,0,0,0,0,0
202208,999,20260,C,Duluth  MN-WI ,79,79,22807,0,0,0,0,0,0,0,0,0,69,69,20196,0,0,0,0,0,0,0,0,0
202208,999,20940,C,El Centro  CA ,33,33,4521,0,0,0,1,3,185,7,70,9524,11,11,753,0,0,0,0,0,0,5,60,8360
202208,999,21420,C,Enid  OK ,6,6,1981,0,0,0,0,0,0,0,0,0,6,6,1981,0,0,0,0,0,0,0,0,0
202208,999,21660,C,Eugene-Springfield  OR ,73,73,17614,2,4,284,0,0,0,3,72,7758,38,38,8326,2,4,284,0,0,0,3,72,7758
202208,999,21780,C,Evansville  IN-KY ,59,59,20682,5,10,2058,0,0,0,2,29,2639,35,35,14042,2,4,1305,0,0,0,1,24,2289
202208,999,21820,C,Fairbanks  AK ,1,1,295,0,0,0,0,0,0,0,0,0,0,0,0,0,0,0,0,0,0,0,0,0
202208,999,22140,C,Farmington  NM ,12,12,2765,0,0,0,0,0,0,0,0,0,8,8,1593,0,0,0,0,0,0,0,0,0
202208,999,22220,C,Fayetteville-Springdale-Rogers  AR-MO ,499,499,148147,3,6,1242,3,11,2279,4,293,10795,396,396,124376,2,4,777,3,11,2279,1,252,7605
202208,999,22380,C,Flagstaff  AZ ,22,22,7192,0,0,0,0,0,0,1,13,2080,22,22,7192,0,0,0,0,0,0,1,13,2080
202208,999,22500,C,Florence  SC ,97,97,16005,0,0,0,0,0,0,0,0,0,97,97,16005,0,0,0,0,0,0,0,0,0
202208,999,22520,C,Florence-Muscle Shoals  AL ,25,25,2820,0,0,0,0,0,0,4,26,1898,7,7,771,0,0,0,0,0,0,4,26,1898
202208,999,22540,C,Fond du Lac  WI ,13,13,4122,0,0,0,0,0,0,0,0,0,1,1,310,0,0,0,0,0,0,0,0,0
202208,999,22660,C,Fort Collins  CO ,76,76,30354,1,2,216,0,0,0,8,104,16268,76,76,30354,1,2,216,0,0,0,8,104,16268
202208,999,22900,C,Fort Smith  AR-OK ,26,26,7287,6,12,845,10,30,8750,0,0,0,19,19,6483,5,10,699,10,30,8750,0,0,0
202208,999,23460,C,Gadsden  AL ,14,14,2141,0,0,0,0,0,0,0,0,0,5,5,882,0,0,0,0,0,0,0,0,0
202208,999,24140,C,Goldsboro  NC ,24,24,5031,0,0,0,0,0,0,0,0,0,19,19,3903,0,0,0,0,0,0,0,0,0
202208,999,24220,C,Grand Forks  ND-MN ,23,23,5200,0,0,0,0,0,0,0,0,0,23,23,5200,0,0,0,0,0,0,0,0,0
202208,999,24260,C,Grand Island  NE ,18,18,5491,0,0,0,1,4,657,0,0,0,16,16,5182,0,0,0,1,4,657,0,0,0
202208,999,24300,C,Grand Junction  CO ,62,62,9983,1,2,183,0,0,0,0,0,0,62,62,9983,1,2,183,0,0,0,0,0,0
202208,999,24500,C,Great Falls  MT ,34,34,5280,0,0,0,0,0,0,0,0,0,34,34,5280,0,0,0,0,0,0,0,0,0
202208,999,25060,C,Gulfport-Biloxi  MS ,269,269,43848,0,0,0,2,6,602,1,12,1016,184,184,29964,0,0,0,0,0,0,0,0,0
202208,999,25860,C,Hickory-Lenoir-Morganton  NC ,176,176,35809,1,2,150,0,0,0,9,186,21986,149,149,30459,1,2,150,0,0,0,7,168,21000
202208,999,25940,C,Hilton Head Island-Bluffton  SC ,213,213,95743,0,0,0,0,0,0,4,77,12514,49,49,31920,0,0,0,0,0,0,0,0,0
202208,999,26140,C,Homosassa Springs  FL ,143,143,32272,0,0,0,0,0,0,0,0,0,7,7,2446,0,0,0,0,0,0,0,0,0
202208,999,26380,C,Houma-Thibodaux  LA ,62,62,14164,1,2,156,0,0,0,0,0,0,48,48,10602,0,0,0,0,0,0,0,0,0
202208,999,27100,C,Jackson  MI ,13,13,4608,0,0,0,0,0,0,0,0,0,5,5,2423,0,0,0,0,0,0,0,0,0
202208,999,27340,C,Jacksonville  NC ,82,82,21146,0,0,0,0,0,0,0,0,0,82,82,21146,0,0,0,0,0,0,0,0,0
202208,999,27620,C,Jefferson City  MO ,17,17,4630,2,4,550,0,0,0,0,0,0,11,11,3148,2,4,550,0,0,0,0,0,0
202208,999,27980,C,Kahului-Wailuku-Lahaina  HI ,25,25,11099,1,2,609,0,0,0,0,0,0,25,25,11099,1,2,609,0,0,0,0,0,0
202208,999,28660,C,Killeen-Temple  TX ,228,228,54763,28,56,6795,0,0,0,0,0,0,191,191,44888,24,48,6055,0,0,0,0,0,0
202208,999,29100,C,La Crosse-Onalaska  WI-MN ,19,19,6814,6,12,2780,0,0,0,1,15,1917,10,10,4045,3,6,1455,0,0,0,0,0,0
202208,999,29420,C,Lake Havasu City-Kingman  AZ ,130,130,39238,6,12,1302,1,3,287,0,0,0,130,130,39238,6,12,1302,1,3,287,0,0,0
202208,999,29540,C,Lancaster  PA ,60,60,17774,1,2,361,0,0,0,7,75,7917,40,40,11059,0,0,0,0,0,0,6,70,7167
202208,999,29620,C,Lansing-East Lansing  MI ,46,46,14166,0,0,0,0,0,0,1,35,3884,27,27,9293,0,0,0,0,0,0,0,0,0
202208,999,29700,C,Laredo  TX ,103,103,16544,2,4,353,1,3,381,1,17,1105,0,0,0,0,0,0,0,0,0,0,0,0
202208,999,30020,C,Lawton  OK ,8,8,1357,0,0,0,0,0,0,0,0,0,5,5,1136,0,0,0,0,0,0,0,0,0
202208,999,30300,C,Lewiston  ID-WA ,11,11,3877,1,2,300,0,0,0,0,0,0,11,11,3877,1,2,300,0,0,0,0,0,0
202208,999,30860,C,Logan  UT-ID ,61,61,18459,1,2,421,0,0,0,5,26,5556,48,48,15110,1,2,421,0,0,0,5,26,5556
202208,999,30980,C,Longview  TX ,38,38,9248,1,2,200,0,0,0,1,7,766,29,29,7343,0,0,0,0,0,0,0,0,0
202208,999,31340,C,Lynchburg  VA ,51,51,13324,0,0,0,0,0,0,1,11,285,49,49,12918,0,0,0,0,0,0,0,0,0
202208,999,31740,C,Manhattan  KS ,22,22,7317,0,0,0,0,0,0,0,0,0,10,10,3562,0,0,0,0,0,0,0,0,0
202208,999,33540,C,Missoula  MT ,53,53,15683,1,2,360,0,0,0,4,26,1920,53,53,15683,1,2,360,0,0,0,4,26,1920
202208,999,36100,C,Ocala  FL ,623,623,156876,0,0,0,0,0,0,1,6,910,622,622,156787,0,0,0,0,0,0,1,6,910
202208,999,36980,C,Owensboro  KY ,19,19,2248,3,6,750,0,0,0,0,0,0,18,18,2046,3,6,750,0,0,0,0,0,0
202208,999,37340,C,Palm Bay-Melbourne-Titusville  FL ,290,290,98950,0,0,0,2,6,1882,3,154,31913,104,104,49689,0,0,0,2,6,1882,3,154,31913
202208,999,37460,C,Panama City  FL ,178,178,56356,0,0,0,0,0,0,0,0,0,167,167,53550,0,0,0,0,0,0,0,0,0
202208,999,37900,C,Peoria  IL ,15,15,5234,0,0,0,0,0,0,0,0,0,7,7,3098,0,0,0,0,0,0,0,0,0
202208,999,38340,C,Pittsfield  MA ,5,5,2928,1,2,475,0,0,0,0,0,0,1,1,500,0,0,0,0,0,0,0,0,0
202208,999,38540,C,Pocatello  ID ,26,26,5726,0,0,0,1,3,311,0,0,0,10,10,1355,0,0,0,0,0,0,0,0,0
202208,999,39150,C,Prescott Valley-Prescott  AZ ,147,147,55509,0,0,0,0,0,0,1,329,93846,137,137,52074,0,0,0,0,0,0,1,329,93846
202208,999,40060,C,Richmond  VA ,406,406,104494,6,12,3720,1,3,224,34,641,48912,380,380,99792,6,12,3720,1,3,224,33,631,47947
202208,999,40220,C,Roanoke  VA ,30,30,8489,0,0,0,0,0,0,1,37,4521,12,12,3193,0,0,0,0,0,0,0,0,0
202208,999,41100,C,St. George  UT ,190,190,37190,1,2,172,0,0,0,2,14,2376,151,151,29926,0,0,0,0,0,0,2,14,2376
202208,999,41500,C,Salinas  CA ,38,38,10655,0,0,0,0,0,0,2,16,2351,33,33,9563,0,0,0,0,0,0,0,0,0
202208,999,41660,C,San Angelo  TX ,30,30,7597,0,0,0,0,0,0,0,0,0,30,30,7597,0,0,0,0,0,0,0,0,0
202208,999,41740,C,San Diego-Chula Vista-Carlsbad  CA ,228,228,59629,4,8,1367,6,19,3365,26,826,137553,220,220,58595,4,8,1367,6,19,3365,25,819,136773
202208,999,42020,C,San Luis Obispo-Paso Robles  CA ,65,65,18484,0,0,0,1,4,381,1,12,2500,57,57,16405,0,0,0,1,4,381,1,12,2500
202208,999,42200,C,Santa Maria-Santa Barbara  CA ,114,114,16141,1,2,286,0,0,0,2,42,4983,93,93,15277,0,0,0,0,0,0,0,0,0
202208,999,42540,C,Scranton--Wilkes-Barre  PA ,45,45,12514,2,4,660,0,0,0,0,0,0,17,17,5447,2,4,660,0,0,0,0,0,0
202208,999,42700,C,Sebring-Avon Park  FL ,57,57,12516,5,10,1875,0,0,0,0,0,0,57,57,12516,5,10,1875,0,0,0,0,0,0
202208,999,43100,C,Sheboygan  WI ,11,11,3576,1,2,600,0,0,0,1,8,646,6,6,2074,0,0,0,0,0,0,0,0,0
202208,999,43420,C,Sierra Vista-Douglas  AZ ,33,33,4091,0,0,0,0,0,0,0,0,0,29,29,3264,0,0,0,0,0,0,0,0,0
202208,999,43580,C,Sioux City  IA-NE-SD ,14,14,4021,0,0,0,1,3,0,0,0,0,4,4,1260,0,0,0,0,0,0,0,0,0
202208,999,43620,C,Sioux Falls  SD ,151,151,35092,0,0,0,9,27,5511,33,579,88931,142,142,32772,0,0,0,9,27,5511,33,579,88931
202208,999,44140,C,Springfield  MA ,32,32,9454,0,0,0,0,0,0,1,8,1008,12,12,4435,0,0,0,0,0,0,0,0,0
202208,999,44180,C,Springfield  MO ,121,121,34791,2,4,428,1,3,188,3,72,1050,91,91,26368,1,2,150,0,0,0,3,72,1050
202208,999,44940,C,Sumter  SC ,23,23,4665,0,0,0,0,0,0,0,0,0,18,18,3866,0,0,0,0,0,0,0,0,0
202208,999,45220,C,Tallahassee  FL ,116,116,26113,0,0,0,0,0,0,5,143,18299,38,38,9489,0,0,0,0,0,0,0,0,0
202208,999,45300,C,Tampa-St. Petersburg-Clearwater  FL ,1288,1288,363547,5,10,1247,5,20,1083,55,1500,152869,687,687,232991,4,8,802,5,20,1083,51,1474,147122
202208,999,45460,C,Terre Haute  IN ,10,10,1892,0,0,0,0,0,0,8,47,4821,5,5,960,0,0,0,0,0,0,7,42,4350
202208,999,45500,C,Texarkana  TX-AR ,14,14,3612,0,0,0,0,0,0,0,0,0,9,9,2483,0,0,0,0,0,0,0,0,0
202208,999,45820,C,Topeka  KS ,25,25,8257,0,0,0,0,0,0,0,0,0,21,21,7419,0,0,0,0,0,0,0,0,0
202208,999,46220,C,Tuscaloosa  AL ,65,65,13191,0,0,0,3,11,829,2,66,10934,32,32,5062,0,0,0,0,0,0,0,0,0
202208,999,46300,C,Twin Falls  ID ,32,32,7851,0,0,0,0,0,0,2,40,6240,32,32,7851,0,0,0,0,0,0,2,40,6240
202208,999,46520,C,Urban Honolulu  HI ,62,62,22999,2,4,904,0,0,0,1,37,8976,0,0,0,0,0,0,0,0,0,0,0,0
202208,999,46540,C,Utica-Rome  NY ,15,15,6336,0,0,0,0,0,0,2,15,2104,7,7,4720,0,0,0,0,0,0,0,0,0
202208,999,46660,C,Valdosta  GA ,114,114,21634,1,2,133,0,0,0,1,15,1473,61,61,12607,0,0,0,0,0,0,0,0,0
202208,999,47300,C,Visalia  CA ,97,97,29955,1,2,288,0,0,0,0,0,0,97,97,29955,1,2,288,0,0,0,0,0,0
202208,999,47380,C,Waco  TX ,61,61,10554,1,2,225,0,0,0,1,5,514,45,45,7820,1,2,225,0,0,0,0,0,0
202208,999,47940,C,Waterloo-Cedar Falls  IA ,9,9,3328,2,4,400,1,4,800,3,30,4200,6,6,1626,2,4,400,1,4,800,3,30,4200
202208,999,48060,C,Watertown-Fort Drum  NY ,14,14,2982,0,0,0,0,0,0,0,0,0,2,2,500,0,0,0,0,0,0,0,0,0
202208,999,48300,C,Wenatchee  WA ,41,41,12222,0,0,0,0,0,0,0,0,0,17,17,7728,0,0,0,0,0,0,0,0,0
202208,999,48540,C,Wheeling  WV-OH ,1,1,150,0,0,0,1,3,350,0,0,0,0,0,0,0,0,0,0,0,0,0,0,0
202208,999,48660,C,Wichita Falls  TX ,10,10,3500,0,0,0,0,0,0,0,0,0,8,8,3030,0,0,0,0,0,0,0,0,0
202208,999,48900,C,Wilmington  NC ,185,185,61982,7,14,2382,0,0,0,6,172,22500,67,67,21857,0,0,0,0,0,0,0,0,0
202208,999,49420,C,Yakima  WA ,44,44,10389,0,0,0,2,6,694,2,21,3234,42,42,9828,0,0,0,1,3,435,1,12,1200
202208,999,49740,C,Yuma  AZ ,55,55,8826,0,0,0,0,0,0,0,0,0,51,51,8213,0,0,0,0,0,0,0,0,0
