Survey,CSA,CBSA,MONCOV,CBSA,,1-unit,,,2-units,,,3-4 units,,,5+ units,,,1-unit rep,,,2-units rep,,,3-4 units rep,,,5+ units rep
Date,Code,Code,,Name,Bldgs,Units,Value,Bldgs,Units,Value,Bldgs,Units,Value,Bldgs,Units,Value,Bldgs,Units,Value,Bldgs,Units,Value,      Bldgs,Units,Value,Bldgs,Units,Value
 
202204,104,10580,C,Albany-Schenectady-Troy  NY ,99,99,30029,1,2,550,1,4,523,4,51,9038,73,73,23497,0,0,0,0,0,0,0,0,0
202204,104,24020,C,Glens Falls  NY ,19,19,5101,0,0,0,0,0,0,0,0,0,11,11,3137,0,0,0,0,0,0,0,0,0
202204,106,10740,C,Albuquerque  NM ,214,214,53541,0,0,0,0,0,0,4,260,34696,180,180,42291,0,0,0,0,0,0,2,250,34279
202204,106,42140,C,Santa Fe  NM ,11,11,7674,0,0,0,0,0,0,0,0,0,11,11,7674,0,0,0,0,0,0,0,0,0
202204,107,11020,C,Altoona  PA ,5,5,1237,0,0,0,0,0,0,0,0,0,1,1,299,0,0,0,0,0,0,0,0,0
202204,108,11100,C,Amarillo  TX ,77,77,19689,0,0,0,0,0,0,0,0,0,75,75,19216,0,0,0,0,0,0,0,0,0
202204,118,11540,C,Appleton  WI ,57,57,21580,0,0,0,0,0,0,2,20,1770,42,42,17458,0,0,0,0,0,0,0,0,0
202204,118,36780,C,Oshkosh-Neenah  WI ,30,30,11055,1,2,250,0,0,0,6,46,4600,27,27,10284,1,2,250,0,0,0,6,46,4600
202204,120,11700,C,Asheville  NC ,270,270,93797,0,0,0,0,0,0,4,100,10468,107,107,40817,0,0,0,0,0,0,0,0,0
202204,122,12020,C,Athens-Clarke County  GA ,85,85,27796,0,0,0,0,0,0,7,102,11163,44,44,16000,0,0,0,0,0,0,7,102,11163
202204,122,12060,C,Atlanta-Sandy Springs-Alpharetta  GA ,2508,2508,655394,9,18,2822,6,22,2200,25,1769,220845,2245,2245,600026,9,18,2822,6,22,2200,23,1755,218277
202204,122,23580,C,Gainesville  GA ,114,114,28722,0,0,0,3,11,1089,2,163,37685,19,19,6421,0,0,0,3,11,1089,2,163,37685
202204,122,40660,C,Rome  GA ,29,29,5759,0,0,0,0,0,0,0,0,0,29,29,5759,0,0,0,0,0,0,0,0,0
202204,140,13460,C,Bend  OR ,125,125,43739,8,16,3291,2,8,1038,7,115,13536,125,125,43739,8,16,3291,2,8,1038,7,115,13536
202204,142,13820,C,Birmingham-Hoover  AL ,258,258,91605,0,0,0,0,0,0,0,0,0,188,188,67147,0,0,0,0,0,0,0,0,0
202204,144,14020,C,Bloomington  IN ,27,27,7601,0,0,0,0,0,0,4,230,25240,6,6,1870,0,0,0,0,0,0,0,0,0
202204,145,14010,C,Bloomington  IL ,20,20,5316,0,0,0,0,0,0,0,0,0,19,19,4967,0,0,0,0,0,0,0,0,0
202204,146,14100,C,Bloomsburg-Berwick  PA ,7,7,1819,0,0,0,0,0,0,1,5,454,4,4,1291,0,0,0,0,0,0,0,0,0
202204,147,14260,C,Boise City  ID ,687,687,191756,0,0,0,5,20,2004,18,396,42663,494,494,141066,0,0,0,5,20,2004,10,292,27398
202204,148,12700,C,Barnstable Town  MA ,50,50,29810,2,4,422,0,0,0,0,0,0,17,17,12869,1,2,150,0,0,0,0,0,0
202204,148,14460,C,Boston-Cambridge-Newton  MA-NH ,348,348,130058,15,30,5483,7,23,4348,36,1274,334658,206,206,83535,12,24,3674,5,17,3100,20,1085,300278
202204,148,31700,C,Manchester-Nashua  NH ,51,51,17049,2,4,581,1,3,539,0,0,0,21,21,8811,0,0,0,0,0,0,0,0,0
202204,148,39300,C,Providence-Warwick  RI-MA ,142,142,34917,19,38,4711,1,4,650,2,10,958,66,66,18470,15,30,3491,1,4,650,0,0,0
202204,148,49340,C,Worcester  MA-CT ,96,96,27587,7,14,2920,0,0,0,6,61,6978,48,48,14598,5,10,2100,0,0,0,0,0,0
202204,150,14540,C,Bowling Green  KY ,67,67,17434,2,4,400,1,4,400,2,16,1205,67,67,17434,2,4,400,1,4,400,2,16,1205
202204,154,15180,C,Brownsville-Harlingen  TX ,145,145,21930,4,8,792,2,7,952,2,22,2201,54,54,11629,0,0,0,0,0,0,0,0,0
202204,160,15380,C,Buffalo-Cheektowaga  NY ,87,87,30300,1,2,380,0,0,0,3,33,5489,68,68,25024,1,2,380,0,0,0,2,14,1229
202204,162,15540,C,Burlington-South Burlington  VT ,34,34,11622,2,4,749,0,0,0,3,29,2588,14,14,5272,0,0,0,0,0,0,0,0,0
202204,163,15980,C,Cape Coral-Fort Myers  FL ,952,952,239474,9,18,2421,4,16,2741,9,56,7654,952,952,239474,9,18,2421,4,16,2741,9,56,7654
202204,163,34940,C,Naples-Marco Island  FL ,376,376,127139,1,2,293,5,17,3003,8,214,37073,22,22,33052,0,0,0,0,0,0,0,0,0
202204,164,16020,C,Cape Girardeau  MO-IL ,15,15,4380,0,0,0,0,0,0,0,0,0,0,0,0,0,0,0,0,0,0,0,0,0
202204,168,16300,C,Cedar Rapids  IA ,39,39,8286,3,6,1150,0,0,0,2,99,7630,28,28,6409,2,4,750,0,0,0,2,99,7630
202204,168,26980,C,Iowa City  IA ,77,77,23516,0,0,0,0,0,0,2,81,11468,55,55,18022,0,0,0,0,0,0,1,68,9605
202204,170,16620,C,Charleston  WV ,17,17,1852,0,0,0,0,0,0,0,0,0,12,12,1178,0,0,0,0,0,0,0,0,0
202204,170,26580,C,Huntington-Ashland  WV-KY-OH ,27,27,5535,3,6,300,0,0,0,0,0,0,0,0,0,3,6,300,0,0,0,0,0,0
202204,172,16740,C,Charlotte-Concord-Gastonia  NC-SC ,2127,2127,583331,0,0,0,0,0,0,18,724,92062,1878,1878,510742,0,0,0,0,0,0,14,662,84462
202204,174,16860,C,Chattanooga  TN-GA ,206,206,52034,4,8,575,1,3,174,3,55,5491,152,152,40427,0,0,0,0,0,0,0,0,0
202204,174,17420,C,Cleveland  TN ,70,70,16182,2,4,471,3,10,1181,0,0,0,48,48,12199,2,4,471,3,10,1181,0,0,0
202204,174,19140,C,Dalton  GA ,33,33,5548,1,2,163,1,3,449,1,31,3204,0,0,0,0,0,0,0,0,0,0,0,0
202204,176,16980,C,Chicago-Naperville-Elgin  IL-IN-WI ,937,937,286020,19,38,6727,26,86,20812,28,954,145405,760,760,235048,17,34,6281,25,83,20287,21,903,137032
202204,176,28100,C,Kankakee  IL ,8,8,2091,0,0,0,0,0,0,0,0,0,5,5,1191,0,0,0,0,0,0,0,0,0
202204,176,33140,C,Michigan City-La Porte  IN ,11,11,3538,0,0,0,0,0,0,0,0,0,0,0,0,0,0,0,0,0,0,0,0,0
202204,178,17140,C,Cincinnati  OH-KY-IN ,431,431,129998,8,16,2478,1,3,500,8,80,6968,370,370,117715,8,16,2478,1,3,500,6,43,4168
202204,184,10420,C,Akron  OH ,79,79,33505,0,0,0,2,7,2588,3,21,754,73,73,31825,0,0,0,1,4,450,2,11,620
202204,184,15940,C,Canton-Massillon  OH ,42,42,15092,4,8,1548,2,6,718,1,10,768,37,37,14509,4,8,1548,1,3,564,0,0,0
202204,184,17460,C,Cleveland-Elyria  OH ,345,345,91597,1,2,11,0,0,0,0,0,0,277,277,76211,0,0,0,0,0,0,0,0,0
202204,190,17860,C,Columbia  MO ,73,73,24726,1,2,296,0,0,0,1,7,829,72,72,24459,1,2,296,0,0,0,1,7,829
202204,192,17900,C,Columbia  SC ,465,465,104992,0,0,0,26,100,13069,2,13,1964,123,123,24552,0,0,0,26,100,13069,0,0,0
202204,194,12220,C,Auburn-Opelika  AL ,122,122,33623,2,4,841,1,3,345,2,24,2873,20,20,6248,0,0,0,0,0,0,0,0,0
202204,194,17980,C,Columbus  GA-AL ,79,79,21470,0,0,0,0,0,0,0,0,0,77,77,21074,0,0,0,0,0,0,0,0,0
202204,198,18140,C,Columbus  OH ,581,581,185817,4,8,3050,1,3,150,21,169,17611,482,482,157414,3,6,2550,1,3,150,19,159,16384
202204,204,18580,C,Corpus Christi  TX ,172,172,42056,0,0,0,0,0,0,2,36,2928,114,114,26671,0,0,0,0,0,0,0,0,0
202204,206,19100,C,Dallas-Fort Worth-Arlington  TX ,4731,4731,1305698,45,90,11552,11,43,4865,65,2149,277437,4180,4180,1156840,44,88,11365,8,32,3991,62,2111,273174
202204,206,43300,C,Sherman-Denison  TX ,207,207,41028,1,2,225,0,0,0,8,383,48506,167,167,33305,0,0,0,0,0,0,7,374,47717
202204,209,19340,C,Davenport-Moline-Rock Island  IA-IL ,37,37,9122,1,2,325,2,8,1842,1,5,524,18,18,5254,0,0,0,2,8,1842,0,0,0
202204,212,19430,C,Dayton-Kettering  OH ,136,136,51507,0,0,0,0,0,0,6,263,33584,80,80,32143,0,0,0,0,0,0,5,225,28974
202204,212,44220,C,Springfield  OH ,6,6,2530,0,0,0,1,4,376,0,0,0,6,6,2530,0,0,0,1,4,376,0,0,0
202204,216,14500,C,Boulder  CO ,41,41,16659,3,6,2108,1,3,773,4,62,10307,38,38,12995,3,6,2108,1,3,773,3,43,4786
202204,216,19740,C,Denver-Aurora-Lakewood  CO ,1091,1091,336906,39,78,16490,0,0,0,26,626,81718,868,868,277875,39,78,16490,0,0,0,20,434,54970
202204,216,24540,C,Greeley  CO ,311,311,93119,5,10,1747,3,11,2356,29,457,56982,115,115,40485,0,0,0,1,4,1018,26,413,50807
202204,218,11180,C,Ames  IA ,28,28,9057,0,0,0,0,0,0,0,0,0,15,15,5281,0,0,0,0,0,0,0,0,0
202204,218,19780,C,Des Moines-West Des Moines  IA ,477,477,143832,6,12,3300,1,3,630,6,356,65918,458,458,137615,6,12,3300,0,0,0,4,344,64569
202204,220,11460,C,Ann Arbor  MI ,70,70,20652,1,2,290,0,0,0,1,5,550,51,51,15505,1,2,290,0,0,0,0,0,0
202204,220,19820,C,Detroit-Warren-Dearborn  MI ,482,482,168184,2,4,849,3,10,2263,12,314,264857,367,367,137513,1,2,674,1,4,1786,7,144,208159
202204,220,22420,C,Flint  MI ,29,29,8725,0,0,0,0,0,0,0,0,0,15,15,5253,0,0,0,0,0,0,0,0,0
202204,220,33780,C,Monroe  MI ,12,12,3262,0,0,0,0,0,0,1,5,459,6,6,1915,0,0,0,0,0,0,0,0,0
202204,222,20020,C,Dothan  AL ,75,75,21043,5,10,866,0,0,0,0,0,0,62,62,18038,5,10,866,0,0,0,0,0,0
202204,232,20740,C,Eau Claire  WI ,51,51,18022,9,18,3614,0,0,0,1,54,6931,44,44,16104,5,10,2092,0,0,0,0,0,0
202204,236,21300,C,Elmira  NY ,0,0,0,0,0,0,0,0,0,1,9,1009,0,0,0,0,0,0,0,0,0,0,0,0
202204,238,21340,C,El Paso  TX ,275,275,65363,6,12,1541,1,3,396,2,20,2351,55,55,13554,0,0,0,0,0,0,0,0,0
202204,238,29740,C,Las Cruces  NM ,106,106,27829,0,0,0,0,0,0,1,8,625,0,0,0,0,0,0,0,0,0,0,0,0
202204,240,21500,C,Erie  PA ,18,18,5306,0,0,0,0,0,0,0,0,0,12,12,3812,0,0,0,0,0,0,0,0,0
202204,244,22020,C,Fargo  ND-MN ,138,138,38268,0,0,0,0,0,0,0,0,0,135,135,37202,0,0,0,0,0,0,0,0,0
202204,246,22180,C,Fayetteville  NC ,203,203,42035,0,0,0,0,0,0,0,0,0,130,130,32108,0,0,0,0,0,0,0,0,0
202204,258,23060,C,Fort Wayne  IN ,161,161,46741,7,14,1226,0,0,0,0,0,0,11,11,4316,0,0,0,0,0,0,0,0,0
202204,260,23420,C,Fresno  CA ,281,281,82047,1,2,324,1,4,770,8,88,11855,25,25,9637,0,0,0,0,0,0,2,47,6332
202204,260,25260,C,Hanford-Corcoran  CA ,43,43,11993,0,0,0,0,0,0,1,5,1331,11,11,2806,0,0,0,0,0,0,0,0,0
202204,260,31460,C,Madera  CA ,91,91,23973,0,0,0,0,0,0,0,0,0,91,91,23973,0,0,0,0,0,0,0,0,0
202204,264,23540,C,Gainesville  FL ,235,235,43736,0,0,0,0,0,0,1,110,3745,148,148,27735,0,0,0,0,0,0,0,0,0
202204,266,24340,C,Grand Rapids-Kentwood  MI ,234,234,73035,3,6,865,1,4,698,3,38,4465,159,159,48914,0,0,0,1,4,698,0,0,0
202204,266,34740,C,Muskegon  MI ,32,32,8308,1,2,288,0,0,0,0,0,0,23,23,6337,0,0,0,0,0,0,0,0,0
202204,267,24580,C,Green Bay  WI ,84,84,30358,2,4,970,0,0,0,3,27,2484,57,57,22437,1,2,520,0,0,0,0,0,0
202204,268,15500,C,Burlington  NC ,103,103,16944,0,0,0,0,0,0,1,26,1291,93,93,15299,0,0,0,0,0,0,0,0,0
202204,268,24660,C,Greensboro-High Point  NC ,272,272,61971,2,4,560,0,0,0,5,138,20331,198,198,37171,2,4,560,0,0,0,5,138,20331
202204,268,49180,C,Winston-Salem  NC ,345,345,85807,0,0,0,0,0,0,1,5,197,242,242,57241,0,0,0,0,0,0,0,0,0
202204,272,24780,C,Greenville  NC ,73,73,18225,6,12,990,0,0,0,0,0,0,36,36,9740,6,12,990,0,0,0,0,0,0
202204,273,24860,C,Greenville-Anderson  SC ,602,602,167763,12,24,3523,0,0,0,15,293,42926,530,530,148080,12,24,3523,0,0,0,14,270,40637
202204,273,43900,C,Spartanburg  SC ,300,300,50368,0,0,0,0,0,0,1,22,2639,0,0,0,0,0,0,0,0,0,0,0,0
202204,276,23900,C,Gettysburg  PA ,31,31,9922,0,0,0,0,0,0,0,0,0,31,31,9922,0,0,0,0,0,0,0,0,0
202204,276,25420,C,Harrisburg-Carlisle  PA ,107,107,27210,0,0,0,0,0,0,2,41,2419,82,82,21180,0,0,0,0,0,0,1,36,1822
202204,276,30140,C,Lebanon  PA ,19,19,4088,0,0,0,0,0,0,1,5,876,4,4,1148,0,0,0,0,0,0,0,0,0
202204,276,49620,C,York-Hanover  PA ,100,100,24675,0,0,0,0,0,0,1,12,888,65,65,18110,0,0,0,0,0,0,0,0,0
202204,277,25500,C,Harrisonburg  VA ,84,84,14614,0,0,0,0,0,0,0,0,0,84,84,14614,0,0,0,0,0,0,0,0,0
202204,277,44420,C,Staunton  VA ,33,33,10735,1,2,200,0,0,0,0,0,0,33,33,10735,1,2,200,0,0,0,0,0,0
202204,278,25540,C,Hartford-East Hartford-Middletown  CT ,66,66,17530,4,8,1023,1,3,400,4,30,2536,35,35,9092,3,6,883,0,0,0,0,0,0
202204,278,35980,C,Norwich-New London  CT ,43,43,11875,0,0,0,0,0,0,1,10,2049,28,28,8041,0,0,0,0,0,0,1,10,2049
202204,279,25620,C,Hattiesburg  MS ,11,11,2239,0,0,0,1,3,125,0,0,0,0,0,0,0,0,0,0,0,0,0,0,0
202204,284,26300,C,Hot Springs  AR ,2,2,1160,2,4,480,0,0,0,0,0,0,2,2,1160,2,4,480,0,0,0,0,0,0
202204,288,26420,C,Houston-The Woodlands-Sugar Land  TX ,4773,4773,1162333,17,34,3165,1,4,280,74,1635,183941,4368,4368,1062273,11,22,1624,1,4,280,72,1621,182909
202204,290,19460,C,Decatur  AL ,45,45,11223,0,0,0,0,0,0,0,0,0,43,43,10877,0,0,0,0,0,0,0,0,0
202204,290,26620,C,Huntsville  AL ,445,445,92430,0,0,0,0,0,0,8,133,16576,145,145,42289,0,0,0,0,0,0,0,0,0
202204,292,26820,C,Idaho Falls  ID ,157,157,26931,0,0,0,1,4,500,0,0,0,154,154,25690,0,0,0,1,4,500,0,0,0
202204,294,18020,C,Columbus  IN ,20,20,5490,0,0,0,0,0,0,0,0,0,0,0,0,0,0,0,0,0,0,0,0,0
202204,294,26900,C,Indianapolis-Carmel-Anderson  IN ,825,825,301208,10,20,3120,1,4,658,17,1118,125306,782,782,290054,8,16,2650,1,4,658,17,1118,125306
202204,294,34620,C,Muncie  IN ,41,41,4885,0,0,0,0,0,0,0,0,0,37,37,3725,0,0,0,0,0,0,0,0,0
202204,296,27060,C,Ithaca  NY ,8,8,2012,0,0,0,0,0,0,1,5,342,3,3,456,0,0,0,0,0,0,0,0,0
202204,297,27180,C,Jackson  TN ,37,37,8851,0,0,0,0,0,0,0,0,0,2,2,1000,0,0,0,0,0,0,0,0,0
202204,298,27140,C,Jackson  MS ,133,133,33517,0,0,0,0,0,0,0,0,0,97,97,24915,0,0,0,0,0,0,0,0,0
202204,300,27260,C,Jacksonville  FL ,1281,1281,317234,1,2,300,1,3,774,7,184,31152,1269,1269,312237,0,0,0,1,3,774,7,184,31152
202204,304,27740,C,Johnson City  TN ,61,61,16166,1,2,450,0,0,0,0,0,0,37,37,12298,0,0,0,0,0,0,0,0,0
202204,304,28700,C,Kingsport-Bristol  TN-VA ,75,75,18156,1,2,350,3,12,1682,0,0,0,56,56,15618,1,2,350,3,12,1682,0,0,0
202204,306,27780,C,Johnstown  PA ,5,5,1153,0,0,0,0,0,0,0,0,0,0,0,0,0,0,0,0,0,0,0,0,0
202204,308,27860,C,Jonesboro  AR ,72,72,11213,4,8,550,5,16,829,2,10,568,16,16,2761,0,0,0,0,0,0,0,0,0
202204,309,27900,C,Joplin  MO ,44,44,8758,3,6,758,1,4,575,1,5,225,15,15,2307,2,4,459,1,4,575,0,0,0
202204,310,12980,C,Battle Creek  MI ,9,9,1928,0,0,0,0,0,0,0,0,0,1,1,367,0,0,0,0,0,0,0,0,0
202204,310,28020,C,Kalamazoo-Portage  MI ,32,32,10402,0,0,0,0,0,0,0,0,0,13,13,4603,0,0,0,0,0,0,0,0,0
202204,312,28140,C,Kansas City  MO-KS ,548,548,181002,11,22,4927,1,4,925,21,588,88963,435,435,137800,7,14,2023,1,4,925,19,521,80574
202204,312,29940,C,Lawrence  KS ,15,15,5936,0,0,0,0,0,0,0,0,0,9,9,3704,0,0,0,0,0,0,0,0,0
202204,312,41140,C,St. Joseph  MO-KS ,8,8,2144,0,0,0,0,0,0,0,0,0,4,4,1315,0,0,0,0,0,0,0,0,0
202204,313,28420,C,Kennewick-Richland  WA ,154,154,53193,1,2,643,0,0,0,0,0,0,55,55,23952,0,0,0,0,0,0,0,0,0
202204,313,47460,C,Walla Walla  WA ,6,6,1792,3,6,1092,0,0,0,0,0,0,5,5,1692,3,6,1092,0,0,0,0,0,0
202204,315,28940,C,Knoxville  TN ,332,332,93757,0,0,0,1,3,405,4,138,9374,209,209,67073,0,0,0,0,0,0,1,106,6864
202204,315,34100,C,Morristown  TN ,59,59,12375,0,0,0,0,0,0,0,0,0,19,19,1767,0,0,0,0,0,0,0,0,0
202204,316,29020,C,Kokomo  IN ,13,13,3341,0,0,0,0,0,0,0,0,0,11,11,2730,0,0,0,0,0,0,0,0,0
202204,318,29180,C,Lafayette  LA ,213,213,50433,0,0,0,0,0,0,0,0,0,102,102,22778,0,0,0,0,0,0,0,0,0
202204,320,29200,C,Lafayette-West Lafayette  IN ,39,39,13072,0,0,0,0,0,0,1,65,7347,36,36,12392,0,0,0,0,0,0,0,0,0
202204,324,29340,C,Lake Charles  LA ,87,87,16299,1,2,250,0,0,0,0,0,0,33,33,5037,1,2,250,0,0,0,0,0,0
202204,332,29820,C,Las Vegas-Henderson-Paradise  NV ,1085,1085,308189,12,24,4028,3,12,1340,29,476,37288,1085,1085,308189,12,24,4028,3,12,1340,29,476,37288
202204,336,30460,C,Lexington-Fayette  KY ,125,125,30837,5,10,1310,2,7,1390,3,93,9069,44,44,12382,5,10,1310,1,4,950,0,0,0
202204,338,30620,C,Lima  OH ,11,11,3090,0,0,0,0,0,0,1,6,702,3,3,1060,0,0,0,0,0,0,0,0,0
202204,339,30700,C,Lincoln  NE ,112,112,34091,1,2,257,2,7,273,9,368,24994,107,107,32792,1,2,257,2,7,273,9,368,24994
202204,340,30780,C,Little Rock-North Little Rock-Conway  AR ,205,205,53702,5,10,895,0,0,0,2,19,1070,139,139,43021,0,0,0,0,0,0,0,0,0
202204,340,38220,C,Pine Bluff  AR ,1,1,150,0,0,0,0,0,0,0,0,0,0,0,0,0,0,0,0,0,0,0,0,0
202204,348,31080,C,Los Angeles-Long Beach-Anaheim  CA ,974,974,287768,84,168,46623,12,37,13152,55,1782,429724,774,774,219401,80,160,44218,10,31,11893,42,1684,414422
202204,348,37100,C,Oxnard-Thousand Oaks-Ventura  CA ,55,55,17870,0,0,0,0,0,0,5,50,6977,28,28,10328,0,0,0,0,0,0,2,14,2135
202204,348,40140,C,Riverside-San Bernardino-Ontario  CA ,1314,1314,371487,11,22,2664,9,29,6427,15,175,24022,962,962,265626,11,22,2664,9,29,6427,10,148,21481
202204,350,21060,C,Elizabethtown-Fort Knox  KY ,41,41,12701,0,0,0,0,0,0,0,0,0,33,33,10958,0,0,0,0,0,0,0,0,0
202204,350,31140,C,Louisville-Jefferson County  KY-IN ,352,352,100715,2,4,651,0,0,0,5,92,8717,207,207,67079,0,0,0,0,0,0,2,42,3610
202204,352,31180,C,Lubbock  TX ,159,159,40731,9,18,2547,1,4,590,12,188,19232,158,158,40558,9,18,2547,1,4,590,12,188,19232
202204,356,31420,C,Macon-Bibb County  GA ,49,49,10456,0,0,0,0,0,0,0,0,0,12,12,3060,0,0,0,0,0,0,0,0,0
202204,356,47580,C,Warner Robins  GA ,79,79,15299,0,0,0,0,0,0,0,0,0,54,54,9346,0,0,0,0,0,0,0,0,0
202204,357,27500,C,Janesville-Beloit  WI ,29,29,8616,5,10,1195,0,0,0,1,76,36000,11,11,4221,5,10,1195,0,0,0,1,76,36000
202204,357,31540,C,Madison  WI ,160,160,70529,10,20,4911,2,7,1400,3,283,42804,107,107,51748,4,8,1916,2,7,1400,1,207,30671
202204,359,31860,C,Mankato  MN ,29,29,10779,3,6,120,0,0,0,1,15,1583,16,16,6719,3,6,120,0,0,0,0,0,0
202204,360,31900,C,Mansfield  OH ,9,9,2916,1,2,200,0,0,0,3,51,6553,7,7,2182,0,0,0,0,0,0,3,51,6553
202204,365,32580,C,McAllen-Edinburg-Mission  TX ,444,444,98697,3,6,358,39,156,11615,6,168,9875,334,334,78304,0,0,0,39,156,11615,6,168,9875
202204,366,24420,C,Grants Pass  OR ,25,25,5909,2,4,720,0,0,0,0,0,0,11,11,2933,2,4,720,0,0,0,0,0,0
202204,366,32780,C,Medford  OR ,60,60,16235,2,4,392,1,3,701,2,25,4715,49,49,12974,2,4,392,1,3,701,1,20,4043
202204,368,32820,C,Memphis  TN-MS-AR ,342,342,81575,0,0,0,0,0,0,4,296,13610,302,302,72378,0,0,0,0,0,0,4,296,13610
202204,370,33100,C,Miami-Fort Lauderdale-Pompano Beach  FL ,565,565,296083,11,22,2145,1,3,967,24,1368,248525,463,463,247168,11,22,2145,1,3,967,16,1235,228250
202204,370,38940,C,Port St. Lucie  FL ,436,436,111235,50,100,9018,1,4,603,22,548,84169,364,364,88561,49,98,8683,1,4,603,20,533,80733
202204,370,42680,C,Sebastian-Vero Beach  FL ,125,125,52413,1,2,281,1,3,202,0,0,0,11,11,3151,0,0,0,0,0,0,0,0,0
202204,372,33260,C,Midland  TX ,45,45,12822,0,0,0,0,0,0,0,0,0,45,45,12822,0,0,0,0,0,0,0,0,0
202204,372,36220,C,Odessa  TX ,70,70,17935,0,0,0,0,0,0,0,0,0,70,70,17935,0,0,0,0,0,0,0,0,0
202204,376,33340,C,Milwaukee-Waukesha  WI ,138,138,65563,13,26,6168,0,0,0,5,246,44775,94,94,44883,11,22,5257,0,0,0,3,225,42229
202204,376,39540,C,Racine  WI ,16,16,7611,2,4,600,0,0,0,0,0,0,16,16,7611,2,4,600,0,0,0,0,0,0
202204,378,33460,C,Minneapolis-St. Paul-Bloomington  MN-WI ,1008,1008,332294,11,22,4928,4,14,3092,28,1559,264130,880,880,288625,10,20,4369,3,11,2450,17,1242,213845
202204,378,41060,C,St. Cloud  MN ,54,54,17673,2,4,706,0,0,0,0,0,0,30,30,10955,0,0,0,0,0,0,0,0,0
202204,380,19300,C,Daphne-Fairhope-Foley  AL ,291,291,78043,0,0,0,0,0,0,1,12,953,177,177,53792,0,0,0,0,0,0,0,0,0
202204,380,33660,C,Mobile  AL ,53,53,12625,0,0,0,0,0,0,0,0,0,42,42,10167,0,0,0,0,0,0,0,0,0
202204,384,33740,C,Monroe  LA ,38,38,8969,1,2,74,2,6,943,2,13,1567,0,0,0,0,0,0,0,0,0,0,0,0
202204,388,33860,C,Montgomery  AL ,90,90,25816,0,0,0,0,0,0,0,0,0,89,89,25583,0,0,0,0,0,0,0,0,0
202204,390,34060,C,Morgantown  WV ,2,2,212,0,0,0,0,0,0,0,0,0,0,0,0,0,0,0,0,0,0,0,0,0
202204,396,34820,C,Myrtle Beach-Conway-North Myrtle Beach  SC-NC ,1034,1034,221173,0,0,0,0,0,0,2,30,2054,717,717,133352,0,0,0,0,0,0,0,0,0
202204,400,34980,C,Nashville-Davidson--Murfreesboro--Franklin  TN ,1603,1603,476277,3,6,555,6,23,4260,31,400,69942,1401,1401,421041,3,6,555,5,19,3814,24,345,64429
202204,404,35100,C,New Bern  NC ,37,37,10257,0,0,0,0,0,0,0,0,0,9,9,1988,0,0,0,0,0,0,0,0,0
202204,406,25220,C,Hammond  LA ,66,66,14326,0,0,0,0,0,0,1,56,5546,53,53,12145,0,0,0,0,0,0,0,0,0
202204,406,35380,C,New Orleans-Metairie  LA ,296,296,86239,18,36,4195,0,0,0,1,57,10281,212,212,66292,4,8,1046,0,0,0,0,0,0
202204,408,14860,C,Bridgeport-Stamford-Norwalk  CT ,48,48,41260,1,2,157,0,0,0,5,81,8787,28,28,27736,0,0,0,0,0,0,3,71,6284
202204,408,20700,C,East Stroudsburg  PA ,17,17,4957,0,0,0,0,0,0,0,0,0,7,7,2274,0,0,0,0,0,0,0,0,0
202204,408,28740,C,Kingston  NY ,25,25,8084,0,0,0,0,0,0,0,0,0,16,16,5419,0,0,0,0,0,0,0,0,0
202204,408,35300,C,New Haven-Milford  CT ,34,34,7300,3,6,999,0,0,0,3,39,3282,5,5,1172,2,4,819,0,0,0,0,0,0
202204,408,35620,C,New York-Newark-Jersey City  NY-NJ-PA ,1017,1017,298422,63,126,17118,17,53,4487,101,4183,585245,733,733,210975,49,98,14313,10,32,2659,46,3328,488082
202204,408,39100,C,Poughkeepsie-Newburgh-Middletown  NY ,81,81,28880,0,0,0,2,8,2268,3,57,8307,34,34,12920,0,0,0,2,8,2268,3,57,8307
202204,408,45940,C,Trenton-Princeton  NJ ,19,19,2605,0,0,0,0,0,0,1,6,429,13,13,1725,0,0,0,0,0,0,0,0,0
202204,412,35840,C,North Port-Sarasota-Bradenton  FL ,1339,1339,391354,53,106,15469,3,11,6050,31,690,75640,1339,1339,391354,53,106,15469,3,11,6050,31,690,75640
202204,412,39460,C,Punta Gorda  FL ,498,498,143204,12,24,4279,4,16,4667,0,0,0,498,498,143204,12,24,4279,4,16,4667,0,0,0
202204,416,36420,C,Oklahoma City  OK ,675,675,207006,22,44,4615,1,4,601,0,0,0,568,568,183428,19,38,4085,1,4,601,0,0,0
202204,420,36540,C,Omaha-Council Bluffs  NE-IA ,329,329,73087,1,2,175,0,0,0,26,540,48341,262,262,55356,0,0,0,0,0,0,24,508,45022
202204,422,19660,C,Deltona-Daytona Beach-Ormond Beach  FL ,603,603,202304,6,12,1730,0,0,0,3,43,4776,518,518,175822,6,12,1730,0,0,0,0,0,0
202204,422,29460,C,Lakeland-Winter Haven  FL ,1189,1189,282950,1,2,125,0,0,0,0,0,0,939,939,212216,1,2,125,0,0,0,0,0,0
202204,422,36740,C,Orlando-Kissimmee-Sanford  FL ,1785,1785,462428,6,12,2163,4,15,600,51,2079,277946,1593,1593,409589,6,12,2163,4,15,600,48,2013,273362
202204,422,45540,C,The Villages  FL ,429,429,99733,0,0,0,0,0,0,5,276,100000,428,428,99542,0,0,0,0,0,0,5,276,100000
202204,425,37620,C,Parkersburg-Vienna  WV ,6,6,1319,0,0,0,0,0,0,0,0,0,4,4,1015,0,0,0,0,0,0,0,0,0
202204,426,37860,C,Pensacola-Ferry Pass-Brent  FL ,435,435,111456,2,4,521,0,0,0,0,0,0,435,435,111456,2,4,521,0,0,0,0,0,0
202204,428,12100,C,Atlantic City-Hammonton  NJ ,40,40,5618,1,2,740,0,0,0,1,12,1492,34,34,4312,1,2,740,0,0,0,0,0,0
202204,428,20100,C,Dover  DE ,97,97,14812,0,0,0,0,0,0,0,0,0,87,87,12479,0,0,0,0,0,0,0,0,0
202204,428,36140,C,Ocean City  NJ ,48,48,15138,6,12,3067,1,4,11997,0,0,0,47,47,14847,6,12,3067,1,4,11997,0,0,0
202204,428,37980,C,Philadelphia-Camden-Wilmington  PA-NJ-DE-MD ,686,686,138996,26,52,5737,14,45,5388,38,603,75261,420,420,95608,26,52,5737,13,42,4998,26,501,64571
202204,428,39740,C,Reading  PA ,33,33,8321,3,6,959,0,0,0,1,5,658,20,20,5121,3,6,959,0,0,0,0,0,0
202204,428,47220,C,Vineland-Bridgeton  NJ ,12,12,1506,0,0,0,0,0,0,0,0,0,9,9,1263,0,0,0,0,0,0,0,0,0
202204,429,38060,C,Phoenix-Mesa-Chandler  AZ ,2806,2806,801171,100,200,27877,0,0,0,35,1071,170035,2596,2596,728172,100,200,27877,0,0,0,33,944,147844
202204,430,38300,C,Pittsburgh  PA ,291,291,82242,4,8,1434,4,14,1547,5,76,12491,143,143,48555,2,4,900,1,4,845,0,0,0
202204,430,48260,C,Weirton-Steubenville  WV-OH ,1,1,429,0,0,0,0,0,0,0,0,0,1,1,429,0,0,0,0,0,0,0,0,0
202204,438,30340,C,Lewiston-Auburn  ME ,21,21,5619,1,2,200,0,0,0,0,0,0,11,11,3031,0,0,0,0,0,0,0,0,0
202204,438,38860,C,Portland-South Portland  ME ,191,191,61630,4,8,1483,1,3,250,11,149,23592,55,55,20249,0,0,0,0,0,0,6,124,21091
202204,440,10540,C,Albany-Lebanon  OR ,27,27,7055,0,0,0,0,0,0,3,18,2314,9,9,2816,0,0,0,0,0,0,0,0,0
202204,440,18700,C,Corvallis  OR ,20,20,5735,0,0,0,0,0,0,0,0,0,20,20,5735,0,0,0,0,0,0,0,0,0
202204,440,31020,C,Longview  WA ,23,23,6488,0,0,0,0,0,0,0,0,0,22,22,6128,0,0,0,0,0,0,0,0,0
202204,440,38900,C,Portland-Vancouver-Hillsboro  OR-WA ,593,593,191790,3,6,1357,0,0,0,14,214,36867,565,565,183957,1,2,324,0,0,0,11,177,30405
202204,440,41420,C,Salem  OR ,94,94,26758,0,0,0,1,4,265,8,84,8892,38,38,11492,0,0,0,1,4,265,4,48,5186
202204,444,39380,C,Pueblo  CO ,63,63,10194,0,0,0,0,0,0,0,0,0,0,0,0,0,0,0,0,0,0,0,0,0
202204,450,20500,C,Durham-Chapel Hill  NC ,276,276,96758,1,2,273,0,0,0,6,349,45054,206,206,69705,0,0,0,0,0,0,4,274,37047
202204,450,39580,C,Raleigh-Cary  NC ,1346,1346,331500,5,10,1531,0,0,0,16,837,96352,1283,1283,317301,5,10,1531,0,0,0,15,803,93069
202204,452,39660,C,Rapid City  SD ,57,57,16606,2,4,472,0,0,0,1,51,7500,54,54,15665,2,4,472,0,0,0,1,51,7500
202204,454,39820,C,Redding  CA ,22,22,6922,0,0,0,0,0,0,0,0,0,10,10,3454,0,0,0,0,0,0,0,0,0
202204,456,16180,C,Carson City  NV ,17,17,4491,0,0,0,0,0,0,1,7,699,0,0,0,0,0,0,0,0,0,0,0,0
202204,456,39900,C,Reno  NV ,229,229,63353,5,10,1287,3,10,1429,41,653,79165,49,49,12419,2,4,659,1,4,636,28,462,54857
202204,462,40340,C,Rochester  MN ,79,79,24413,0,0,0,0,0,0,0,0,0,55,55,18130,0,0,0,0,0,0,0,0,0
202204,464,40380,C,Rochester  NY ,101,101,30507,1,2,682,4,16,1856,2,10,500,74,74,23658,1,2,682,4,16,1856,2,10,500
202204,466,40420,C,Rockford  IL ,34,34,5574,3,6,1025,0,0,0,0,0,0,29,29,4552,3,6,1025,0,0,0,0,0,0
202204,468,40580,C,Rocky Mount  NC ,41,41,8133,0,0,0,0,0,0,0,0,0,17,17,4287,0,0,0,0,0,0,0,0,0
202204,472,40900,C,Sacramento-Roseville-Folsom  CA ,819,819,240417,4,8,1440,0,0,0,4,259,50746,816,816,239221,4,8,1440,0,0,0,4,259,50746
202204,472,49700,C,Yuba City  CA ,78,78,20925,9,18,1632,0,0,0,1,6,693,74,74,19489,8,16,1458,0,0,0,0,0,0
202204,474,13020,C,Bay City  MI ,4,4,1598,0,0,0,0,0,0,0,0,0,1,1,900,0,0,0,0,0,0,0,0,0
202204,474,33220,C,Midland  MI ,8,8,1946,2,4,423,0,0,0,0,0,0,5,5,1091,2,4,423,0,0,0,0,0,0
202204,474,40980,C,Saginaw  MI ,13,13,3014,1,2,200,1,3,495,0,0,0,6,6,1204,1,2,200,0,0,0,0,0,0
202204,476,41180,C,St. Louis  MO-IL ,440,440,139683,4,8,1409,2,7,1260,7,380,50778,298,298,94116,1,2,342,1,4,656,2,258,37100
202204,480,41540,C,Salisbury  MD-DE ,354,354,62481,13,26,3257,0,0,0,9,180,22294,346,346,61496,12,24,3117,0,0,0,9,180,22294
202204,482,36260,C,Ogden-Clearfield  UT ,409,409,123167,0,0,0,1,4,755,13,262,35051,348,348,106976,0,0,0,0,0,0,8,223,31619
202204,482,39340,C,Provo-Orem  UT ,686,686,213405,2,4,1224,0,0,0,13,104,18455,683,683,212330,2,4,1224,0,0,0,13,104,18455
202204,482,41620,C,Salt Lake City  UT ,485,485,135646,3,6,847,6,21,4685,19,471,68522,389,389,103499,0,0,0,3,12,2968,11,134,21185
202204,484,41700,C,San Antonio-New Braunfels  TX ,1357,1357,342126,3,6,781,0,0,0,35,1101,146650,1247,1247,318833,3,6,781,0,0,0,20,797,117618
202204,488,32900,C,Merced  CA ,34,34,12113,0,0,0,0,0,0,0,0,0,12,12,3429,0,0,0,0,0,0,0,0,0
202204,488,33700,C,Modesto  CA ,79,79,17388,0,0,0,0,0,0,0,0,0,52,52,11095,0,0,0,0,0,0,0,0,0
202204,488,34900,C,Napa  CA ,14,14,4322,0,0,0,0,0,0,2,82,12997,0,0,0,0,0,0,0,0,0,0,0,0
202204,488,41860,C,San Francisco-Oakland-Berkeley  CA ,407,407,132929,9,18,3597,1,3,890,18,461,117820,294,294,95266,5,10,932,0,0,0,8,355,92004
202204,488,41940,C,San Jose-Sunnyvale-Santa Clara  CA ,216,216,75049,1,2,800,0,0,0,9,124,20611,147,147,48105,1,2,800,0,0,0,6,105,14757
202204,488,42100,C,Santa Cruz-Watsonville  CA ,32,32,7521,0,0,0,0,0,0,1,6,463,12,12,4124,0,0,0,0,0,0,0,0,0
202204,488,42220,C,Santa Rosa-Petaluma  CA ,72,72,15171,0,0,0,1,3,215,4,111,21389,50,50,10642,0,0,0,1,3,215,2,101,19305
202204,488,44700,C,Stockton  CA ,292,292,90887,0,0,0,0,0,0,6,60,9462,65,65,20848,0,0,0,0,0,0,2,24,5271
202204,488,46700,C,Vallejo  CA ,86,86,25876,0,0,0,0,0,0,0,0,0,75,75,23192,0,0,0,0,0,0,0,0,0
202204,496,25980,C,Hinesville  GA ,67,67,18868,0,0,0,0,0,0,0,0,0,36,36,11452,0,0,0,0,0,0,0,0,0
202204,496,42340,C,Savannah  GA ,268,268,75379,0,0,0,0,0,0,2,12,630,197,197,60330,0,0,0,0,0,0,0,0,0
202204,500,14740,C,Bremerton-Silverdale-Port Orchard  WA ,76,76,28624,0,0,0,0,0,0,1,5,653,76,76,28624,0,0,0,0,0,0,1,5,653
202204,500,34580,C,Mount Vernon-Anacortes  WA ,20,20,5570,0,0,0,1,3,437,1,20,1867,20,20,5570,0,0,0,0,0,0,0,0,0
202204,500,36500,C,Olympia-Lacey-Tumwater  WA ,74,74,20403,0,0,0,0,0,0,11,158,16572,63,63,17947,0,0,0,0,0,0,10,153,16359
202204,500,42660,C,Seattle-Tacoma-Bellevue  WA ,646,646,239625,45,90,22081,34,120,23862,49,1393,170089,520,520,190749,43,86,21035,33,117,23194,40,1225,143731
202204,508,43340,C,Shreveport-Bossier City  LA ,111,111,28422,0,0,0,0,0,0,0,0,0,100,100,25563,0,0,0,0,0,0,0,0,0
202204,515,21140,C,Elkhart-Goshen  IN ,26,26,8047,0,0,0,0,0,0,0,0,0,26,26,8047,0,0,0,0,0,0,0,0,0
202204,515,35660,C,Niles  MI ,25,25,10496,0,0,0,0,0,0,0,0,0,8,8,3200,0,0,0,0,0,0,0,0,0
202204,515,43780,C,South Bend-Mishawaka  IN-MI ,38,38,15474,0,0,0,0,0,0,0,0,0,30,30,12867,0,0,0,0,0,0,0,0,0
202204,518,17660,C,Coeur dAlene  ID ,130,130,46641,1,2,387,1,3,1257,6,84,10583,60,60,30712,0,0,0,0,0,0,2,36,5200
202204,518,44060,C,Spokane-Spokane Valley  WA ,175,175,50647,4,8,1314,0,0,0,6,56,7902,67,67,21749,3,6,1080,0,0,0,2,19,3728
202204,522,44100,C,Springfield  IL ,20,20,7007,0,0,0,0,0,0,0,0,0,12,12,4998,0,0,0,0,0,0,0,0,0
202204,524,44300,C,State College  PA ,31,31,10535,1,2,315,0,0,0,0,0,0,21,21,8326,0,0,0,0,0,0,0,0,0
202204,532,45060,C,Syracuse  NY ,40,40,12372,0,0,0,0,0,0,1,5,313,22,22,8989,0,0,0,0,0,0,0,0,0
202204,534,45780,C,Toledo  OH ,64,64,21211,0,0,0,0,0,0,1,5,625,32,32,12529,0,0,0,0,0,0,0,0,0
202204,536,46060,C,Tucson  AZ ,406,406,135717,3,6,713,0,0,0,6,72,10806,263,263,97921,0,0,0,0,0,0,0,0,0
202204,538,46140,C,Tulsa  OK ,330,330,86501,0,0,0,0,0,0,3,17,1946,302,302,81136,0,0,0,0,0,0,1,6,1100
202204,540,46340,C,Tyler  TX ,51,51,13010,0,0,0,0,0,0,1,5,623,40,40,10249,0,0,0,0,0,0,0,0,0
202204,544,47020,C,Victoria  TX ,17,17,3427,0,0,0,0,0,0,0,0,0,13,13,3331,0,0,0,0,0,0,0,0,0
202204,545,47260,C,Virginia Beach-Norfolk-Newport News  VA-NC ,360,360,95296,0,0,0,0,0,0,3,65,7995,331,331,92724,0,0,0,0,0,0,3,65,7995
202204,548,12580,C,Baltimore-Columbia-Towson  MD ,274,274,69555,0,0,0,0,0,0,15,727,109430,255,255,66640,0,0,0,0,0,0,13,590,80492
202204,548,15680,C,California-Lexington Park  MD ,31,31,11240,0,0,0,0,0,0,0,0,0,31,31,11240,0,0,0,0,0,0,0,0,0
202204,548,16540,C,Chambersburg-Waynesboro  PA ,37,37,9469,0,0,0,0,0,0,0,0,0,33,33,8545,0,0,0,0,0,0,0,0,0
202204,548,25180,C,Hagerstown-Martinsburg  MD-WV ,221,221,55801,0,0,0,0,0,0,2,16,1970,214,214,54411,0,0,0,0,0,0,2,16,1970
202204,548,47900,C,Washington-Arlington-Alexandria  DC-VA-MD-WV ,1088,1088,319800,3,6,781,1,4,700,29,744,151650,966,966,284934,3,6,781,1,4,700,22,623,134889
202204,548,49020,C,Winchester  VA-WV ,71,71,18566,0,0,0,0,0,0,0,0,0,70,70,18334,0,0,0,0,0,0,0,0,0
202204,554,48140,C,Wausau-Weston  WI ,44,44,12288,1,2,300,0,0,0,3,24,3000,29,29,8059,0,0,0,0,0,0,3,24,3000
202204,556,48620,C,Wichita  KS ,163,163,56834,86,172,20637,0,0,0,0,0,0,123,123,40268,81,162,19662,0,0,0,0,0,0
202204,558,48700,C,Williamsport  PA ,3,3,1196,0,0,0,0,0,0,0,0,0,3,3,1196,0,0,0,0,0,0,0,0,0
202204,566,49660,C,Youngstown-Warren-Boardman  OH-PA ,27,27,6197,0,0,0,0,0,0,0,0,0,12,12,3021,0,0,0,0,0,0,0,0,0
202204,999,10180,C,Abilene  TX ,19,19,4811,1,2,225,0,0,0,0,0,0,19,19,4811,1,2,225,0,0,0,0,0,0
202204,999,10500,C,Albany  GA ,18,18,3080,0,0,0,0,0,0,0,0,0,11,11,1329,0,0,0,0,0,0,0,0,0
202204,999,10780,C,Alexandria  LA ,30,30,8462,10,20,1620,0,0,0,0,0,0,21,21,6091,10,20,1620,0,0,0,0,0,0
202204,999,10900,C,Allentown-Bethlehem-Easton  PA-NJ ,81,81,15914,0,0,0,0,0,0,1,17,195,49,49,8926,0,0,0,0,0,0,0,0,0
202204,999,11260,C,Anchorage  AK ,75,75,23881,0,0,0,1,4,690,2,19,2881,3,3,994,0,0,0,0,0,0,0,0,0
202204,999,11500,C,Anniston-Oxford  AL ,11,11,2017,0,0,0,0,0,0,0,0,0,11,11,2017,0,0,0,0,0,0,0,0,0
202204,999,12260,C,Augusta-Richmond County  GA-SC ,334,334,76107,0,0,0,6,23,2389,1,8,500,59,59,19327,0,0,0,6,23,2389,1,8,500
202204,999,12420,C,Austin-Round Rock-Georgetown  TX ,2105,2105,551551,11,22,1698,3,11,1013,66,2621,292914,1609,1609,443106,6,12,720,2,8,756,65,2609,291685
202204,999,12540,C,Bakersfield  CA ,165,165,36700,0,0,0,1,3,278,0,0,0,31,31,4347,0,0,0,0,0,0,0,0,0
202204,999,12620,C,Bangor  ME ,33,33,9086,5,10,1900,0,0,0,0,0,0,16,16,5553,5,10,1900,0,0,0,0,0,0
202204,999,12940,C,Baton Rouge  LA ,403,403,93671,0,0,0,0,0,0,0,0,0,70,70,16723,0,0,0,0,0,0,0,0,0
202204,999,13140,C,Beaumont-Port Arthur  TX ,157,157,38991,0,0,0,0,0,0,1,11,988,139,139,35286,0,0,0,0,0,0,0,0,0
202204,999,13220,C,Beckley  WV ,12,12,3320,0,0,0,0,0,0,0,0,0,11,11,3236,0,0,0,0,0,0,0,0,0
202204,999,13380,C,Bellingham  WA ,86,86,25183,0,0,0,8,29,5842,0,0,0,41,41,13035,0,0,0,8,29,5842,0,0,0
202204,999,13740,C,Billings  MT ,102,102,22560,5,10,1727,0,0,0,0,0,0,101,101,22253,5,10,1727,0,0,0,0,0,0
202204,999,13780,C,Binghamton  NY ,12,12,2409,0,0,0,0,0,0,3,27,2549,1,1,279,0,0,0,0,0,0,0,0,0
202204,999,13900,C,Bismarck  ND ,42,42,14305,0,0,0,0,0,0,0,0,0,39,39,13489,0,0,0,0,0,0,0,0,0
202204,999,13980,C,Blacksburg-Christiansburg  VA ,26,26,6263,0,0,0,0,0,0,0,0,0,23,23,5657,0,0,0,0,0,0,0,0,0
202204,999,15260,C,Brunswick  GA ,61,61,20620,0,0,0,0,0,0,1,5,2696,0,0,0,0,0,0,0,0,0,0,0,0
202204,999,16060,C,Carbondale-Marion  IL ,6,6,1019,0,0,0,0,0,0,2,10,1100,3,3,585,0,0,0,0,0,0,2,10,1100
202204,999,16220,C,Casper  WY ,19,19,3384,0,0,0,0,0,0,1,5,498,10,10,791,0,0,0,0,0,0,0,0,0
202204,999,16580,C,Champaign-Urbana  IL ,20,20,6614,0,0,0,0,0,0,1,153,33000,20,20,6614,0,0,0,0,0,0,1,153,33000
202204,999,16700,C,Charleston-North Charleston  SC ,500,500,165628,0,0,0,2,8,2414,7,123,12074,229,229,84231,0,0,0,2,8,2414,2,10,3018
202204,999,16820,C,Charlottesville  VA ,84,84,28625,1,2,346,0,0,0,4,41,6018,6,6,1502,0,0,0,0,0,0,0,0,0
202204,999,16940,C,Cheyenne  WY ,41,41,9272,0,0,0,0,0,0,0,0,0,41,41,9272,0,0,0,0,0,0,0,0,0
202204,999,17020,C,Chico  CA ,99,99,89699,2,4,741,10,40,2607,6,83,9540,76,76,85130,2,4,741,10,40,2607,6,83,9540
202204,999,17300,C,Clarksville  TN-KY ,194,194,30498,0,0,0,5,20,2400,1,10,1153,191,191,30285,0,0,0,5,20,2400,1,10,1153
202204,999,17780,C,College Station-Bryan  TX ,137,137,37486,0,0,0,0,0,0,4,26,2550,136,136,37281,0,0,0,0,0,0,4,26,2550
202204,999,17820,C,Colorado Springs  CO ,438,438,154474,0,0,0,0,0,0,5,243,36940,438,438,154474,0,0,0,0,0,0,5,243,36940
202204,999,18880,C,Crestview-Fort Walton Beach-Destin  FL ,263,263,143111,0,0,0,0,0,0,0,0,0,263,263,143111,0,0,0,0,0,0,0,0,0
202204,999,19060,C,Cumberland  MD-WV ,7,7,1461,0,0,0,0,0,0,0,0,0,6,6,1276,0,0,0,0,0,0,0,0,0
202204,999,19180,C,Danville  IL ,1,1,138,0,0,0,0,0,0,0,0,0,0,0,0,0,0,0,0,0,0,0,0,0
202204,999,19500,C,Decatur  IL ,1,1,75,0,0,0,0,0,0,0,0,0,1,1,75,0,0,0,0,0,0,0,0,0
202204,999,20220,C,Dubuque  IA ,13,13,5327,0,0,0,0,0,0,1,20,524,5,5,2563,0,0,0,0,0,0,0,0,0
202204,999,20260,C,Duluth  MN-WI ,43,43,11441,2,4,1027,0,0,0,0,0,0,27,27,7593,2,4,1027,0,0,0,0,0,0
202204,999,20940,C,El Centro  CA ,17,17,2857,0,0,0,0,0,0,2,24,1710,2,2,96,0,0,0,0,0,0,2,24,1710
202204,999,21420,C,Enid  OK ,7,7,2007,0,0,0,0,0,0,0,0,0,7,7,2007,0,0,0,0,0,0,0,0,0
202204,999,21660,C,Eugene-Springfield  OR ,81,81,21597,4,8,1567,0,0,0,3,83,14563,32,32,8744,2,4,795,0,0,0,0,0,0
202204,999,21780,C,Evansville  IN-KY ,79,79,23330,3,6,1088,0,0,0,1,21,1564,22,22,9250,0,0,0,0,0,0,0,0,0
202204,999,21820,C,Fairbanks  AK ,2,2,589,0,0,0,1,3,455,0,0,0,0,0,0,0,0,0,0,0,0,0,0,0
202204,999,22140,C,Farmington  NM ,9,9,2188,0,0,0,0,0,0,0,0,0,9,9,2188,0,0,0,0,0,0,0,0,0
202204,999,22220,C,Fayetteville-Springdale-Rogers  AR-MO ,519,519,156002,3,6,1228,20,79,6673,8,228,28452,371,371,120236,1,2,328,18,72,5763,3,135,19187
202204,999,22380,C,Flagstaff  AZ ,38,38,13789,0,0,0,0,0,0,0,0,0,38,38,13789,0,0,0,0,0,0,0,0,0
202204,999,22500,C,Florence  SC ,108,108,18963,11,22,1650,0,0,0,0,0,0,108,108,18963,11,22,1650,0,0,0,0,0,0
202204,999,22520,C,Florence-Muscle Shoals  AL ,30,30,4162,0,0,0,0,0,0,0,0,0,10,10,1808,0,0,0,0,0,0,0,0,0
202204,999,22540,C,Fond du Lac  WI ,12,12,3774,0,0,0,0,0,0,1,10,793,0,0,0,0,0,0,0,0,0,0,0,0
202204,999,22660,C,Fort Collins  CO ,133,133,43909,0,0,0,0,0,0,4,44,6899,88,88,29587,0,0,0,0,0,0,1,5,1200
202204,999,22900,C,Fort Smith  AR-OK ,32,32,6718,2,4,441,1,3,255,1,11,1520,24,24,5713,1,2,295,0,0,0,1,11,1520
202204,999,23460,C,Gadsden  AL ,13,13,1841,0,0,0,0,0,0,0,0,0,4,4,582,0,0,0,0,0,0,0,0,0
202204,999,24140,C,Goldsboro  NC ,39,39,9229,0,0,0,0,0,0,0,0,0,33,33,7875,0,0,0,0,0,0,0,0,0
202204,999,24220,C,Grand Forks  ND-MN ,18,18,4924,0,0,0,0,0,0,0,0,0,18,18,4924,0,0,0,0,0,0,0,0,0
202204,999,24260,C,Grand Island  NE ,8,8,2018,2,4,625,4,12,1576,0,0,0,3,3,970,2,4,625,4,12,1576,0,0,0
202204,999,24300,C,Grand Junction  CO ,78,78,12815,0,0,0,0,0,0,0,0,0,78,78,12815,0,0,0,0,0,0,0,0,0
202204,999,24500,C,Great Falls  MT ,14,14,3473,1,2,600,0,0,0,1,121,24000,14,14,3473,1,2,600,0,0,0,1,121,24000
202204,999,25060,C,Gulfport-Biloxi  MS ,237,237,50348,0,0,0,2,8,851,2,11,931,133,133,33721,0,0,0,1,4,450,0,0,0
202204,999,25860,C,Hickory-Lenoir-Morganton  NC ,188,188,45838,1,2,360,0,0,0,5,148,8729,176,176,43800,0,0,0,0,0,0,4,138,8172
202204,999,25940,C,Hilton Head Island-Bluffton  SC ,229,229,97180,0,0,0,0,0,0,1,43,7876,106,106,35816,0,0,0,0,0,0,0,0,0
202204,999,26140,C,Homosassa Springs  FL ,174,174,38474,1,2,186,0,0,0,0,0,0,3,3,972,0,0,0,0,0,0,0,0,0
202204,999,26380,C,Houma-Thibodaux  LA ,69,69,15545,3,6,381,1,3,262,0,0,0,53,53,11224,1,2,70,0,0,0,0,0,0
202204,999,27100,C,Jackson  MI ,20,20,5695,0,0,0,0,0,0,0,0,0,10,10,2788,0,0,0,0,0,0,0,0,0
202204,999,27340,C,Jacksonville  NC ,143,143,29843,2,4,1309,0,0,0,0,0,0,143,143,29843,2,4,1309,0,0,0,0,0,0
202204,999,27620,C,Jefferson City  MO ,20,20,5162,0,0,0,0,0,0,0,0,0,17,17,4621,0,0,0,0,0,0,0,0,0
202204,999,27980,C,Kahului-Wailuku-Lahaina  HI ,34,34,17012,1,2,291,0,0,0,7,35,12052,0,0,0,0,0,0,0,0,0,0,0,0
202204,999,28660,C,Killeen-Temple  TX ,281,281,61801,9,18,1856,0,0,0,0,0,0,252,252,55367,6,12,1266,0,0,0,0,0,0
202204,999,29100,C,La Crosse-Onalaska  WI-MN ,24,24,8751,3,6,1226,0,0,0,2,90,11900,14,14,5717,0,0,0,0,0,0,1,72,9600
202204,999,29420,C,Lake Havasu City-Kingman  AZ ,259,259,71762,2,4,307,4,12,455,0,0,0,258,258,71665,2,4,307,4,12,455,0,0,0
202204,999,29540,C,Lancaster  PA ,60,60,16278,2,4,966,0,0,0,4,39,3399,44,44,12495,2,4,966,0,0,0,3,34,3102
202204,999,29620,C,Lansing-East Lansing  MI ,51,51,16311,2,4,640,0,0,0,1,42,4661,36,36,12026,1,2,362,0,0,0,0,0,0
202204,999,29700,C,Laredo  TX ,129,129,20720,2,4,353,1,3,381,2,15,975,0,0,0,0,0,0,0,0,0,0,0,0
202204,999,30020,C,Lawton  OK ,7,7,1455,0,0,0,0,0,0,0,0,0,3,3,1232,0,0,0,0,0,0,0,0,0
202204,999,30300,C,Lewiston  ID-WA ,11,11,2875,0,0,0,0,0,0,0,0,0,11,11,2875,0,0,0,0,0,0,0,0,0
202204,999,30860,C,Logan  UT-ID ,103,103,35849,0,0,0,0,0,0,2,14,2356,89,89,32349,0,0,0,0,0,0,2,14,2356
202204,999,30980,C,Longview  TX ,36,36,8458,0,0,0,0,0,0,1,6,656,23,23,5824,0,0,0,0,0,0,0,0,0
202204,999,31340,C,Lynchburg  VA ,50,50,11715,0,0,0,1,3,603,1,10,259,47,47,11105,0,0,0,0,0,0,0,0,0
202204,999,31740,C,Manhattan  KS ,26,26,8213,0,0,0,1,3,250,1,24,7874,9,9,3046,0,0,0,0,0,0,1,24,7874
202204,999,33540,C,Missoula  MT ,28,28,7796,1,2,79,1,4,175,1,22,1136,28,28,7796,1,2,79,1,4,175,1,22,1136
202204,999,36100,C,Ocala  FL ,458,458,115245,1,2,100,0,0,0,0,0,0,456,456,115066,1,2,100,0,0,0,0,0,0
202204,999,36980,C,Owensboro  KY ,26,26,2150,0,0,0,0,0,0,0,0,0,25,25,1948,0,0,0,0,0,0,0,0,0
202204,999,37340,C,Palm Bay-Melbourne-Titusville  FL ,352,352,128273,1,2,225,0,0,0,1,48,9940,338,338,125889,1,2,225,0,0,0,1,48,9940
202204,999,37460,C,Panama City  FL ,169,169,64496,0,0,0,0,0,0,4,32,7534,154,154,60769,0,0,0,0,0,0,4,32,7534
202204,999,37900,C,Peoria  IL ,21,21,5703,0,0,0,0,0,0,2,23,1162,16,16,4273,0,0,0,0,0,0,0,0,0
202204,999,38340,C,Pittsfield  MA ,9,9,3621,0,0,0,0,0,0,0,0,0,2,2,745,0,0,0,0,0,0,0,0,0
202204,999,38540,C,Pocatello  ID ,30,30,6481,2,4,186,8,31,4056,0,0,0,10,10,1168,2,4,186,7,28,3745,0,0,0
202204,999,39150,C,Prescott Valley-Prescott  AZ ,150,150,50753,1,2,405,0,0,0,0,0,0,145,145,48229,1,2,405,0,0,0,0,0,0
202204,999,40060,C,Richmond  VA ,493,493,114971,16,32,2420,0,0,0,13,681,48706,458,458,108599,16,32,2420,0,0,0,12,672,47837
202204,999,40220,C,Roanoke  VA ,45,45,12595,0,0,0,0,0,0,1,34,4155,23,23,6012,0,0,0,0,0,0,0,0,0
202204,999,41100,C,St. George  UT ,233,233,46546,0,0,0,2,8,1683,7,55,6740,184,184,37748,0,0,0,2,8,1683,7,55,6740
202204,999,41500,C,Salinas  CA ,41,41,8907,0,0,0,0,0,0,1,7,1143,13,13,1618,0,0,0,0,0,0,0,0,0
202204,999,41660,C,San Angelo  TX ,18,18,4558,0,0,0,0,0,0,0,0,0,18,18,4558,0,0,0,0,0,0,0,0,0
202204,999,41740,C,San Diego-Chula Vista-Carlsbad  CA ,393,393,118082,7,14,1726,8,30,5610,44,587,131530,383,383,114923,7,14,1726,8,30,5610,43,581,130862
202204,999,42020,C,San Luis Obispo-Paso Robles  CA ,60,60,19011,0,0,0,1,3,824,3,50,6897,54,54,17316,0,0,0,1,3,824,3,50,6897
202204,999,42200,C,Santa Maria-Santa Barbara  CA ,38,38,3669,2,4,579,0,0,0,2,41,4862,11,11,2519,0,0,0,0,0,0,0,0,0
202204,999,42540,C,Scranton--Wilkes-Barre  PA ,45,45,12749,0,0,0,0,0,0,1,5,684,16,16,5024,0,0,0,0,0,0,0,0,0
202204,999,42700,C,Sebring-Avon Park  FL ,72,72,14393,0,0,0,0,0,0,0,0,0,72,72,14393,0,0,0,0,0,0,0,0,0
202204,999,43100,C,Sheboygan  WI ,13,13,5673,2,4,806,0,0,0,0,0,0,5,5,2555,2,4,806,0,0,0,0,0,0
202204,999,43420,C,Sierra Vista-Douglas  AZ ,34,34,5835,1,2,275,0,0,0,0,0,0,32,32,5225,0,0,0,0,0,0,0,0,0
202204,999,43580,C,Sioux City  IA-NE-SD ,39,39,11993,0,0,0,1,3,0,0,0,0,22,22,7271,0,0,0,0,0,0,0,0,0
202204,999,43620,C,Sioux Falls  SD ,257,257,60725,1,2,382,2,7,1511,7,297,37219,248,248,58428,1,2,382,2,7,1511,7,297,37219
202204,999,44140,C,Springfield  MA ,46,46,13125,1,2,500,0,0,0,2,15,1470,26,26,8311,0,0,0,0,0,0,0,0,0
202204,999,44180,C,Springfield  MO ,148,148,43121,0,0,0,0,0,0,0,0,0,88,88,27266,0,0,0,0,0,0,0,0,0
202204,999,44940,C,Sumter  SC ,31,31,5662,28,56,5675,0,0,0,1,36,965,23,23,4385,28,56,5675,0,0,0,1,36,965
202204,999,45220,C,Tallahassee  FL ,128,128,27534,1,2,222,0,0,0,5,130,16635,39,39,9849,0,0,0,0,0,0,0,0,0
202204,999,45300,C,Tampa-St. Petersburg-Clearwater  FL ,1403,1403,406759,2,4,475,0,0,0,19,312,29111,1371,1371,398771,2,4,475,0,0,0,16,294,24096
202204,999,45460,C,Terre Haute  IN ,15,15,5798,6,12,1500,2,8,370,1,5,471,10,10,4934,6,12,1500,2,8,370,0,0,0
202204,999,45500,C,Texarkana  TX-AR ,9,9,2276,0,0,0,0,0,0,0,0,0,1,1,420,0,0,0,0,0,0,0,0,0
202204,999,45820,C,Topeka  KS ,40,40,10198,0,0,0,0,0,0,0,0,0,32,32,8924,0,0,0,0,0,0,0,0,0
202204,999,46220,C,Tuscaloosa  AL ,75,75,18265,0,0,0,3,12,904,1,61,10106,33,33,7792,0,0,0,0,0,0,0,0,0
202204,999,46300,C,Twin Falls  ID ,83,83,26101,0,0,0,0,0,0,1,10,1560,75,75,23929,0,0,0,0,0,0,1,10,1560
202204,999,46520,C,Urban Honolulu  HI ,32,32,11026,8,16,1180,0,0,0,4,28,3863,32,32,11026,8,16,1180,0,0,0,4,28,3863
202204,999,46540,C,Utica-Rome  NY ,17,17,8441,0,0,0,0,0,0,1,7,1094,7,7,6975,0,0,0,0,0,0,0,0,0
202204,999,46660,C,Valdosta  GA ,109,109,19722,1,2,133,0,0,0,1,13,1277,43,43,8502,0,0,0,0,0,0,0,0,0
202204,999,47300,C,Visalia  CA ,145,145,41824,0,0,0,0,0,0,7,120,13811,145,145,41824,0,0,0,0,0,0,7,120,13811
202204,999,47380,C,Waco  TX ,111,111,12952,4,8,1284,0,0,0,14,305,29046,96,96,10189,4,8,1284,0,0,0,13,300,28532
202204,999,47940,C,Waterloo-Cedar Falls  IA ,29,29,10244,0,0,0,0,0,0,0,0,0,25,25,7974,0,0,0,0,0,0,0,0,0
202204,999,48060,C,Watertown-Fort Drum  NY ,11,11,2268,0,0,0,0,0,0,0,0,0,1,1,200,0,0,0,0,0,0,0,0,0
202204,999,48300,C,Wenatchee  WA ,60,60,15811,0,0,0,0,0,0,1,8,1800,30,30,10185,0,0,0,0,0,0,1,8,1800
202204,999,48540,C,Wheeling  WV-OH ,0,0,0,0,0,0,0,0,0,0,0,0,0,0,0,0,0,0,0,0,0,0,0,0
202204,999,48660,C,Wichita Falls  TX ,13,13,3511,0,0,0,0,0,0,0,0,0,10,10,2823,0,0,0,0,0,0,0,0,0
202204,999,48900,C,Wilmington  NC ,232,232,77615,4,8,1636,0,0,0,5,157,20538,92,92,30103,1,2,375,0,0,0,0,0,0
202204,999,49420,C,Yakima  WA ,38,38,9670,4,8,1242,3,11,1317,3,34,4460,27,27,6525,3,6,757,3,11,1317,1,24,2200
202204,999,49740,C,Yuma  AZ ,66,66,9987,0,0,0,0,0,0,0,0,0,58,58,8655,0,0,0,0,0,0,0,0,0
