Survey,CSA,CBSA,MONCOV,CBSA,,1-unit,,,2-units,,,3-4 units,,,5+ units,,,1-unit rep,,,2-units rep,,,3-4 units rep,,,5+ units rep
Date,Code,Code,,Name,Bldgs,Units,Value,Bldgs,Units,Value,Bldgs,Units,Value,Bldgs,Units,Value,Bldgs,Units,Value,Bldgs,Units,Value,      Bldgs,Units,Value,Bldgs,Units,Value
 
202212,104,10580,C,Albany-Schenectady-Troy  NY ,63,63,22544,0,0,0,0,0,0,19,126,24626,33,33,13200,0,0,0,0,0,0,18,121,24385
202212,104,24020,C,Glens Falls  NY ,10,10,3821,0,0,0,0,0,0,0,0,0,4,4,2347,0,0,0,0,0,0,0,0,0
202212,106,10740,C,Albuquerque  NM ,83,83,20264,0,0,0,1,3,384,3,53,3556,36,36,9774,0,0,0,0,0,0,0,0,0
202212,106,42140,C,Santa Fe  NM ,9,9,2624,0,0,0,0,0,0,3,58,6383,0,0,0,0,0,0,0,0,0,0,0,0
202212,107,11020,C,Altoona  PA ,2,2,260,0,0,0,0,0,0,0,0,0,2,2,260,0,0,0,0,0,0,0,0,0
202212,108,11100,C,Amarillo  TX ,32,32,8328,1,2,260,0,0,0,5,38,4848,31,31,7943,1,2,260,0,0,0,5,38,4848
202212,118,11540,C,Appleton  WI ,16,16,6691,1,2,300,0,0,0,2,13,1124,13,13,5757,1,2,300,0,0,0,0,0,0
202212,118,36780,C,Oshkosh-Neenah  WI ,18,18,8615,1,2,200,0,0,0,0,0,0,16,16,7827,1,2,200,0,0,0,0,0,0
202212,120,11700,C,Asheville  NC ,172,172,60605,0,0,0,0,0,0,4,99,10383,89,89,33557,0,0,0,0,0,0,0,0,0
202212,122,12020,C,Athens-Clarke County  GA ,31,31,11358,1,2,185,0,0,0,1,117,16485,9,9,4801,1,2,185,0,0,0,1,117,16485
202212,122,12060,C,Atlanta-Sandy Springs-Alpharetta  GA ,1176,1176,317956,4,8,755,9,30,4188,32,1719,198771,996,996,277940,3,6,555,8,27,3232,30,1705,196203
202212,122,23580,C,Gainesville  GA ,55,55,12880,0,0,0,0,0,0,3,184,30786,7,7,1565,0,0,0,0,0,0,3,184,30786
202212,122,40660,C,Rome  GA ,23,23,5726,0,0,0,0,0,0,0,0,0,23,23,5726,0,0,0,0,0,0,0,0,0
202212,140,13460,C,Bend  OR ,56,56,23369,8,16,3039,0,0,0,2,287,32492,56,56,23369,8,16,3039,0,0,0,2,287,32492
202212,142,13820,C,Birmingham-Hoover  AL ,182,182,57999,0,0,0,0,0,0,0,0,0,135,135,41372,0,0,0,0,0,0,0,0,0
202212,144,14020,C,Bloomington  IN ,7,7,1468,0,0,0,0,0,0,0,0,0,7,7,1468,0,0,0,0,0,0,0,0,0
202212,145,14010,C,Bloomington  IL ,9,9,2760,1,2,146,0,0,0,0,0,0,5,5,1708,0,0,0,0,0,0,0,0,0
202212,146,14100,C,Bloomsburg-Berwick  PA ,8,8,2625,0,0,0,0,0,0,1,5,454,3,3,1018,0,0,0,0,0,0,0,0,0
202212,147,14260,C,Boise City  ID ,221,221,60356,2,4,764,2,8,906,3,170,30018,209,209,57353,2,4,764,2,8,906,3,170,30018
202212,148,12700,C,Barnstable Town  MA ,48,48,32322,0,0,0,0,0,0,0,0,0,35,35,24678,0,0,0,0,0,0,0,0,0
202212,148,14460,C,Boston-Cambridge-Newton  MA-NH ,319,319,117085,22,44,10223,13,44,9287,54,728,168688,190,190,79278,15,30,7622,10,35,6929,11,383,127172
202212,148,31700,C,Manchester-Nashua  NH ,36,36,10139,2,4,677,0,0,0,1,20,2500,15,15,4469,1,2,400,0,0,0,1,20,2500
202212,148,39300,C,Providence-Warwick  RI-MA ,84,84,21128,8,16,1969,2,6,843,3,15,1234,32,32,10011,5,10,800,2,6,843,0,0,0
202212,148,49340,C,Worcester  MA-CT ,72,72,24002,6,12,2408,0,0,0,6,269,59574,41,41,15461,3,6,988,0,0,0,2,223,53884
202212,150,14540,C,Bowling Green  KY ,42,42,10845,0,0,0,0,0,0,0,0,0,41,41,10695,0,0,0,0,0,0,0,0,0
202212,154,15180,C,Brownsville-Harlingen  TX ,72,72,10847,10,20,1927,2,7,641,4,33,3038,9,9,3071,5,10,1100,0,0,0,0,0,0
202212,160,15380,C,Buffalo-Cheektowaga  NY ,53,53,20399,3,6,1025,0,0,0,2,16,3588,39,39,16767,2,4,725,0,0,0,0,0,0
202212,162,15540,C,Burlington-South Burlington  VT ,19,19,6580,5,10,1300,1,3,595,2,13,1373,8,8,3624,4,8,1000,1,3,595,0,0,0
202212,163,15980,C,Cape Coral-Fort Myers  FL ,465,465,97455,17,34,3746,0,0,0,31,944,96831,269,269,55678,8,16,1383,0,0,0,29,860,90599
202212,163,34940,C,Naples-Marco Island  FL ,244,244,118986,0,0,0,1,4,457,7,320,1297,244,244,118986,0,0,0,1,4,457,7,320,1297
202212,164,16020,C,Cape Girardeau  MO-IL ,6,6,1783,0,0,0,0,0,0,0,0,0,0,0,0,0,0,0,0,0,0,0,0,0
202212,168,16300,C,Cedar Rapids  IA ,23,23,7134,0,0,0,0,0,0,0,0,0,22,22,7053,0,0,0,0,0,0,0,0,0
202212,168,26980,C,Iowa City  IA ,22,22,7541,2,4,1080,0,0,0,1,7,1003,12,12,5065,2,4,1080,0,0,0,0,0,0
202212,170,16620,C,Charleston  WV ,10,10,671,0,0,0,0,0,0,0,0,0,8,8,388,0,0,0,0,0,0,0,0,0
202212,170,26580,C,Huntington-Ashland  WV-KY-OH ,13,13,2632,0,0,0,0,0,0,0,0,0,0,0,0,0,0,0,0,0,0,0,0,0
202212,172,16740,C,Charlotte-Concord-Gastonia  NC-SC ,1087,1087,292856,39,78,20020,0,0,0,9,525,93348,961,961,255996,39,78,20020,0,0,0,6,467,86301
202212,174,16860,C,Chattanooga  TN-GA ,84,84,22017,3,6,431,1,3,174,5,118,16448,56,56,16073,0,0,0,0,0,0,3,64,11056
202212,174,17420,C,Cleveland  TN ,47,47,9685,1,2,250,0,0,0,0,0,0,36,36,7693,1,2,250,0,0,0,0,0,0
202212,174,19140,C,Dalton  GA ,13,13,3560,3,6,440,1,4,190,0,0,0,13,13,3560,3,6,440,1,4,190,0,0,0
202212,176,16980,C,Chicago-Naperville-Elgin  IL-IN-WI ,332,332,121033,10,20,5621,5,15,3167,30,1163,201688,272,272,102599,10,20,5621,5,15,3167,25,1136,197857
202212,176,28100,C,Kankakee  IL ,14,14,3336,1,2,450,2,7,1500,0,0,0,14,14,3336,1,2,450,2,7,1500,0,0,0
202212,176,33140,C,Michigan City-La Porte  IN ,4,4,1333,0,0,0,0,0,0,0,0,0,0,0,0,0,0,0,0,0,0,0,0,0
202212,178,17140,C,Cincinnati  OH-KY-IN ,218,218,77642,11,22,2473,2,8,1033,7,149,13773,196,196,72248,11,22,2473,2,8,1033,6,132,12532
202212,184,10420,C,Akron  OH ,36,36,11474,0,0,0,0,0,0,2,10,799,30,30,9404,0,0,0,0,0,0,0,0,0
202212,184,15940,C,Canton-Massillon  OH ,19,19,7178,0,0,0,0,0,0,1,6,461,17,17,6944,0,0,0,0,0,0,0,0,0
202212,184,17460,C,Cleveland-Elyria  OH ,218,218,52208,0,0,0,0,0,0,1,6,1200,201,201,48472,0,0,0,0,0,0,1,6,1200
202212,190,17860,C,Columbia  MO ,30,30,12398,0,0,0,0,0,0,0,0,0,30,30,12398,0,0,0,0,0,0,0,0,0
202212,192,17900,C,Columbia  SC ,251,251,64227,1,2,482,0,0,0,1,56,10676,180,180,50502,1,2,482,0,0,0,1,56,10676
202212,194,12220,C,Auburn-Opelika  AL ,64,64,16811,1,2,421,0,0,0,2,24,2873,11,11,2597,0,0,0,0,0,0,0,0,0
202212,194,17980,C,Columbus  GA-AL ,30,30,7747,0,0,0,0,0,0,7,158,19750,29,29,7510,0,0,0,0,0,0,7,158,19750
202212,198,18140,C,Columbus  OH ,319,319,112766,7,14,1834,4,12,1444,8,237,15600,270,270,97318,6,12,1534,3,9,1390,5,200,13280
202212,204,18580,C,Corpus Christi  TX ,67,67,16600,0,0,0,0,0,0,1,23,1709,45,45,9989,0,0,0,0,0,0,0,0,0
202212,206,19100,C,Dallas-Fort Worth-Arlington  TX ,2188,2188,609303,11,22,3532,3,10,977,42,2897,338813,1757,1757,500704,5,10,2004,0,0,0,27,2118,249519
202212,206,43300,C,Sherman-Denison  TX ,324,324,82082,1,2,225,0,0,0,1,9,789,302,302,77447,0,0,0,0,0,0,0,0,0
202212,209,19340,C,Davenport-Moline-Rock Island  IA-IL ,16,16,5392,0,0,0,1,3,489,1,5,525,5,5,2511,0,0,0,0,0,0,0,0,0
202212,212,19430,C,Dayton-Kettering  OH ,70,70,22939,1,2,350,1,3,950,1,21,2547,45,45,13990,1,2,350,1,3,950,0,0,0
202212,212,44220,C,Springfield  OH ,6,6,1811,0,0,0,0,0,0,0,0,0,6,6,1811,0,0,0,0,0,0,0,0,0
202212,216,14500,C,Boulder  CO ,83,83,44145,0,0,0,1,3,627,6,179,33559,80,80,41089,0,0,0,1,3,627,5,156,26877
202212,216,19740,C,Denver-Aurora-Lakewood  CO ,475,475,157481,0,0,0,0,0,0,9,703,145424,440,440,144860,0,0,0,0,0,0,7,603,131125
202212,216,24540,C,Greeley  CO ,159,159,46653,4,8,1397,6,20,4112,9,182,27209,108,108,34105,0,0,0,5,17,3654,8,156,23430
202212,218,11180,C,Ames  IA ,4,4,1353,0,0,0,0,0,0,0,0,0,1,1,573,0,0,0,0,0,0,0,0,0
202212,218,19780,C,Des Moines-West Des Moines  IA ,192,192,57670,0,0,0,1,3,630,2,288,44510,181,181,54076,0,0,0,0,0,0,1,283,43846
202212,220,11460,C,Ann Arbor  MI ,31,31,8873,0,0,0,0,0,0,3,20,405,23,23,6923,0,0,0,0,0,0,3,20,405
202212,220,19820,C,Detroit-Warren-Dearborn  MI ,163,163,67312,8,16,3117,7,27,2012,10,369,65376,124,124,55700,8,16,3117,6,24,1773,10,369,65376
202212,220,22420,C,Flint  MI ,10,10,2467,0,0,0,0,0,0,0,0,0,4,4,1061,0,0,0,0,0,0,0,0,0
202212,220,33780,C,Monroe  MI ,12,12,3542,0,0,0,0,0,0,0,0,0,10,10,3009,0,0,0,0,0,0,0,0,0
202212,222,20020,C,Dothan  AL ,16,16,3919,0,0,0,0,0,0,0,0,0,9,9,2381,0,0,0,0,0,0,0,0,0
202212,232,20740,C,Eau Claire  WI ,8,8,3574,3,6,1136,1,4,642,1,31,3979,4,4,2448,0,0,0,1,4,642,0,0,0
202212,236,21300,C,Elmira  NY ,2,2,300,0,0,0,0,0,0,1,8,897,0,0,0,0,0,0,0,0,0,0,0,0
202212,238,21340,C,El Paso  TX ,122,122,28415,4,8,1027,1,3,396,1,20,2351,0,0,0,0,0,0,0,0,0,0,0,0
202212,238,29740,C,Las Cruces  NM ,64,64,18240,0,0,0,0,0,0,0,0,0,58,58,16906,0,0,0,0,0,0,0,0,0
202212,240,21500,C,Erie  PA ,9,9,3006,0,0,0,0,0,0,0,0,0,4,4,1639,0,0,0,0,0,0,0,0,0
202212,244,22020,C,Fargo  ND-MN ,8,8,3559,0,0,0,0,0,0,1,5,500,7,7,3240,0,0,0,0,0,0,0,0,0
202212,246,22180,C,Fayetteville  NC ,127,127,25771,0,0,0,0,0,0,0,0,0,90,90,20739,0,0,0,0,0,0,0,0,0
202212,258,23060,C,Fort Wayne  IN ,92,92,28966,0,0,0,0,0,0,14,251,22406,92,92,28966,0,0,0,0,0,0,14,251,22406
202212,260,23420,C,Fresno  CA ,126,126,24009,0,0,0,0,0,0,2,20,3163,85,85,11440,0,0,0,0,0,0,0,0,0
202212,260,25260,C,Hanford-Corcoran  CA ,43,43,9710,0,0,0,0,0,0,0,0,0,38,38,8565,0,0,0,0,0,0,0,0,0
202212,260,31460,C,Madera  CA ,66,66,18858,0,0,0,0,0,0,0,0,0,66,66,18858,0,0,0,0,0,0,0,0,0
202212,264,23540,C,Gainesville  FL ,75,75,22199,0,0,0,0,0,0,1,107,3643,38,38,13597,0,0,0,0,0,0,0,0,0
202212,266,24340,C,Grand Rapids-Kentwood  MI ,211,211,51336,0,0,0,1,3,560,4,48,6578,176,176,39367,0,0,0,0,0,0,1,12,1867
202212,266,34740,C,Muskegon  MI ,12,12,3346,0,0,0,0,0,0,0,0,0,7,7,2186,0,0,0,0,0,0,0,0,0
202212,267,24580,C,Green Bay  WI ,39,39,13221,1,2,480,0,0,0,10,148,15680,28,28,10084,1,2,480,0,0,0,8,136,14580
202212,268,15500,C,Burlington  NC ,94,94,14836,0,0,0,0,0,0,0,0,0,94,94,14836,0,0,0,0,0,0,0,0,0
202212,268,24660,C,Greensboro-High Point  NC ,109,109,29028,1,2,215,0,0,0,10,133,20311,58,58,13332,1,2,215,0,0,0,10,133,20311
202212,268,49180,C,Winston-Salem  NC ,238,238,54089,1,2,558,0,0,0,1,5,197,181,181,38758,1,2,558,0,0,0,0,0,0
202212,272,24780,C,Greenville  NC ,24,24,5688,2,4,498,0,0,0,0,0,0,6,6,1523,2,4,498,0,0,0,0,0,0
202212,273,24860,C,Greenville-Anderson  SC ,482,482,127456,3,6,475,1,3,1166,0,0,0,479,479,126953,3,6,475,1,3,1166,0,0,0
202212,273,43900,C,Spartanburg  SC ,155,155,26019,0,0,0,0,0,0,2,21,2519,0,0,0,0,0,0,0,0,0,0,0,0
202212,276,23900,C,Gettysburg  PA ,16,16,3844,0,0,0,0,0,0,0,0,0,16,16,3844,0,0,0,0,0,0,0,0,0
202212,276,25420,C,Harrisburg-Carlisle  PA ,79,79,19364,0,0,0,0,0,0,1,5,597,60,60,14853,0,0,0,0,0,0,0,0,0
202212,276,30140,C,Lebanon  PA ,14,14,2872,0,0,0,0,0,0,1,5,876,2,2,520,0,0,0,0,0,0,0,0,0
202212,276,49620,C,York-Hanover  PA ,73,73,15263,0,0,0,0,0,0,3,122,5385,42,42,9898,0,0,0,0,0,0,2,112,4645
202212,277,25500,C,Harrisonburg  VA ,32,32,5636,2,4,580,0,0,0,1,7,700,32,32,5636,2,4,580,0,0,0,1,7,700
202212,277,44420,C,Staunton  VA ,12,12,3457,0,0,0,0,0,0,0,0,0,12,12,3457,0,0,0,0,0,0,0,0,0
202212,278,25540,C,Hartford-East Hartford-Middletown  CT ,47,47,12512,0,0,0,0,0,0,5,311,42695,29,29,8212,0,0,0,0,0,0,3,296,41954
202212,278,35980,C,Norwich-New London  CT ,17,17,3862,1,2,194,0,0,0,1,10,1300,7,7,1830,0,0,0,0,0,0,1,10,1300
202212,279,25620,C,Hattiesburg  MS ,6,6,1216,0,0,0,0,0,0,0,0,0,0,0,0,0,0,0,0,0,0,0,0,0
202212,284,26300,C,Hot Springs  AR ,4,4,691,0,0,0,0,0,0,0,0,0,4,4,691,0,0,0,0,0,0,0,0,0
202212,288,26420,C,Houston-The Woodlands-Sugar Land  TX ,2059,2059,656185,69,138,16519,2,7,841,68,2019,190916,1919,1919,617432,65,130,15492,2,7,841,66,2005,189883
202212,290,19460,C,Decatur  AL ,7,7,1398,0,0,0,0,0,0,0,0,0,5,5,1052,0,0,0,0,0,0,0,0,0
202212,290,26620,C,Huntsville  AL ,170,170,35770,1,2,220,1,4,510,0,0,0,85,85,15317,1,2,220,1,4,510,0,0,0
202212,292,26820,C,Idaho Falls  ID ,33,33,5236,0,0,0,0,0,0,0,0,0,32,32,4947,0,0,0,0,0,0,0,0,0
202212,294,18020,C,Columbus  IN ,9,9,9573,0,0,0,0,0,0,0,0,0,9,9,9573,0,0,0,0,0,0,0,0,0
202212,294,26900,C,Indianapolis-Carmel-Anderson  IN ,341,341,125004,1,2,299,0,0,0,6,222,43926,301,301,114319,0,0,0,0,0,0,5,192,41092
202212,294,34620,C,Muncie  IN ,2,2,608,0,0,0,0,0,0,0,0,0,1,1,316,0,0,0,0,0,0,0,0,0
202212,296,27060,C,Ithaca  NY ,6,6,1574,0,0,0,0,0,0,2,34,5267,0,0,0,0,0,0,0,0,0,0,0,0
202212,297,27180,C,Jackson  TN ,19,19,4213,0,0,0,0,0,0,0,0,0,0,0,0,0,0,0,0,0,0,0,0,0
202212,298,27140,C,Jackson  MS ,48,48,15396,1,2,247,0,0,0,0,0,0,32,32,11419,0,0,0,0,0,0,0,0,0
202212,300,27260,C,Jacksonville  FL ,1046,1046,251799,12,24,3240,6,24,1908,15,522,60916,1040,1040,249653,12,24,3240,6,24,1908,15,522,60916
202212,304,27740,C,Johnson City  TN ,27,27,7725,6,12,3000,0,0,0,0,0,0,19,19,6622,6,12,3000,0,0,0,0,0,0
202212,304,28700,C,Kingsport-Bristol  TN-VA ,57,57,15345,0,0,0,0,0,0,0,0,0,45,45,13653,0,0,0,0,0,0,0,0,0
202212,306,27780,C,Johnstown  PA ,1,1,303,0,0,0,0,0,0,0,0,0,0,0,0,0,0,0,0,0,0,0,0,0
202212,308,27860,C,Jonesboro  AR ,31,31,4648,2,4,275,3,11,570,2,10,568,3,3,318,0,0,0,0,0,0,0,0,0
202212,309,27900,C,Joplin  MO ,40,40,8926,0,0,0,0,0,0,1,5,225,34,34,7920,0,0,0,0,0,0,0,0,0
202212,310,12980,C,Battle Creek  MI ,3,3,647,0,0,0,0,0,0,0,0,0,1,1,312,0,0,0,0,0,0,0,0,0
202212,310,28020,C,Kalamazoo-Portage  MI ,18,18,6033,0,0,0,1,3,974,0,0,0,11,11,4210,0,0,0,1,3,974,0,0,0
202212,312,28140,C,Kansas City  MO-KS ,260,260,90008,5,10,2387,0,0,0,2,261,39344,208,208,71146,3,6,935,0,0,0,1,226,34919
202212,312,29940,C,Lawrence  KS ,17,17,5298,0,0,0,0,0,0,0,0,0,15,15,4513,0,0,0,0,0,0,0,0,0
202212,312,41140,C,St. Joseph  MO-KS ,3,3,615,0,0,0,0,0,0,0,0,0,1,1,200,0,0,0,0,0,0,0,0,0
202212,313,28420,C,Kennewick-Richland  WA ,39,39,11413,2,4,1076,0,0,0,0,0,0,16,16,5486,1,2,434,0,0,0,0,0,0
202212,313,47460,C,Walla Walla  WA ,13,13,2495,7,14,1238,0,0,0,0,0,0,11,11,2100,7,14,1238,0,0,0,0,0,0
202212,315,28940,C,Knoxville  TN ,198,198,56440,0,0,0,0,0,0,3,39,3509,135,135,42888,0,0,0,0,0,0,1,8,1085
202212,315,34100,C,Morristown  TN ,29,29,10791,0,0,0,0,0,0,0,0,0,12,12,6309,0,0,0,0,0,0,0,0,0
202212,316,29020,C,Kokomo  IN ,0,0,0,0,0,0,0,0,0,2,48,5461,0,0,0,0,0,0,0,0,0,2,48,5461
202212,318,29180,C,Lafayette  LA ,94,94,26873,0,0,0,0,0,0,0,0,0,39,39,13206,0,0,0,0,0,0,0,0,0
202212,320,29200,C,Lafayette-West Lafayette  IN ,33,33,10378,0,0,0,0,0,0,1,37,4182,29,29,9439,0,0,0,0,0,0,0,0,0
202212,324,29340,C,Lake Charles  LA ,105,105,8110,2,4,222,0,0,0,0,0,0,101,101,6946,1,2,125,0,0,0,0,0,0
202212,332,29820,C,Las Vegas-Henderson-Paradise  NV ,369,369,104790,0,0,0,2,8,445,1,70,14943,367,367,104096,0,0,0,2,8,445,1,70,14943
202212,336,30460,C,Lexington-Fayette  KY ,89,89,23509,0,0,0,0,0,0,4,113,10499,32,32,10349,0,0,0,0,0,0,0,0,0
202212,338,30620,C,Lima  OH ,4,4,933,0,0,0,0,0,0,0,0,0,0,0,0,0,0,0,0,0,0,0,0,0
202212,339,30700,C,Lincoln  NE ,52,52,16773,1,2,359,0,0,0,3,87,12331,4,4,2319,0,0,0,0,0,0,0,0,0
202212,340,30780,C,Little Rock-North Little Rock-Conway  AR ,74,74,20465,1,2,150,0,0,0,0,0,0,69,69,19619,0,0,0,0,0,0,0,0,0
202212,340,38220,C,Pine Bluff  AR ,2,2,296,0,0,0,0,0,0,0,0,0,1,1,146,0,0,0,0,0,0,0,0,0
202212,348,31080,C,Los Angeles-Long Beach-Anaheim  CA ,797,797,233539,55,110,24015,10,34,6315,43,1320,231204,721,721,213140,50,100,21149,7,25,4298,31,1154,203352
202212,348,37100,C,Oxnard-Thousand Oaks-Ventura  CA ,27,27,6464,1,2,542,0,0,0,2,43,5784,9,9,823,0,0,0,0,0,0,0,0,0
202212,348,40140,C,Riverside-San Bernardino-Ontario  CA ,695,695,164551,26,52,9071,7,27,4993,64,946,88073,622,622,146607,26,52,9071,7,27,4993,60,923,86011
202212,350,21060,C,Elizabethtown-Fort Knox  KY ,32,32,8053,0,0,0,0,0,0,14,336,47471,28,28,7181,0,0,0,0,0,0,14,336,47471
202212,350,31140,C,Louisville-Jefferson County  KY-IN ,197,197,57588,1,2,280,1,4,684,2,10,380,194,194,56891,1,2,280,1,4,684,2,10,380
202212,352,31180,C,Lubbock  TX ,80,80,17421,0,0,0,0,0,0,0,0,0,68,68,13873,0,0,0,0,0,0,0,0,0
202212,356,31420,C,Macon-Bibb County  GA ,24,24,5063,0,0,0,0,0,0,0,0,0,5,5,1145,0,0,0,0,0,0,0,0,0
202212,356,47580,C,Warner Robins  GA ,62,62,11869,0,0,0,0,0,0,0,0,0,50,50,9020,0,0,0,0,0,0,0,0,0
202212,357,27500,C,Janesville-Beloit  WI ,20,20,5182,1,2,300,0,0,0,0,0,0,13,13,3488,1,2,300,0,0,0,0,0,0
202212,357,31540,C,Madison  WI ,95,95,26820,2,4,1059,0,0,0,4,107,14774,83,83,22548,0,0,0,0,0,0,1,54,6500
202212,359,31860,C,Mankato  MN ,8,8,2500,0,0,0,0,0,0,2,18,2539,2,2,700,0,0,0,0,0,0,1,9,1589
202212,360,31900,C,Mansfield  OH ,6,6,2223,0,0,0,0,0,0,0,0,0,6,6,2223,0,0,0,0,0,0,0,0,0
202212,365,32580,C,McAllen-Edinburg-Mission  TX ,227,227,52629,27,54,4897,12,46,4170,0,0,0,172,172,42502,26,52,4793,11,43,3767,0,0,0
202212,366,24420,C,Grants Pass  OR ,7,7,1547,0,0,0,0,0,0,5,56,5406,1,1,272,0,0,0,0,0,0,5,56,5406
202212,366,32780,C,Medford  OR ,23,23,6696,2,4,993,0,0,0,1,7,941,17,17,4986,2,4,993,0,0,0,0,0,0
202212,368,32820,C,Memphis  TN-MS-AR ,122,122,32489,0,0,0,0,0,0,1,8,700,101,101,27699,0,0,0,0,0,0,1,8,700
202212,370,33100,C,Miami-Fort Lauderdale-Pompano Beach  FL ,252,252,123139,5,10,1431,2,6,1009,34,1222,262083,201,201,99714,4,8,1384,1,3,623,21,1050,234232
202212,370,38940,C,Port St. Lucie  FL ,282,282,89724,4,8,2292,0,0,0,0,0,0,282,282,89724,4,8,2292,0,0,0,0,0,0
202212,370,42680,C,Sebastian-Vero Beach  FL ,70,70,30775,1,2,350,0,0,0,0,0,0,14,14,8145,1,2,350,0,0,0,0,0,0
202212,372,33260,C,Midland  TX ,45,45,14285,0,0,0,0,0,0,0,0,0,45,45,14285,0,0,0,0,0,0,0,0,0
202212,372,36220,C,Odessa  TX ,62,62,14760,0,0,0,0,0,0,1,5,599,0,0,0,0,0,0,0,0,0,0,0,0
202212,376,33340,C,Milwaukee-Waukesha  WI ,80,80,34764,16,32,8143,2,8,2689,3,36,5950,61,61,27303,15,30,7903,2,8,2689,3,36,5950
202212,376,39540,C,Racine  WI ,4,4,1905,0,0,0,0,0,0,0,0,0,4,4,1905,0,0,0,0,0,0,0,0,0
202212,378,33460,C,Minneapolis-St. Paul-Bloomington  MN-WI ,365,365,135146,2,4,1351,4,15,3362,24,933,156984,333,333,124197,2,4,1351,3,12,2720,17,819,138806
202212,378,41060,C,St. Cloud  MN ,19,19,7396,0,0,0,0,0,0,0,0,0,15,15,6330,0,0,0,0,0,0,0,0,0
202212,380,19300,C,Daphne-Fairhope-Foley  AL ,226,226,56787,0,0,0,1,4,785,1,12,953,166,166,44056,0,0,0,1,4,785,0,0,0
202212,380,33660,C,Mobile  AL ,20,20,5002,0,0,0,0,0,0,0,0,0,18,18,4526,0,0,0,0,0,0,0,0,0
202212,384,33740,C,Monroe  LA ,20,20,4688,1,2,74,1,3,472,2,14,1682,0,0,0,0,0,0,0,0,0,0,0,0
202212,388,33860,C,Montgomery  AL ,46,46,11360,0,0,0,1,4,100,0,0,0,45,45,11127,0,0,0,1,4,100,0,0,0
202212,390,34060,C,Morgantown  WV ,0,0,0,0,0,0,0,0,0,0,0,0,0,0,0,0,0,0,0,0,0,0,0,0
202212,396,34820,C,Myrtle Beach-Conway-North Myrtle Beach  SC-NC ,618,618,145411,0,0,0,0,0,0,1,6,300,457,457,100596,0,0,0,0,0,0,0,0,0
202212,400,34980,C,Nashville-Davidson--Murfreesboro--Franklin  TN ,648,648,216070,7,14,2220,0,0,0,8,351,50186,460,460,176039,6,12,2059,0,0,0,1,278,44231
202212,404,35100,C,New Bern  NC ,31,31,10136,0,0,0,0,0,0,8,64,11529,18,18,6241,0,0,0,0,0,0,8,64,11529
202212,406,25220,C,Hammond  LA ,42,42,7754,0,0,0,0,0,0,1,56,5546,0,0,0,0,0,0,0,0,0,0,0,0
202212,406,35380,C,New Orleans-Metairie  LA ,174,174,60154,11,22,2644,1,3,612,2,56,10101,129,129,48374,2,4,620,0,0,0,0,0,0
202212,408,14860,C,Bridgeport-Stamford-Norwalk  CT ,41,41,36188,1,2,165,0,0,0,2,10,2503,27,27,24918,1,2,165,0,0,0,0,0,0
202212,408,20700,C,East Stroudsburg  PA ,41,41,8602,0,0,0,0,0,0,0,0,0,33,33,6427,0,0,0,0,0,0,0,0,0
202212,408,28740,C,Kingston  NY ,11,11,3781,0,0,0,0,0,0,1,5,1220,5,5,1803,0,0,0,0,0,0,0,0,0
202212,408,35300,C,New Haven-Milford  CT ,31,31,8912,0,0,0,1,3,329,3,34,2901,14,14,5778,0,0,0,0,0,0,0,0,0
202212,408,35620,C,New York-Newark-Jersey City  NY-NJ-PA ,1004,1004,284234,90,180,22638,21,70,8663,166,3184,335275,723,723,207815,78,156,19186,13,44,6717,101,2481,248731
202212,408,39100,C,Poughkeepsie-Newburgh-Middletown  NY ,56,56,18110,1,2,416,1,3,667,3,46,8372,22,22,6662,1,2,416,0,0,0,2,40,7510
202212,408,45940,C,Trenton-Princeton  NJ ,21,21,4872,0,0,0,0,0,0,5,28,759,17,17,4175,0,0,0,0,0,0,3,15,16
202212,412,35840,C,North Port-Sarasota-Bradenton  FL ,553,553,196503,4,8,1758,3,12,14371,12,511,86137,521,521,187521,0,0,0,3,12,14371,12,511,86137
202212,412,39460,C,Punta Gorda  FL ,193,193,56236,12,24,4034,2,8,2297,3,52,14339,193,193,56236,12,24,4034,2,8,2297,3,52,14339
202212,416,36420,C,Oklahoma City  OK ,321,321,102922,18,36,5408,0,0,0,0,0,0,285,285,95328,16,32,5104,0,0,0,0,0,0
202212,420,36540,C,Omaha-Council Bluffs  NE-IA ,130,130,28859,1,2,175,2,8,1508,5,32,6459,110,110,24052,0,0,0,2,8,1508,5,32,6459
202212,422,19660,C,Deltona-Daytona Beach-Ormond Beach  FL ,412,412,134424,3,6,1245,0,0,0,1,28,2940,369,369,120826,3,6,1245,0,0,0,0,0,0
202212,422,29460,C,Lakeland-Winter Haven  FL ,359,359,106305,1,2,250,0,0,0,16,463,64447,306,306,93545,1,2,250,0,0,0,16,463,64447
202212,422,36740,C,Orlando-Kissimmee-Sanford  FL ,1084,1084,309948,6,12,2303,0,0,0,38,1289,159169,959,959,273335,6,12,2303,0,0,0,35,1224,154682
202212,422,45540,C,The Villages  FL ,183,183,48767,0,0,0,0,0,0,3,60,13429,0,0,0,0,0,0,0,0,0,0,0,0
202212,425,37620,C,Parkersburg-Vienna  WV ,2,2,785,0,0,0,0,0,0,0,0,0,2,2,785,0,0,0,0,0,0,0,0,0
202212,426,37860,C,Pensacola-Ferry Pass-Brent  FL ,225,225,57573,0,0,0,0,0,0,0,0,0,225,225,57573,0,0,0,0,0,0,0,0,0
202212,428,12100,C,Atlantic City-Hammonton  NJ ,25,25,9457,0,0,0,0,0,0,3,15,1328,18,18,8123,0,0,0,0,0,0,0,0,0
202212,428,20100,C,Dover  DE ,44,44,6904,0,0,0,0,0,0,0,0,0,44,44,6904,0,0,0,0,0,0,0,0,0
202212,428,36140,C,Ocean City  NJ ,42,42,25444,9,18,3574,0,0,0,1,5,47,39,39,24715,9,18,3574,0,0,0,1,5,47
202212,428,37980,C,Philadelphia-Camden-Wilmington  PA-NJ-DE-MD ,474,474,96389,5,10,1231,14,47,10337,37,587,80259,264,264,57947,4,8,1220,13,44,10087,20,464,67379
202212,428,39740,C,Reading  PA ,19,19,5823,0,0,0,0,0,0,0,0,0,10,10,3421,0,0,0,0,0,0,0,0,0
202212,428,47220,C,Vineland-Bridgeton  NJ ,5,5,530,0,0,0,0,0,0,1,5,501,2,2,197,0,0,0,0,0,0,0,0,0
202212,429,38060,C,Phoenix-Mesa-Chandler  AZ ,997,997,286545,57,114,11687,0,0,0,99,3278,478575,813,813,238067,56,112,11427,0,0,0,96,3109,450770
202212,430,38300,C,Pittsburgh  PA ,181,181,51960,1,2,182,5,15,1555,5,53,8661,78,78,26410,0,0,0,1,3,647,1,5,1836
202212,430,48260,C,Weirton-Steubenville  WV-OH ,2,2,477,0,0,0,0,0,0,0,0,0,1,1,260,0,0,0,0,0,0,0,0,0
202212,438,30340,C,Lewiston-Auburn  ME ,14,14,3034,0,0,0,0,0,0,0,0,0,6,6,1096,0,0,0,0,0,0,0,0,0
202212,438,38860,C,Portland-South Portland  ME ,128,128,38909,5,10,2545,0,0,0,5,65,16207,47,47,15267,4,8,2274,0,0,0,1,45,14125
202212,440,10540,C,Albany-Lebanon  OR ,12,12,3700,0,0,0,0,0,0,0,0,0,5,5,1954,0,0,0,0,0,0,0,0,0
202212,440,18700,C,Corvallis  OR ,8,8,2440,0,0,0,0,0,0,0,0,0,4,4,1212,0,0,0,0,0,0,0,0,0
202212,440,31020,C,Longview  WA ,24,24,8098,0,0,0,0,0,0,0,0,0,24,24,8098,0,0,0,0,0,0,0,0,0
202212,440,38900,C,Portland-Vancouver-Hillsboro  OR-WA ,336,336,120677,8,16,2794,6,22,987,21,950,120133,270,270,99795,7,14,2515,6,22,987,17,862,109065
202212,440,41420,C,Salem  OR ,40,40,11748,2,4,1072,0,0,0,15,149,21405,37,37,10907,1,2,649,0,0,0,14,144,20944
202212,444,39380,C,Pueblo  CO ,17,17,2510,0,0,0,0,0,0,0,0,0,17,17,2510,0,0,0,0,0,0,0,0,0
202212,450,20500,C,Durham-Chapel Hill  NC ,163,163,66485,1,2,275,0,0,0,3,171,24308,63,63,37684,0,0,0,0,0,0,0,0,0
202212,450,39580,C,Raleigh-Cary  NC ,624,624,167704,2,4,521,0,0,0,5,299,38148,624,624,167704,2,4,521,0,0,0,5,299,38148
202212,452,39660,C,Rapid City  SD ,27,27,7484,0,0,0,0,0,0,0,0,0,27,27,7484,0,0,0,0,0,0,0,0,0
202212,454,39820,C,Redding  CA ,17,17,5052,0,0,0,0,0,0,0,0,0,12,12,3585,0,0,0,0,0,0,0,0,0
202212,456,16180,C,Carson City  NV ,8,8,2113,0,0,0,0,0,0,1,8,799,0,0,0,0,0,0,0,0,0,0,0,0
202212,456,39900,C,Reno  NV ,91,91,25520,1,2,209,1,4,528,13,255,33073,9,9,2317,0,0,0,0,0,0,3,22,3421
202212,462,40340,C,Rochester  MN ,45,45,13545,0,0,0,1,4,310,1,6,1392,39,39,12127,0,0,0,1,4,310,1,6,1392
202212,464,40380,C,Rochester  NY ,63,63,18569,4,8,1935,0,0,0,2,160,25735,39,39,13613,4,8,1935,0,0,0,2,160,25735
202212,466,40420,C,Rockford  IL ,6,6,1860,0,0,0,0,0,0,0,0,0,5,5,1760,0,0,0,0,0,0,0,0,0
202212,468,40580,C,Rocky Mount  NC ,17,17,2723,0,0,0,0,0,0,0,0,0,4,4,640,0,0,0,0,0,0,0,0,0
202212,472,40900,C,Sacramento-Roseville-Folsom  CA ,507,507,150596,6,12,2260,0,0,0,2,89,16560,502,502,148933,6,12,2260,0,0,0,2,89,16560
202212,472,49700,C,Yuba City  CA ,10,10,2370,2,4,364,0,0,0,7,60,7034,6,6,1151,2,4,364,0,0,0,5,48,5580
202212,474,13020,C,Bay City  MI ,1,1,246,0,0,0,0,0,0,0,0,0,0,0,0,0,0,0,0,0,0,0,0,0
202212,474,33220,C,Midland  MI ,4,4,681,2,4,475,0,0,0,0,0,0,3,3,396,2,4,475,0,0,0,0,0,0
202212,474,40980,C,Saginaw  MI ,10,10,2377,0,0,0,0,0,0,0,0,0,7,7,1767,0,0,0,0,0,0,0,0,0
202212,476,41180,C,St. Louis  MO-IL ,251,251,89119,1,2,334,0,0,0,8,184,11962,224,224,80654,0,0,0,0,0,0,4,164,9386
202212,480,41540,C,Salisbury  MD-DE ,311,311,47835,1,2,706,0,0,0,0,0,0,308,308,47457,1,2,706,0,0,0,0,0,0
202212,482,36260,C,Ogden-Clearfield  UT ,61,61,20355,0,0,0,1,3,567,5,185,33555,42,42,14183,0,0,0,0,0,0,4,179,32902
202212,482,39340,C,Provo-Orem  UT ,107,107,45830,2,4,1000,0,0,0,5,561,119687,103,103,43534,2,4,1000,0,0,0,5,561,119687
202212,482,41620,C,Salt Lake City  UT ,186,186,76666,5,10,1607,3,11,2047,9,419,58025,169,169,71842,3,6,967,1,4,801,4,60,8844
202212,484,41700,C,San Antonio-New Braunfels  TX ,478,478,121278,3,6,781,0,0,0,29,1013,109646,410,410,105202,3,6,781,0,0,0,29,1013,109646
202212,488,32900,C,Merced  CA ,13,13,4957,0,0,0,0,0,0,0,0,0,2,2,571,0,0,0,0,0,0,0,0,0
202212,488,33700,C,Modesto  CA ,29,29,4905,0,0,0,0,0,0,1,5,700,21,21,3193,0,0,0,0,0,0,0,0,0
202212,488,34900,C,Napa  CA ,46,46,10532,0,0,0,0,0,0,1,83,14353,39,39,8368,0,0,0,0,0,0,0,0,0
202212,488,41860,C,San Francisco-Oakland-Berkeley  CA ,145,145,49686,0,0,0,1,3,1800,18,665,278910,92,92,32645,0,0,0,1,3,1800,9,581,262248
202212,488,41940,C,San Jose-Sunnyvale-Santa Clara  CA ,134,134,35231,0,0,0,0,0,0,2,163,42538,121,121,30844,0,0,0,0,0,0,1,151,39663
202212,488,42100,C,Santa Cruz-Watsonville  CA ,12,12,2673,0,0,0,0,0,0,1,7,540,10,10,2462,0,0,0,0,0,0,0,0,0
202212,488,42220,C,Santa Rosa-Petaluma  CA ,111,111,33122,0,0,0,0,0,0,2,10,2083,101,101,30708,0,0,0,0,0,0,0,0,0
202212,488,44700,C,Stockton  CA ,148,148,58564,0,0,0,0,0,0,5,100,13395,76,76,36997,0,0,0,0,0,0,2,46,4972
202212,488,46700,C,Vallejo  CA ,18,18,4840,0,0,0,0,0,0,6,120,16615,17,17,4616,0,0,0,0,0,0,6,120,16615
202212,496,25980,C,Hinesville  GA ,46,46,9312,0,0,0,0,0,0,0,0,0,30,30,5484,0,0,0,0,0,0,0,0,0
202212,496,42340,C,Savannah  GA ,168,168,41897,0,0,0,0,0,0,2,12,630,139,139,35294,0,0,0,0,0,0,0,0,0
202212,500,14740,C,Bremerton-Silverdale-Port Orchard  WA ,44,44,16082,1,2,106,0,0,0,1,28,4422,44,44,16082,1,2,106,0,0,0,1,28,4422
202212,500,34580,C,Mount Vernon-Anacortes  WA ,15,15,7011,0,0,0,0,0,0,1,25,2333,15,15,7011,0,0,0,0,0,0,0,0,0
202212,500,36500,C,Olympia-Lacey-Tumwater  WA ,27,27,6438,3,6,434,0,0,0,4,80,7659,18,18,4276,2,4,177,0,0,0,0,0,0
202212,500,42660,C,Seattle-Tacoma-Bellevue  WA ,364,364,140271,27,54,12878,9,29,6595,20,1485,238267,320,320,124914,27,54,12878,8,26,5968,12,1168,190563
202212,508,43340,C,Shreveport-Bossier City  LA ,53,53,11978,0,0,0,0,0,0,0,0,0,37,37,7648,0,0,0,0,0,0,0,0,0
202212,515,21140,C,Elkhart-Goshen  IN ,13,13,4523,0,0,0,0,0,0,0,0,0,13,13,4523,0,0,0,0,0,0,0,0,0
202212,515,35660,C,Niles  MI ,11,11,4981,0,0,0,0,0,0,0,0,0,6,6,3442,0,0,0,0,0,0,0,0,0
202212,515,43780,C,South Bend-Mishawaka  IN-MI ,25,25,9671,1,2,850,0,0,0,1,123,2250,19,19,7932,1,2,850,0,0,0,1,123,2250
202212,518,17660,C,Coeur dAlene  ID ,41,41,18530,0,0,0,1,3,1257,1,23,2502,27,27,14798,0,0,0,0,0,0,0,0,0
202212,518,44060,C,Spokane-Spokane Valley  WA ,76,76,21950,1,2,451,0,0,0,6,187,18380,74,74,21165,1,2,451,0,0,0,5,180,17898
202212,522,44100,C,Springfield  IL ,4,4,2425,1,2,500,0,0,0,3,18,2000,3,3,2175,1,2,500,0,0,0,3,18,2000
202212,524,44300,C,State College  PA ,11,11,3877,0,0,0,0,0,0,0,0,0,9,9,3501,0,0,0,0,0,0,0,0,0
202212,532,45060,C,Syracuse  NY ,26,26,6791,0,0,0,0,0,0,1,5,313,14,14,4303,0,0,0,0,0,0,0,0,0
202212,534,45780,C,Toledo  OH ,31,31,11240,0,0,0,0,0,0,0,0,0,24,24,8762,0,0,0,0,0,0,0,0,0
202212,536,46060,C,Tucson  AZ ,180,180,63991,5,10,1716,0,0,0,8,285,34609,121,121,47543,3,6,1240,0,0,0,4,197,21402
202212,538,46140,C,Tulsa  OK ,214,214,51529,2,4,770,0,0,0,1,11,846,185,185,43811,2,4,770,0,0,0,0,0,0
202212,540,46340,C,Tyler  TX ,18,18,4622,0,0,0,0,0,0,1,5,623,11,11,2818,0,0,0,0,0,0,0,0,0
202212,544,47020,C,Victoria  TX ,7,7,1329,0,0,0,0,0,0,0,0,0,5,5,1281,0,0,0,0,0,0,0,0,0
202212,545,47260,C,Virginia Beach-Norfolk-Newport News  VA-NC ,265,265,73154,0,0,0,1,4,640,16,214,44214,250,250,71826,0,0,0,1,4,640,16,214,44214
202212,548,12580,C,Baltimore-Columbia-Towson  MD ,209,209,59060,0,0,0,0,0,0,6,261,45306,167,167,48908,0,0,0,0,0,0,5,251,43231
202212,548,15680,C,California-Lexington Park  MD ,14,14,5940,0,0,0,0,0,0,0,0,0,14,14,5940,0,0,0,0,0,0,0,0,0
202212,548,16540,C,Chambersburg-Waynesboro  PA ,16,16,4479,3,6,1200,0,0,0,1,5,647,13,13,3704,3,6,1200,0,0,0,0,0,0
202212,548,25180,C,Hagerstown-Martinsburg  MD-WV ,103,103,21328,0,0,0,0,0,0,0,0,0,99,99,20534,0,0,0,0,0,0,0,0,0
202212,548,47900,C,Washington-Arlington-Alexandria  DC-VA-MD-WV ,600,600,165735,2,4,521,0,0,0,25,2189,301142,462,462,130044,2,4,521,0,0,0,15,1685,235739
202212,548,49020,C,Winchester  VA-WV ,58,58,15831,0,0,0,0,0,0,0,0,0,58,58,15831,0,0,0,0,0,0,0,0,0
202212,554,48140,C,Wausau-Weston  WI ,4,4,1375,0,0,0,0,0,0,0,0,0,1,1,312,0,0,0,0,0,0,0,0,0
202212,556,48620,C,Wichita  KS ,88,88,33236,26,52,6486,0,0,0,0,0,0,75,75,27831,24,48,6180,0,0,0,0,0,0
202212,558,48700,C,Williamsport  PA ,5,5,1207,0,0,0,0,0,0,0,0,0,0,0,0,0,0,0,0,0,0,0,0,0
202212,566,49660,C,Youngstown-Warren-Boardman  OH-PA ,22,22,5536,1,2,480,0,0,0,0,0,0,14,14,3586,0,0,0,0,0,0,0,0,0
202212,999,10180,C,Abilene  TX ,27,27,6632,2,4,451,0,0,0,0,0,0,27,27,6632,2,4,451,0,0,0,0,0,0
202212,999,10500,C,Albany  GA ,4,4,849,0,0,0,0,0,0,0,0,0,2,2,303,0,0,0,0,0,0,0,0,0
202212,999,10780,C,Alexandria  LA ,13,13,3177,0,0,0,0,0,0,0,0,0,9,9,2123,0,0,0,0,0,0,0,0,0
202212,999,10900,C,Allentown-Bethlehem-Easton  PA-NJ ,77,77,16790,3,6,880,1,4,450,1,14,161,45,45,8800,2,4,760,1,4,450,0,0,0
202212,999,11260,C,Anchorage  AK ,33,33,10490,0,0,0,1,3,518,2,23,3488,0,0,0,0,0,0,0,0,0,0,0,0
202212,999,11500,C,Anniston-Oxford  AL ,2,2,385,0,0,0,0,0,0,0,0,0,2,2,385,0,0,0,0,0,0,0,0,0
202212,999,12260,C,Augusta-Richmond County  GA-SC ,171,171,37682,0,0,0,0,0,0,0,0,0,63,63,14324,0,0,0,0,0,0,0,0,0
202212,999,12420,C,Austin-Round Rock-Georgetown  TX ,719,719,225951,23,46,7517,7,28,2645,43,1386,61932,485,485,172909,20,40,6939,7,28,2645,42,1374,60704
202212,999,12540,C,Bakersfield  CA ,130,130,22677,1,2,158,0,0,0,1,6,184,66,66,7605,1,2,158,0,0,0,0,0,0
202212,999,12620,C,Bangor  ME ,20,20,4026,3,6,806,0,0,0,0,0,0,4,4,928,1,2,393,0,0,0,0,0,0
202212,999,12940,C,Baton Rouge  LA ,199,199,46126,0,0,0,0,0,0,0,0,0,23,23,5855,0,0,0,0,0,0,0,0,0
202212,999,13140,C,Beaumont-Port Arthur  TX ,59,59,14916,2,4,426,0,0,0,0,0,0,51,51,13395,2,4,426,0,0,0,0,0,0
202212,999,13220,C,Beckley  WV ,6,6,935,0,0,0,0,0,0,0,0,0,5,5,825,0,0,0,0,0,0,0,0,0
202212,999,13380,C,Bellingham  WA ,40,40,11743,0,0,0,0,0,0,2,76,9289,18,18,5779,0,0,0,0,0,0,2,76,9289
202212,999,13740,C,Billings  MT ,141,141,20111,0,0,0,0,0,0,0,0,0,141,141,20111,0,0,0,0,0,0,0,0,0
202212,999,13780,C,Binghamton  NY ,6,6,1305,0,0,0,0,0,0,3,23,2265,1,1,272,0,0,0,0,0,0,0,0,0
202212,999,13900,C,Bismarck  ND ,3,3,934,0,0,0,0,0,0,1,64,8500,1,1,349,0,0,0,0,0,0,1,64,8500
202212,999,13980,C,Blacksburg-Christiansburg  VA ,10,10,4739,0,0,0,0,0,0,0,0,0,10,10,4739,0,0,0,0,0,0,0,0,0
202212,999,15260,C,Brunswick  GA ,47,47,13580,0,0,0,13,52,12252,0,0,0,44,44,12928,0,0,0,13,52,12252,0,0,0
202212,999,16060,C,Carbondale-Marion  IL ,0,0,0,0,0,0,0,0,0,0,0,0,0,0,0,0,0,0,0,0,0,0,0,0
202212,999,16220,C,Casper  WY ,4,4,1162,0,0,0,0,0,0,1,5,498,0,0,0,0,0,0,0,0,0,0,0,0
202212,999,16580,C,Champaign-Urbana  IL ,12,12,3469,0,0,0,0,0,0,0,0,0,11,11,3224,0,0,0,0,0,0,0,0,0
202212,999,16700,C,Charleston-North Charleston  SC ,337,337,130662,0,0,0,0,0,0,16,486,57668,186,186,82870,0,0,0,0,0,0,10,336,42494
202212,999,16820,C,Charlottesville  VA ,42,42,15577,1,2,346,0,0,0,4,42,6115,10,10,3445,0,0,0,0,0,0,0,0,0
202212,999,16940,C,Cheyenne  WY ,9,9,1804,0,0,0,0,0,0,0,0,0,9,9,1804,0,0,0,0,0,0,0,0,0
202212,999,17020,C,Chico  CA ,46,46,9374,4,8,395,0,0,0,0,0,0,36,36,7388,4,8,395,0,0,0,0,0,0
202212,999,17300,C,Clarksville  TN-KY ,38,38,9274,2,4,450,7,21,3150,0,0,0,36,36,9132,2,4,450,7,21,3150,0,0,0
202212,999,17780,C,College Station-Bryan  TX ,64,64,13729,5,10,1141,0,0,0,0,0,0,63,63,13524,5,10,1141,0,0,0,0,0,0
202212,999,17820,C,Colorado Springs  CO ,95,95,40780,101,202,19683,0,0,0,5,127,25802,91,91,39640,101,202,19683,0,0,0,5,127,25802
202212,999,18880,C,Crestview-Fort Walton Beach-Destin  FL ,166,166,80179,1,2,312,0,0,0,1,5,432,162,162,79155,1,2,312,0,0,0,0,0,0
202212,999,19060,C,Cumberland  MD-WV ,1,1,249,0,0,0,0,0,0,0,0,0,0,0,0,0,0,0,0,0,0,0,0,0
202212,999,19180,C,Danville  IL ,0,0,0,0,0,0,0,0,0,0,0,0,0,0,0,0,0,0,0,0,0,0,0,0
202212,999,19500,C,Decatur  IL ,0,0,0,0,0,0,0,0,0,0,0,0,0,0,0,0,0,0,0,0,0,0,0,0
202212,999,20220,C,Dubuque  IA ,5,5,1413,0,0,0,0,0,0,0,0,0,5,5,1413,0,0,0,0,0,0,0,0,0
202212,999,20260,C,Duluth  MN-WI ,8,8,2172,1,2,400,0,0,0,0,0,0,5,5,1583,1,2,400,0,0,0,0,0,0
202212,999,20940,C,El Centro  CA ,11,11,1699,0,0,0,0,0,0,2,48,9366,5,5,567,0,0,0,0,0,0,2,48,9366
202212,999,21420,C,Enid  OK ,1,1,199,0,0,0,0,0,0,0,0,0,0,0,0,0,0,0,0,0,0,0,0,0
202212,999,21660,C,Eugene-Springfield  OR ,28,28,8047,1,2,782,0,0,0,4,163,4986,8,8,2748,1,2,782,0,0,0,4,163,4986
202212,999,21780,C,Evansville  IN-KY ,38,38,9833,2,4,679,0,0,0,1,12,893,13,13,3636,0,0,0,0,0,0,0,0,0
202212,999,21820,C,Fairbanks  AK ,1,1,295,0,0,0,0,0,0,0,0,0,0,0,0,0,0,0,0,0,0,0,0,0
202212,999,22140,C,Farmington  NM ,5,5,1115,0,0,0,0,0,0,1,5,500,5,5,1115,0,0,0,0,0,0,1,5,500
202212,999,22220,C,Fayetteville-Springdale-Rogers  AR-MO ,338,338,102715,0,0,0,1,4,1316,7,75,15832,290,290,92106,0,0,0,1,4,1316,5,39,13008
202212,999,22380,C,Flagstaff  AZ ,19,19,4846,0,0,0,0,0,0,8,76,17000,19,19,4846,0,0,0,0,0,0,8,76,17000
202212,999,22500,C,Florence  SC ,28,28,5637,0,0,0,0,0,0,0,0,0,26,26,5347,0,0,0,0,0,0,0,0,0
202212,999,22520,C,Florence-Muscle Shoals  AL ,15,15,1657,0,0,0,0,0,0,0,0,0,4,4,386,0,0,0,0,0,0,0,0,0
202212,999,22540,C,Fond du Lac  WI ,10,10,3617,0,0,0,0,0,0,0,0,0,1,1,651,0,0,0,0,0,0,0,0,0
202212,999,22660,C,Fort Collins  CO ,70,70,28733,1,2,600,0,0,0,9,227,35502,49,49,22049,1,2,600,0,0,0,7,180,28633
202212,999,22900,C,Fort Smith  AR-OK ,21,21,4972,1,2,143,0,0,0,0,0,0,17,17,4316,1,2,143,0,0,0,0,0,0
202212,999,23460,C,Gadsden  AL ,4,4,563,0,0,0,0,0,0,0,0,0,1,1,202,0,0,0,0,0,0,0,0,0
202212,999,24140,C,Goldsboro  NC ,14,14,2698,0,0,0,0,0,0,0,0,0,11,11,2021,0,0,0,0,0,0,0,0,0
202212,999,24220,C,Grand Forks  ND-MN ,0,0,0,0,0,0,0,0,0,0,0,0,0,0,0,0,0,0,0,0,0,0,0,0
202212,999,24260,C,Grand Island  NE ,5,5,1309,0,0,0,0,0,0,0,0,0,2,2,500,0,0,0,0,0,0,0,0,0
202212,999,24300,C,Grand Junction  CO ,32,32,6453,0,0,0,0,0,0,5,172,16608,32,32,6453,0,0,0,0,0,0,5,172,16608
202212,999,24500,C,Great Falls  MT ,10,10,2180,2,4,500,0,0,0,0,0,0,10,10,2180,2,4,500,0,0,0,0,0,0
202212,999,25060,C,Gulfport-Biloxi  MS ,179,179,17071,0,0,0,1,3,301,1,11,931,118,118,7077,0,0,0,0,0,0,0,0,0
202212,999,25860,C,Hickory-Lenoir-Morganton  NC ,93,93,26981,1,2,225,0,0,0,3,16,877,76,76,23623,1,2,225,0,0,0,0,0,0
202212,999,25940,C,Hilton Head Island-Bluffton  SC ,108,108,51007,0,0,0,0,0,0,1,28,3645,38,38,29005,0,0,0,0,0,0,0,0,0
202212,999,26140,C,Homosassa Springs  FL ,88,88,19299,1,2,186,0,0,0,0,0,0,0,0,0,0,0,0,0,0,0,0,0,0
202212,999,26380,C,Houma-Thibodaux  LA ,8,8,2276,0,0,0,0,0,0,0,0,0,8,8,2276,0,0,0,0,0,0,0,0,0
202212,999,27100,C,Jackson  MI ,6,6,1528,0,0,0,0,0,0,0,0,0,0,0,0,0,0,0,0,0,0,0,0,0
202212,999,27340,C,Jacksonville  NC ,43,43,10822,0,0,0,0,0,0,0,0,0,43,43,10822,0,0,0,0,0,0,0,0,0
202212,999,27620,C,Jefferson City  MO ,13,13,3971,0,0,0,0,0,0,0,0,0,9,9,3000,0,0,0,0,0,0,0,0,0
202212,999,27980,C,Kahului-Wailuku-Lahaina  HI ,8,8,2959,0,0,0,0,0,0,0,0,0,8,8,2959,0,0,0,0,0,0,0,0,0
202212,999,28660,C,Killeen-Temple  TX ,106,106,25619,20,40,4156,0,0,0,0,0,0,89,89,21760,18,36,3763,0,0,0,0,0,0
202212,999,29100,C,La Crosse-Onalaska  WI-MN ,21,21,8323,4,8,1726,0,0,0,0,0,0,19,19,7805,3,6,1251,0,0,0,0,0,0
202212,999,29420,C,Lake Havasu City-Kingman  AZ ,60,60,18450,2,4,458,0,0,0,0,0,0,59,59,18353,2,4,458,0,0,0,0,0,0
202212,999,29540,C,Lancaster  PA ,146,146,25783,1,2,410,0,0,0,4,115,13020,135,135,23233,1,2,410,0,0,0,3,110,12723
202212,999,29620,C,Lansing-East Lansing  MI ,22,22,6473,1,2,279,0,0,0,2,29,3362,10,10,3045,0,0,0,0,0,0,0,0,0
202212,999,29700,C,Laredo  TX ,66,66,10601,1,2,177,1,3,381,1,15,975,0,0,0,0,0,0,0,0,0,0,0,0
202212,999,30020,C,Lawton  OK ,3,3,419,0,0,0,0,0,0,0,0,0,1,1,200,0,0,0,0,0,0,0,0,0
202212,999,30300,C,Lewiston  ID-WA ,7,7,1768,0,0,0,0,0,0,0,0,0,7,7,1768,0,0,0,0,0,0,0,0,0
202212,999,30860,C,Logan  UT-ID ,18,18,5290,0,0,0,0,0,0,1,10,1541,9,9,2861,0,0,0,0,0,0,1,10,1541
202212,999,30980,C,Longview  TX ,32,32,7849,2,4,360,0,0,0,1,6,656,26,26,6584,2,4,360,0,0,0,0,0,0
202212,999,31340,C,Lynchburg  VA ,15,15,3733,0,0,0,0,0,0,1,10,259,14,14,3530,0,0,0,0,0,0,0,0,0
202212,999,31740,C,Manhattan  KS ,8,8,3012,1,2,330,0,0,0,0,0,0,2,2,1061,1,2,330,0,0,0,0,0,0
202212,999,33540,C,Missoula  MT ,7,7,2929,0,0,0,0,0,0,0,0,0,7,7,2929,0,0,0,0,0,0,0,0,0
202212,999,36100,C,Ocala  FL ,288,288,72926,1,2,100,0,0,0,0,0,0,288,288,72926,1,2,100,0,0,0,0,0,0
202212,999,36980,C,Owensboro  KY ,6,6,718,0,0,0,0,0,0,0,0,0,6,6,718,0,0,0,0,0,0,0,0,0
202212,999,37340,C,Palm Bay-Melbourne-Titusville  FL ,363,363,122754,0,0,0,0,0,0,0,0,0,355,355,121357,0,0,0,0,0,0,0,0,0
202212,999,37460,C,Panama City  FL ,76,76,30813,1,2,438,0,0,0,2,29,5486,17,17,8861,0,0,0,0,0,0,0,0,0
202212,999,37900,C,Peoria  IL ,10,10,3023,0,0,0,0,0,0,0,0,0,4,4,1300,0,0,0,0,0,0,0,0,0
202212,999,38340,C,Pittsfield  MA ,7,7,2223,0,0,0,0,0,0,0,0,0,0,0,0,0,0,0,0,0,0,0,0,0
202212,999,38540,C,Pocatello  ID ,8,8,2010,0,0,0,3,11,1111,0,0,0,0,0,0,0,0,0,2,8,800,0,0,0
202212,999,39150,C,Prescott Valley-Prescott  AZ ,71,71,27599,3,6,871,0,0,0,0,0,0,66,66,25881,3,6,871,0,0,0,0,0,0
202212,999,40060,C,Richmond  VA ,259,259,56292,0,0,0,0,0,0,16,388,30320,252,252,55095,0,0,0,0,0,0,15,379,29451
202212,999,40220,C,Roanoke  VA ,29,29,7052,0,0,0,0,0,0,1,34,4155,18,18,3811,0,0,0,0,0,0,0,0,0
202212,999,41100,C,St. George  UT ,127,127,24560,0,0,0,2,6,1045,6,62,5687,121,121,23304,0,0,0,2,6,1045,6,62,5687
202212,999,41500,C,Salinas  CA ,49,49,14892,0,0,0,0,0,0,1,8,1306,45,45,13930,0,0,0,0,0,0,0,0,0
202212,999,41660,C,San Angelo  TX ,7,7,1773,0,0,0,0,0,0,0,0,0,7,7,1773,0,0,0,0,0,0,0,0,0
202212,999,41740,C,San Diego-Chula Vista-Carlsbad  CA ,189,189,60151,2,4,379,5,18,3394,7,490,125264,185,185,58925,2,4,379,5,18,3394,6,483,124484
202212,999,42020,C,San Luis Obispo-Paso Robles  CA ,45,45,23237,1,2,450,0,0,0,3,29,5359,41,41,22018,1,2,450,0,0,0,2,24,5000
202212,999,42200,C,Santa Maria-Santa Barbara  CA ,18,18,29466,0,0,0,0,0,0,2,10,911,11,11,29237,0,0,0,0,0,0,0,0,0
202212,999,42540,C,Scranton--Wilkes-Barre  PA ,24,24,6237,1,2,700,0,0,0,0,0,0,3,3,928,1,2,700,0,0,0,0,0,0
202212,999,42700,C,Sebring-Avon Park  FL ,38,38,9876,0,0,0,0,0,0,0,0,0,38,38,9876,0,0,0,0,0,0,0,0,0
202212,999,43100,C,Sheboygan  WI ,5,5,1558,0,0,0,0,0,0,0,0,0,2,2,723,0,0,0,0,0,0,0,0,0
202212,999,43420,C,Sierra Vista-Douglas  AZ ,24,24,2321,0,0,0,0,0,0,0,0,0,23,23,2010,0,0,0,0,0,0,0,0,0
202212,999,43580,C,Sioux City  IA-NE-SD ,7,7,1748,0,0,0,1,3,0,3,48,5200,1,1,200,0,0,0,0,0,0,3,48,5200
202212,999,43620,C,Sioux Falls  SD ,28,28,8208,1,2,259,1,3,508,5,113,12921,12,12,4693,0,0,0,0,0,0,3,101,11533
202212,999,44140,C,Springfield  MA ,28,28,8249,0,0,0,0,0,0,2,13,1218,9,9,3262,0,0,0,0,0,0,0,0,0
202212,999,44180,C,Springfield  MO ,79,79,27632,3,6,828,0,0,0,0,0,0,68,68,25303,2,4,550,0,0,0,0,0,0
202212,999,44940,C,Sumter  SC ,17,17,3893,0,0,0,0,0,0,0,0,0,13,13,3254,0,0,0,0,0,0,0,0,0
202212,999,45220,C,Tallahassee  FL ,84,84,15004,0,0,0,0,0,0,4,129,16507,34,34,4440,0,0,0,0,0,0,0,0,0
202212,999,45300,C,Tampa-St. Petersburg-Clearwater  FL ,882,882,267683,4,8,1315,5,17,1392,28,1269,261416,493,493,183351,3,6,870,5,17,1392,24,1245,255848
202212,999,45460,C,Terre Haute  IN ,4,4,522,0,0,0,0,0,0,2,11,1221,1,1,100,0,0,0,0,0,0,1,6,750
202212,999,45500,C,Texarkana  TX-AR ,4,4,1117,0,0,0,0,0,0,0,0,0,2,2,661,0,0,0,0,0,0,0,0,0
202212,999,45820,C,Topeka  KS ,14,14,3821,0,0,0,0,0,0,0,0,0,14,14,3821,0,0,0,0,0,0,0,0,0
202212,999,46220,C,Tuscaloosa  AL ,46,46,9281,1,2,475,3,9,678,1,60,9940,26,26,4182,0,0,0,0,0,0,0,0,0
202212,999,46300,C,Twin Falls  ID ,14,14,3975,3,6,1069,0,0,0,0,0,0,10,10,2889,2,4,951,0,0,0,0,0,0
202212,999,46520,C,Urban Honolulu  HI ,37,37,13725,2,4,904,0,0,0,1,43,10431,0,0,0,0,0,0,0,0,0,0,0,0
202212,999,46540,C,Utica-Rome  NY ,10,10,2793,0,0,0,1,3,158,3,22,3092,1,1,820,0,0,0,0,0,0,0,0,0
202212,999,46660,C,Valdosta  GA ,59,59,11531,0,0,0,0,0,0,1,13,1277,24,24,5569,0,0,0,0,0,0,0,0,0
202212,999,47300,C,Visalia  CA ,158,158,37152,0,0,0,0,0,0,0,0,0,158,158,37152,0,0,0,0,0,0,0,0,0
202212,999,47380,C,Waco  TX ,42,42,4576,3,6,557,0,0,0,1,5,514,33,33,3025,3,6,557,0,0,0,0,0,0
202212,999,47940,C,Waterloo-Cedar Falls  IA ,4,4,2335,0,0,0,0,0,0,0,0,0,2,2,906,0,0,0,0,0,0,0,0,0
202212,999,48060,C,Watertown-Fort Drum  NY ,3,3,203,0,0,0,0,0,0,0,0,0,3,3,203,0,0,0,0,0,0,0,0,0
202212,999,48300,C,Wenatchee  WA ,17,17,4764,0,0,0,0,0,0,0,0,0,3,3,2140,0,0,0,0,0,0,0,0,0
202212,999,48540,C,Wheeling  WV-OH ,0,0,0,0,0,0,0,0,0,0,0,0,0,0,0,0,0,0,0,0,0,0,0,0
202212,999,48660,C,Wichita Falls  TX ,3,3,741,0,0,0,0,0,0,9,216,23611,2,2,506,0,0,0,0,0,0,9,216,23611
202212,999,48900,C,Wilmington  NC ,112,112,39998,5,10,1341,1,3,1422,4,155,20277,38,38,15064,3,6,501,0,0,0,0,0,0
202212,999,49420,C,Yakima  WA ,14,14,4097,1,2,235,0,0,0,0,0,0,13,13,3969,1,2,235,0,0,0,0,0,0
202212,999,49740,C,Yuma  AZ ,42,42,7240,0,0,0,0,0,0,0,0,0,38,38,6592,0,0,0,0,0,0,0,0,0
