Survey,CSA,CBSA,MONCOV,CBSA,,1-unit,,,2-units,,,3-4 units,,,5+ units,,,1-unit rep,,,2-units rep,,,3-4 units rep,,,5+ units rep
Date,Code,Code,,Name,Bldgs,Units,Value,Bldgs,Units,Value,Bldgs,Units,Value,Bldgs,Units,Value,Bldgs,Units,Value,Bldgs,Units,Value,      Bldgs,Units,Value,Bldgs,Units,Value
 
202205,104,10580,C,Albany-Schenectady-Troy  NY ,115,115,43638,0,0,0,2,6,785,5,106,22336,77,77,32817,0,0,0,0,0,0,2,90,20750
202205,104,24020,C,Glens Falls  NY ,19,19,5303,0,0,0,0,0,0,0,0,0,10,10,3088,0,0,0,0,0,0,0,0,0
202205,106,10740,C,Albuquerque  NM ,170,170,53175,0,0,0,0,0,0,3,328,26575,158,158,50244,0,0,0,0,0,0,1,318,26158
202205,106,42140,C,Santa Fe  NM ,19,19,5540,0,0,0,0,0,0,2,46,5063,0,0,0,0,0,0,0,0,0,0,0,0
202205,107,11020,C,Altoona  PA ,8,8,2995,0,0,0,0,0,0,0,0,0,3,3,1885,0,0,0,0,0,0,0,0,0
202205,108,11100,C,Amarillo  TX ,95,95,24453,0,0,0,0,0,0,0,0,0,93,93,23828,0,0,0,0,0,0,0,0,0
202205,118,11540,C,Appleton  WI ,42,42,16351,7,14,3475,0,0,0,2,18,1603,34,34,13734,7,14,3475,0,0,0,0,0,0
202205,118,36780,C,Oshkosh-Neenah  WI ,30,30,10773,1,2,365,0,0,0,0,0,0,29,29,10374,1,2,365,0,0,0,0,0,0
202205,120,11700,C,Asheville  NC ,283,283,96274,0,0,0,0,0,0,6,108,11497,127,127,45557,0,0,0,0,0,0,1,10,1200
202205,122,12020,C,Athens-Clarke County  GA ,78,78,23847,0,0,0,0,0,0,0,0,0,38,38,12291,0,0,0,0,0,0,0,0,0
202205,122,12060,C,Atlanta-Sandy Springs-Alpharetta  GA ,2467,2467,615442,4,8,699,0,0,0,28,898,122142,2178,2178,554049,4,8,699,0,0,0,25,881,118470
202205,122,23580,C,Gainesville  GA ,117,117,27347,1,2,198,0,0,0,8,241,39612,27,27,6142,1,2,198,0,0,0,8,241,39612
202205,122,40660,C,Rome  GA ,38,38,8252,0,0,0,0,0,0,0,0,0,38,38,8252,0,0,0,0,0,0,0,0,0
202205,140,13460,C,Bend  OR ,124,124,43541,1,2,354,2,6,2865,2,24,240,124,124,43541,1,2,354,2,6,2865,2,24,240
202205,142,13820,C,Birmingham-Hoover  AL ,270,270,95828,0,0,0,0,0,0,1,54,4334,231,231,86806,0,0,0,0,0,0,0,0,0
202205,144,14020,C,Bloomington  IN ,12,12,6165,0,0,0,0,0,0,0,0,0,10,10,5595,0,0,0,0,0,0,0,0,0
202205,145,14010,C,Bloomington  IL ,20,20,5865,1,2,146,0,0,0,1,54,7800,15,15,4670,0,0,0,0,0,0,1,54,7800
202205,146,14100,C,Bloomsburg-Berwick  PA ,9,9,2955,0,0,0,0,0,0,1,5,454,3,3,1378,0,0,0,0,0,0,0,0,0
202205,147,14260,C,Boise City  ID ,653,653,159318,6,12,2830,13,52,5677,22,549,96674,629,629,153359,6,12,2830,13,52,5677,22,549,96674
202205,148,12700,C,Barnstable Town  MA ,51,51,34922,0,0,0,0,0,0,0,0,0,19,19,18359,0,0,0,0,0,0,0,0,0
202205,148,14460,C,Boston-Cambridge-Newton  MA-NH ,351,351,133729,19,38,9803,12,42,9076,42,711,183270,167,167,78306,12,24,6539,9,33,7519,9,496,158906
202205,148,31700,C,Manchester-Nashua  NH ,70,70,22026,1,2,304,1,3,539,0,0,0,29,29,10636,0,0,0,0,0,0,0,0,0
202205,148,39300,C,Providence-Warwick  RI-MA ,152,152,39131,9,18,3160,6,18,2348,2,23,2258,71,71,21441,4,8,1686,5,15,1805,1,18,1800
202205,148,49340,C,Worcester  MA-CT ,128,128,31342,8,16,3149,0,0,0,5,107,11635,75,75,15559,7,14,2895,0,0,0,3,86,9179
202205,150,14540,C,Bowling Green  KY ,117,117,26442,0,0,0,0,0,0,5,72,5550,117,117,26442,0,0,0,0,0,0,5,72,5550
202205,154,15180,C,Brownsville-Harlingen  TX ,132,132,19352,4,8,792,2,7,952,3,28,2415,6,6,3115,0,0,0,0,0,0,0,0,0
202205,160,15380,C,Buffalo-Cheektowaga  NY ,108,108,39655,1,2,379,0,0,0,1,13,2915,94,94,36077,1,2,379,0,0,0,0,0,0
202205,162,15540,C,Burlington-South Burlington  VT ,34,34,10411,3,6,909,0,0,0,3,20,1767,12,12,4110,1,2,160,0,0,0,0,0,0
202205,163,15980,C,Cape Coral-Fort Myers  FL ,974,974,194921,12,24,3151,3,11,1079,9,125,20074,615,615,119213,0,0,0,3,11,1079,7,41,13843
202205,163,34940,C,Naples-Marco Island  FL ,298,298,106792,0,0,0,5,20,3162,3,26,3198,298,298,106792,0,0,0,5,20,3162,3,26,3198
202205,164,16020,C,Cape Girardeau  MO-IL ,14,14,4135,0,0,0,0,0,0,0,0,0,0,0,0,0,0,0,0,0,0,0,0,0
202205,168,16300,C,Cedar Rapids  IA ,59,59,15401,4,8,1225,0,0,0,2,77,8156,56,56,14483,2,4,463,0,0,0,2,77,8156
202205,168,26980,C,Iowa City  IA ,51,51,18060,0,0,0,0,0,0,2,91,12337,32,32,13347,0,0,0,0,0,0,1,80,10760
202205,170,16620,C,Charleston  WV ,17,17,2345,0,0,0,0,0,0,0,0,0,13,13,1525,0,0,0,0,0,0,0,0,0
202205,170,26580,C,Huntington-Ashland  WV-KY-OH ,22,22,4399,0,0,0,0,0,0,0,0,0,1,1,150,0,0,0,0,0,0,0,0,0
202205,172,16740,C,Charlotte-Concord-Gastonia  NC-SC ,2039,2039,554221,0,0,0,0,0,0,26,1064,147621,1806,1806,486010,0,0,0,0,0,0,23,1007,140700
202205,174,16860,C,Chattanooga  TN-GA ,222,222,45737,10,20,1428,1,3,174,3,54,5392,159,159,32968,6,12,854,0,0,0,0,0,0
202205,174,17420,C,Cleveland  TN ,65,65,17132,0,0,0,1,3,254,0,0,0,23,23,7247,0,0,0,0,0,0,0,0,0
202205,174,19140,C,Dalton  GA ,33,33,5632,1,2,163,1,3,449,1,30,3101,0,0,0,0,0,0,0,0,0,0,0,0
202205,176,16980,C,Chicago-Naperville-Elgin  IL-IN-WI ,810,810,266642,8,16,3068,16,51,8701,21,573,46292,696,696,231803,8,16,3068,14,45,7722,12,517,38109
202205,176,28100,C,Kankakee  IL ,6,6,1782,0,0,0,0,0,0,0,0,0,3,3,762,0,0,0,0,0,0,0,0,0
202205,176,33140,C,Michigan City-La Porte  IN ,11,11,3538,0,0,0,0,0,0,0,0,0,0,0,0,0,0,0,0,0,0,0,0,0
202205,178,17140,C,Cincinnati  OH-KY-IN ,480,480,168375,4,8,711,5,17,2328,6,86,6933,417,417,154924,4,8,711,5,17,2328,5,58,4889
202205,184,10420,C,Akron  OH ,71,71,23519,0,0,0,3,12,1417,11,59,4475,60,60,19609,0,0,0,3,12,1417,9,45,3622
202205,184,15940,C,Canton-Massillon  OH ,35,35,10911,2,4,792,1,3,154,2,10,768,30,30,10328,2,4,792,0,0,0,0,0,0
202205,184,17460,C,Cleveland-Elyria  OH ,254,254,87827,2,4,261,11,40,5170,0,0,0,191,191,67931,0,0,0,10,37,4962,0,0,0
202205,190,17860,C,Columbia  MO ,52,52,20331,1,2,100,0,0,0,0,0,0,50,50,19953,1,2,100,0,0,0,0,0,0
202205,192,17900,C,Columbia  SC ,443,443,103964,1,2,200,13,47,7984,14,206,44238,99,99,21596,1,2,200,13,47,7984,12,193,42274
202205,194,12220,C,Auburn-Opelika  AL ,109,109,30120,1,2,330,0,0,0,2,51,14402,73,73,21411,0,0,0,0,0,0,1,32,11815
202205,194,17980,C,Columbus  GA-AL ,48,48,11279,0,0,0,0,0,0,1,38,5982,23,23,6307,0,0,0,0,0,0,0,0,0
202205,198,18140,C,Columbus  OH ,502,502,181124,4,8,1559,1,3,800,9,77,8255,423,423,157303,4,8,1559,1,3,800,6,42,6398
202205,204,18580,C,Corpus Christi  TX ,143,143,35776,0,0,0,0,0,0,2,35,2834,90,90,21592,0,0,0,0,0,0,0,0,0
202205,206,19100,C,Dallas-Fort Worth-Arlington  TX ,4038,4038,1107279,64,128,17104,10,36,5440,46,2034,261340,3440,3440,940835,60,120,15787,7,26,4646,43,1998,257287
202205,206,43300,C,Sherman-Denison  TX ,121,121,32373,10,20,2605,0,0,0,1,10,877,85,85,25327,10,20,2605,0,0,0,0,0,0
202205,209,19340,C,Davenport-Moline-Rock Island  IA-IL ,35,35,10267,0,0,0,4,12,2820,1,5,524,16,16,6618,0,0,0,4,12,2820,0,0,0
202205,212,19430,C,Dayton-Kettering  OH ,102,102,38993,0,0,0,5,20,1558,20,144,12233,47,47,19836,0,0,0,5,20,1558,19,110,8109
202205,212,44220,C,Springfield  OH ,20,20,6195,0,0,0,11,44,4133,0,0,0,20,20,6195,0,0,0,11,44,4133,0,0,0
202205,216,14500,C,Boulder  CO ,44,44,25169,2,4,1130,2,7,1666,2,22,6508,39,39,20644,0,0,0,1,3,536,0,0,0
202205,216,19740,C,Denver-Aurora-Lakewood  CO ,989,989,283498,21,42,8902,16,62,11860,27,1115,174994,947,947,268362,21,42,8902,16,62,11860,24,1032,163252
202205,216,24540,C,Greeley  CO ,250,250,72462,8,16,3203,6,23,4356,4,57,7892,98,98,31375,0,0,0,2,8,1381,0,0,0
202205,218,11180,C,Ames  IA ,25,25,7267,0,0,0,0,0,0,0,0,0,14,14,4391,0,0,0,0,0,0,0,0,0
202205,218,19780,C,Des Moines-West Des Moines  IA ,454,454,136564,0,0,0,1,3,630,5,144,19952,428,428,127648,0,0,0,0,0,0,4,138,19155
202205,220,11460,C,Ann Arbor  MI ,43,43,15317,0,0,0,0,0,0,0,0,0,26,26,10923,0,0,0,0,0,0,0,0,0
202205,220,19820,C,Detroit-Warren-Dearborn  MI ,535,535,175823,3,6,1025,10,35,6132,15,616,85520,429,429,143550,3,6,1025,7,26,5430,13,606,83596
202205,220,22420,C,Flint  MI ,27,27,6877,0,0,0,0,0,0,0,0,0,15,15,4058,0,0,0,0,0,0,0,0,0
202205,220,33780,C,Monroe  MI ,23,23,6148,0,0,0,0,0,0,1,5,459,15,15,4053,0,0,0,0,0,0,0,0,0
202205,222,20020,C,Dothan  AL ,38,38,10678,0,0,0,1,4,479,0,0,0,22,22,7294,0,0,0,1,4,479,0,0,0
202205,232,20740,C,Eau Claire  WI ,34,34,12694,5,10,1870,1,4,693,3,63,9061,25,25,10104,0,0,0,1,4,693,1,15,2900
202205,236,21300,C,Elmira  NY ,1,1,366,0,0,0,0,0,0,0,0,0,0,0,0,0,0,0,0,0,0,0,0,0
202205,238,21340,C,El Paso  TX ,233,233,55367,6,12,1541,1,3,396,2,20,2351,24,24,6149,0,0,0,0,0,0,0,0,0
202205,238,29740,C,Las Cruces  NM ,102,102,26800,0,0,0,0,0,0,1,7,547,0,0,0,0,0,0,0,0,0,0,0,0
202205,240,21500,C,Erie  PA ,15,15,4392,1,2,225,0,0,0,4,24,1702,9,9,3131,1,2,225,0,0,0,4,24,1702
202205,244,22020,C,Fargo  ND-MN ,139,139,56920,0,0,0,0,0,0,1,42,5573,136,136,55946,0,0,0,0,0,0,1,42,5573
202205,246,22180,C,Fayetteville  NC ,176,176,37101,0,0,0,0,0,0,0,0,0,107,107,27718,0,0,0,0,0,0,0,0,0
202205,258,23060,C,Fort Wayne  IN ,145,145,44824,0,0,0,0,0,0,7,396,50886,145,145,44824,0,0,0,0,0,0,7,396,50886
202205,260,23420,C,Fresno  CA ,273,273,78302,1,2,324,6,24,3000,3,20,2845,175,175,48825,1,2,324,6,24,3000,0,0,0
202205,260,25260,C,Hanford-Corcoran  CA ,46,46,13672,0,0,0,0,0,0,0,0,0,37,37,11615,0,0,0,0,0,0,0,0,0
202205,260,31460,C,Madera  CA ,87,87,24218,0,0,0,0,0,0,0,0,0,87,87,24218,0,0,0,0,0,0,0,0,0
202205,264,23540,C,Gainesville  FL ,126,126,28225,2,4,1075,0,0,0,2,107,3643,44,44,13079,2,4,1075,0,0,0,0,0,0
202205,266,24340,C,Grand Rapids-Kentwood  MI ,262,262,88227,6,12,1908,4,15,3274,7,54,10010,197,197,69037,2,4,740,4,15,3274,4,25,6415
202205,266,34740,C,Muskegon  MI ,22,22,6304,1,2,288,0,0,0,0,0,0,16,16,5073,0,0,0,0,0,0,0,0,0
202205,267,24580,C,Green Bay  WI ,66,66,23731,2,4,1000,0,0,0,8,101,12156,42,42,16204,2,4,1000,0,0,0,5,76,9849
202205,268,15500,C,Burlington  NC ,142,142,17273,0,0,0,0,0,0,1,33,2214,117,117,12229,0,0,0,0,0,0,0,0,0
202205,268,24660,C,Greensboro-High Point  NC ,199,199,55384,0,0,0,0,0,0,2,48,6492,112,112,27042,0,0,0,0,0,0,2,48,6492
202205,268,49180,C,Winston-Salem  NC ,336,336,104973,0,0,0,0,0,0,1,5,197,221,221,60229,0,0,0,0,0,0,0,0,0
202205,272,24780,C,Greenville  NC ,55,55,12617,3,6,2400,0,0,0,0,0,0,21,21,4799,3,6,2400,0,0,0,0,0,0
202205,273,24860,C,Greenville-Anderson  SC ,416,416,131663,20,40,3237,0,0,0,1,23,2289,351,351,113720,20,40,3237,0,0,0,0,0,0
202205,273,43900,C,Spartanburg  SC ,284,284,47627,0,0,0,0,0,0,2,22,2639,0,0,0,0,0,0,0,0,0,0,0,0
202205,276,23900,C,Gettysburg  PA ,37,37,14566,0,0,0,0,0,0,0,0,0,37,37,14566,0,0,0,0,0,0,0,0,0
202205,276,25420,C,Harrisburg-Carlisle  PA ,175,175,40787,0,0,0,1,3,435,2,41,2419,125,125,27850,0,0,0,1,3,435,1,36,1822
202205,276,30140,C,Lebanon  PA ,20,20,4033,0,0,0,0,0,0,2,10,1393,2,2,435,0,0,0,0,0,0,0,0,0
202205,276,49620,C,York-Hanover  PA ,80,80,17700,0,0,0,0,0,0,1,7,518,31,31,7950,0,0,0,0,0,0,0,0,0
202205,277,25500,C,Harrisonburg  VA ,48,48,18236,0,0,0,0,0,0,0,0,0,48,48,18236,0,0,0,0,0,0,0,0,0
202205,277,44420,C,Staunton  VA ,58,58,13786,0,0,0,0,0,0,0,0,0,58,58,13786,0,0,0,0,0,0,0,0,0
202205,278,25540,C,Hartford-East Hartford-Middletown  CT ,62,62,18072,0,0,0,1,3,426,7,40,2970,24,24,7941,0,0,0,0,0,0,3,18,1250
202205,278,35980,C,Norwich-New London  CT ,38,38,10214,1,2,360,0,0,0,0,0,0,23,23,6460,1,2,360,0,0,0,0,0,0
202205,279,25620,C,Hattiesburg  MS ,15,15,3255,0,0,0,0,0,0,0,0,0,10,10,1980,0,0,0,0,0,0,0,0,0
202205,284,26300,C,Hot Springs  AR ,7,7,1174,14,28,3360,0,0,0,0,0,0,7,7,1174,14,28,3360,0,0,0,0,0,0
202205,288,26420,C,Houston-The Woodlands-Sugar Land  TX ,4652,4652,1145499,50,100,7974,3,12,1139,61,1405,124125,4224,4224,1040760,45,90,6690,3,12,1139,58,1390,123069
202205,290,19460,C,Decatur  AL ,16,16,5895,0,0,0,0,0,0,0,0,0,12,12,4852,0,0,0,0,0,0,0,0,0
202205,290,26620,C,Huntsville  AL ,356,356,70132,0,0,0,0,0,0,0,0,0,197,197,31957,0,0,0,0,0,0,0,0,0
202205,292,26820,C,Idaho Falls  ID ,185,185,30930,0,0,0,7,28,3465,0,0,0,183,183,30105,0,0,0,7,28,3465,0,0,0
202205,294,18020,C,Columbus  IN ,52,52,5823,0,0,0,0,0,0,0,0,0,52,52,5823,0,0,0,0,0,0,0,0,0
202205,294,26900,C,Indianapolis-Carmel-Anderson  IN ,1026,1026,305917,9,18,4096,0,0,0,13,109,13743,948,948,278214,8,16,3797,0,0,0,12,65,8352
202205,294,34620,C,Muncie  IN ,7,7,2522,0,0,0,0,0,0,1,5,596,5,5,1939,0,0,0,0,0,0,0,0,0
202205,296,27060,C,Ithaca  NY ,94,94,31309,0,0,0,0,0,0,1,5,342,89,89,30121,0,0,0,0,0,0,0,0,0
202205,297,27180,C,Jackson  TN ,46,46,9365,0,0,0,0,0,0,0,0,0,12,12,1668,0,0,0,0,0,0,0,0,0
202205,298,27140,C,Jackson  MS ,156,156,41365,0,0,0,0,0,0,0,0,0,132,132,36876,0,0,0,0,0,0,0,0,0
202205,300,27260,C,Jacksonville  FL ,1237,1237,298871,8,16,258,0,0,0,33,990,107651,1216,1216,291090,8,16,258,0,0,0,33,990,107651
202205,304,27740,C,Johnson City  TN ,75,75,19146,1,2,450,0,0,0,0,0,0,53,53,15620,0,0,0,0,0,0,0,0,0
202205,304,28700,C,Kingsport-Bristol  TN-VA ,104,104,22326,0,0,0,0,0,0,0,0,0,86,86,19876,0,0,0,0,0,0,0,0,0
202205,306,27780,C,Johnstown  PA ,5,5,1297,0,0,0,0,0,0,0,0,0,0,0,0,0,0,0,0,0,0,0,0,0
202205,308,27860,C,Jonesboro  AR ,70,70,11765,4,8,550,5,15,777,1,10,568,20,20,4236,0,0,0,0,0,0,0,0,0
202205,309,27900,C,Joplin  MO ,45,45,9178,5,10,1581,0,0,0,1,5,225,15,15,3107,5,10,1581,0,0,0,0,0,0
202205,310,12980,C,Battle Creek  MI ,8,8,1401,0,0,0,0,0,0,0,0,0,1,1,120,0,0,0,0,0,0,0,0,0
202205,310,28020,C,Kalamazoo-Portage  MI ,40,40,13064,2,4,1235,0,0,0,0,0,0,26,26,9670,2,4,1235,0,0,0,0,0,0
202205,312,28140,C,Kansas City  MO-KS ,593,593,189985,6,12,3765,2,7,871,2,69,9053,455,455,137508,1,2,178,1,4,444,1,14,2100
202205,312,29940,C,Lawrence  KS ,21,21,8275,0,0,0,0,0,0,0,0,0,15,15,6043,0,0,0,0,0,0,0,0,0
202205,312,41140,C,St. Joseph  MO-KS ,4,4,829,2,4,480,0,0,0,0,0,0,0,0,0,2,4,480,0,0,0,0,0,0
202205,313,28420,C,Kennewick-Richland  WA ,136,136,43584,3,6,1710,8,32,4488,3,60,12000,40,40,15121,2,4,1068,8,32,4488,3,60,12000
202205,313,47460,C,Walla Walla  WA ,11,11,4091,2,4,846,0,0,0,0,0,0,8,8,3402,2,4,846,0,0,0,0,0,0
202205,315,28940,C,Knoxville  TN ,377,377,93879,0,0,0,1,3,300,10,271,36133,116,116,37174,0,0,0,0,0,0,8,240,33710
202205,315,34100,C,Morristown  TN ,99,99,22804,0,0,0,0,0,0,0,0,0,62,62,12445,0,0,0,0,0,0,0,0,0
202205,316,29020,C,Kokomo  IN ,6,6,1931,0,0,0,0,0,0,0,0,0,4,4,1320,0,0,0,0,0,0,0,0,0
202205,318,29180,C,Lafayette  LA ,201,201,47666,0,0,0,0,0,0,0,0,0,69,69,16387,0,0,0,0,0,0,0,0,0
202205,320,29200,C,Lafayette-West Lafayette  IN ,46,46,13321,0,0,0,0,0,0,2,57,6443,3,3,1497,0,0,0,0,0,0,0,0,0
202205,324,29340,C,Lake Charles  LA ,79,79,14539,1,2,97,0,0,0,0,0,0,74,74,12937,0,0,0,0,0,0,0,0,0
202205,332,29820,C,Las Vegas-Henderson-Paradise  NV ,928,928,260400,0,0,0,2,7,1031,1,24,1099,928,928,260400,0,0,0,2,7,1031,1,24,1099
202205,336,30460,C,Lexington-Fayette  KY ,132,132,34348,0,0,0,1,3,440,3,91,8871,56,56,17005,0,0,0,0,0,0,0,0,0
202205,338,30620,C,Lima  OH ,8,8,2028,0,0,0,0,0,0,0,0,0,1,1,250,0,0,0,0,0,0,0,0,0
202205,339,30700,C,Lincoln  NE ,121,121,35982,1,2,359,0,0,0,5,136,19276,15,15,3975,0,0,0,0,0,0,0,0,0
202205,340,30780,C,Little Rock-North Little Rock-Conway  AR ,186,186,46454,7,14,1481,0,0,0,4,147,17604,114,114,33152,3,6,792,0,0,0,3,128,16534
202205,340,38220,C,Pine Bluff  AR ,2,2,280,0,0,0,0,0,0,0,0,0,1,1,130,0,0,0,0,0,0,0,0,0
202205,348,31080,C,Los Angeles-Long Beach-Anaheim  CA ,950,950,276725,71,142,31458,14,45,13889,63,2104,364448,768,768,220474,66,132,28969,10,33,11166,52,1978,343191
202205,348,37100,C,Oxnard-Thousand Oaks-Ventura  CA ,45,45,13261,2,4,1023,1,4,969,3,52,7903,9,9,2735,0,0,0,0,0,0,0,0,0
202205,348,40140,C,Riverside-San Bernardino-Ontario  CA ,1434,1434,391987,7,14,1579,14,42,7659,20,161,24008,1174,1174,332195,7,14,1579,14,42,7659,15,133,21204
202205,350,21060,C,Elizabethtown-Fort Knox  KY ,68,68,14596,8,16,1620,1,3,165,0,0,0,68,68,14596,8,16,1620,1,3,165,0,0,0
202205,350,31140,C,Louisville-Jefferson County  KY-IN ,356,356,101322,5,10,2512,0,0,0,4,76,7936,212,212,67610,4,8,2187,0,0,0,2,32,4500
202205,352,31180,C,Lubbock  TX ,230,230,54318,20,40,5839,0,0,0,2,24,1775,23,23,6489,0,0,0,0,0,0,0,0,0
202205,356,31420,C,Macon-Bibb County  GA ,51,51,11692,0,0,0,0,0,0,0,0,0,16,16,4700,0,0,0,0,0,0,0,0,0
202205,356,47580,C,Warner Robins  GA ,123,123,24702,0,0,0,0,0,0,0,0,0,100,100,19189,0,0,0,0,0,0,0,0,0
202205,357,27500,C,Janesville-Beloit  WI ,35,35,9360,3,6,1500,0,0,0,0,0,0,20,20,5773,3,6,1500,0,0,0,0,0,0
202205,357,31540,C,Madison  WI ,130,130,55574,3,6,1502,0,0,0,9,471,78519,92,92,42283,0,0,0,0,0,0,7,402,67503
202205,359,31860,C,Mankato  MN ,25,25,8047,0,0,0,0,0,0,2,22,2492,9,9,3488,0,0,0,0,0,0,0,0,0
202205,360,31900,C,Mansfield  OH ,20,20,6345,1,2,342,0,0,0,0,0,0,18,18,5611,1,2,342,0,0,0,0,0,0
202205,365,32580,C,McAllen-Edinburg-Mission  TX ,438,438,99193,15,30,2864,7,28,2174,1,6,766,336,336,80355,12,24,2506,7,28,2174,1,6,766
202205,366,24420,C,Grants Pass  OR ,21,21,4834,1,2,234,0,0,0,0,0,0,7,7,1858,1,2,234,0,0,0,0,0,0
202205,366,32780,C,Medford  OR ,70,70,16173,0,0,0,0,0,0,2,27,4034,67,67,15394,0,0,0,0,0,0,1,22,3361
202205,368,32820,C,Memphis  TN-MS-AR ,376,376,91420,0,0,0,0,0,0,1,28,4060,336,336,82526,0,0,0,0,0,0,1,28,4060
202205,370,33100,C,Miami-Fort Lauderdale-Pompano Beach  FL ,642,642,257439,9,18,3200,5,20,3008,39,2649,679806,550,550,216462,9,18,3200,5,20,3008,31,2534,649561
202205,370,38940,C,Port St. Lucie  FL ,574,574,161145,6,12,3466,11,33,6885,18,131,23051,547,547,154787,5,10,3131,11,33,6885,17,120,21471
202205,370,42680,C,Sebastian-Vero Beach  FL ,122,122,48380,0,0,0,1,3,202,0,0,0,15,15,3520,0,0,0,0,0,0,0,0,0
202205,372,33260,C,Midland  TX ,46,46,8604,0,0,0,0,0,0,0,0,0,46,46,8604,0,0,0,0,0,0,0,0,0
202205,372,36220,C,Odessa  TX ,105,105,26903,0,0,0,0,0,0,0,0,0,105,105,26903,0,0,0,0,0,0,0,0,0
202205,376,33340,C,Milwaukee-Waukesha  WI ,143,143,73951,14,28,6395,0,0,0,5,38,5139,94,94,49692,11,22,5245,0,0,0,3,18,2700
202205,376,39540,C,Racine  WI ,13,13,5750,1,2,435,0,0,0,0,0,0,13,13,5750,1,2,435,0,0,0,0,0,0
202205,378,33460,C,Minneapolis-St. Paul-Bloomington  MN-WI ,1068,1068,334019,4,8,1798,9,32,6267,29,1970,320526,932,932,289167,4,8,1798,8,29,5625,17,1666,273112
202205,378,41060,C,St. Cloud  MN ,49,49,15498,1,2,259,0,0,0,0,0,0,29,29,10562,0,0,0,0,0,0,0,0,0
202205,380,19300,C,Daphne-Fairhope-Foley  AL ,307,307,79490,1,2,229,0,0,0,1,12,953,236,236,66357,1,2,229,0,0,0,0,0,0
202205,380,33660,C,Mobile  AL ,107,107,28280,0,0,0,0,0,0,0,0,0,101,101,27355,0,0,0,0,0,0,0,0,0
202205,384,33740,C,Monroe  LA ,32,32,7317,0,0,0,1,4,629,2,13,1558,1,1,180,0,0,0,0,0,0,0,0,0
202205,388,33860,C,Montgomery  AL ,64,64,15713,0,0,0,1,3,265,0,0,0,41,41,11786,0,0,0,0,0,0,0,0,0
202205,390,34060,C,Morgantown  WV ,1,1,137,0,0,0,0,0,0,0,0,0,0,0,0,0,0,0,0,0,0,0,0,0
202205,396,34820,C,Myrtle Beach-Conway-North Myrtle Beach  SC-NC ,1107,1107,233665,0,0,0,0,0,0,2,30,2054,760,760,138550,0,0,0,0,0,0,0,0,0
202205,400,34980,C,Nashville-Davidson--Murfreesboro--Franklin  TN ,1469,1469,453175,8,16,3017,8,28,2812,8,61,7086,1228,1228,360128,8,16,3017,8,28,2812,2,11,2181
202205,404,35100,C,New Bern  NC ,74,74,19633,0,0,0,0,0,0,0,0,0,49,49,12181,0,0,0,0,0,0,0,0,0
202205,406,25220,C,Hammond  LA ,75,75,13859,2,4,400,0,0,0,1,56,5546,0,0,0,1,2,300,0,0,0,0,0,0
202205,406,35380,C,New Orleans-Metairie  LA ,277,277,93320,14,28,3130,1,3,612,2,56,10101,196,196,73979,1,2,206,0,0,0,0,0,0
202205,408,14860,C,Bridgeport-Stamford-Norwalk  CT ,46,46,29592,1,2,157,0,0,0,3,46,4846,27,27,14982,0,0,0,0,0,0,1,35,2956
202205,408,20700,C,East Stroudsburg  PA ,27,27,8214,0,0,0,0,0,0,0,0,0,8,8,3201,0,0,0,0,0,0,0,0,0
202205,408,28740,C,Kingston  NY ,26,26,8573,1,2,341,0,0,0,1,10,1213,17,17,5877,1,2,341,0,0,0,1,10,1213
202205,408,35300,C,New Haven-Milford  CT ,36,36,7362,1,2,180,0,0,0,2,22,1692,10,10,1770,0,0,0,0,0,0,0,0,0
202205,408,35620,C,New York-Newark-Jersey City  NY-NJ-PA ,1090,1090,291140,39,78,10879,12,36,4894,115,2423,280185,623,623,189275,21,42,6984,5,15,3049,55,1813,208901
202205,408,39100,C,Poughkeepsie-Newburgh-Middletown  NY ,88,88,30401,3,6,1643,0,0,0,3,28,5125,30,30,10324,1,2,1049,0,0,0,1,16,3606
202205,408,45940,C,Trenton-Princeton  NJ ,26,26,3032,0,0,0,0,0,0,1,5,357,16,16,2225,0,0,0,0,0,0,0,0,0
202205,412,35840,C,North Port-Sarasota-Bradenton  FL ,1238,1238,355499,6,12,3042,0,0,0,3,439,89954,1180,1180,339220,1,2,844,0,0,0,3,439,89954
202205,412,39460,C,Punta Gorda  FL ,430,430,126670,31,62,11005,8,32,8477,1,12,2801,430,430,126670,31,62,11005,8,32,8477,1,12,2801
202205,416,36420,C,Oklahoma City  OK ,619,619,181379,24,48,4613,0,0,0,2,10,600,492,492,139988,22,44,4330,0,0,0,2,10,600
202205,420,36540,C,Omaha-Council Bluffs  NE-IA ,241,241,57180,0,0,0,1,3,541,7,429,35321,170,170,37760,0,0,0,0,0,0,5,383,29550
202205,422,19660,C,Deltona-Daytona Beach-Ormond Beach  FL ,549,549,175674,2,4,552,0,0,0,10,329,28850,422,422,130589,2,4,552,0,0,0,9,300,25805
202205,422,29460,C,Lakeland-Winter Haven  FL ,926,926,270024,3,6,653,0,0,0,4,88,11786,704,704,206307,3,6,653,0,0,0,4,88,11786
202205,422,36740,C,Orlando-Kissimmee-Sanford  FL ,1545,1545,435426,2,4,526,1,4,150,34,760,173738,1317,1317,369250,2,4,526,1,4,150,29,694,169166
202205,422,45540,C,The Villages  FL ,372,372,98917,0,0,0,0,0,0,8,236,1334,371,371,98727,0,0,0,0,0,0,8,236,1334
202205,425,37620,C,Parkersburg-Vienna  WV ,9,9,1614,0,0,0,0,0,0,0,0,0,6,6,1054,0,0,0,0,0,0,0,0,0
202205,426,37860,C,Pensacola-Ferry Pass-Brent  FL ,240,240,61493,0,0,0,0,0,0,0,0,0,240,240,61493,0,0,0,0,0,0,0,0,0
202205,428,12100,C,Atlantic City-Hammonton  NJ ,37,37,11885,1,2,835,0,0,0,2,13,1079,32,32,11215,1,2,835,0,0,0,0,0,0
202205,428,20100,C,Dover  DE ,105,105,14959,0,0,0,0,0,0,0,0,0,96,96,12865,0,0,0,0,0,0,0,0,0
202205,428,36140,C,Ocean City  NJ ,42,42,16383,6,12,4578,0,0,0,5,25,125,40,40,15786,5,10,4393,0,0,0,5,25,125
202205,428,37980,C,Philadelphia-Camden-Wilmington  PA-NJ-DE-MD ,737,737,149160,35,70,6760,19,62,8147,32,377,38653,462,462,101066,34,68,6645,19,62,8147,20,295,30049
202205,428,39740,C,Reading  PA ,23,23,5895,0,0,0,0,0,0,0,0,0,7,7,1567,0,0,0,0,0,0,0,0,0
202205,428,47220,C,Vineland-Bridgeton  NJ ,13,13,1683,0,0,0,0,0,0,0,0,0,12,12,1602,0,0,0,0,0,0,0,0,0
202205,429,38060,C,Phoenix-Mesa-Chandler  AZ ,2752,2752,753283,74,148,15598,2,8,2653,35,1126,143368,2382,2382,655611,73,146,15338,2,8,2653,33,994,121658
202205,430,38300,C,Pittsburgh  PA ,326,326,92955,4,8,1366,8,25,5755,6,57,7362,168,168,56261,2,4,900,4,12,2655,1,5,875
202205,430,48260,C,Weirton-Steubenville  WV-OH ,2,2,424,0,0,0,0,0,0,0,0,0,0,0,0,0,0,0,0,0,0,0,0,0
202205,438,30340,C,Lewiston-Auburn  ME ,32,32,7766,0,0,0,0,0,0,5,60,5000,24,24,5749,0,0,0,0,0,0,5,60,5000
202205,438,38860,C,Portland-South Portland  ME ,220,220,70953,3,6,1048,1,3,550,4,25,3242,83,83,34379,1,2,256,1,3,550,0,0,0
202205,440,10540,C,Albany-Lebanon  OR ,26,26,6963,1,2,361,0,0,0,2,17,2189,9,9,3025,0,0,0,0,0,0,0,0,0
202205,440,18700,C,Corvallis  OR ,24,24,6772,0,0,0,0,0,0,0,0,0,24,24,6772,0,0,0,0,0,0,0,0,0
202205,440,31020,C,Longview  WA ,32,32,9632,0,0,0,0,0,0,2,24,2602,30,30,9037,0,0,0,0,0,0,2,24,2602
202205,440,38900,C,Portland-Vancouver-Hillsboro  OR-WA ,651,651,208560,14,28,4939,2,7,1671,13,275,39758,575,575,187741,13,26,4423,1,4,1100,8,224,31506
202205,440,41420,C,Salem  OR ,83,83,24826,1,2,475,0,0,0,9,113,11940,33,33,11111,0,0,0,0,0,0,7,84,8905
202205,444,39380,C,Pueblo  CO ,61,61,9871,0,0,0,0,0,0,0,0,0,0,0,0,0,0,0,0,0,0,0,0,0
202205,450,20500,C,Durham-Chapel Hill  NC ,291,291,97971,4,8,1259,1,3,672,6,418,70045,228,228,73606,4,8,1259,0,0,0,5,381,66812
202205,450,39580,C,Raleigh-Cary  NC ,1097,1097,292843,3,6,1120,0,0,0,17,539,70621,1038,1038,282884,3,6,1120,0,0,0,16,511,68942
202205,452,39660,C,Rapid City  SD ,85,85,25866,0,0,0,1,4,465,9,396,48284,82,82,24925,0,0,0,1,4,465,9,396,48284
202205,454,39820,C,Redding  CA ,25,25,7201,0,0,0,0,0,0,0,0,0,12,12,3493,0,0,0,0,0,0,0,0,0
202205,456,16180,C,Carson City  NV ,17,17,4491,0,0,0,0,0,0,1,6,599,0,0,0,0,0,0,0,0,0,0,0,0
202205,456,39900,C,Reno  NV ,231,231,62971,5,10,1287,2,6,792,14,301,36247,58,58,14017,2,4,659,0,0,0,5,120,13212
202205,462,40340,C,Rochester  MN ,45,45,14263,0,0,0,0,0,0,0,0,0,25,25,8927,0,0,0,0,0,0,0,0,0
202205,464,40380,C,Rochester  NY ,111,111,32891,4,8,1550,4,12,600,2,68,10357,70,70,22341,3,6,900,4,12,600,2,68,10357
202205,466,40420,C,Rockford  IL ,17,17,2412,0,0,0,0,0,0,0,0,0,9,9,1117,0,0,0,0,0,0,0,0,0
202205,468,40580,C,Rocky Mount  NC ,47,47,7891,0,0,0,0,0,0,0,0,0,23,23,4045,0,0,0,0,0,0,0,0,0
202205,472,40900,C,Sacramento-Roseville-Folsom  CA ,746,746,219813,4,8,903,0,0,0,14,329,41813,725,725,213879,4,8,903,0,0,0,14,329,41813
202205,472,49700,C,Yuba City  CA ,65,65,18519,1,2,174,0,0,0,1,6,693,61,61,17083,0,0,0,0,0,0,0,0,0
202205,474,13020,C,Bay City  MI ,7,7,1567,0,0,0,0,0,0,0,0,0,0,0,0,0,0,0,0,0,0,0,0,0
202205,474,33220,C,Midland  MI ,14,14,3150,1,2,235,0,0,0,0,0,0,3,3,935,0,0,0,0,0,0,0,0,0
202205,474,40980,C,Saginaw  MI ,13,13,3409,0,0,0,1,3,495,0,0,0,10,10,2781,0,0,0,0,0,0,0,0,0
202205,476,41180,C,St. Louis  MO-IL ,473,473,138607,7,14,2475,0,0,0,16,585,82522,343,343,95303,4,8,1542,0,0,0,11,473,69919
202205,480,41540,C,Salisbury  MD-DE ,413,413,65681,7,14,3949,0,0,0,0,0,0,405,405,64696,7,14,3949,0,0,0,0,0,0
202205,482,36260,C,Ogden-Clearfield  UT ,315,315,100983,0,0,0,4,14,2270,13,124,17693,265,265,85845,0,0,0,2,6,1075,12,119,17149
202205,482,39340,C,Provo-Orem  UT ,541,541,193116,2,4,1214,1,3,605,14,398,72981,529,529,186632,2,4,1214,1,3,605,14,398,72981
202205,482,41620,C,Salt Lake City  UT ,298,298,87812,5,10,1485,5,17,3697,7,305,45387,267,267,78900,2,4,959,2,8,1980,2,26,7165
202205,484,41700,C,San Antonio-New Braunfels  TX ,1064,1064,270626,12,24,3125,0,0,0,19,904,122554,971,971,251598,12,24,3125,0,0,0,19,904,122554
202205,488,32900,C,Merced  CA ,24,24,9256,0,0,0,0,0,0,0,0,0,2,2,571,0,0,0,0,0,0,0,0,0
202205,488,33700,C,Modesto  CA ,70,70,19154,0,0,0,0,0,0,3,15,1300,46,46,13701,0,0,0,0,0,0,2,10,600
202205,488,34900,C,Napa  CA ,12,12,3734,0,0,0,0,0,0,2,76,12117,0,0,0,0,0,0,0,0,0,0,0,0
202205,488,41860,C,San Francisco-Oakland-Berkeley  CA ,398,398,146415,3,6,2251,16,56,10926,19,453,89129,289,289,110787,2,4,720,14,50,9138,8,357,64661
202205,488,41940,C,San Jose-Sunnyvale-Santa Clara  CA ,165,165,62158,1,2,270,0,0,0,8,45,8986,106,106,39948,1,2,270,0,0,0,6,30,5429
202205,488,42100,C,Santa Cruz-Watsonville  CA ,26,26,5359,0,0,0,0,0,0,1,6,463,9,9,2584,0,0,0,0,0,0,0,0,0
202205,488,42220,C,Santa Rosa-Petaluma  CA ,52,52,14240,1,2,527,0,0,0,4,177,44023,30,30,8671,1,2,527,0,0,0,1,147,30000
202205,488,44700,C,Stockton  CA ,302,302,120260,0,0,0,0,0,0,2,22,2665,211,211,96947,0,0,0,0,0,0,0,0,0
202205,488,46700,C,Vallejo  CA ,82,82,24450,0,0,0,0,0,0,0,0,0,71,71,21766,0,0,0,0,0,0,0,0,0
202205,496,25980,C,Hinesville  GA ,62,62,12862,0,0,0,0,0,0,0,0,0,33,33,5924,0,0,0,0,0,0,0,0,0
202205,496,42340,C,Savannah  GA ,178,178,53905,7,14,1377,3,12,1619,2,12,1619,125,125,42178,7,14,1377,3,12,1619,2,12,1619
202205,500,14740,C,Bremerton-Silverdale-Port Orchard  WA ,111,111,38193,2,4,561,0,0,0,2,57,5856,111,111,38193,2,4,561,0,0,0,2,57,5856
202205,500,34580,C,Mount Vernon-Anacortes  WA ,27,27,9591,4,8,1800,0,0,0,2,29,3275,27,27,9591,4,8,1800,0,0,0,1,10,1502
202205,500,36500,C,Olympia-Lacey-Tumwater  WA ,69,69,19820,1,2,257,1,3,617,4,62,5916,50,50,15274,0,0,0,0,0,0,0,0,0
202205,500,42660,C,Seattle-Tacoma-Bellevue  WA ,788,788,285947,41,82,21419,16,55,11234,24,1195,186736,662,662,234358,40,80,20921,16,55,11234,17,1006,159771
202205,508,43340,C,Shreveport-Bossier City  LA ,81,81,19931,0,0,0,0,0,0,0,0,0,56,56,13094,0,0,0,0,0,0,0,0,0
202205,515,21140,C,Elkhart-Goshen  IN ,31,31,9687,0,0,0,0,0,0,0,0,0,31,31,9687,0,0,0,0,0,0,0,0,0
202205,515,35660,C,Niles  MI ,23,23,11616,0,0,0,0,0,0,0,0,0,11,11,5037,0,0,0,0,0,0,0,0,0
202205,515,43780,C,South Bend-Mishawaka  IN-MI ,40,40,15375,0,0,0,0,0,0,0,0,0,31,31,13069,0,0,0,0,0,0,0,0,0
202205,518,17660,C,Coeur dAlene  ID ,126,126,52507,3,6,1195,1,3,1257,3,46,5159,60,60,37962,2,4,807,0,0,0,0,0,0
202205,518,44060,C,Spokane-Spokane Valley  WA ,173,173,46741,4,8,1437,2,6,1648,3,46,5306,141,141,37934,2,4,1017,2,6,1648,1,24,3048
202205,522,44100,C,Springfield  IL ,19,19,6147,4,8,1280,0,0,0,0,0,0,14,14,4379,4,8,1280,0,0,0,0,0,0
202205,524,44300,C,State College  PA ,18,18,6777,1,2,315,0,0,0,0,0,0,11,11,5052,0,0,0,0,0,0,0,0,0
202205,532,45060,C,Syracuse  NY ,46,46,11730,2,4,155,0,0,0,1,5,313,22,22,6212,2,4,155,0,0,0,0,0,0
202205,534,45780,C,Toledo  OH ,83,83,34679,0,0,0,0,0,0,0,0,0,80,80,33950,0,0,0,0,0,0,0,0,0
202205,536,46060,C,Tucson  AZ ,365,365,119543,2,4,475,0,0,0,5,68,10205,228,228,83213,0,0,0,0,0,0,0,0,0
202205,538,46140,C,Tulsa  OK ,343,343,94872,4,8,1156,0,0,0,3,273,28846,292,292,81204,4,8,1156,0,0,0,1,262,28000
202205,540,46340,C,Tyler  TX ,33,33,8329,0,0,0,0,0,0,1,5,623,15,15,3843,0,0,0,0,0,0,0,0,0
202205,544,47020,C,Victoria  TX ,20,20,4428,0,0,0,0,0,0,0,0,0,17,17,4356,0,0,0,0,0,0,0,0,0
202205,545,47260,C,Virginia Beach-Norfolk-Newport News  VA-NC ,331,331,88773,1,2,260,0,0,0,16,448,45460,304,304,86419,1,2,260,0,0,0,16,448,45460
202205,548,12580,C,Baltimore-Columbia-Towson  MD ,344,344,85427,0,0,0,0,0,0,1,136,28727,324,324,81826,0,0,0,0,0,0,0,0,0
202205,548,15680,C,California-Lexington Park  MD ,21,21,8125,0,0,0,0,0,0,0,0,0,21,21,8125,0,0,0,0,0,0,0,0,0
202205,548,16540,C,Chambersburg-Waynesboro  PA ,28,28,7446,1,2,400,0,0,0,3,16,1549,22,22,6230,1,2,400,0,0,0,3,16,1549
202205,548,25180,C,Hagerstown-Martinsburg  MD-WV ,244,244,55587,2,4,860,0,0,0,0,0,0,238,238,54397,2,4,860,0,0,0,0,0,0
202205,548,47900,C,Washington-Arlington-Alexandria  DC-VA-MD-WV ,1118,1118,312226,3,6,771,0,0,0,26,1861,315928,999,999,278668,3,6,771,0,0,0,20,1742,299564
202205,548,49020,C,Winchester  VA-WV ,88,88,20596,0,0,0,0,0,0,0,0,0,88,88,20596,0,0,0,0,0,0,0,0,0
202205,554,48140,C,Wausau-Weston  WI ,44,44,13312,0,0,0,0,0,0,0,0,0,29,29,9020,0,0,0,0,0,0,0,0,0
202205,556,48620,C,Wichita  KS ,101,101,40234,27,54,6762,0,0,0,0,0,0,74,74,27362,24,48,6265,0,0,0,0,0,0
202205,558,48700,C,Williamsport  PA ,3,3,634,0,0,0,0,0,0,0,0,0,0,0,0,0,0,0,0,0,0,0,0,0
202205,566,49660,C,Youngstown-Warren-Boardman  OH-PA ,38,38,7984,1,2,377,0,0,0,0,0,0,23,23,5241,1,2,377,0,0,0,0,0,0
202205,999,10180,C,Abilene  TX ,44,44,11112,1,2,225,0,0,0,36,274,24000,44,44,11112,1,2,225,0,0,0,36,274,24000
202205,999,10500,C,Albany  GA ,17,17,2817,0,0,0,0,0,0,0,0,0,11,11,1402,0,0,0,0,0,0,0,0,0
202205,999,10780,C,Alexandria  LA ,18,18,4938,0,0,0,0,0,0,0,0,0,10,10,2830,0,0,0,0,0,0,0,0,0
202205,999,10900,C,Allentown-Bethlehem-Easton  PA-NJ ,125,125,33820,0,0,0,0,0,0,2,78,131,86,86,25247,0,0,0,0,0,0,1,67,5
202205,999,11260,C,Anchorage  AK ,73,73,22864,0,0,0,1,4,690,2,18,2730,3,3,625,0,0,0,0,0,0,0,0,0
202205,999,11500,C,Anniston-Oxford  AL ,14,14,2036,0,0,0,0,0,0,0,0,0,12,12,1727,0,0,0,0,0,0,0,0,0
202205,999,12260,C,Augusta-Richmond County  GA-SC ,365,365,88404,0,0,0,0,0,0,1,136,14813,162,162,44329,0,0,0,0,0,0,1,136,14813
202205,999,12420,C,Austin-Round Rock-Georgetown  TX ,1913,1913,481075,25,50,4189,3,9,2021,48,2680,126430,1224,1224,304126,21,42,3408,2,6,1763,47,2668,125202
202205,999,12540,C,Bakersfield  CA ,172,172,39268,1,2,88,0,0,0,1,5,154,66,66,13435,0,0,0,0,0,0,0,0,0
202205,999,12620,C,Bangor  ME ,37,37,8252,2,4,625,2,8,946,0,0,0,14,14,3220,1,2,341,2,8,946,0,0,0
202205,999,12940,C,Baton Rouge  LA ,371,371,84200,4,8,800,0,0,0,0,0,0,47,47,9329,4,8,800,0,0,0,0,0,0
202205,999,13140,C,Beaumont-Port Arthur  TX ,108,108,28479,1,2,426,0,0,0,1,6,600,92,92,25435,1,2,426,0,0,0,1,6,600
202205,999,13220,C,Beckley  WV ,10,10,2590,0,0,0,0,0,0,0,0,0,10,10,2590,0,0,0,0,0,0,0,0,0
202205,999,13380,C,Bellingham  WA ,77,77,22929,3,6,987,1,4,719,4,69,8488,49,49,14932,2,4,294,1,4,719,4,69,8488
202205,999,13740,C,Billings  MT ,34,34,11953,0,0,0,0,0,0,0,0,0,34,34,11953,0,0,0,0,0,0,0,0,0
202205,999,13780,C,Binghamton  NY ,11,11,2249,0,0,0,0,0,0,3,20,2127,2,2,558,0,0,0,0,0,0,0,0,0
202205,999,13900,C,Bismarck  ND ,47,47,16027,8,16,2003,0,0,0,0,0,0,40,40,13917,8,16,2003,0,0,0,0,0,0
202205,999,13980,C,Blacksburg-Christiansburg  VA ,31,31,8908,0,0,0,0,0,0,0,0,0,30,30,8793,0,0,0,0,0,0,0,0,0
202205,999,15260,C,Brunswick  GA ,57,57,19299,0,0,0,0,0,0,0,0,0,0,0,0,0,0,0,0,0,0,0,0,0
202205,999,16060,C,Carbondale-Marion  IL ,4,4,1006,0,0,0,0,0,0,0,0,0,1,1,544,0,0,0,0,0,0,0,0,0
202205,999,16220,C,Casper  WY ,10,10,2556,0,0,0,0,0,0,1,5,498,2,2,260,0,0,0,0,0,0,0,0,0
202205,999,16580,C,Champaign-Urbana  IL ,21,21,7760,0,0,0,8,32,4000,0,0,0,19,19,7021,0,0,0,8,32,4000,0,0,0
202205,999,16700,C,Charleston-North Charleston  SC ,489,489,160632,1,2,128,1,4,1151,6,158,13234,173,173,67902,0,0,0,1,4,1151,0,0,0
202205,999,16820,C,Charlottesville  VA ,90,90,28995,1,2,346,0,0,0,4,41,6018,31,31,6558,0,0,0,0,0,0,0,0,0
202205,999,16940,C,Cheyenne  WY ,49,49,12511,0,0,0,0,0,0,0,0,0,48,48,12283,0,0,0,0,0,0,0,0,0
202205,999,17020,C,Chico  CA ,94,94,21834,0,0,0,0,0,0,0,0,0,72,72,17464,0,0,0,0,0,0,0,0,0
202205,999,17300,C,Clarksville  TN-KY ,144,144,32503,3,6,1520,1,3,275,11,73,7872,141,141,32048,3,6,1520,1,3,275,11,73,7872
202205,999,17780,C,College Station-Bryan  TX ,178,178,39409,1,2,330,0,0,0,0,0,0,177,177,39204,1,2,330,0,0,0,0,0,0
202205,999,17820,C,Colorado Springs  CO ,403,403,155713,1,2,218,0,0,0,7,422,60256,403,403,155713,1,2,218,0,0,0,7,422,60256
202205,999,18880,C,Crestview-Fort Walton Beach-Destin  FL ,249,249,112109,0,0,0,0,0,0,1,20,36500,249,249,112109,0,0,0,0,0,0,1,20,36500
202205,999,19060,C,Cumberland  MD-WV ,9,9,2369,0,0,0,0,0,0,0,0,0,8,8,2184,0,0,0,0,0,0,0,0,0
202205,999,19180,C,Danville  IL ,0,0,0,0,0,0,0,0,0,0,0,0,0,0,0,0,0,0,0,0,0,0,0,0
202205,999,19500,C,Decatur  IL ,4,4,1458,0,0,0,0,0,0,0,0,0,2,2,1015,0,0,0,0,0,0,0,0,0
202205,999,20220,C,Dubuque  IA ,15,15,4444,0,0,0,0,0,0,1,19,498,9,9,2371,0,0,0,0,0,0,0,0,0
202205,999,20260,C,Duluth  MN-WI ,86,86,22039,0,0,0,0,0,0,1,33,6400,72,72,18355,0,0,0,0,0,0,1,33,6400
202205,999,20940,C,El Centro  CA ,28,28,5295,0,0,0,0,0,0,0,0,0,15,15,2842,0,0,0,0,0,0,0,0,0
202205,999,21420,C,Enid  OK ,3,3,998,0,0,0,0,0,0,0,0,0,3,3,998,0,0,0,0,0,0,0,0,0
202205,999,21660,C,Eugene-Springfield  OR ,80,80,24028,0,0,0,0,0,0,0,0,0,55,55,17461,0,0,0,0,0,0,0,0,0
202205,999,21780,C,Evansville  IN-KY ,101,101,36299,3,6,927,0,0,0,6,50,1850,73,73,28550,1,2,390,0,0,0,6,50,1850
202205,999,21820,C,Fairbanks  AK ,1,1,295,0,0,0,1,3,455,0,0,0,0,0,0,0,0,0,0,0,0,0,0,0
202205,999,22140,C,Farmington  NM ,13,13,2244,0,0,0,0,0,0,0,0,0,13,13,2244,0,0,0,0,0,0,0,0,0
202205,999,22220,C,Fayetteville-Springdale-Rogers  AR-MO ,550,550,157234,13,26,3911,6,24,5627,6,91,9069,410,410,123432,11,22,2996,5,20,5107,0,0,0
202205,999,22380,C,Flagstaff  AZ ,45,45,17741,0,0,0,0,0,0,0,0,0,45,45,17741,0,0,0,0,0,0,0,0,0
202205,999,22500,C,Florence  SC ,81,81,11549,0,0,0,0,0,0,0,0,0,81,81,11549,0,0,0,0,0,0,0,0,0
202205,999,22520,C,Florence-Muscle Shoals  AL ,31,31,3841,22,44,1760,0,0,0,0,0,0,12,12,1693,22,44,1760,0,0,0,0,0,0
202205,999,22540,C,Fond du Lac  WI ,15,15,4641,0,0,0,0,0,0,1,8,634,2,2,698,0,0,0,0,0,0,0,0,0
202205,999,22660,C,Fort Collins  CO ,176,176,61584,0,0,0,0,0,0,2,172,47876,176,176,61584,0,0,0,0,0,0,2,172,47876
202205,999,22900,C,Fort Smith  AR-OK ,36,36,8070,5,10,929,1,4,375,1,9,135,29,29,7118,5,10,929,1,4,375,1,9,135
202205,999,23460,C,Gadsden  AL ,11,11,1867,0,0,0,0,0,0,0,0,0,2,2,449,0,0,0,0,0,0,0,0,0
202205,999,24140,C,Goldsboro  NC ,24,24,5366,0,0,0,0,0,0,0,0,0,24,24,5366,0,0,0,0,0,0,0,0,0
202205,999,24220,C,Grand Forks  ND-MN ,32,32,9965,0,0,0,0,0,0,0,0,0,31,31,9740,0,0,0,0,0,0,0,0,0
202205,999,24260,C,Grand Island  NE ,14,14,3264,1,2,350,0,0,0,0,0,0,11,11,2714,0,0,0,0,0,0,0,0,0
202205,999,24300,C,Grand Junction  CO ,56,56,9823,0,0,0,0,0,0,1,20,1025,56,56,9823,0,0,0,0,0,0,1,20,1025
202205,999,24500,C,Great Falls  MT ,19,19,4505,0,0,0,0,0,0,0,0,0,19,19,4505,0,0,0,0,0,0,0,0,0
202205,999,25060,C,Gulfport-Biloxi  MS ,314,314,35135,1,2,185,1,4,401,1,11,931,210,210,18131,0,0,0,0,0,0,0,0,0
202205,999,25860,C,Hickory-Lenoir-Morganton  NC ,149,149,40341,5,10,1245,0,0,0,26,176,25550,137,137,38302,4,8,885,0,0,0,25,166,24992
202205,999,25940,C,Hilton Head Island-Bluffton  SC ,214,214,90505,0,0,0,0,0,0,2,71,11521,15,15,12839,0,0,0,0,0,0,0,0,0
202205,999,26140,C,Homosassa Springs  FL ,163,163,35938,2,4,396,0,0,0,0,0,0,0,0,0,1,2,210,0,0,0,0,0,0
202205,999,26380,C,Houma-Thibodaux  LA ,43,43,12263,1,2,156,0,0,0,0,0,0,28,28,8212,0,0,0,0,0,0,0,0,0
202205,999,27100,C,Jackson  MI ,16,16,3644,0,0,0,0,0,0,0,0,0,7,7,974,0,0,0,0,0,0,0,0,0
202205,999,27340,C,Jacksonville  NC ,104,104,21632,0,0,0,0,0,0,0,0,0,104,104,21632,0,0,0,0,0,0,0,0,0
202205,999,27620,C,Jefferson City  MO ,19,19,6517,0,0,0,1,4,522,0,0,0,14,14,5275,0,0,0,1,4,522,0,0,0
202205,999,27980,C,Kahului-Wailuku-Lahaina  HI ,19,19,8092,21,42,5286,0,0,0,0,0,0,19,19,8092,21,42,5286,0,0,0,0,0,0
202205,999,28660,C,Killeen-Temple  TX ,281,281,64525,20,40,4452,0,0,0,0,0,0,255,255,58854,18,36,4058,0,0,0,0,0,0
202205,999,29100,C,La Crosse-Onalaska  WI-MN ,19,19,7166,4,8,1446,0,0,0,2,67,7377,11,11,4649,0,0,0,0,0,0,1,51,5333
202205,999,29420,C,Lake Havasu City-Kingman  AZ ,235,235,63959,2,4,414,0,0,0,0,0,0,205,205,59698,1,2,144,0,0,0,0,0,0
202205,999,29540,C,Lancaster  PA ,55,55,18481,0,0,0,4,14,2127,0,0,0,44,44,15984,0,0,0,3,11,1680,0,0,0
202205,999,29620,C,Lansing-East Lansing  MI ,52,52,15112,0,0,0,0,0,0,1,5,698,24,24,7026,0,0,0,0,0,0,0,0,0
202205,999,29700,C,Laredo  TX ,122,122,19595,2,4,353,1,3,381,1,15,975,0,0,0,0,0,0,0,0,0,0,0,0
202205,999,30020,C,Lawton  OK ,9,9,1426,0,0,0,0,0,0,0,0,0,0,0,0,0,0,0,0,0,0,0,0,0
202205,999,30300,C,Lewiston  ID-WA ,16,16,4926,0,0,0,0,0,0,0,0,0,15,15,4523,0,0,0,0,0,0,0,0,0
202205,999,30860,C,Logan  UT-ID ,119,119,42059,0,0,0,0,0,0,0,0,0,104,104,38210,0,0,0,0,0,0,0,0,0
202205,999,30980,C,Longview  TX ,37,37,8767,0,0,0,0,0,0,1,6,656,26,26,6584,0,0,0,0,0,0,0,0,0
202205,999,31340,C,Lynchburg  VA ,47,47,14347,0,0,0,0,0,0,4,125,11079,44,44,13738,0,0,0,0,0,0,3,115,10820
202205,999,31740,C,Manhattan  KS ,26,26,7685,0,0,0,0,0,0,0,0,0,11,11,2985,0,0,0,0,0,0,0,0,0
202205,999,33540,C,Missoula  MT ,36,36,10775,1,2,167,0,0,0,10,146,6952,36,36,10775,1,2,167,0,0,0,10,146,6952
202205,999,36100,C,Ocala  FL ,369,369,92442,0,0,0,0,0,0,9,431,58618,369,369,92442,0,0,0,0,0,0,9,431,58618
202205,999,36980,C,Owensboro  KY ,20,20,1823,0,0,0,0,0,0,0,0,0,19,19,1621,0,0,0,0,0,0,0,0,0
202205,999,37340,C,Palm Bay-Melbourne-Titusville  FL ,373,373,137296,0,0,0,0,0,0,0,0,0,359,359,134293,0,0,0,0,0,0,0,0,0
202205,999,37460,C,Panama City  FL ,202,202,71718,2,4,475,0,0,0,0,0,0,187,187,67992,2,4,475,0,0,0,0,0,0
202205,999,37900,C,Peoria  IL ,24,24,9949,1,2,160,0,0,0,0,0,0,20,20,9091,0,0,0,0,0,0,0,0,0
202205,999,38340,C,Pittsfield  MA ,9,9,4173,0,0,0,0,0,0,0,0,0,0,0,0,0,0,0,0,0,0,0,0,0
202205,999,38540,C,Pocatello  ID ,33,33,6465,0,0,0,1,4,415,1,20,1800,22,22,5045,0,0,0,0,0,0,1,20,1800
202205,999,39150,C,Prescott Valley-Prescott  AZ ,153,153,46146,4,8,1163,0,0,0,5,56,5125,148,148,43621,4,8,1163,0,0,0,5,56,5125
202205,999,40060,C,Richmond  VA ,497,497,121001,0,0,0,0,0,0,12,287,75823,467,467,115418,0,0,0,0,0,0,11,279,75051
202205,999,40220,C,Roanoke  VA ,43,43,12234,0,0,0,0,0,0,1,33,4033,21,21,5650,0,0,0,0,0,0,0,0,0
202205,999,41100,C,St. George  UT ,216,216,43511,1,2,221,0,0,0,5,122,11211,170,170,35551,0,0,0,0,0,0,5,122,11211
202205,999,41500,C,Salinas  CA ,37,37,9697,1,2,589,0,0,0,2,14,2077,9,9,2479,0,0,0,0,0,0,0,0,0
202205,999,41660,C,San Angelo  TX ,18,18,4558,0,0,0,0,0,0,0,0,0,18,18,4558,0,0,0,0,0,0,0,0,0
202205,999,41740,C,San Diego-Chula Vista-Carlsbad  CA ,466,466,144939,5,10,1246,15,55,10333,17,175,37990,458,458,142486,5,10,1246,15,55,10333,16,170,37432
202205,999,42020,C,San Luis Obispo-Paso Robles  CA ,51,51,14040,0,0,0,1,4,695,5,59,2609,22,22,7946,0,0,0,0,0,0,3,40,0
202205,999,42200,C,Santa Maria-Santa Barbara  CA ,38,38,9425,1,2,286,2,6,300,2,39,4621,11,11,8088,0,0,0,2,6,300,0,0,0
202205,999,42540,C,Scranton--Wilkes-Barre  PA ,50,50,14922,0,0,0,0,0,0,0,0,0,19,19,6636,0,0,0,0,0,0,0,0,0
202205,999,42700,C,Sebring-Avon Park  FL ,40,40,9277,0,0,0,0,0,0,0,0,0,40,40,9277,0,0,0,0,0,0,0,0,0
202205,999,43100,C,Sheboygan  WI ,12,12,4072,1,2,532,0,0,0,0,0,0,2,2,605,0,0,0,0,0,0,0,0,0
202205,999,43420,C,Sierra Vista-Douglas  AZ ,42,42,4787,1,2,275,0,0,0,0,0,0,39,39,4081,0,0,0,0,0,0,0,0,0
202205,999,43580,C,Sioux City  IA-NE-SD ,21,21,5785,0,0,0,1,3,0,0,0,0,8,8,2040,0,0,0,0,0,0,0,0,0
202205,999,43620,C,Sioux Falls  SD ,207,207,55150,3,6,1048,20,79,3841,27,787,98979,196,196,52282,3,6,1048,19,76,3545,26,782,98573
202205,999,44140,C,Springfield  MA ,40,40,12312,0,0,0,0,0,0,1,6,756,22,22,8422,0,0,0,0,0,0,0,0,0
202205,999,44180,C,Springfield  MO ,125,125,32923,4,8,975,2,6,950,1,23,3000,86,86,22149,4,8,975,2,6,950,1,23,3000
202205,999,44940,C,Sumter  SC ,38,38,6769,0,0,0,0,0,0,0,0,0,31,31,5652,0,0,0,0,0,0,0,0,0
202205,999,45220,C,Tallahassee  FL ,117,117,25636,1,2,222,0,0,0,4,129,16507,32,32,8761,0,0,0,0,0,0,0,0,0
202205,999,45300,C,Tampa-St. Petersburg-Clearwater  FL ,1603,1603,451250,5,10,1517,0,0,0,18,700,172800,1572,1572,442866,4,8,1237,0,0,0,14,678,167439
202205,999,45460,C,Terre Haute  IN ,15,15,2856,0,0,0,0,0,0,1,5,471,7,7,1439,0,0,0,0,0,0,0,0,0
202205,999,45500,C,Texarkana  TX-AR ,12,12,2140,0,0,0,0,0,0,0,0,0,6,6,750,0,0,0,0,0,0,0,0,0
202205,999,45820,C,Topeka  KS ,41,41,10124,0,0,0,0,0,0,0,0,0,34,34,8762,0,0,0,0,0,0,0,0,0
202205,999,46220,C,Tuscaloosa  AL ,71,71,19255,0,0,0,3,10,754,2,60,9940,31,31,9287,0,0,0,0,0,0,0,0,0
202205,999,46300,C,Twin Falls  ID ,45,45,12572,0,0,0,0,0,0,0,0,0,40,40,11624,0,0,0,0,0,0,0,0,0
202205,999,46520,C,Urban Honolulu  HI ,39,39,15898,6,12,1050,0,0,0,3,34,6602,39,39,15898,6,12,1050,0,0,0,3,34,6602
202205,999,46540,C,Utica-Rome  NY ,20,20,8575,0,0,0,0,0,0,2,14,1971,9,9,6287,0,0,0,0,0,0,0,0,0
202205,999,46660,C,Valdosta  GA ,173,173,33511,1,2,133,0,0,0,1,13,1277,110,110,22797,0,0,0,0,0,0,0,0,0
202205,999,47300,C,Visalia  CA ,163,163,47163,0,0,0,0,0,0,4,32,3181,163,163,47163,0,0,0,0,0,0,4,32,3181
202205,999,47380,C,Waco  TX ,96,96,14298,1,2,180,0,0,0,1,5,514,79,79,11263,1,2,180,0,0,0,0,0,0
202205,999,47940,C,Waterloo-Cedar Falls  IA ,12,12,4709,0,0,0,0,0,0,0,0,0,7,7,2039,0,0,0,0,0,0,0,0,0
202205,999,48060,C,Watertown-Fort Drum  NY ,14,14,2698,0,0,0,0,0,0,0,0,0,1,1,150,0,0,0,0,0,0,0,0,0
202205,999,48300,C,Wenatchee  WA ,63,63,19695,1,2,290,8,32,7181,2,15,2270,31,31,13614,1,2,290,8,32,7181,1,10,1682
202205,999,48540,C,Wheeling  WV-OH ,1,1,198,0,0,0,0,0,0,0,0,0,1,1,198,0,0,0,0,0,0,0,0,0
202205,999,48660,C,Wichita Falls  TX ,20,20,3900,0,0,0,0,0,0,0,0,0,14,14,2542,0,0,0,0,0,0,0,0,0
202205,999,48900,C,Wilmington  NC ,235,235,82382,3,6,1261,0,0,0,5,155,20277,102,102,37366,0,0,0,0,0,0,0,0,0
202205,999,49420,C,Yakima  WA ,51,51,13307,0,0,0,2,6,551,3,26,3639,42,42,11017,0,0,0,0,0,0,1,16,1379
202205,999,49740,C,Yuma  AZ ,84,84,12721,2,4,493,0,0,0,0,0,0,79,79,11955,2,4,493,0,0,0,0,0,0
