Survey,CSA,CBSA,MONCOV,CBSA,,1-unit,,,2-units,,,3-4 units,,,5+ units,,,1-unit rep,,,2-units rep,,,3-4 units rep,,,5+ units rep
Date,Code,Code,,Name,Bldgs,Units,Value,Bldgs,Units,Value,Bldgs,Units,Value,Bldgs,Units,Value,Bldgs,Units,Value,Bldgs,Units,Value,      Bldgs,Units,Value,Bldgs,Units,Value
 
202304,104,10580,C,Albany-Schenectady-Troy  NY ,114,114,40144,4,8,1550,1,4,1000,7,128,25273,80,80,28386,1,2,250,1,4,1000,2,102,21873
202304,104,24020,C,Glens Falls  NY ,21,21,6705,1,2,346,0,0,0,0,0,0,21,21,6705,1,2,346,0,0,0,0,0,0
202304,106,10740,C,Albuquerque  NM ,158,158,37194,0,0,0,0,0,0,3,18,1587,133,133,30656,0,0,0,0,0,0,1,8,1171
202304,106,42140,C,Santa Fe  NM ,13,13,6371,1,2,295,0,0,0,2,28,3181,0,0,0,0,0,0,0,0,0,0,0,0
202304,107,11020,C,Altoona  PA ,7,7,3328,0,0,0,0,0,0,0,0,0,6,6,2969,0,0,0,0,0,0,0,0,0
202304,108,11100,C,Amarillo  TX ,59,59,16646,0,0,0,0,0,0,0,0,0,53,53,15132,0,0,0,0,0,0,0,0,0
202304,118,11540,C,Appleton  WI ,41,41,13616,0,0,0,1,4,555,2,12,1665,38,38,12469,0,0,0,1,4,555,2,12,1665
202304,118,36780,C,Oshkosh-Neenah  WI ,23,23,9557,1,2,250,0,0,0,0,0,0,22,22,9166,1,2,250,0,0,0,0,0,0
202304,120,11700,C,Asheville  NC ,201,201,87136,0,0,0,0,0,0,2,26,5219,74,74,35937,0,0,0,0,0,0,0,0,0
202304,122,12020,C,Athens-Clarke County  GA ,50,50,17494,0,0,0,0,0,0,6,129,17178,23,23,10004,0,0,0,0,0,0,6,129,17178
202304,122,12060,C,Atlanta-Sandy Springs-Alpharetta  GA ,2130,2130,583686,4,8,1576,9,32,4985,12,848,123257,1826,1826,512417,4,8,1576,9,32,4985,9,810,117097
202304,122,23580,C,Gainesville  GA ,88,88,21643,0,0,0,3,12,1138,3,18,1851,16,16,4677,0,0,0,3,12,1138,3,18,1851
202304,122,40660,C,Rome  GA ,20,20,4843,0,0,0,0,0,0,0,0,0,20,20,4843,0,0,0,0,0,0,0,0,0
202304,140,13460,C,Bend  OR ,94,94,32552,2,4,875,0,0,0,2,37,4226,50,50,19070,0,0,0,0,0,0,0,0,0
202304,142,13820,C,Birmingham-Hoover  AL ,189,189,63634,0,0,0,0,0,0,0,0,0,140,140,49277,0,0,0,0,0,0,0,0,0
202304,144,14020,C,Bloomington  IN ,26,26,6659,0,0,0,0,0,0,0,0,0,21,21,5427,0,0,0,0,0,0,0,0,0
202304,145,14010,C,Bloomington  IL ,24,24,6438,0,0,0,0,0,0,0,0,0,10,10,2676,0,0,0,0,0,0,0,0,0
202304,146,14100,C,Bloomsburg-Berwick  PA ,5,5,1313,1,2,260,0,0,0,0,0,0,2,2,555,1,2,260,0,0,0,0,0,0
202304,147,14260,C,Boise City  ID ,561,561,148747,3,6,1009,9,36,4776,11,122,16186,463,463,117391,0,0,0,5,20,2992,7,72,9258
202304,148,12700,C,Barnstable Town  MA ,29,29,17670,0,0,0,0,0,0,0,0,0,21,21,13807,0,0,0,0,0,0,0,0,0
202304,148,14460,C,Boston-Cambridge-Newton  MA-NH ,291,291,135709,14,28,5940,5,15,3752,34,310,51230,164,164,90260,7,14,2465,3,9,2170,8,129,27164
202304,148,31700,C,Manchester-Nashua  NH ,38,38,12807,13,26,8743,0,0,0,0,0,0,23,23,8251,13,26,8743,0,0,0,0,0,0
202304,148,39300,C,Providence-Warwick  RI-MA ,102,102,29094,10,20,2843,1,3,525,2,58,16732,38,38,11387,6,12,1753,0,0,0,1,50,15591
202304,148,49340,C,Worcester  MA-CT ,77,77,23926,4,8,2371,0,0,0,2,13,1178,35,35,11991,4,8,2371,0,0,0,1,8,800
202304,150,14540,C,Bowling Green  KY ,67,67,19557,0,0,0,2,8,1200,0,0,0,67,67,19557,0,0,0,2,8,1200,0,0,0
202304,154,15180,C,Brownsville-Harlingen  TX ,149,149,28255,5,10,974,1,3,451,2,26,3356,3,3,496,0,0,0,0,0,0,0,0,0
202304,160,15380,C,Buffalo-Cheektowaga  NY ,62,62,21439,1,2,450,1,3,409,3,22,3200,42,42,15739,0,0,0,0,0,0,2,12,958
202304,162,15540,C,Burlington-South Burlington  VT ,40,40,13545,1,2,117,0,0,0,2,10,385,28,28,9990,0,0,0,0,0,0,0,0,0
202304,163,15980,C,Cape Coral-Fort Myers  FL ,500,500,109470,40,80,9814,0,0,0,9,494,80275,498,498,107021,40,80,9814,0,0,0,9,494,80275
202304,163,34940,C,Naples-Marco Island  FL ,267,267,102572,2,4,929,4,16,3711,3,104,20849,16,16,26723,0,0,0,0,0,0,0,0,0
202304,164,16020,C,Cape Girardeau  MO-IL ,3,3,664,0,0,0,0,0,0,0,0,0,0,0,0,0,0,0,0,0,0,0,0,0
202304,168,16300,C,Cedar Rapids  IA ,42,42,10165,2,4,1000,1,3,190,0,0,0,37,37,9214,2,4,1000,0,0,0,0,0,0
202304,168,26980,C,Iowa City  IA ,35,35,12798,6,12,2927,1,3,582,1,6,595,27,27,10376,3,6,1481,0,0,0,0,0,0
202304,170,16620,C,Charleston  WV ,16,16,6850,0,0,0,0,0,0,0,0,0,13,13,6307,0,0,0,0,0,0,0,0,0
202304,170,26580,C,Huntington-Ashland  WV-KY-OH ,20,20,4928,0,0,0,0,0,0,0,0,0,2,2,1126,0,0,0,0,0,0,0,0,0
202304,172,16740,C,Charlotte-Concord-Gastonia  NC-SC ,1652,1652,448249,6,12,1764,0,0,0,34,2020,172718,1468,1468,392444,6,12,1764,0,0,0,32,1993,169254
202304,174,16860,C,Chattanooga  TN-GA ,207,207,42589,4,8,575,2,7,792,3,45,4821,160,160,31338,0,0,0,1,4,618,1,5,824
202304,174,17420,C,Cleveland  TN ,39,39,9894,0,0,0,3,10,1338,0,0,0,22,22,6815,0,0,0,3,10,1338,0,0,0
202304,174,19140,C,Dalton  GA ,38,38,7576,0,0,0,2,7,1091,1,5,610,30,30,5547,0,0,0,1,4,640,1,5,610
202304,176,16980,C,Chicago-Naperville-Elgin  IL-IN-WI ,652,652,232176,10,20,4176,14,44,8339,51,751,98535,522,522,191750,10,20,4176,14,44,8339,44,716,91774
202304,176,28100,C,Kankakee  IL ,3,3,1098,0,0,0,0,0,0,0,0,0,3,3,1098,0,0,0,0,0,0,0,0,0
202304,176,33140,C,Michigan City-La Porte  IN ,9,9,2205,0,0,0,0,0,0,0,0,0,6,6,1387,0,0,0,0,0,0,0,0,0
202304,178,17140,C,Cincinnati  OH-KY-IN ,316,316,98748,7,14,2451,4,13,2450,8,264,31388,279,279,91426,6,12,2101,4,13,2450,6,252,30462
202304,184,10420,C,Akron  OH ,76,76,22550,0,0,0,1,4,679,2,10,1442,66,66,18783,0,0,0,1,4,679,1,5,1375
202304,184,15940,C,Canton-Massillon  OH ,31,31,8660,2,4,500,4,12,1638,1,5,384,27,27,8193,2,4,500,3,9,1484,0,0,0
202304,184,17460,C,Cleveland-Elyria  OH ,232,232,62851,0,0,0,1,3,488,2,22,5335,200,200,50322,0,0,0,0,0,0,0,0,0
202304,190,17860,C,Columbia  MO ,55,55,21048,0,0,0,0,0,0,0,0,0,54,54,20937,0,0,0,0,0,0,0,0,0
202304,192,17900,C,Columbia  SC ,332,332,97552,1,2,210,0,0,0,9,258,24106,227,227,77246,1,2,210,0,0,0,9,258,24106
202304,194,12220,C,Auburn-Opelika  AL ,91,91,23376,1,2,283,0,0,0,2,62,10079,24,24,5934,0,0,0,0,0,0,0,0,0
202304,194,17980,C,Columbus  GA-AL ,45,45,12537,2,4,95,0,0,0,0,0,0,43,43,12082,2,4,95,0,0,0,0,0,0
202304,198,18140,C,Columbus  OH ,414,414,140396,6,12,1826,0,0,0,3,143,22018,352,352,116196,4,8,681,0,0,0,2,138,21711
202304,204,18580,C,Corpus Christi  TX ,150,150,34111,0,0,0,0,0,0,0,0,0,23,23,2780,0,0,0,0,0,0,0,0,0
202304,206,19100,C,Dallas-Fort Worth-Arlington  TX ,3960,3960,1130092,20,40,5879,31,107,15172,29,686,105454,3254,3254,943905,19,38,5693,4,12,1802,25,607,93373
202304,206,43300,C,Sherman-Denison  TX ,143,143,39459,3,6,882,0,0,0,2,22,3032,67,67,19418,3,6,882,0,0,0,2,22,3032
202304,209,19340,C,Davenport-Moline-Rock Island  IA-IL ,42,42,8953,3,6,1825,2,7,1029,1,5,524,34,34,7264,2,4,1500,2,7,1029,0,0,0
202304,212,19430,C,Dayton-Kettering  OH ,92,92,35207,0,0,0,0,0,0,1,17,2062,53,53,21909,0,0,0,0,0,0,0,0,0
202304,212,44220,C,Springfield  OH ,4,4,1374,0,0,0,11,44,3262,0,0,0,4,4,1374,0,0,0,11,44,3262,0,0,0
202304,216,14500,C,Boulder  CO ,63,63,39029,0,0,0,0,0,0,5,55,11513,40,40,29742,0,0,0,0,0,0,0,0,0
202304,216,19740,C,Denver-Aurora-Lakewood  CO ,660,660,215774,8,16,4410,6,21,4240,54,1248,199068,618,618,198895,7,14,3967,6,21,4240,51,1174,188034
202304,216,24540,C,Greeley  CO ,233,233,85064,6,12,2260,1,4,1219,3,43,6134,182,182,70898,5,10,2025,1,4,1219,0,0,0
202304,218,11180,C,Ames  IA ,13,13,3528,0,0,0,2,6,726,0,0,0,10,10,2693,0,0,0,2,6,726,0,0,0
202304,218,19780,C,Des Moines-West Des Moines  IA ,423,423,143851,1,2,713,3,9,2291,1,5,616,406,406,138205,1,2,713,1,3,778,0,0,0
202304,220,11460,C,Ann Arbor  MI ,30,30,10034,1,2,1200,1,4,540,10,60,8100,15,15,5693,1,2,1200,1,4,540,10,60,8100
202304,220,19820,C,Detroit-Warren-Dearborn  MI ,405,405,143174,0,0,0,6,22,5062,7,98,13890,314,314,118691,0,0,0,4,15,4042,7,98,13890
202304,220,22420,C,Flint  MI ,18,18,6752,1,2,400,0,0,0,0,0,0,12,12,3903,0,0,0,0,0,0,0,0,0
202304,220,33780,C,Monroe  MI ,16,16,4237,0,0,0,0,0,0,1,5,345,9,9,2352,0,0,0,0,0,0,0,0,0
202304,222,20020,C,Dothan  AL ,51,51,15104,0,0,0,1,4,572,0,0,0,36,36,12017,0,0,0,1,4,572,0,0,0
202304,232,20740,C,Eau Claire  WI ,38,38,15151,5,10,2009,1,3,445,4,28,5916,26,26,11184,0,0,0,0,0,0,2,12,3000
202304,236,21300,C,Elmira  NY ,1,1,299,0,0,0,0,0,0,1,5,560,0,0,0,0,0,0,0,0,0,0,0,0
202304,238,21340,C,El Paso  TX ,173,173,41608,3,6,775,1,3,395,1,14,1652,27,27,7709,0,0,0,0,0,0,0,0,0
202304,238,29740,C,Las Cruces  NM ,66,66,18477,1,2,274,0,0,0,0,0,0,38,38,11021,1,2,274,0,0,0,0,0,0
202304,240,21500,C,Erie  PA ,12,12,4690,0,0,0,0,0,0,1,6,475,8,8,3628,0,0,0,0,0,0,1,6,475
202304,244,22020,C,Fargo  ND-MN ,92,92,25130,0,0,0,0,0,0,0,0,0,89,89,23794,0,0,0,0,0,0,0,0,0
202304,246,22180,C,Fayetteville  NC ,232,232,53883,1,2,106,0,0,0,0,0,0,175,175,46054,1,2,106,0,0,0,0,0,0
202304,258,23060,C,Fort Wayne  IN ,249,249,85629,0,0,0,0,0,0,0,0,0,249,249,85629,0,0,0,0,0,0,0,0,0
202304,260,23420,C,Fresno  CA ,135,135,38414,1,2,348,0,0,0,7,94,4559,82,82,19558,1,2,348,0,0,0,2,69,1000
202304,260,25260,C,Hanford-Corcoran  CA ,51,51,20966,0,0,0,0,0,0,0,0,0,47,47,19972,0,0,0,0,0,0,0,0,0
202304,260,31460,C,Madera  CA ,198,198,64706,0,0,0,0,0,0,0,0,0,198,198,64706,0,0,0,0,0,0,0,0,0
202304,264,23540,C,Gainesville  FL ,98,98,23839,0,0,0,0,0,0,2,106,13636,18,18,3303,0,0,0,0,0,0,0,0,0
202304,266,24340,C,Grand Rapids-Kentwood  MI ,329,329,109288,3,6,1118,0,0,0,3,38,5803,286,286,94509,1,2,300,0,0,0,0,0,0
202304,266,34740,C,Muskegon  MI ,28,28,6355,1,2,288,0,0,0,0,0,0,23,23,5253,0,0,0,0,0,0,0,0,0
202304,267,24580,C,Green Bay  WI ,50,50,22437,9,18,3304,0,0,0,1,9,1080,46,46,20884,1,2,570,0,0,0,1,9,1080
202304,268,15500,C,Burlington  NC ,126,126,21192,0,0,0,0,0,0,1,6,2699,101,101,16734,0,0,0,0,0,0,0,0,0
202304,268,24660,C,Greensboro-High Point  NC ,143,143,35101,3,6,1100,0,0,0,1,33,6732,75,75,16437,3,6,1100,0,0,0,1,33,6732
202304,268,49180,C,Winston-Salem  NC ,286,286,72497,0,0,0,0,0,0,9,70,8472,253,253,65091,0,0,0,0,0,0,8,65,8275
202304,272,24780,C,Greenville  NC ,65,65,15351,0,0,0,0,0,0,0,0,0,37,37,8887,0,0,0,0,0,0,0,0,0
202304,273,24860,C,Greenville-Anderson  SC ,593,593,157902,9,18,1844,6,18,1250,1,5,425,545,545,146235,9,18,1844,6,18,1250,0,0,0
202304,273,43900,C,Spartanburg  SC ,204,204,35480,0,0,0,0,0,0,0,0,0,0,0,0,0,0,0,0,0,0,0,0,0
202304,276,23900,C,Gettysburg  PA ,12,12,3075,0,0,0,0,0,0,0,0,0,12,12,3075,0,0,0,0,0,0,0,0,0
202304,276,25420,C,Harrisburg-Carlisle  PA ,116,116,29109,0,0,0,0,0,0,2,11,1144,99,99,23925,0,0,0,0,0,0,0,0,0
202304,276,30140,C,Lebanon  PA ,16,16,3381,0,0,0,0,0,0,0,0,0,1,1,179,0,0,0,0,0,0,0,0,0
202304,276,49620,C,York-Hanover  PA ,81,81,20472,0,0,0,0,0,0,0,0,0,49,49,11558,0,0,0,0,0,0,0,0,0
202304,277,25500,C,Harrisonburg  VA ,31,31,7570,5,10,2200,0,0,0,0,0,0,31,31,7570,5,10,2200,0,0,0,0,0,0
202304,277,44420,C,Staunton  VA ,23,23,7298,1,2,294,0,0,0,0,0,0,23,23,7298,1,2,294,0,0,0,0,0,0
202304,278,25540,C,Hartford-East Hartford-Middletown  CT ,45,45,13104,0,0,0,0,0,0,3,30,2984,29,29,8600,0,0,0,0,0,0,0,0,0
202304,278,35980,C,Norwich-New London  CT ,19,19,6466,0,0,0,0,0,0,0,0,0,12,12,4158,0,0,0,0,0,0,0,0,0
202304,279,25620,C,Hattiesburg  MS ,9,9,1576,0,0,0,1,3,142,0,0,0,0,0,0,0,0,0,0,0,0,0,0,0
202304,284,26300,C,Hot Springs  AR ,7,7,2370,0,0,0,0,0,0,0,0,0,7,7,2370,0,0,0,0,0,0,0,0,0
202304,288,26420,C,Houston-The Woodlands-Sugar Land  TX ,4321,4321,1030130,107,214,33231,0,0,0,10,1227,292873,3719,3719,879629,107,214,33231,0,0,0,8,1215,292080
202304,290,19460,C,Decatur  AL ,11,11,2433,0,0,0,0,0,0,0,0,0,10,10,2311,0,0,0,0,0,0,0,0,0
202304,290,26620,C,Huntsville  AL ,261,261,49376,20,40,4531,0,0,0,0,0,0,133,133,18162,20,40,4531,0,0,0,0,0,0
202304,292,26820,C,Idaho Falls  ID ,48,48,13744,0,0,0,0,0,0,0,0,0,45,45,12554,0,0,0,0,0,0,0,0,0
202304,294,18020,C,Columbus  IN ,13,13,4966,0,0,0,0,0,0,0,0,0,13,13,4966,0,0,0,0,0,0,0,0,0
202304,294,26900,C,Indianapolis-Carmel-Anderson  IN ,559,559,201488,7,14,2770,9,27,7060,7,335,53672,486,486,181598,7,14,2770,9,27,7060,6,323,52240
202304,294,34620,C,Muncie  IN ,11,11,2789,0,0,0,0,0,0,0,0,0,3,3,780,0,0,0,0,0,0,0,0,0
202304,296,27060,C,Ithaca  NY ,7,7,1513,0,0,0,0,0,0,0,0,0,3,3,560,0,0,0,0,0,0,0,0,0
202304,297,27180,C,Jackson  TN ,29,29,6615,0,0,0,0,0,0,0,0,0,1,1,175,0,0,0,0,0,0,0,0,0
202304,298,27140,C,Jackson  MS ,110,110,32087,0,0,0,0,0,0,0,0,0,88,88,28105,0,0,0,0,0,0,0,0,0
202304,300,27260,C,Jacksonville  FL ,947,947,252196,58,116,15975,12,48,2700,0,0,0,940,940,249506,58,116,15975,12,48,2700,0,0,0
202304,304,27740,C,Johnson City  TN ,39,39,14368,0,0,0,0,0,0,0,0,0,24,24,12077,0,0,0,0,0,0,0,0,0
202304,304,28700,C,Kingsport-Bristol  TN-VA ,75,75,17490,0,0,0,1,3,346,1,5,292,58,58,15195,0,0,0,0,0,0,0,0,0
202304,306,27780,C,Johnstown  PA ,7,7,1912,0,0,0,0,0,0,0,0,0,0,0,0,0,0,0,0,0,0,0,0,0
202304,308,27860,C,Jonesboro  AR ,47,47,7374,5,10,688,9,30,1131,2,13,597,4,4,904,0,0,0,3,10,50,1,6,200
202304,309,27900,C,Joplin  MO ,41,41,11810,10,20,3588,0,0,0,3,15,1555,20,20,7874,8,16,2917,0,0,0,0,0,0
202304,310,12980,C,Battle Creek  MI ,10,10,2005,0,0,0,0,0,0,0,0,0,2,2,644,0,0,0,0,0,0,0,0,0
202304,310,28020,C,Kalamazoo-Portage  MI ,34,34,10959,0,0,0,0,0,0,0,0,0,25,25,6434,0,0,0,0,0,0,0,0,0
202304,312,28140,C,Kansas City  MO-KS ,451,451,134853,10,20,3756,4,15,3221,7,97,12904,397,397,116457,10,20,3756,4,15,3221,6,92,12163
202304,312,29940,C,Lawrence  KS ,17,17,6681,0,0,0,0,0,0,0,0,0,16,16,6412,0,0,0,0,0,0,0,0,0
202304,312,41140,C,St. Joseph  MO-KS ,10,10,2249,0,0,0,0,0,0,0,0,0,7,7,1627,0,0,0,0,0,0,0,0,0
202304,313,28420,C,Kennewick-Richland  WA ,110,110,37593,1,2,610,5,17,2504,3,31,4123,48,48,16131,0,0,0,1,4,300,0,0,0
202304,313,47460,C,Walla Walla  WA ,13,13,3535,1,2,411,0,0,0,0,0,0,12,12,3435,0,0,0,0,0,0,0,0,0
202304,315,28940,C,Knoxville  TN ,331,331,86644,2,4,968,0,0,0,2,20,1594,297,297,78900,2,4,968,0,0,0,0,0,0
202304,315,34100,C,Morristown  TN ,71,71,16156,0,0,0,1,3,450,0,0,0,39,39,6481,0,0,0,1,3,450,0,0,0
202304,316,29020,C,Kokomo  IN ,9,9,2026,0,0,0,0,0,0,0,0,0,8,8,1720,0,0,0,0,0,0,0,0,0
202304,318,29180,C,Lafayette  LA ,154,154,34542,0,0,0,0,0,0,0,0,0,111,111,25242,0,0,0,0,0,0,0,0,0
202304,320,29200,C,Lafayette-West Lafayette  IN ,54,54,19176,1,2,210,0,0,0,2,188,25840,49,49,17708,0,0,0,0,0,0,1,162,22919
202304,324,29340,C,Lake Charles  LA ,56,56,11897,2,4,335,0,0,0,0,0,0,52,52,11049,2,4,335,0,0,0,0,0,0
202304,332,29820,C,Las Vegas-Henderson-Paradise  NV ,761,761,226857,1,2,363,4,12,2378,2,32,1945,760,760,226407,1,2,363,4,12,2378,2,32,1945
202304,336,30460,C,Lexington-Fayette  KY ,118,118,40578,1,2,243,1,3,440,2,69,6845,25,25,19596,0,0,0,0,0,0,0,0,0
202304,338,30620,C,Lima  OH ,7,7,1968,0,0,0,0,0,0,0,0,0,1,1,242,0,0,0,0,0,0,0,0,0
202304,339,30700,C,Lincoln  NE ,96,96,31966,1,2,335,0,0,0,3,105,9935,9,9,2705,0,0,0,0,0,0,0,0,0
202304,340,30780,C,Little Rock-North Little Rock-Conway  AR ,125,125,33565,2,4,400,0,0,0,1,44,1784,97,97,27279,2,4,400,0,0,0,0,0,0
202304,340,38220,C,Pine Bluff  AR ,3,3,1548,0,0,0,0,0,0,0,0,0,3,3,1548,0,0,0,0,0,0,0,0,0
202304,348,31080,C,Los Angeles-Long Beach-Anaheim  CA ,839,839,226657,65,130,28362,25,83,24380,50,1395,217266,629,629,179882,58,116,25052,23,77,23621,34,1250,192735
202304,348,37100,C,Oxnard-Thousand Oaks-Ventura  CA ,18,18,7947,0,0,0,3,11,2349,2,26,2788,5,5,1854,0,0,0,2,8,1876,0,0,0
202304,348,40140,C,Riverside-San Bernardino-Ontario  CA ,868,868,246771,10,20,2698,13,46,10873,204,1442,125804,614,614,176411,8,16,2010,12,43,10483,201,1427,124728
202304,350,21060,C,Elizabethtown-Fort Knox  KY ,47,47,9786,4,8,800,0,0,0,22,448,45006,38,38,7493,4,8,800,0,0,0,22,448,45006
202304,350,31140,C,Louisville-Jefferson County  KY-IN ,275,275,77363,2,4,1076,1,4,400,3,36,2850,264,264,74227,2,4,1076,1,4,400,2,30,1950
202304,352,31180,C,Lubbock  TX ,181,181,45877,1,2,357,1,3,434,0,0,0,156,156,38835,0,0,0,0,0,0,0,0,0
202304,356,31420,C,Macon-Bibb County  GA ,51,51,13918,0,0,0,0,0,0,0,0,0,14,14,4150,0,0,0,0,0,0,0,0,0
202304,356,47580,C,Warner Robins  GA ,90,90,37075,0,0,0,0,0,0,0,0,0,71,71,32678,0,0,0,0,0,0,0,0,0
202304,357,27500,C,Janesville-Beloit  WI ,22,22,6433,0,0,0,0,0,0,0,0,0,13,13,3589,0,0,0,0,0,0,0,0,0
202304,357,31540,C,Madison  WI ,125,125,58559,8,16,4751,1,3,616,4,144,29514,101,101,50888,5,10,2910,0,0,0,2,114,25662
202304,359,31860,C,Mankato  MN ,16,16,6326,1,2,421,1,3,976,2,17,2541,7,7,3237,0,0,0,0,0,0,0,0,0
202304,360,31900,C,Mansfield  OH ,11,11,3699,0,0,0,0,0,0,0,0,0,8,8,2748,0,0,0,0,0,0,0,0,0
202304,365,32580,C,McAllen-Edinburg-Mission  TX ,290,290,73651,12,24,2025,30,120,9896,12,78,4800,243,243,64165,11,22,1776,26,104,7491,12,78,4800
202304,366,24420,C,Grants Pass  OR ,19,19,4580,0,0,0,0,0,0,0,0,0,7,7,2170,0,0,0,0,0,0,0,0,0
202304,366,32780,C,Medford  OR ,57,57,16750,0,0,0,1,3,192,12,106,17934,46,46,14131,0,0,0,0,0,0,10,96,16572
202304,368,32820,C,Memphis  TN-MS-AR ,277,277,69572,0,0,0,0,0,0,1,82,11600,225,225,57419,0,0,0,0,0,0,1,82,11600
202304,370,33100,C,Miami-Fort Lauderdale-Pompano Beach  FL ,397,397,173423,16,32,13064,4,16,1921,34,799,199129,292,292,116662,16,32,13064,4,16,1921,24,675,175855
202304,370,38940,C,Port St. Lucie  FL ,381,381,113610,6,12,1137,0,0,0,1,8,1814,380,380,111983,6,12,1137,0,0,0,1,8,1814
202304,370,42680,C,Sebastian-Vero Beach  FL ,90,90,43715,3,6,1014,0,0,0,0,0,0,16,16,3877,2,4,700,0,0,0,0,0,0
202304,372,33260,C,Midland  TX ,65,65,16859,0,0,0,0,0,0,0,0,0,65,65,16859,0,0,0,0,0,0,0,0,0
202304,372,36220,C,Odessa  TX ,70,70,17935,0,0,0,0,0,0,0,0,0,0,0,0,0,0,0,0,0,0,0,0,0
202304,376,33340,C,Milwaukee-Waukesha  WI ,106,106,46436,8,16,4154,0,0,0,2,25,3686,59,59,27423,6,12,3397,0,0,0,1,20,2556
202304,376,39540,C,Racine  WI ,18,18,8224,0,0,0,0,0,0,1,12,1500,15,15,7305,0,0,0,0,0,0,1,12,1500
202304,378,33460,C,Minneapolis-St. Paul-Bloomington  MN-WI ,655,655,230727,5,10,2490,2,8,1535,19,875,173416,540,540,187653,3,6,1690,2,8,1535,8,787,158057
202304,378,41060,C,St. Cloud  MN ,44,44,13363,0,0,0,0,0,0,0,0,0,33,33,10338,0,0,0,0,0,0,0,0,0
202304,380,19300,C,Daphne-Fairhope-Foley  AL ,313,313,92893,1,2,273,0,0,0,0,0,0,260,260,80921,1,2,273,0,0,0,0,0,0
202304,380,33660,C,Mobile  AL ,81,81,21443,0,0,0,1,4,450,0,0,0,78,78,20783,0,0,0,1,4,450,0,0,0
202304,384,33740,C,Monroe  LA ,26,26,6664,5,10,599,0,0,0,0,0,0,0,0,0,0,0,0,0,0,0,0,0,0
202304,388,33860,C,Montgomery  AL ,50,50,12265,0,0,0,0,0,0,0,0,0,26,26,7682,0,0,0,0,0,0,0,0,0
202304,390,34060,C,Morgantown  WV ,1,1,137,0,0,0,0,0,0,0,0,0,0,0,0,0,0,0,0,0,0,0,0,0
202304,396,34820,C,Myrtle Beach-Conway-North Myrtle Beach  SC-NC ,874,874,196076,1,2,375,1,3,677,1,5,250,651,651,128282,1,2,375,0,0,0,0,0,0
202304,400,34980,C,Nashville-Davidson--Murfreesboro--Franklin  TN ,1303,1303,421483,5,10,1727,4,15,957,26,2079,333773,1027,1027,357815,4,8,1466,3,12,657,23,2041,327952
202304,404,35100,C,New Bern  NC ,35,35,8521,0,0,0,0,0,0,0,0,0,22,22,5000,0,0,0,0,0,0,0,0,0
202304,406,25220,C,Hammond  LA ,103,103,17301,0,0,0,0,0,0,1,36,3355,98,98,16424,0,0,0,0,0,0,0,0,0
202304,406,35380,C,New Orleans-Metairie  LA ,182,182,55998,17,34,4114,1,3,612,7,302,47605,81,81,26463,2,4,530,0,0,0,6,260,40046
202304,408,14860,C,Bridgeport-Stamford-Norwalk  CT ,46,46,46299,2,4,1400,0,0,0,3,33,13404,34,34,36952,2,4,1400,0,0,0,2,28,6675
202304,408,20700,C,East Stroudsburg  PA ,12,12,3460,0,0,0,0,0,0,0,0,0,5,5,1252,0,0,0,0,0,0,0,0,0
202304,408,28740,C,Kingston  NY ,23,23,7104,0,0,0,0,0,0,0,0,0,16,16,4753,0,0,0,0,0,0,0,0,0
202304,408,35300,C,New Haven-Milford  CT ,33,33,8839,1,2,594,2,8,1252,3,34,5530,17,17,3924,0,0,0,2,8,1252,0,0,0
202304,408,35620,C,New York-Newark-Jersey City  NY-NJ-PA ,811,811,294241,40,80,9026,10,31,2393,104,1592,222981,517,517,197519,24,48,4321,4,12,852,33,638,102716
202304,408,39100,C,Poughkeepsie-Newburgh-Middletown  NY ,55,55,22546,0,0,0,2,8,2080,3,18,2294,20,20,7474,0,0,0,2,8,2080,1,8,1000
202304,408,45940,C,Trenton-Princeton  NJ ,73,73,24224,0,0,0,0,0,0,8,178,12743,69,69,23861,0,0,0,0,0,0,6,164,11778
202304,412,35840,C,North Port-Sarasota-Bradenton  FL ,783,783,194809,13,26,4197,1,4,320,7,58,31277,783,783,194809,13,26,4197,1,4,320,7,58,31277
202304,412,39460,C,Punta Gorda  FL ,366,366,108697,16,32,5305,3,11,2754,1,36,6375,0,0,0,0,0,0,0,0,0,0,0,0
202304,416,36420,C,Oklahoma City  OK ,583,583,163418,29,58,7003,0,0,0,0,0,0,561,561,158920,27,54,6599,0,0,0,0,0,0
202304,420,36540,C,Omaha-Council Bluffs  NE-IA ,215,215,45441,1,2,366,0,0,0,3,21,3111,179,179,36105,0,0,0,0,0,0,1,11,2051
202304,422,19660,C,Deltona-Daytona Beach-Ormond Beach  FL ,419,419,134390,9,18,3088,0,0,0,9,361,38922,363,363,115896,9,18,3088,0,0,0,7,341,36044
202304,422,29460,C,Lakeland-Winter Haven  FL ,682,682,149698,3,6,641,1,4,644,37,658,84574,613,613,133187,3,6,641,1,4,644,37,658,84574
202304,422,36740,C,Orlando-Kissimmee-Sanford  FL ,1344,1344,416709,4,8,1544,0,0,0,27,1530,159857,1153,1153,361325,4,8,1544,0,0,0,24,1472,155389
202304,422,45540,C,The Villages  FL ,252,252,61014,0,0,0,0,0,0,0,0,0,251,251,60824,0,0,0,0,0,0,0,0,0
202304,425,37620,C,Parkersburg-Vienna  WV ,4,4,592,0,0,0,0,0,0,0,0,0,3,3,440,0,0,0,0,0,0,0,0,0
202304,426,37860,C,Pensacola-Ferry Pass-Brent  FL ,176,176,50249,0,0,0,0,0,0,0,0,0,176,176,50249,0,0,0,0,0,0,0,0,0
202304,428,12100,C,Atlantic City-Hammonton  NJ ,18,18,5357,1,2,424,0,0,0,2,11,831,13,13,3804,0,0,0,0,0,0,0,0,0
202304,428,20100,C,Dover  DE ,51,51,8702,1,2,407,0,0,0,0,0,0,43,43,6653,1,2,407,0,0,0,0,0,0
202304,428,36140,C,Ocean City  NJ ,35,35,13368,4,8,2213,1,3,509,1,5,0,35,35,13368,4,8,2213,0,0,0,1,5,0
202304,428,37980,C,Philadelphia-Camden-Wilmington  PA-NJ-DE-MD ,547,547,129299,20,40,11103,10,33,6899,32,523,90891,281,281,67263,20,40,11103,8,26,6127,25,482,87151
202304,428,39740,C,Reading  PA ,33,33,8717,0,0,0,0,0,0,0,0,0,16,16,3776,0,0,0,0,0,0,0,0,0
202304,428,47220,C,Vineland-Bridgeton  NJ ,12,12,1610,0,0,0,0,0,0,0,0,0,11,11,1484,0,0,0,0,0,0,0,0,0
202304,429,38060,C,Phoenix-Mesa-Chandler  AZ ,1873,1873,564389,69,138,20374,5,20,2785,36,1256,166005,1648,1648,491899,64,128,18574,5,20,2785,31,1095,138625
202304,430,38300,C,Pittsburgh  PA ,268,268,86786,0,0,0,2,7,1435,3,99,10687,149,149,50971,0,0,0,1,4,977,0,0,0
202304,430,48260,C,Weirton-Steubenville  WV-OH ,3,3,668,0,0,0,0,0,0,0,0,0,1,1,300,0,0,0,0,0,0,0,0,0
202304,438,30340,C,Lewiston-Auburn  ME ,20,20,4945,0,0,0,0,0,0,0,0,0,7,7,1883,0,0,0,0,0,0,0,0,0
202304,438,38860,C,Portland-South Portland  ME ,160,160,58570,8,16,3303,2,6,1210,4,45,3596,67,67,31821,6,12,2771,1,3,400,1,22,2228
202304,440,10540,C,Albany-Lebanon  OR ,20,20,6030,0,0,0,0,0,0,0,0,0,15,15,4771,0,0,0,0,0,0,0,0,0
202304,440,18700,C,Corvallis  OR ,6,6,1854,0,0,0,0,0,0,0,0,0,6,6,1854,0,0,0,0,0,0,0,0,0
202304,440,31020,C,Longview  WA ,22,22,6349,0,0,0,0,0,0,0,0,0,22,22,6349,0,0,0,0,0,0,0,0,0
202304,440,38900,C,Portland-Vancouver-Hillsboro  OR-WA ,516,516,198302,3,6,351,14,50,11226,17,796,108877,408,408,135256,3,6,351,14,50,11226,13,746,100415
202304,440,41420,C,Salem  OR ,79,79,24156,1,2,512,0,0,0,7,62,6955,60,60,18339,0,0,0,0,0,0,0,0,0
202304,444,39380,C,Pueblo  CO ,30,30,5032,0,0,0,0,0,0,0,0,0,30,30,5032,0,0,0,0,0,0,0,0,0
202304,450,20500,C,Durham-Chapel Hill  NC ,271,271,84304,4,8,1073,0,0,0,4,172,30986,134,134,37787,1,2,250,0,0,0,0,0,0
202304,450,39580,C,Raleigh-Cary  NC ,1014,1014,269380,1,2,294,1,3,429,2,106,14610,1014,1014,269380,1,2,294,1,3,429,2,106,14610
202304,452,39660,C,Rapid City  SD ,50,50,18679,4,8,397,1,4,465,6,108,14016,49,49,18441,4,8,397,1,4,465,6,108,14016
202304,454,39820,C,Redding  CA ,11,11,3480,0,0,0,0,0,0,0,0,0,2,2,920,0,0,0,0,0,0,0,0,0
202304,456,16180,C,Carson City  NV ,12,12,3167,0,0,0,1,3,382,2,10,998,0,0,0,0,0,0,0,0,0,0,0,0
202304,456,39900,C,Reno  NV ,147,147,40552,2,4,419,1,4,527,14,171,21717,24,24,5766,0,0,0,0,0,0,0,0,0
202304,462,40340,C,Rochester  MN ,59,59,18627,1,2,325,1,3,805,1,97,16185,43,43,14461,1,2,325,1,3,805,1,97,16185
202304,464,40380,C,Rochester  NY ,87,87,27975,1,2,700,1,3,530,12,94,8230,42,42,16094,1,2,700,0,0,0,10,80,6600
202304,466,40420,C,Rockford  IL ,17,17,4415,1,2,600,0,0,0,0,0,0,15,15,4190,1,2,600,0,0,0,0,0,0
202304,468,40580,C,Rocky Mount  NC ,47,47,8273,0,0,0,0,0,0,0,0,0,28,28,5228,0,0,0,0,0,0,0,0,0
202304,472,40900,C,Sacramento-Roseville-Folsom  CA ,623,623,197326,1,2,369,0,0,0,9,215,60175,610,610,193737,1,2,369,0,0,0,9,215,60175
202304,472,49700,C,Yuba City  CA ,60,60,16117,0,0,0,0,0,0,0,0,0,53,53,13512,0,0,0,0,0,0,0,0,0
202304,474,13020,C,Bay City  MI ,4,4,1012,0,0,0,0,0,0,0,0,0,0,0,0,0,0,0,0,0,0,0,0,0
202304,474,33220,C,Midland  MI ,4,4,1162,0,0,0,0,0,0,3,50,8853,2,2,407,0,0,0,0,0,0,3,50,8853
202304,474,40980,C,Saginaw  MI ,7,7,1988,0,0,0,0,0,0,0,0,0,4,4,1052,0,0,0,0,0,0,0,0,0
202304,476,41180,C,St. Louis  MO-IL ,365,365,131821,5,10,2733,4,15,1693,10,78,9401,261,261,88375,4,8,2392,3,12,1648,7,50,5277
202304,480,41540,C,Salisbury  MD-DE ,336,336,56517,4,8,2067,1,4,416,1,12,1400,335,335,56375,4,8,2067,1,4,416,1,12,1400
202304,482,36260,C,Ogden-Clearfield  UT ,156,156,51049,0,0,0,2,7,1259,8,91,14749,107,107,35284,0,0,0,0,0,0,4,37,7116
202304,482,39340,C,Provo-Orem  UT ,324,324,122632,0,0,0,3,11,2119,2,14,2674,318,318,117741,0,0,0,3,11,2119,2,14,2674
202304,482,41620,C,Salt Lake City  UT ,235,235,65267,4,8,1101,8,30,6267,16,320,50782,191,191,55841,1,2,408,6,24,5089,9,56,14431
202304,484,41700,C,San Antonio-New Braunfels  TX ,810,810,224526,1,2,255,1,3,584,30,849,107636,718,718,204707,0,0,0,1,3,584,29,832,105548
202304,488,32900,C,Merced  CA ,16,16,4796,0,0,0,0,0,0,0,0,0,5,5,1502,0,0,0,0,0,0,0,0,0
202304,488,33700,C,Modesto  CA ,50,50,10126,0,0,0,0,0,0,0,0,0,44,44,9415,0,0,0,0,0,0,0,0,0
202304,488,34900,C,Napa  CA ,17,17,5009,0,0,0,0,0,0,1,60,10376,0,0,0,0,0,0,0,0,0,0,0,0
202304,488,41860,C,San Francisco-Oakland-Berkeley  CA ,297,297,111842,1,2,574,1,3,1029,12,456,73660,232,232,92479,0,0,0,1,3,1029,7,377,61813
202304,488,41940,C,San Jose-Sunnyvale-Santa Clara  CA ,261,261,110910,1,2,271,0,0,0,8,87,18756,246,246,105381,0,0,0,0,0,0,2,14,5585
202304,488,42100,C,Santa Cruz-Watsonville  CA ,18,18,3024,0,0,0,0,0,0,3,15,1411,9,9,1554,0,0,0,0,0,0,0,0,0
202304,488,42220,C,Santa Rosa-Petaluma  CA ,76,76,21457,0,0,0,0,0,0,6,57,18917,62,62,18616,0,0,0,0,0,0,3,42,16000
202304,488,44700,C,Stockton  CA ,139,139,50214,1,2,352,1,3,527,2,22,2692,106,106,40603,0,0,0,1,3,527,0,0,0
202304,488,46700,C,Vallejo  CA ,59,59,16735,0,0,0,0,0,0,0,0,0,37,37,9043,0,0,0,0,0,0,0,0,0
202304,496,25980,C,Hinesville  GA ,54,54,13815,1,2,175,0,0,0,0,0,0,30,30,8117,1,2,175,0,0,0,0,0,0
202304,496,42340,C,Savannah  GA ,236,236,60206,2,4,328,0,0,0,17,307,42192,191,191,49638,0,0,0,0,0,0,16,302,41626
202304,500,14740,C,Bremerton-Silverdale-Port Orchard  WA ,103,103,42265,0,0,0,0,0,0,2,52,8416,103,103,42265,0,0,0,0,0,0,2,52,8416
202304,500,34580,C,Mount Vernon-Anacortes  WA ,9,9,3205,0,0,0,0,0,0,3,85,10871,9,9,3205,0,0,0,0,0,0,1,67,9191
202304,500,36500,C,Olympia-Lacey-Tumwater  WA ,63,63,15545,0,0,0,0,0,0,2,10,425,55,55,13752,0,0,0,0,0,0,0,0,0
202304,500,42660,C,Seattle-Tacoma-Bellevue  WA ,500,500,178816,26,52,14086,12,40,8739,19,401,69104,439,439,152648,26,52,14086,12,40,8739,14,359,64615
202304,508,43340,C,Shreveport-Bossier City  LA ,72,72,17553,0,0,0,0,0,0,0,0,0,49,49,10244,0,0,0,0,0,0,0,0,0
202304,515,21140,C,Elkhart-Goshen  IN ,21,21,8806,0,0,0,0,0,0,0,0,0,20,20,8519,0,0,0,0,0,0,0,0,0
202304,515,35660,C,Niles  MI ,24,24,11219,0,0,0,0,0,0,0,0,0,13,13,7145,0,0,0,0,0,0,0,0,0
202304,515,43780,C,South Bend-Mishawaka  IN-MI ,42,42,16469,1,2,528,0,0,0,0,0,0,33,33,11981,1,2,528,0,0,0,0,0,0
202304,518,17660,C,Coeur dAlene  ID ,99,99,36164,5,10,2233,1,3,1257,14,161,33044,79,79,30618,4,8,1850,0,0,0,12,144,31200
202304,518,44060,C,Spokane-Spokane Valley  WA ,140,140,38390,6,12,3013,4,15,3128,14,315,41935,75,75,22089,5,10,2651,4,15,3128,10,263,37373
202304,522,44100,C,Springfield  IL ,17,17,6809,0,0,0,0,0,0,0,0,0,14,14,5662,0,0,0,0,0,0,0,0,0
202304,524,44300,C,State College  PA ,30,30,8591,0,0,0,0,0,0,0,0,0,24,24,6854,0,0,0,0,0,0,0,0,0
202304,532,45060,C,Syracuse  NY ,34,34,12577,0,0,0,0,0,0,0,0,0,19,19,8560,0,0,0,0,0,0,0,0,0
202304,534,45780,C,Toledo  OH ,63,63,21134,0,0,0,0,0,0,2,50,10093,33,33,10016,0,0,0,0,0,0,1,45,9800
202304,536,46060,C,Tucson  AZ ,285,285,101878,3,6,759,0,0,0,7,64,9604,187,187,74813,1,2,284,0,0,0,0,0,0
202304,538,46140,C,Tulsa  OK ,332,332,82048,1,2,120,1,4,629,1,8,615,266,266,65159,1,2,120,1,4,629,0,0,0
202304,540,46340,C,Tyler  TX ,24,24,6701,17,34,4998,3,12,1716,0,0,0,21,21,5996,17,34,4998,3,12,1716,0,0,0
202304,544,47020,C,Victoria  TX ,1,1,286,0,0,0,0,0,0,0,0,0,1,1,286,0,0,0,0,0,0,0,0,0
202304,545,47260,C,Virginia Beach-Norfolk-Newport News  VA-NC ,253,253,74107,0,0,0,0,0,0,2,16,2439,237,237,72437,0,0,0,0,0,0,2,16,2439
202304,548,12580,C,Baltimore-Columbia-Towson  MD ,234,234,58865,0,0,0,0,0,0,4,46,5540,229,229,57626,0,0,0,0,0,0,4,46,5540
202304,548,15680,C,California-Lexington Park  MD ,31,31,12717,0,0,0,0,0,0,0,0,0,31,31,12717,0,0,0,0,0,0,0,0,0
202304,548,16540,C,Chambersburg-Waynesboro  PA ,27,27,7655,0,0,0,0,0,0,1,8,1260,22,22,6476,0,0,0,0,0,0,1,8,1260
202304,548,25180,C,Hagerstown-Martinsburg  MD-WV ,158,158,31734,3,6,1410,0,0,0,0,0,0,153,153,30746,3,6,1410,0,0,0,0,0,0
202304,548,47900,C,Washington-Arlington-Alexandria  DC-VA-MD-WV ,996,996,279770,3,6,1298,1,3,429,27,1327,176227,824,824,232924,3,6,1298,1,3,429,19,1100,152228
202304,548,49020,C,Winchester  VA-WV ,107,107,25783,0,0,0,0,0,0,0,0,0,107,107,25783,0,0,0,0,0,0,0,0,0
202304,554,48140,C,Wausau-Weston  WI ,30,30,8463,2,4,580,0,0,0,0,0,0,20,20,5353,1,2,240,0,0,0,0,0,0
202304,556,48620,C,Wichita  KS ,118,118,41280,21,42,4996,0,0,0,0,0,0,27,27,8668,7,14,1855,0,0,0,0,0,0
202304,558,48700,C,Williamsport  PA ,7,7,2343,0,0,0,0,0,0,0,0,0,2,2,1055,0,0,0,0,0,0,0,0,0
202304,566,49660,C,Youngstown-Warren-Boardman  OH-PA ,23,23,5613,0,0,0,0,0,0,0,0,0,16,16,3403,0,0,0,0,0,0,0,0,0
202304,999,10180,C,Abilene  TX ,42,42,11953,1,2,230,0,0,0,0,0,0,42,42,11953,1,2,230,0,0,0,0,0,0
202304,999,10500,C,Albany  GA ,11,11,2827,0,0,0,0,0,0,0,0,0,6,6,1586,0,0,0,0,0,0,0,0,0
202304,999,10780,C,Alexandria  LA ,25,25,5667,0,0,0,0,0,0,0,0,0,20,20,4285,0,0,0,0,0,0,0,0,0
202304,999,10900,C,Allentown-Bethlehem-Easton  PA-NJ ,92,92,20909,1,2,61,0,0,0,1,5,0,64,64,14157,0,0,0,0,0,0,0,0,0
202304,999,11260,C,Anchorage  AK ,16,16,6397,0,0,0,0,0,0,0,0,0,7,7,1557,0,0,0,0,0,0,0,0,0
202304,999,11500,C,Anniston-Oxford  AL ,5,5,599,0,0,0,0,0,0,0,0,0,4,4,524,0,0,0,0,0,0,0,0,0
202304,999,12260,C,Augusta-Richmond County  GA-SC ,276,276,70900,0,0,0,0,0,0,0,0,0,106,106,29381,0,0,0,0,0,0,0,0,0
202304,999,12420,C,Austin-Round Rock-Georgetown  TX ,1441,1441,386161,28,56,5029,0,0,0,11,558,50693,1091,1091,306675,27,54,4704,0,0,0,10,547,49541
202304,999,12540,C,Bakersfield  CA ,163,163,42512,1,2,116,0,0,0,1,5,635,9,9,2452,0,0,0,0,0,0,0,0,0
202304,999,12620,C,Bangor  ME ,29,29,7048,0,0,0,0,0,0,0,0,0,13,13,3784,0,0,0,0,0,0,0,0,0
202304,999,12940,C,Baton Rouge  LA ,251,251,61816,0,0,0,0,0,0,1,16,1800,27,27,8897,0,0,0,0,0,0,0,0,0
202304,999,13140,C,Beaumont-Port Arthur  TX ,88,88,23020,0,0,0,0,0,0,1,6,614,65,65,17852,0,0,0,0,0,0,1,6,614
202304,999,13220,C,Beckley  WV ,10,10,2101,0,0,0,0,0,0,0,0,0,8,8,1836,0,0,0,0,0,0,0,0,0
202304,999,13380,C,Bellingham  WA ,57,57,17421,0,0,0,3,12,2384,1,18,2100,28,28,8380,0,0,0,3,12,2384,1,18,2100
202304,999,13740,C,Billings  MT ,43,43,9644,0,0,0,0,0,0,0,0,0,28,28,8893,0,0,0,0,0,0,0,0,0
202304,999,13780,C,Binghamton  NY ,7,7,1351,0,0,0,0,0,0,2,13,1305,1,1,277,0,0,0,0,0,0,0,0,0
202304,999,13900,C,Bismarck  ND ,28,28,10215,0,0,0,0,0,0,0,0,0,22,22,8468,0,0,0,0,0,0,0,0,0
202304,999,13980,C,Blacksburg-Christiansburg  VA ,18,18,5772,0,0,0,0,0,0,0,0,0,14,14,4649,0,0,0,0,0,0,0,0,0
202304,999,15260,C,Brunswick  GA ,44,44,15587,11,22,2063,0,0,0,0,0,0,33,33,13242,11,22,2063,0,0,0,0,0,0
202304,999,16060,C,Carbondale-Marion  IL ,4,4,571,0,0,0,2,6,469,0,0,0,0,0,0,0,0,0,0,0,0,0,0,0
202304,999,16220,C,Casper  WY ,7,7,1034,0,0,0,0,0,0,0,0,0,7,7,1034,0,0,0,0,0,0,0,0,0
202304,999,16580,C,Champaign-Urbana  IL ,16,16,5349,0,0,0,0,0,0,4,86,13649,16,16,5349,0,0,0,0,0,0,4,86,13649
202304,999,16700,C,Charleston-North Charleston  SC ,429,429,158620,0,0,0,0,0,0,4,166,16932,155,155,72363,0,0,0,0,0,0,1,6,1727
202304,999,16820,C,Charlottesville  VA ,86,86,29284,0,0,0,1,3,238,2,21,1998,29,29,7415,0,0,0,0,0,0,0,0,0
202304,999,16940,C,Cheyenne  WY ,23,23,5875,0,0,0,0,0,0,0,0,0,22,22,5525,0,0,0,0,0,0,0,0,0
202304,999,17020,C,Chico  CA ,49,49,10896,2,4,475,2,8,521,0,0,0,49,49,10896,2,4,475,2,8,521,0,0,0
202304,999,17300,C,Clarksville  TN-KY ,129,129,24365,2,4,480,2,7,575,7,69,5175,128,128,24277,2,4,480,2,7,575,7,69,5175
202304,999,17780,C,College Station-Bryan  TX ,124,124,25168,0,0,0,0,0,0,0,0,0,124,124,25168,0,0,0,0,0,0,0,0,0
202304,999,17820,C,Colorado Springs  CO ,232,232,92515,34,68,11894,0,0,0,6,462,82738,231,231,92301,34,68,11894,0,0,0,6,462,82738
202304,999,18880,C,Crestview-Fort Walton Beach-Destin  FL ,210,210,114087,0,0,0,0,0,0,0,0,0,210,210,114087,0,0,0,0,0,0,0,0,0
202304,999,19060,C,Cumberland  MD-WV ,7,7,1365,0,0,0,1,4,30,0,0,0,6,6,1265,0,0,0,1,4,30,0,0,0
202304,999,19180,C,Danville  IL ,0,0,0,0,0,0,0,0,0,0,0,0,0,0,0,0,0,0,0,0,0,0,0,0
202304,999,19500,C,Decatur  IL ,2,2,540,0,0,0,0,0,0,0,0,0,2,2,540,0,0,0,0,0,0,0,0,0
202304,999,20220,C,Dubuque  IA ,13,13,4358,0,0,0,0,0,0,0,0,0,8,8,2532,0,0,0,0,0,0,0,0,0
202304,999,20260,C,Duluth  MN-WI ,27,27,6667,0,0,0,0,0,0,0,0,0,18,18,4269,0,0,0,0,0,0,0,0,0
202304,999,20940,C,El Centro  CA ,27,27,4361,0,0,0,0,0,0,1,8,1313,0,0,0,0,0,0,0,0,0,0,0,0
202304,999,21420,C,Enid  OK ,0,0,0,0,0,0,0,0,0,0,0,0,0,0,0,0,0,0,0,0,0,0,0,0
202304,999,21660,C,Eugene-Springfield  OR ,55,55,15524,0,0,0,0,0,0,5,154,8438,25,25,7406,0,0,0,0,0,0,5,154,8438
202304,999,21780,C,Evansville  IN-KY ,82,82,26203,2,4,507,2,8,600,2,31,2686,43,43,14771,0,0,0,2,8,600,1,24,2289
202304,999,21820,C,Fairbanks  AK ,0,0,0,0,0,0,0,0,0,0,0,0,0,0,0,0,0,0,0,0,0,0,0,0
202304,999,22140,C,Farmington  NM ,5,5,1153,0,0,0,0,0,0,0,0,0,5,5,1153,0,0,0,0,0,0,0,0,0
202304,999,22220,C,Fayetteville-Springdale-Rogers  AR-MO ,343,343,100916,29,58,12575,13,39,6706,3,31,3595,170,170,50406,27,54,11169,13,39,6706,0,0,0
202304,999,22380,C,Flagstaff  AZ ,28,28,10780,2,4,800,4,16,10000,1,5,1725,28,28,10780,2,4,800,4,16,10000,1,5,1725
202304,999,22500,C,Florence  SC ,70,70,11193,1,2,150,0,0,0,0,0,0,68,68,10912,1,2,150,0,0,0,0,0,0
202304,999,22520,C,Florence-Muscle Shoals  AL ,13,13,1386,0,0,0,6,20,7443,0,0,0,4,4,374,0,0,0,6,20,7443,0,0,0
202304,999,22540,C,Fond du Lac  WI ,9,9,3402,0,0,0,0,0,0,0,0,0,0,0,0,0,0,0,0,0,0,0,0,0
202304,999,22660,C,Fort Collins  CO ,115,115,43423,1,2,578,1,3,957,6,86,12394,86,86,33337,0,0,0,0,0,0,2,44,5733
202304,999,22900,C,Fort Smith  AR-OK ,29,29,6309,3,6,537,0,0,0,0,0,0,23,23,5524,1,2,150,0,0,0,0,0,0
202304,999,23460,C,Gadsden  AL ,12,12,2242,0,0,0,0,0,0,0,0,0,7,7,1429,0,0,0,0,0,0,0,0,0
202304,999,24140,C,Goldsboro  NC ,36,36,8075,0,0,0,0,0,0,0,0,0,36,36,8075,0,0,0,0,0,0,0,0,0
202304,999,24220,C,Grand Forks  ND-MN ,20,20,6710,0,0,0,0,0,0,0,0,0,20,20,6710,0,0,0,0,0,0,0,0,0
202304,999,24260,C,Grand Island  NE ,7,7,1950,0,0,0,4,12,2317,3,30,4500,5,5,1539,0,0,0,4,12,2317,3,30,4500
202304,999,24300,C,Grand Junction  CO ,33,33,5595,0,0,0,1,4,786,2,10,5774,33,33,5595,0,0,0,1,4,786,2,10,5774
202304,999,24500,C,Great Falls  MT ,9,9,3881,0,0,0,0,0,0,1,24,3791,5,5,2850,0,0,0,0,0,0,0,0,0
202304,999,25060,C,Gulfport-Biloxi  MS ,225,225,31649,1,2,245,0,0,0,0,0,0,163,163,20883,0,0,0,0,0,0,0,0,0
202304,999,25860,C,Hickory-Lenoir-Morganton  NC ,141,141,29315,0,0,0,0,0,0,8,85,8684,109,109,22828,0,0,0,0,0,0,6,72,7776
202304,999,25940,C,Hilton Head Island-Bluffton  SC ,214,214,87122,0,0,0,0,0,0,2,19,2272,55,55,32199,0,0,0,0,0,0,0,0,0
202304,999,26140,C,Homosassa Springs  FL ,127,127,33628,0,0,0,0,0,0,0,0,0,1,1,100,0,0,0,0,0,0,0,0,0
202304,999,26380,C,Houma-Thibodaux  LA ,60,60,13575,0,0,0,0,0,0,0,0,0,60,60,13575,0,0,0,0,0,0,0,0,0
202304,999,27100,C,Jackson  MI ,13,13,4109,0,0,0,0,0,0,0,0,0,5,5,1836,0,0,0,0,0,0,0,0,0
202304,999,27340,C,Jacksonville  NC ,85,85,16970,0,0,0,0,0,0,0,0,0,85,85,16970,0,0,0,0,0,0,0,0,0
202304,999,27620,C,Jefferson City  MO ,17,17,4101,0,0,0,0,0,0,0,0,0,14,14,3393,0,0,0,0,0,0,0,0,0
202304,999,27980,C,Kahului-Wailuku-Lahaina  HI ,26,26,14151,0,0,0,0,0,0,0,0,0,26,26,14151,0,0,0,0,0,0,0,0,0
202304,999,28660,C,Killeen-Temple  TX ,204,204,45701,24,48,5245,0,0,0,2,43,6248,59,59,9333,5,10,772,0,0,0,0,0,0
202304,999,29100,C,La Crosse-Onalaska  WI-MN ,32,32,11691,6,12,1830,0,0,0,1,42,4000,28,28,10662,6,12,1830,0,0,0,1,42,4000
202304,999,29420,C,Lake Havasu City-Kingman  AZ ,106,106,37899,6,12,1371,0,0,0,0,0,0,104,104,37606,6,12,1371,0,0,0,0,0,0
202304,999,29540,C,Lancaster  PA ,57,57,17977,2,4,406,0,0,0,2,22,3315,32,32,10817,2,4,406,0,0,0,2,22,3315
202304,999,29620,C,Lansing-East Lansing  MI ,43,43,12496,0,0,0,0,0,0,3,22,2506,19,19,5509,0,0,0,0,0,0,0,0,0
202304,999,29700,C,Laredo  TX ,92,92,23572,1,2,260,2,8,1202,0,0,0,0,0,0,0,0,0,0,0,0,0,0,0
202304,999,30020,C,Lawton  OK ,11,11,2097,0,0,0,0,0,0,0,0,0,8,8,1850,0,0,0,0,0,0,0,0,0
202304,999,30300,C,Lewiston  ID-WA ,9,9,3149,0,0,0,0,0,0,0,0,0,9,9,3149,0,0,0,0,0,0,0,0,0
202304,999,30860,C,Logan  UT-ID ,49,49,17470,0,0,0,0,0,0,1,6,1429,43,43,15512,0,0,0,0,0,0,1,6,1429
202304,999,30980,C,Longview  TX ,25,25,6924,2,4,521,1,4,579,1,9,393,18,18,5156,0,0,0,0,0,0,0,0,0
202304,999,31340,C,Lynchburg  VA ,77,77,15677,0,0,0,0,0,0,1,7,181,75,75,15278,0,0,0,0,0,0,0,0,0
202304,999,31740,C,Manhattan  KS ,17,17,5197,0,0,0,1,3,250,0,0,0,7,7,2122,0,0,0,0,0,0,0,0,0
202304,999,33540,C,Missoula  MT ,38,38,10944,1,2,89,0,0,0,1,15,677,38,38,10944,1,2,89,0,0,0,1,15,677
202304,999,36100,C,Ocala  FL ,338,338,96340,0,0,0,1,4,100,0,0,0,338,338,96340,0,0,0,1,4,100,0,0,0
202304,999,36980,C,Owensboro  KY ,20,20,1864,0,0,0,0,0,0,0,0,0,19,19,1662,0,0,0,0,0,0,0,0,0
202304,999,37340,C,Palm Bay-Melbourne-Titusville  FL ,355,355,138257,0,0,0,1,3,1519,6,284,56416,336,336,134902,0,0,0,0,0,0,6,284,56416
202304,999,37460,C,Panama City  FL ,163,163,58476,2,4,830,3,11,1438,1,6,1139,18,18,6487,0,0,0,2,8,758,0,0,0
202304,999,37900,C,Peoria  IL ,24,24,7996,0,0,0,0,0,0,0,0,0,12,12,4590,0,0,0,0,0,0,0,0,0
202304,999,38340,C,Pittsfield  MA ,10,10,4312,0,0,0,0,0,0,0,0,0,1,1,285,0,0,0,0,0,0,0,0,0
202304,999,38540,C,Pocatello  ID ,22,22,4411,0,0,0,2,7,811,0,0,0,15,15,3603,0,0,0,1,4,500,0,0,0
202304,999,39150,C,Prescott Valley-Prescott  AZ ,108,108,40248,3,6,750,0,0,0,2,148,22335,102,102,38474,3,6,750,0,0,0,2,148,22335
202304,999,40060,C,Richmond  VA ,317,317,76201,3,6,1274,0,0,0,4,65,5539,304,304,73340,3,6,1274,0,0,0,3,59,4926
202304,999,40220,C,Roanoke  VA ,31,31,10186,0,0,0,0,0,0,1,19,2322,14,14,4506,0,0,0,0,0,0,0,0,0
202304,999,41100,C,St. George  UT ,204,204,38148,4,8,1233,1,3,582,6,42,4812,164,164,28497,4,8,1233,0,0,0,3,25,2673
202304,999,41500,C,Salinas  CA ,51,51,10379,0,0,0,1,4,534,0,0,0,45,45,8604,0,0,0,0,0,0,0,0,0
202304,999,41660,C,San Angelo  TX ,27,27,7734,0,0,0,0,0,0,0,0,0,27,27,7734,0,0,0,0,0,0,0,0,0
202304,999,41740,C,San Diego-Chula Vista-Carlsbad  CA ,192,192,53137,7,14,2231,6,20,4098,24,383,73433,150,150,38594,3,6,1039,4,13,2653,9,120,15024
202304,999,42020,C,San Luis Obispo-Paso Robles  CA ,45,45,13033,0,0,0,1,3,452,1,14,2226,27,27,8992,0,0,0,0,0,0,0,0,0
202304,999,42200,C,Santa Maria-Santa Barbara  CA ,37,37,7931,0,0,0,0,0,0,3,48,5515,21,21,4985,0,0,0,0,0,0,0,0,0
202304,999,42540,C,Scranton--Wilkes-Barre  PA ,29,29,9027,2,4,1198,2,7,1330,1,5,684,6,6,2654,1,2,700,1,4,976,0,0,0
202304,999,42700,C,Sebring-Avon Park  FL ,39,39,10056,0,0,0,0,0,0,0,0,0,39,39,10056,0,0,0,0,0,0,0,0,0
202304,999,43100,C,Sheboygan  WI ,9,9,3157,1,2,650,0,0,0,0,0,0,1,1,275,0,0,0,0,0,0,0,0,0
202304,999,43420,C,Sierra Vista-Douglas  AZ ,46,46,7728,0,0,0,0,0,0,0,0,0,37,37,5488,0,0,0,0,0,0,0,0,0
202304,999,43580,C,Sioux City  IA-NE-SD ,16,16,5702,0,0,0,2,6,900,0,0,0,6,6,2775,0,0,0,1,3,900,0,0,0
202304,999,43620,C,Sioux Falls  SD ,134,134,33944,0,0,0,3,11,879,9,221,27885,99,99,25028,0,0,0,0,0,0,7,209,26506
202304,999,44140,C,Springfield  MA ,26,26,9099,0,0,0,0,0,0,1,5,209,10,10,4744,0,0,0,0,0,0,0,0,0
202304,999,44180,C,Springfield  MO ,115,115,41012,6,12,1158,9,28,3865,1,6,744,72,72,27047,5,10,880,9,28,3865,0,0,0
202304,999,44940,C,Sumter  SC ,32,32,5917,4,8,763,0,0,0,0,0,0,0,0,0,0,0,0,0,0,0,0,0,0
202304,999,45220,C,Tallahassee  FL ,102,102,23212,1,2,222,0,0,0,4,100,13022,27,27,7734,0,0,0,0,0,0,0,0,0
202304,999,45300,C,Tampa-St. Petersburg-Clearwater  FL ,1031,1031,223427,5,10,2857,0,0,0,41,550,7969,492,492,94921,5,10,2857,0,0,0,38,535,3835
202304,999,45460,C,Terre Haute  IN ,9,9,1448,0,0,0,0,0,0,0,0,0,5,5,735,0,0,0,0,0,0,0,0,0
202304,999,45500,C,Texarkana  TX-AR ,9,9,2265,1,2,240,0,0,0,0,0,0,1,1,481,0,0,0,0,0,0,0,0,0
202304,999,45820,C,Topeka  KS ,33,33,7517,0,0,0,0,0,0,0,0,0,28,28,6721,0,0,0,0,0,0,0,0,0
202304,999,46220,C,Tuscaloosa  AL ,48,48,13997,0,0,0,2,6,915,1,16,2461,14,14,4137,0,0,0,0,0,0,0,0,0
202304,999,46300,C,Twin Falls  ID ,34,34,10330,2,4,1025,7,28,5482,0,0,0,34,34,10330,2,4,1025,7,28,5482,0,0,0
202304,999,46520,C,Urban Honolulu  HI ,46,46,16927,6,12,1912,0,0,0,5,123,43651,0,0,0,0,0,0,0,0,0,0,0,0
202304,999,46540,C,Utica-Rome  NY ,22,22,4431,0,0,0,0,0,0,1,5,781,6,6,1005,0,0,0,0,0,0,0,0,0
202304,999,46660,C,Valdosta  GA ,120,120,22859,1,2,133,0,0,0,0,0,0,65,65,13073,0,0,0,0,0,0,0,0,0
202304,999,47300,C,Visalia  CA ,50,50,15276,2,4,400,0,0,0,0,0,0,50,50,15276,2,4,400,0,0,0,0,0,0
202304,999,47380,C,Waco  TX ,58,58,17375,9,18,2102,0,0,0,1,5,514,47,47,13913,8,16,1842,0,0,0,0,0,0
202304,999,47940,C,Waterloo-Cedar Falls  IA ,38,38,10722,1,2,196,0,0,0,0,0,0,36,36,9749,1,2,196,0,0,0,0,0,0
202304,999,48060,C,Watertown-Fort Drum  NY ,12,12,1941,0,0,0,0,0,0,0,0,0,1,1,250,0,0,0,0,0,0,0,0,0
202304,999,48300,C,Wenatchee  WA ,47,47,13154,1,2,392,0,0,0,0,0,0,23,23,7894,0,0,0,0,0,0,0,0,0
202304,999,48540,C,Wheeling  WV-OH ,0,0,0,0,0,0,0,0,0,0,0,0,0,0,0,0,0,0,0,0,0,0,0,0
202304,999,48660,C,Wichita Falls  TX ,23,23,6219,0,0,0,0,0,0,1,13,1421,11,11,3039,0,0,0,0,0,0,0,0,0
202304,999,48900,C,Wilmington  NC ,193,193,56384,7,14,1991,0,0,0,3,107,13890,31,31,5048,0,0,0,0,0,0,0,0,0
202304,999,49420,C,Yakima  WA ,30,30,7410,2,4,766,1,4,514,0,0,0,19,19,4021,2,4,766,1,4,514,0,0,0
202304,999,49740,C,Yuma  AZ ,43,43,6818,1,2,304,1,3,238,0,0,0,38,38,5976,0,0,0,0,0,0,0,0,0
