Survey,CSA,CBSA,MONCOV,CBSA,,1-unit,,,2-units,,,3-4 units,,,5+ units,,,1-unit rep,,,2-units rep,,,3-4 units rep,,,5+ units rep
Date,Code,Code,,Name,Bldgs,Units,Value,Bldgs,Units,Value,Bldgs,Units,Value,Bldgs,Units,Value,Bldgs,Units,Value,Bldgs,Units,Value,      Bldgs,Units,Value,Bldgs,Units,Value
 
202303,104,10580,C,Albany-Schenectady-Troy  NY ,90,90,30804,0,0,0,1,4,1060,6,75,8826,64,64,21736,0,0,0,1,4,1060,4,60,7305
202303,104,24020,C,Glens Falls  NY ,17,17,6582,0,0,0,0,0,0,0,0,0,17,17,6582,0,0,0,0,0,0,0,0,0
202303,106,10740,C,Albuquerque  NM ,187,187,45870,0,0,0,0,0,0,6,297,29912,179,179,44150,0,0,0,0,0,0,5,290,29621
202303,106,42140,C,Santa Fe  NM ,14,14,4082,0,0,0,0,0,0,4,44,4843,0,0,0,0,0,0,0,0,0,0,0,0
202303,107,11020,C,Altoona  PA ,4,4,1276,0,0,0,0,0,0,0,0,0,1,1,230,0,0,0,0,0,0,0,0,0
202303,108,11100,C,Amarillo  TX ,33,33,8455,0,0,0,0,0,0,0,0,0,33,33,8455,0,0,0,0,0,0,0,0,0
202303,118,11540,C,Appleton  WI ,32,32,11402,0,0,0,0,0,0,2,16,1411,27,27,10131,0,0,0,0,0,0,0,0,0
202303,118,36780,C,Oshkosh-Neenah  WI ,22,22,7586,0,0,0,0,0,0,0,0,0,20,20,6813,0,0,0,0,0,0,0,0,0
202303,120,11700,C,Asheville  NC ,219,219,76140,0,0,0,0,0,0,5,89,8984,28,28,12663,0,0,0,0,0,0,0,0,0
202303,122,12020,C,Athens-Clarke County  GA ,61,61,20717,2,4,811,0,0,0,0,0,0,40,40,14163,2,4,811,0,0,0,0,0,0
202303,122,12060,C,Atlanta-Sandy Springs-Alpharetta  GA ,2390,2390,578431,5,10,1075,5,19,1331,33,829,117337,2148,2148,526105,5,10,1075,5,19,1331,32,822,116665
202303,122,23580,C,Gainesville  GA ,88,88,20656,1,2,170,1,4,340,2,14,1190,9,9,2037,1,2,170,1,4,340,2,14,1190
202303,122,40660,C,Rome  GA ,26,26,5534,0,0,0,0,0,0,0,0,0,26,26,5534,0,0,0,0,0,0,0,0,0
202303,140,13460,C,Bend  OR ,115,115,42577,2,4,791,1,4,475,3,58,7750,115,115,42577,2,4,791,1,4,475,3,58,7750
202303,142,13820,C,Birmingham-Hoover  AL ,296,296,86005,1,2,75,1,4,646,0,0,0,227,227,60613,1,2,75,1,4,646,0,0,0
202303,144,14020,C,Bloomington  IN ,17,17,7494,0,0,0,0,0,0,0,0,0,14,14,6723,0,0,0,0,0,0,0,0,0
202303,145,14010,C,Bloomington  IL ,16,16,4963,1,2,146,0,0,0,0,0,0,12,12,4007,0,0,0,0,0,0,0,0,0
202303,146,14100,C,Bloomsburg-Berwick  PA ,9,9,2240,0,0,0,0,0,0,1,6,544,4,4,1202,0,0,0,0,0,0,0,0,0
202303,147,14260,C,Boise City  ID ,566,566,141296,3,6,1044,15,57,4107,4,225,31303,423,423,107282,2,4,759,9,36,1880,2,178,28928
202303,148,12700,C,Barnstable Town  MA ,35,35,22403,0,0,0,0,0,0,0,0,0,18,18,12278,0,0,0,0,0,0,0,0,0
202303,148,14460,C,Boston-Cambridge-Newton  MA-NH ,297,297,106284,27,54,13567,27,88,20842,63,744,135067,129,129,57788,17,34,9329,24,79,18366,27,357,91627
202303,148,31700,C,Manchester-Nashua  NH ,43,43,13822,0,0,0,0,0,0,0,0,0,18,18,7635,0,0,0,0,0,0,0,0,0
202303,148,39300,C,Providence-Warwick  RI-MA ,114,114,30797,9,18,2709,2,6,675,4,31,1816,55,55,17783,5,10,1489,1,3,375,2,21,1040
202303,148,49340,C,Worcester  MA-CT ,69,69,20810,20,40,2090,0,0,0,3,37,4289,34,34,10860,19,38,1837,0,0,0,0,0,0
202303,150,14540,C,Bowling Green  KY ,79,79,20616,3,6,1162,1,3,613,47,420,49763,79,79,20616,3,6,1162,1,3,613,47,420,49763
202303,154,15180,C,Brownsville-Harlingen  TX ,127,127,19760,6,12,1228,2,7,952,4,23,1982,17,17,5486,0,0,0,0,0,0,0,0,0
202303,160,15380,C,Buffalo-Cheektowaga  NY ,72,72,29614,1,2,350,1,4,800,3,41,7488,55,55,25092,1,2,350,1,4,800,2,20,2779
202303,162,15540,C,Burlington-South Burlington  VT ,46,46,13090,4,8,1480,1,3,145,5,176,21581,30,30,8077,3,6,1180,0,0,0,3,161,19922
202303,163,15980,C,Cape Coral-Fort Myers  FL ,554,554,124099,53,106,14161,0,0,0,8,349,48158,554,554,124099,53,106,14161,0,0,0,8,349,48158
202303,163,34940,C,Naples-Marco Island  FL ,306,306,181430,0,0,0,2,8,1157,1,12,996,306,306,181430,0,0,0,2,8,1157,1,12,996
202303,164,16020,C,Cape Girardeau  MO-IL ,10,10,2920,0,0,0,0,0,0,0,0,0,0,0,0,0,0,0,0,0,0,0,0,0
202303,168,16300,C,Cedar Rapids  IA ,45,45,9177,1,2,300,2,8,1472,4,32,2400,42,42,8278,1,2,300,2,8,1472,4,32,2400
202303,168,26980,C,Iowa City  IA ,44,44,15018,1,2,300,0,0,0,3,67,10603,31,31,11917,1,2,300,0,0,0,2,56,9027
202303,170,16620,C,Charleston  WV ,12,12,1596,0,0,0,0,0,0,0,0,0,10,10,1249,0,0,0,0,0,0,0,0,0
202303,170,26580,C,Huntington-Ashland  WV-KY-OH ,19,19,3766,0,0,0,0,0,0,0,0,0,0,0,0,0,0,0,0,0,0,0,0,0
202303,172,16740,C,Charlotte-Concord-Gastonia  NC-SC ,1755,1755,459373,2,4,722,0,0,0,17,650,97433,1553,1553,400362,2,4,722,0,0,0,15,602,91606
202303,174,16860,C,Chattanooga  TN-GA ,183,183,45166,5,10,718,5,15,1323,3,46,4593,137,137,34716,0,0,0,4,12,1149,0,0,0
202303,174,17420,C,Cleveland  TN ,58,58,15486,0,0,0,1,3,375,0,0,0,39,39,12046,0,0,0,1,3,375,0,0,0
202303,174,19140,C,Dalton  GA ,28,28,4687,1,2,163,1,4,599,1,26,2688,0,0,0,0,0,0,0,0,0,0,0,0
202303,176,16980,C,Chicago-Naperville-Elgin  IL-IN-WI ,662,662,228563,8,16,3043,12,38,10367,27,1038,157719,517,517,184358,8,16,3043,10,32,9387,18,976,148504
202303,176,28100,C,Kankakee  IL ,1,1,300,0,0,0,0,0,0,0,0,0,0,0,0,0,0,0,0,0,0,0,0,0
202303,176,33140,C,Michigan City-La Porte  IN ,22,22,7641,0,0,0,0,0,0,0,0,0,19,19,6013,0,0,0,0,0,0,0,0,0
202303,178,17140,C,Cincinnati  OH-KY-IN ,373,373,116680,15,30,3883,1,3,900,16,591,89136,332,332,106059,15,30,3883,0,0,0,14,561,86863
202303,184,10420,C,Akron  OH ,66,66,19796,0,0,0,3,11,4029,3,18,1860,57,57,16557,0,0,0,2,8,1892,1,6,1035
202303,184,15940,C,Canton-Massillon  OH ,39,39,18407,0,0,0,0,0,0,1,8,614,35,35,17940,0,0,0,0,0,0,0,0,0
202303,184,17460,C,Cleveland-Elyria  OH ,252,252,74084,2,4,770,1,4,680,0,0,0,223,223,67410,1,2,759,1,4,680,0,0,0
202303,190,17860,C,Columbia  MO ,63,63,21709,0,0,0,0,0,0,2,48,8877,62,62,21598,0,0,0,0,0,0,2,48,8877
202303,192,17900,C,Columbia  SC ,402,402,94724,14,28,2261,0,0,0,1,74,12439,211,211,55795,12,24,1773,0,0,0,0,0,0
202303,194,12220,C,Auburn-Opelika  AL ,107,107,30250,3,6,1171,1,3,345,2,21,2465,21,21,7167,0,0,0,0,0,0,0,0,0
202303,194,17980,C,Columbus  GA-AL ,70,70,15227,0,0,0,0,0,0,2,32,5038,47,47,10653,0,0,0,0,0,0,0,0,0
202303,198,18140,C,Columbus  OH ,462,462,146511,11,22,5771,11,34,9808,29,1068,129691,404,404,130008,11,22,5771,11,34,9808,28,1061,128831
202303,204,18580,C,Corpus Christi  TX ,157,157,38872,0,0,0,0,0,0,1,20,1486,18,18,3650,0,0,0,0,0,0,0,0,0
202303,206,19100,C,Dallas-Fort Worth-Arlington  TX ,3001,3001,882974,44,88,9898,3,12,953,19,1190,119386,2431,2431,733773,42,84,9011,0,0,0,17,1162,116114
202303,206,43300,C,Sherman-Denison  TX ,83,83,21712,1,2,225,0,0,0,0,0,0,74,74,19382,0,0,0,0,0,0,0,0,0
202303,209,19340,C,Davenport-Moline-Rock Island  IA-IL ,45,45,10164,1,2,325,3,12,2152,0,0,0,33,33,7855,0,0,0,3,12,2152,0,0,0
202303,212,19430,C,Dayton-Kettering  OH ,98,98,40910,0,0,0,0,0,0,1,31,3761,58,58,27153,0,0,0,0,0,0,0,0,0
202303,212,44220,C,Springfield  OH ,10,10,3798,0,0,0,0,0,0,0,0,0,10,10,3798,0,0,0,0,0,0,0,0,0
202303,216,14500,C,Boulder  CO ,102,102,62468,2,4,933,1,3,853,1,17,4939,99,99,58805,1,2,600,0,0,0,0,0,0
202303,216,19740,C,Denver-Aurora-Lakewood  CO ,783,783,240554,8,16,3527,2,8,1563,15,287,44043,759,759,231412,8,16,3527,2,8,1563,13,212,33326
202303,216,24540,C,Greeley  CO ,260,260,89415,0,0,0,4,15,3411,15,371,57958,196,196,71991,0,0,0,3,12,2682,13,351,55252
202303,218,11180,C,Ames  IA ,16,16,6483,0,0,0,2,8,2900,0,0,0,13,13,5634,0,0,0,2,8,2900,0,0,0
202303,218,19780,C,Des Moines-West Des Moines  IA ,301,301,106846,2,4,1171,1,3,630,9,231,38551,286,286,102002,2,4,1171,0,0,0,8,226,37888
202303,220,11460,C,Ann Arbor  MI ,32,32,9716,0,0,0,0,0,0,0,0,0,19,19,6310,0,0,0,0,0,0,0,0,0
202303,220,19820,C,Detroit-Warren-Dearborn  MI ,351,351,117491,0,0,0,3,10,1802,13,225,33341,268,268,94739,0,0,0,1,4,1010,10,189,29350
202303,220,22420,C,Flint  MI ,15,15,4389,0,0,0,0,0,0,0,0,0,9,9,2978,0,0,0,0,0,0,0,0,0
202303,220,33780,C,Monroe  MI ,17,17,3840,0,0,0,0,0,0,1,5,459,11,11,2477,0,0,0,0,0,0,0,0,0
202303,222,20020,C,Dothan  AL ,47,47,14301,0,0,0,0,0,0,0,0,0,36,36,11889,0,0,0,0,0,0,0,0,0
202303,232,20740,C,Eau Claire  WI ,14,14,4581,4,8,1490,0,0,0,4,72,9508,9,9,3208,0,0,0,0,0,0,3,28,3860
202303,236,21300,C,Elmira  NY ,3,3,891,0,0,0,0,0,0,1,9,1009,1,1,300,0,0,0,0,0,0,0,0,0
202303,238,21340,C,El Paso  TX ,196,196,45894,7,14,1793,1,3,396,2,17,1999,7,7,1794,0,0,0,0,0,0,0,0,0
202303,238,29740,C,Las Cruces  NM ,53,53,15415,0,0,0,1,4,849,0,0,0,43,43,13192,0,0,0,1,4,849,0,0,0
202303,240,21500,C,Erie  PA ,11,11,3993,0,0,0,0,0,0,0,0,0,7,7,3018,0,0,0,0,0,0,0,0,0
202303,244,22020,C,Fargo  ND-MN ,63,63,20371,0,0,0,0,0,0,2,105,16612,60,60,19259,0,0,0,0,0,0,1,100,16112
202303,246,22180,C,Fayetteville  NC ,168,168,36738,0,0,0,0,0,0,0,0,0,107,107,28442,0,0,0,0,0,0,0,0,0
202303,258,23060,C,Fort Wayne  IN ,95,95,29597,1,2,450,0,0,0,0,0,0,95,95,29597,1,2,450,0,0,0,0,0,0
202303,260,23420,C,Fresno  CA ,124,124,40772,0,0,0,0,0,0,6,53,15972,108,108,34813,0,0,0,0,0,0,5,48,15500
202303,260,25260,C,Hanford-Corcoran  CA ,42,42,13436,0,0,0,0,0,0,0,0,0,35,35,11835,0,0,0,0,0,0,0,0,0
202303,260,31460,C,Madera  CA ,171,171,54603,0,0,0,0,0,0,0,0,0,171,171,54603,0,0,0,0,0,0,0,0,0
202303,264,23540,C,Gainesville  FL ,135,135,36195,0,0,0,0,0,0,1,92,3133,67,67,16891,0,0,0,0,0,0,0,0,0
202303,266,24340,C,Grand Rapids-Kentwood  MI ,178,178,64170,18,36,6357,1,3,458,2,20,2051,144,144,53673,16,32,5750,1,3,458,0,0,0
202303,266,34740,C,Muskegon  MI ,30,30,8973,0,0,0,0,0,0,0,0,0,22,22,7223,0,0,0,0,0,0,0,0,0
202303,267,24580,C,Green Bay  WI ,58,58,22274,8,16,4027,0,0,0,1,8,547,47,47,18826,6,12,3127,0,0,0,0,0,0
202303,268,15500,C,Burlington  NC ,129,129,18828,0,0,0,0,0,0,1,140,15000,129,129,18828,0,0,0,0,0,0,1,140,15000
202303,268,24660,C,Greensboro-High Point  NC ,209,209,53857,4,8,523,0,0,0,0,0,0,101,101,20466,3,6,285,0,0,0,0,0,0
202303,268,49180,C,Winston-Salem  NC ,306,306,85440,1,2,230,0,0,0,1,5,197,269,269,76978,0,0,0,0,0,0,0,0,0
202303,272,24780,C,Greenville  NC ,87,87,20681,11,22,3200,0,0,0,0,0,0,56,56,13571,11,22,3200,0,0,0,0,0,0
202303,273,24860,C,Greenville-Anderson  SC ,688,688,185196,5,10,925,0,0,0,12,60,29190,685,685,184588,5,10,925,0,0,0,12,60,29190
202303,273,43900,C,Spartanburg  SC ,252,252,42284,0,0,0,0,0,0,1,18,2159,0,0,0,0,0,0,0,0,0,0,0,0
202303,276,23900,C,Gettysburg  PA ,19,19,5646,0,0,0,0,0,0,0,0,0,19,19,5646,0,0,0,0,0,0,0,0,0
202303,276,25420,C,Harrisburg-Carlisle  PA ,73,73,17545,0,0,0,0,0,0,1,5,597,48,48,11042,0,0,0,0,0,0,0,0,0
202303,276,30140,C,Lebanon  PA ,16,16,3237,0,0,0,0,0,0,1,5,876,2,2,493,0,0,0,0,0,0,0,0,0
202303,276,49620,C,York-Hanover  PA ,68,68,13494,0,0,0,0,0,0,5,77,6047,37,37,7782,0,0,0,0,0,0,4,64,5085
202303,277,25500,C,Harrisonburg  VA ,40,40,7450,2,4,944,0,0,0,1,7,1260,40,40,7450,2,4,944,0,0,0,1,7,1260
202303,277,44420,C,Staunton  VA ,62,62,11853,0,0,0,0,0,0,0,0,0,62,62,11853,0,0,0,0,0,0,0,0,0
202303,278,25540,C,Hartford-East Hartford-Middletown  CT ,55,55,13933,0,0,0,0,0,0,2,19,938,41,41,10453,0,0,0,0,0,0,0,0,0
202303,278,35980,C,Norwich-New London  CT ,28,28,9729,0,0,0,0,0,0,0,0,0,15,15,6180,0,0,0,0,0,0,0,0,0
202303,279,25620,C,Hattiesburg  MS ,10,10,2074,0,0,0,1,3,125,0,0,0,0,0,0,0,0,0,0,0,0,0,0,0
202303,284,26300,C,Hot Springs  AR ,3,3,899,0,0,0,0,0,0,0,0,0,3,3,899,0,0,0,0,0,0,0,0,0
202303,288,26420,C,Houston-The Woodlands-Sugar Land  TX ,4780,4780,1159807,60,120,5499,2,6,900,15,1228,164537,4555,4555,1097752,52,104,3444,1,3,675,13,1215,163526
202303,290,19460,C,Decatur  AL ,14,14,3758,0,0,0,0,0,0,0,0,0,13,13,3635,0,0,0,0,0,0,0,0,0
202303,290,26620,C,Huntsville  AL ,420,420,121424,0,0,0,0,0,0,15,759,151908,277,277,86965,0,0,0,0,0,0,15,759,151908
202303,292,26820,C,Idaho Falls  ID ,55,55,11202,2,4,461,5,20,2590,0,0,0,55,55,11202,2,4,461,5,20,2590,0,0,0
202303,294,18020,C,Columbus  IN ,14,14,3929,0,0,0,0,0,0,0,0,0,14,14,3929,0,0,0,0,0,0,0,0,0
202303,294,26900,C,Indianapolis-Carmel-Anderson  IN ,632,632,223065,4,8,1907,0,0,0,20,530,124519,566,566,194755,3,6,1608,0,0,0,20,530,124519
202303,294,34620,C,Muncie  IN ,6,6,1604,0,0,0,0,0,0,0,0,0,3,3,791,0,0,0,0,0,0,0,0,0
202303,296,27060,C,Ithaca  NY ,3,3,973,1,2,320,0,0,0,1,5,342,0,0,0,0,0,0,0,0,0,0,0,0
202303,297,27180,C,Jackson  TN ,38,38,8675,0,0,0,0,0,0,0,0,0,6,6,1366,0,0,0,0,0,0,0,0,0
202303,298,27140,C,Jackson  MS ,68,68,20252,0,0,0,0,0,0,0,0,0,53,53,17698,0,0,0,0,0,0,0,0,0
202303,300,27260,C,Jacksonville  FL ,955,955,250874,3,6,733,0,0,0,19,1313,255892,945,945,246725,2,4,433,0,0,0,19,1313,255892
202303,304,27740,C,Johnson City  TN ,57,57,11976,1,2,352,0,0,0,3,18,1764,42,42,9824,1,2,352,0,0,0,3,18,1764
202303,304,28700,C,Kingsport-Bristol  TN-VA ,67,67,18034,0,0,0,0,0,0,1,5,500,49,49,15553,0,0,0,0,0,0,0,0,0
202303,306,27780,C,Johnstown  PA ,7,7,1720,0,0,0,0,0,0,0,0,0,0,0,0,0,0,0,0,0,0,0,0,0
202303,308,27860,C,Jonesboro  AR ,60,60,9413,5,10,688,7,22,1389,2,10,568,12,12,1810,0,0,0,0,0,0,0,0,0
202303,309,27900,C,Joplin  MO ,60,60,8454,1,2,342,0,0,0,2,17,812,46,46,6313,1,2,342,0,0,0,1,12,587
202303,310,12980,C,Battle Creek  MI ,2,2,615,0,0,0,0,0,0,0,0,0,0,0,0,0,0,0,0,0,0,0,0,0
202303,310,28020,C,Kalamazoo-Portage  MI ,46,46,9663,0,0,0,0,0,0,1,180,18665,39,39,6914,0,0,0,0,0,0,1,180,18665
202303,312,28140,C,Kansas City  MO-KS ,356,356,113314,28,56,7240,3,10,2858,1,29,3610,320,320,102428,28,56,7240,3,10,2858,1,29,3610
202303,312,29940,C,Lawrence  KS ,16,16,5082,0,0,0,0,0,0,1,25,1871,4,4,1340,0,0,0,0,0,0,0,0,0
202303,312,41140,C,St. Joseph  MO-KS ,7,7,1996,0,0,0,0,0,0,0,0,0,2,2,900,0,0,0,0,0,0,0,0,0
202303,313,28420,C,Kennewick-Richland  WA ,117,117,37121,0,0,0,2,6,728,1,48,5707,59,59,20245,0,0,0,0,0,0,1,48,5707
202303,313,47460,C,Walla Walla  WA ,15,15,4258,3,6,980,0,0,0,0,0,0,13,13,3669,3,6,980,0,0,0,0,0,0
202303,315,28940,C,Knoxville  TN ,321,321,79405,0,0,0,0,0,0,4,86,11806,140,140,40318,0,0,0,0,0,0,0,0,0
202303,315,34100,C,Morristown  TN ,57,57,13866,0,0,0,1,3,450,0,0,0,29,29,6753,0,0,0,1,3,450,0,0,0
202303,316,29020,C,Kokomo  IN ,4,4,1111,0,0,0,0,0,0,0,0,0,2,2,500,0,0,0,0,0,0,0,0,0
202303,318,29180,C,Lafayette  LA ,163,163,32949,0,0,0,0,0,0,0,0,0,126,126,26009,0,0,0,0,0,0,0,0,0
202303,320,29200,C,Lafayette-West Lafayette  IN ,40,40,13086,0,0,0,0,0,0,1,52,5878,4,4,3325,0,0,0,0,0,0,0,0,0
202303,324,29340,C,Lake Charles  LA ,57,57,13601,2,4,337,0,0,0,0,0,0,50,50,11418,1,2,240,0,0,0,0,0,0
202303,332,29820,C,Las Vegas-Henderson-Paradise  NV ,1237,1237,351199,0,0,0,17,66,12062,0,0,0,1234,1234,350157,0,0,0,17,66,12062,0,0,0
202303,336,30460,C,Lexington-Fayette  KY ,144,144,35476,2,4,719,2,8,1786,5,96,8940,49,49,13562,1,2,500,1,4,1200,0,0,0
202303,338,30620,C,Lima  OH ,9,9,2242,0,0,0,0,0,0,0,0,0,8,8,2081,0,0,0,0,0,0,0,0,0
202303,339,30700,C,Lincoln  NE ,87,87,26418,1,2,359,0,0,0,3,123,17434,13,13,4091,0,0,0,0,0,0,0,0,0
202303,340,30780,C,Little Rock-North Little Rock-Conway  AR ,132,132,32642,4,8,935,0,0,0,1,5,682,112,112,28275,3,6,760,0,0,0,1,5,682
202303,340,38220,C,Pine Bluff  AR ,4,4,902,0,0,0,0,0,0,0,0,0,1,1,160,0,0,0,0,0,0,0,0,0
202303,348,31080,C,Los Angeles-Long Beach-Anaheim  CA ,1096,1096,324290,53,106,23652,21,70,22987,40,579,105568,920,920,269614,47,94,20308,19,64,21779,24,407,75733
202303,348,37100,C,Oxnard-Thousand Oaks-Ventura  CA ,27,27,10424,0,0,0,0,0,0,0,0,0,9,9,3967,0,0,0,0,0,0,0,0,0
202303,348,40140,C,Riverside-San Bernardino-Ontario  CA ,878,878,251632,5,10,412,6,23,3828,31,301,45727,675,675,195560,5,10,412,6,23,3828,28,285,44519
202303,350,21060,C,Elizabethtown-Fort Knox  KY ,46,46,11094,3,6,575,1,4,400,9,216,20289,46,46,11094,3,6,575,1,4,400,9,216,20289
202303,350,31140,C,Louisville-Jefferson County  KY-IN ,266,266,92610,4,8,1482,3,12,1382,4,47,8811,246,246,87046,4,8,1482,3,12,1382,3,42,7218
202303,352,31180,C,Lubbock  TX ,177,177,44035,6,12,1115,0,0,0,0,0,0,156,156,37794,6,12,1115,0,0,0,0,0,0
202303,356,31420,C,Macon-Bibb County  GA ,42,42,8939,0,0,0,0,0,0,0,0,0,11,11,2755,0,0,0,0,0,0,0,0,0
202303,356,47580,C,Warner Robins  GA ,131,131,25801,0,0,0,0,0,0,0,0,0,110,110,20798,0,0,0,0,0,0,0,0,0
202303,357,27500,C,Janesville-Beloit  WI ,25,25,6418,2,4,850,0,0,0,0,0,0,14,14,3826,2,4,850,0,0,0,0,0,0
202303,357,31540,C,Madison  WI ,149,149,61688,4,8,2189,0,0,0,5,298,77389,120,120,51889,1,2,687,0,0,0,2,224,65844
202303,359,31860,C,Mankato  MN ,12,12,4041,0,0,0,0,0,0,2,18,2027,1,1,750,0,0,0,0,0,0,0,0,0
202303,360,31900,C,Mansfield  OH ,15,15,4686,0,0,0,0,0,0,0,0,0,14,14,4364,0,0,0,0,0,0,0,0,0
202303,365,32580,C,McAllen-Edinburg-Mission  TX ,357,357,81249,32,64,4221,38,151,20296,16,95,11634,282,282,66832,28,56,3772,37,148,20145,16,95,11634
202303,366,24420,C,Grants Pass  OR ,17,17,4059,0,0,0,1,4,907,0,0,0,6,6,1721,0,0,0,1,4,907,0,0,0
202303,366,32780,C,Medford  OR ,32,32,9903,1,2,363,2,8,1248,17,171,31809,28,28,8931,1,2,363,2,8,1248,16,166,31136
202303,368,32820,C,Memphis  TN-MS-AR ,236,236,59960,0,0,0,0,0,0,0,0,0,201,201,52118,0,0,0,0,0,0,0,0,0
202303,370,33100,C,Miami-Fort Lauderdale-Pompano Beach  FL ,510,510,189901,18,36,8985,8,31,5084,57,2145,832474,428,428,150199,17,34,8938,8,31,5084,44,1999,799534
202303,370,38940,C,Port St. Lucie  FL ,394,394,115793,7,14,719,0,0,0,2,14,2592,375,375,110672,6,12,384,0,0,0,1,5,1298
202303,370,42680,C,Sebastian-Vero Beach  FL ,112,112,43659,0,0,0,1,3,202,0,0,0,17,17,4095,0,0,0,0,0,0,0,0,0
202303,372,33260,C,Midland  TX ,0,0,0,0,0,0,0,0,0,0,0,0,0,0,0,0,0,0,0,0,0,0,0,0
202303,372,36220,C,Odessa  TX ,102,102,24283,0,0,0,0,0,0,1,5,599,0,0,0,0,0,0,0,0,0,0,0,0
202303,376,33340,C,Milwaukee-Waukesha  WI ,107,107,57119,2,4,500,0,0,0,3,53,6503,69,69,39540,0,0,0,0,0,0,2,40,5111
202303,376,39540,C,Racine  WI ,5,5,2082,0,0,0,0,0,0,0,0,0,5,5,2082,0,0,0,0,0,0,0,0,0
202303,378,33460,C,Minneapolis-St. Paul-Bloomington  MN-WI ,642,642,217948,7,14,3353,4,14,4240,18,783,123483,581,581,195517,6,12,3063,3,11,3598,9,526,83267
202303,378,41060,C,St. Cloud  MN ,32,32,10245,0,0,0,0,0,0,1,50,1250,25,25,8327,0,0,0,0,0,0,1,50,1250
202303,380,19300,C,Daphne-Fairhope-Foley  AL ,300,300,86559,1,2,180,2,8,1693,1,10,794,211,211,67131,1,2,180,2,8,1693,0,0,0
202303,380,33660,C,Mobile  AL ,53,53,13419,0,0,0,0,0,0,0,0,0,49,49,12583,0,0,0,0,0,0,0,0,0
202303,384,33740,C,Monroe  LA ,33,33,7867,1,2,74,1,4,629,2,12,1442,0,0,0,0,0,0,0,0,0,0,0,0
202303,388,33860,C,Montgomery  AL ,86,86,25400,0,0,0,1,3,265,0,0,0,66,66,22032,0,0,0,0,0,0,0,0,0
202303,390,34060,C,Morgantown  WV ,1,1,137,0,0,0,0,0,0,0,0,0,0,0,0,0,0,0,0,0,0,0,0,0
202303,396,34820,C,Myrtle Beach-Conway-North Myrtle Beach  SC-NC ,1181,1181,239523,1,2,375,6,23,4634,11,130,24700,935,935,171139,1,2,375,6,23,4634,9,120,24200
202303,400,34980,C,Nashville-Davidson--Murfreesboro--Franklin  TN ,1319,1319,382359,3,6,632,1,3,300,32,489,50206,986,986,272109,3,6,632,0,0,0,27,459,47401
202303,404,35100,C,New Bern  NC ,72,72,21217,1,2,100,0,0,0,0,0,0,50,50,14625,1,2,100,0,0,0,0,0,0
202303,406,25220,C,Hammond  LA ,71,71,13073,0,0,0,0,0,0,1,47,4654,0,0,0,0,0,0,0,0,0,0,0,0
202303,406,35380,C,New Orleans-Metairie  LA ,203,203,62302,19,38,4245,1,3,612,2,79,11741,80,80,30460,2,4,421,0,0,0,0,0,0
202303,408,14860,C,Bridgeport-Stamford-Norwalk  CT ,44,44,36507,2,4,485,0,0,0,3,105,18308,35,35,32233,2,4,485,0,0,0,2,100,18075
202303,408,20700,C,East Stroudsburg  PA ,25,25,9302,0,0,0,0,0,0,0,0,0,14,14,5839,0,0,0,0,0,0,0,0,0
202303,408,28740,C,Kingston  NY ,30,30,13119,0,0,0,1,4,562,3,56,5402,24,24,10741,0,0,0,1,4,562,3,56,5402
202303,408,35300,C,New Haven-Milford  CT ,26,26,4891,2,4,655,1,3,329,4,226,3797,9,9,1682,1,2,330,0,0,0,1,191,1111
202303,408,35620,C,New York-Newark-Jersey City  NY-NJ-PA ,1159,1159,323236,54,108,16482,15,51,3833,101,4315,448965,882,882,249146,39,78,11756,8,29,2372,46,3522,360560
202303,408,39100,C,Poughkeepsie-Newburgh-Middletown  NY ,61,61,19305,0,0,0,2,7,1794,9,220,62820,26,26,8043,0,0,0,1,4,1127,8,213,61814
202303,408,45940,C,Trenton-Princeton  NJ ,36,36,7306,0,0,0,0,0,0,2,15,862,33,33,6841,0,0,0,0,0,0,0,0,0
202303,412,35840,C,North Port-Sarasota-Bradenton  FL ,887,887,254149,1,2,650,0,0,0,23,790,157599,887,887,254149,1,2,650,0,0,0,23,790,157599
202303,412,39460,C,Punta Gorda  FL ,284,284,85767,17,34,5423,3,12,3437,3,57,11531,273,273,80943,15,30,4641,3,12,3437,2,32,7857
202303,416,36420,C,Oklahoma City  OK ,465,465,136212,21,42,5802,0,0,0,0,0,0,428,428,128185,19,38,5519,0,0,0,0,0,0
202303,420,36540,C,Omaha-Council Bluffs  NE-IA ,221,221,43413,2,4,675,0,0,0,11,105,11252,195,195,36392,1,2,500,0,0,0,10,100,10568
202303,422,19660,C,Deltona-Daytona Beach-Ormond Beach  FL ,453,453,146154,16,32,6801,0,0,0,5,70,8869,373,373,120531,11,22,3788,0,0,0,0,0,0
202303,422,29460,C,Lakeland-Winter Haven  FL ,860,860,232252,4,8,840,0,0,0,14,88,17131,783,783,213603,4,8,840,0,0,0,14,88,17131
202303,422,36740,C,Orlando-Kissimmee-Sanford  FL ,1707,1707,486270,13,26,4561,1,3,456,24,800,85462,1505,1505,427579,13,26,4561,1,3,456,21,743,81525
202303,422,45540,C,The Villages  FL ,298,298,79461,0,0,0,0,0,0,4,51,11415,0,0,0,0,0,0,0,0,0,0,0,0
202303,425,37620,C,Parkersburg-Vienna  WV ,8,8,3194,0,0,0,0,0,0,0,0,0,7,7,3042,0,0,0,0,0,0,0,0,0
202303,426,37860,C,Pensacola-Ferry Pass-Brent  FL ,209,209,52028,6,12,1563,0,0,0,0,0,0,209,209,52028,6,12,1563,0,0,0,0,0,0
202303,428,12100,C,Atlantic City-Hammonton  NJ ,35,35,12007,0,0,0,0,0,0,2,20,1734,28,28,10527,0,0,0,0,0,0,0,0,0
202303,428,20100,C,Dover  DE ,65,65,11124,1,2,480,0,0,0,1,5,611,59,59,9697,1,2,480,0,0,0,0,0,0
202303,428,36140,C,Ocean City  NJ ,44,44,17709,11,22,2762,2,7,784,0,0,0,41,41,16981,11,22,2762,2,7,784,0,0,0
202303,428,37980,C,Philadelphia-Camden-Wilmington  PA-NJ-DE-MD ,546,546,110697,12,24,2838,13,41,4808,33,657,78580,293,293,62613,11,22,2722,10,32,3556,15,484,61331
202303,428,39740,C,Reading  PA ,27,27,7324,0,0,0,0,0,0,1,5,626,5,5,1552,0,0,0,0,0,0,0,0,0
202303,428,47220,C,Vineland-Bridgeton  NJ ,9,9,1405,0,0,0,0,0,0,1,5,501,6,6,1015,0,0,0,0,0,0,0,0,0
202303,429,38060,C,Phoenix-Mesa-Chandler  AZ ,2216,2216,666478,38,76,11714,0,0,0,105,3067,509017,1941,1941,591118,37,74,11455,0,0,0,104,2950,488574
202303,430,38300,C,Pittsburgh  PA ,292,292,88082,6,12,1474,4,12,1428,5,76,9940,188,188,64674,4,8,940,1,3,640,0,0,0
202303,430,48260,C,Weirton-Steubenville  WV-OH ,2,2,506,0,0,0,0,0,0,0,0,0,1,1,300,0,0,0,0,0,0,0,0,0
202303,438,30340,C,Lewiston-Auburn  ME ,16,16,4080,2,4,560,0,0,0,0,0,0,5,5,1350,0,0,0,0,0,0,0,0,0
202303,438,38860,C,Portland-South Portland  ME ,140,140,45545,2,4,600,0,0,0,10,156,20591,38,38,15455,2,4,600,0,0,0,5,131,17993
202303,440,10540,C,Albany-Lebanon  OR ,23,23,6701,2,4,682,1,3,276,1,8,768,16,16,4929,2,4,682,1,3,276,1,8,768
202303,440,18700,C,Corvallis  OR ,10,10,3308,0,0,0,0,0,0,0,0,0,10,10,3308,0,0,0,0,0,0,0,0,0
202303,440,31020,C,Longview  WA ,23,23,7990,0,0,0,0,0,0,0,0,0,22,22,7630,0,0,0,0,0,0,0,0,0
202303,440,38900,C,Portland-Vancouver-Hillsboro  OR-WA ,580,580,191167,6,12,2338,0,0,0,19,325,39576,468,468,155770,4,8,1543,0,0,0,12,231,26823
202303,440,41420,C,Salem  OR ,58,58,16460,1,2,500,0,0,0,7,77,10977,53,53,15053,0,0,0,0,0,0,6,72,10516
202303,444,39380,C,Pueblo  CO ,41,41,7208,0,0,0,0,0,0,0,0,0,41,41,7208,0,0,0,0,0,0,0,0,0
202303,450,20500,C,Durham-Chapel Hill  NC ,353,353,115322,3,6,742,0,0,0,13,807,164663,350,350,114175,2,4,469,0,0,0,12,774,160550
202303,450,39580,C,Raleigh-Cary  NC ,1299,1299,343364,0,0,0,0,0,0,14,340,48640,1295,1295,342542,0,0,0,0,0,0,14,340,48640
202303,452,39660,C,Rapid City  SD ,52,52,15185,0,0,0,0,0,0,6,110,11559,48,48,14151,0,0,0,0,0,0,6,110,11559
202303,454,39820,C,Redding  CA ,13,13,3821,0,0,0,0,0,0,0,0,0,3,3,940,0,0,0,0,0,0,0,0,0
202303,456,16180,C,Carson City  NV ,13,13,3434,0,0,0,0,0,0,1,6,599,0,0,0,0,0,0,0,0,0,0,0,0
202303,456,39900,C,Reno  NV ,179,179,49629,2,4,418,1,4,528,11,175,22271,41,41,10580,0,0,0,0,0,0,0,0,0
202303,462,40340,C,Rochester  MN ,33,33,10099,0,0,0,0,0,0,0,0,0,19,19,6902,0,0,0,0,0,0,0,0,0
202303,464,40380,C,Rochester  NY ,79,79,30220,5,10,2194,2,8,400,2,86,17580,45,45,20846,5,10,2194,2,8,400,2,86,17580
202303,466,40420,C,Rockford  IL ,14,14,2455,0,0,0,0,0,0,0,0,0,13,13,2355,0,0,0,0,0,0,0,0,0
202303,468,40580,C,Rocky Mount  NC ,40,40,5758,0,0,0,0,0,0,0,0,0,3,3,423,0,0,0,0,0,0,0,0,0
202303,472,40900,C,Sacramento-Roseville-Folsom  CA ,593,593,182984,1,2,282,0,0,0,8,160,25382,570,570,176324,1,2,282,0,0,0,8,160,25382
202303,472,49700,C,Yuba City  CA ,60,60,14925,0,0,0,0,0,0,2,11,1338,53,53,12738,0,0,0,0,0,0,0,0,0
202303,474,13020,C,Bay City  MI ,3,3,922,0,0,0,0,0,0,0,0,0,1,1,369,0,0,0,0,0,0,0,0,0
202303,474,33220,C,Midland  MI ,13,13,3425,0,0,0,0,0,0,0,0,0,8,8,2045,0,0,0,0,0,0,0,0,0
202303,474,40980,C,Saginaw  MI ,8,8,1845,4,8,1290,0,0,0,0,0,0,2,2,349,4,8,1290,0,0,0,0,0,0
202303,476,41180,C,St. Louis  MO-IL ,354,354,130114,2,4,878,5,17,2928,6,33,5010,285,285,106805,1,2,544,5,17,2928,3,18,2934
202303,480,41540,C,Salisbury  MD-DE ,403,403,67929,9,18,3386,0,0,0,2,24,2800,398,398,67305,8,16,3246,0,0,0,2,24,2800
202303,482,36260,C,Ogden-Clearfield  UT ,205,205,66351,0,0,0,6,22,3544,8,105,13209,146,146,50725,0,0,0,4,14,2348,4,47,7089
202303,482,39340,C,Provo-Orem  UT ,357,357,113832,1,2,669,0,0,0,6,41,7549,348,348,108956,0,0,0,0,0,0,6,41,7549
202303,482,41620,C,Salt Lake City  UT ,224,224,71952,3,6,526,4,14,3276,24,383,66401,207,207,67029,0,0,0,2,8,2140,19,119,30571
202303,484,41700,C,San Antonio-New Braunfels  TX ,728,728,180250,217,434,57215,0,0,0,19,648,63004,624,624,157341,217,434,57215,0,0,0,18,643,62381
202303,488,32900,C,Merced  CA ,62,62,19415,0,0,0,0,0,0,0,0,0,45,45,12858,0,0,0,0,0,0,0,0,0
202303,488,33700,C,Modesto  CA ,55,55,14810,0,0,0,0,0,0,0,0,0,46,46,12687,0,0,0,0,0,0,0,0,0
202303,488,34900,C,Napa  CA ,20,20,5681,0,0,0,0,0,0,1,61,10549,10,10,2575,0,0,0,0,0,0,0,0,0
202303,488,41860,C,San Francisco-Oakland-Berkeley  CA ,289,289,84506,7,14,5094,2,6,2086,23,656,128962,244,244,68042,5,10,2989,1,3,1195,16,602,118002
202303,488,41940,C,San Jose-Sunnyvale-Santa Clara  CA ,172,172,64163,3,6,2024,1,4,811,5,194,27476,139,139,50547,3,6,2024,1,4,811,3,181,23022
202303,488,42100,C,Santa Cruz-Watsonville  CA ,26,26,3079,0,0,0,0,0,0,2,20,3460,19,19,1999,0,0,0,0,0,0,0,0,0
202303,488,42220,C,Santa Rosa-Petaluma  CA ,75,75,23495,0,0,0,0,0,0,5,80,17268,60,60,20388,0,0,0,0,0,0,3,70,15185
202303,488,44700,C,Stockton  CA ,162,162,60476,0,0,0,0,0,0,2,22,2665,126,126,49937,0,0,0,0,0,0,0,0,0
202303,488,46700,C,Vallejo  CA ,47,47,12826,0,0,0,0,0,0,9,72,14920,45,45,12377,0,0,0,0,0,0,9,72,14920
202303,496,25980,C,Hinesville  GA ,71,71,17880,0,0,0,0,0,0,0,0,0,45,45,11659,0,0,0,0,0,0,0,0,0
202303,496,42340,C,Savannah  GA ,238,238,58989,0,0,0,0,0,0,4,65,11927,175,175,44931,0,0,0,0,0,0,4,65,11927
202303,500,14740,C,Bremerton-Silverdale-Port Orchard  WA ,63,63,23214,0,0,0,0,0,0,8,197,26259,63,63,23214,0,0,0,0,0,0,8,197,26259
202303,500,34580,C,Mount Vernon-Anacortes  WA ,8,8,3129,1,2,336,0,0,0,1,19,1773,8,8,3129,1,2,336,0,0,0,0,0,0
202303,500,36500,C,Olympia-Lacey-Tumwater  WA ,64,64,17502,0,0,0,1,3,548,8,105,24118,55,55,15492,0,0,0,1,3,548,7,100,23905
202303,500,42660,C,Seattle-Tacoma-Bellevue  WA ,515,515,194580,49,98,24904,18,60,13755,21,753,130033,435,435,163723,49,98,24904,18,60,13755,17,708,125111
202303,508,43340,C,Shreveport-Bossier City  LA ,88,88,31978,0,0,0,0,0,0,0,0,0,78,78,29415,0,0,0,0,0,0,0,0,0
202303,515,21140,C,Elkhart-Goshen  IN ,38,38,2000,0,0,0,0,0,0,0,0,0,38,38,2000,0,0,0,0,0,0,0,0,0
202303,515,35660,C,Niles  MI ,21,21,12638,0,0,0,0,0,0,0,0,0,11,11,8330,0,0,0,0,0,0,0,0,0
202303,515,43780,C,South Bend-Mishawaka  IN-MI ,19,19,9652,1,2,440,0,0,0,0,0,0,15,15,8365,1,2,440,0,0,0,0,0,0
202303,518,17660,C,Coeur dAlene  ID ,144,144,48904,2,4,542,1,4,731,0,0,0,141,141,48805,2,4,542,1,4,731,0,0,0
202303,518,44060,C,Spokane-Spokane Valley  WA ,112,112,32465,21,42,10587,2,7,1181,8,259,35618,57,57,17472,20,40,10280,2,7,1181,6,240,33533
202303,522,44100,C,Springfield  IL ,18,18,6479,2,4,747,0,0,0,0,0,0,9,9,5265,0,0,0,0,0,0,0,0,0
202303,524,44300,C,State College  PA ,27,27,8077,0,0,0,0,0,0,0,0,0,24,24,7194,0,0,0,0,0,0,0,0,0
202303,532,45060,C,Syracuse  NY ,30,30,7359,1,2,161,0,0,0,1,5,313,17,17,4931,0,0,0,0,0,0,0,0,0
202303,534,45780,C,Toledo  OH ,58,58,17776,1,2,240,0,0,0,2,28,1611,8,8,2427,0,0,0,0,0,0,0,0,0
202303,536,46060,C,Tucson  AZ ,332,332,103055,24,48,6433,3,10,876,30,362,51342,222,222,73991,22,44,5958,3,10,876,25,296,41437
202303,538,46140,C,Tulsa  OK ,315,315,72498,1,2,300,4,12,5707,1,10,769,291,291,67862,1,2,300,4,12,5707,0,0,0
202303,540,46340,C,Tyler  TX ,40,40,10123,14,28,3646,0,0,0,1,5,623,25,25,6405,14,28,3646,0,0,0,0,0,0
202303,544,47020,C,Victoria  TX ,9,9,1610,0,0,0,0,0,0,0,0,0,6,6,1537,0,0,0,0,0,0,0,0,0
202303,545,47260,C,Virginia Beach-Norfolk-Newport News  VA-NC ,344,344,87266,1,2,380,0,0,0,6,198,26839,321,321,85370,1,2,380,0,0,0,6,198,26839
202303,548,12580,C,Baltimore-Columbia-Towson  MD ,363,363,89354,0,0,0,0,0,0,3,145,28119,348,348,86981,0,0,0,0,0,0,1,30,3828
202303,548,15680,C,California-Lexington Park  MD ,18,18,5760,0,0,0,0,0,0,0,0,0,18,18,5760,0,0,0,0,0,0,0,0,0
202303,548,16540,C,Chambersburg-Waynesboro  PA ,27,27,6105,2,4,740,0,0,0,0,0,0,22,22,4715,2,4,740,0,0,0,0,0,0
202303,548,25180,C,Hagerstown-Martinsburg  MD-WV ,145,145,31419,2,4,965,0,0,0,0,0,0,139,139,30229,2,4,965,0,0,0,0,0,0
202303,548,47900,C,Washington-Arlington-Alexandria  DC-VA-MD-WV ,1002,1002,276294,3,6,781,0,0,0,14,598,78024,906,906,249345,3,6,781,0,0,0,8,234,29075
202303,548,49020,C,Winchester  VA-WV ,70,70,18473,0,0,0,0,0,0,0,0,0,69,69,18241,0,0,0,0,0,0,0,0,0
202303,554,48140,C,Wausau-Weston  WI ,15,15,4292,2,4,600,0,0,0,0,0,0,8,8,2297,2,4,600,0,0,0,0,0,0
202303,556,48620,C,Wichita  KS ,115,115,45934,16,32,3196,6,18,2220,0,0,0,47,47,19611,1,2,140,6,18,2220,0,0,0
202303,558,48700,C,Williamsport  PA ,6,6,2201,0,0,0,0,0,0,0,0,0,3,3,1303,0,0,0,0,0,0,0,0,0
202303,566,49660,C,Youngstown-Warren-Boardman  OH-PA ,28,28,6371,0,0,0,0,0,0,0,0,0,21,21,4887,0,0,0,0,0,0,0,0,0
202303,999,10180,C,Abilene  TX ,34,34,8506,3,6,676,0,0,0,0,0,0,34,34,8506,3,6,676,0,0,0,0,0,0
202303,999,10500,C,Albany  GA ,12,12,2165,0,0,0,0,0,0,0,0,0,8,8,1086,0,0,0,0,0,0,0,0,0
202303,999,10780,C,Alexandria  LA ,24,24,5889,0,0,0,0,0,0,0,0,0,16,16,3649,0,0,0,0,0,0,0,0,0
202303,999,10900,C,Allentown-Bethlehem-Easton  PA-NJ ,132,132,30449,2,4,360,0,0,0,2,79,5707,108,108,25444,2,4,360,0,0,0,1,61,5500
202303,999,11260,C,Anchorage  AK ,59,59,18257,0,0,0,1,4,690,2,18,2730,4,4,774,0,0,0,0,0,0,0,0,0
202303,999,11500,C,Anniston-Oxford  AL ,9,9,1313,0,0,0,0,0,0,0,0,0,9,9,1313,0,0,0,0,0,0,0,0,0
202303,999,12260,C,Augusta-Richmond County  GA-SC ,334,334,84418,0,0,0,0,0,0,0,0,0,239,239,65554,0,0,0,0,0,0,0,0,0
202303,999,12420,C,Austin-Round Rock-Georgetown  TX ,1520,1520,409422,17,34,3101,1,3,258,40,1871,204453,1063,1063,306411,13,26,2327,0,0,0,39,1861,203430
202303,999,12540,C,Bakersfield  CA ,139,139,33745,1,2,105,0,0,0,1,5,154,27,27,9946,0,0,0,0,0,0,0,0,0
202303,999,12620,C,Bangor  ME ,21,21,4950,2,4,626,1,4,473,0,0,0,6,6,1899,1,2,341,1,4,473,0,0,0
202303,999,12940,C,Baton Rouge  LA ,265,265,64432,0,0,0,0,0,0,0,0,0,69,69,18583,0,0,0,0,0,0,0,0,0
202303,999,13140,C,Beaumont-Port Arthur  TX ,128,128,30104,3,6,665,0,0,0,0,0,0,104,104,25016,1,2,290,0,0,0,0,0,0
202303,999,13220,C,Beckley  WV ,11,11,2112,0,0,0,0,0,0,0,0,0,10,10,1841,0,0,0,0,0,0,0,0,0
202303,999,13380,C,Bellingham  WA ,65,65,18942,0,0,0,0,0,0,0,0,0,50,50,15192,0,0,0,0,0,0,0,0,0
202303,999,13740,C,Billings  MT ,40,40,29791,0,0,0,0,0,0,0,0,0,39,39,29591,0,0,0,0,0,0,0,0,0
202303,999,13780,C,Binghamton  NY ,12,12,2086,0,0,0,0,0,0,3,29,2741,0,0,0,0,0,0,0,0,0,0,0,0
202303,999,13900,C,Bismarck  ND ,10,10,3144,4,8,2183,0,0,0,1,5,744,4,4,1264,4,8,2183,0,0,0,0,0,0
202303,999,13980,C,Blacksburg-Christiansburg  VA ,33,33,9746,0,0,0,0,0,0,0,0,0,31,31,9342,0,0,0,0,0,0,0,0,0
202303,999,15260,C,Brunswick  GA ,58,58,19400,1,2,301,0,0,0,0,0,0,13,13,3596,0,0,0,0,0,0,0,0,0
202303,999,16060,C,Carbondale-Marion  IL ,4,4,755,1,2,200,1,3,392,0,0,0,3,3,600,1,2,200,1,3,392,0,0,0
202303,999,16220,C,Casper  WY ,6,6,1879,0,0,0,0,0,0,0,0,0,3,3,1070,0,0,0,0,0,0,0,0,0
202303,999,16580,C,Champaign-Urbana  IL ,27,27,6512,0,0,0,0,0,0,0,0,0,27,27,6512,0,0,0,0,0,0,0,0,0
202303,999,16700,C,Charleston-North Charleston  SC ,431,431,147851,0,0,0,0,0,0,7,147,14503,183,183,76888,0,0,0,0,0,0,2,12,3175
202303,999,16820,C,Charlottesville  VA ,66,66,23907,1,2,346,0,0,0,4,33,4859,14,14,4101,0,0,0,0,0,0,0,0,0
202303,999,16940,C,Cheyenne  WY ,13,13,3099,0,0,0,8,32,4061,0,0,0,13,13,3099,0,0,0,8,32,4061,0,0,0
202303,999,17020,C,Chico  CA ,48,48,9136,2,4,571,0,0,0,5,43,4144,48,48,9136,2,4,571,0,0,0,5,43,4144
202303,999,17300,C,Clarksville  TN-KY ,138,138,29763,6,12,1060,3,10,1155,2,11,752,134,134,29154,6,12,1060,3,10,1155,2,11,752
202303,999,17780,C,College Station-Bryan  TX ,96,96,20554,0,0,0,0,0,0,0,0,0,95,95,20349,0,0,0,0,0,0,0,0,0
202303,999,17820,C,Colorado Springs  CO ,237,237,99269,1,2,353,0,0,0,13,507,69434,237,237,99269,1,2,353,0,0,0,13,507,69434
202303,999,18880,C,Crestview-Fort Walton Beach-Destin  FL ,302,302,138119,0,0,0,0,0,0,6,240,44965,301,301,137786,0,0,0,0,0,0,6,240,44965
202303,999,19060,C,Cumberland  MD-WV ,7,7,1872,0,0,0,0,0,0,0,0,0,6,6,1687,0,0,0,0,0,0,0,0,0
202303,999,19180,C,Danville  IL ,1,1,55,0,0,0,0,0,0,0,0,0,0,0,0,0,0,0,0,0,0,0,0,0
202303,999,19500,C,Decatur  IL ,6,6,2307,0,0,0,0,0,0,0,0,0,6,6,2307,0,0,0,0,0,0,0,0,0
202303,999,20220,C,Dubuque  IA ,10,10,3650,0,0,0,0,0,0,0,0,0,10,10,3650,0,0,0,0,0,0,0,0,0
202303,999,20260,C,Duluth  MN-WI ,19,19,4591,1,2,350,0,0,0,1,52,13452,12,12,2816,0,0,0,0,0,0,1,52,13452
202303,999,20940,C,El Centro  CA ,29,29,4234,0,0,0,0,0,0,1,5,500,4,4,480,0,0,0,0,0,0,0,0,0
202303,999,21420,C,Enid  OK ,3,3,1139,0,0,0,0,0,0,0,0,0,2,2,940,0,0,0,0,0,0,0,0,0
202303,999,21660,C,Eugene-Springfield  OR ,79,79,21851,2,4,886,1,3,414,0,0,0,45,45,12783,2,4,886,0,0,0,0,0,0
202303,999,21780,C,Evansville  IN-KY ,83,83,26046,1,2,269,0,0,0,0,0,0,61,61,19960,0,0,0,0,0,0,0,0,0
202303,999,21820,C,Fairbanks  AK ,1,1,492,0,0,0,0,0,0,1,8,1272,1,1,492,0,0,0,0,0,0,1,8,1272
202303,999,22140,C,Farmington  NM ,11,11,3200,0,0,0,0,0,0,0,0,0,11,11,3200,0,0,0,0,0,0,0,0,0
202303,999,22220,C,Fayetteville-Springdale-Rogers  AR-MO ,401,401,104350,4,8,1783,0,0,0,2,31,2428,293,293,77130,3,6,1318,0,0,0,0,0,0
202303,999,22380,C,Flagstaff  AZ ,16,16,7258,0,0,0,0,0,0,0,0,0,16,16,7258,0,0,0,0,0,0,0,0,0
202303,999,22500,C,Florence  SC ,107,107,20940,0,0,0,0,0,0,0,0,0,105,105,20650,0,0,0,0,0,0,0,0,0
202303,999,22520,C,Florence-Muscle Shoals  AL ,26,26,3305,0,0,0,0,0,0,0,0,0,8,8,1189,0,0,0,0,0,0,0,0,0
202303,999,22540,C,Fond du Lac  WI ,11,11,3365,0,0,0,0,0,0,1,8,634,0,0,0,0,0,0,0,0,0,0,0,0
202303,999,22660,C,Fort Collins  CO ,147,147,52485,1,2,370,0,0,0,5,156,18419,147,147,52485,1,2,370,0,0,0,5,156,18419
202303,999,22900,C,Fort Smith  AR-OK ,23,23,6283,1,2,150,1,3,255,0,0,0,18,18,5783,1,2,150,0,0,0,0,0,0
202303,999,23460,C,Gadsden  AL ,14,14,2837,0,0,0,0,0,0,0,0,0,13,13,2624,0,0,0,0,0,0,0,0,0
202303,999,24140,C,Goldsboro  NC ,40,40,8543,0,0,0,0,0,0,0,0,0,35,35,7415,0,0,0,0,0,0,0,0,0
202303,999,24220,C,Grand Forks  ND-MN ,0,0,0,0,0,0,0,0,0,0,0,0,0,0,0,0,0,0,0,0,0,0,0,0
202303,999,24260,C,Grand Island  NE ,10,10,2410,0,0,0,2,6,675,3,30,4500,8,8,2102,0,0,0,1,3,450,3,30,4500
202303,999,24300,C,Grand Junction  CO ,47,47,7460,2,4,336,0,0,0,2,256,50331,47,47,7460,2,4,336,0,0,0,2,256,50331
202303,999,24500,C,Great Falls  MT ,7,7,2005,0,0,0,0,0,0,1,5,250,4,4,1413,0,0,0,0,0,0,0,0,0
202303,999,25060,C,Gulfport-Biloxi  MS ,293,293,43743,0,0,0,2,6,602,2,10,847,198,198,28469,0,0,0,0,0,0,0,0,0
202303,999,25860,C,Hickory-Lenoir-Morganton  NC ,203,203,39706,0,0,0,0,0,0,3,16,877,176,176,34356,0,0,0,0,0,0,0,0,0
202303,999,25940,C,Hilton Head Island-Bluffton  SC ,189,189,80740,0,0,0,0,0,0,1,24,3124,75,75,44913,0,0,0,0,0,0,0,0,0
202303,999,26140,C,Homosassa Springs  FL ,145,145,31800,0,0,0,0,0,0,0,0,0,0,0,0,0,0,0,0,0,0,0,0,0
202303,999,26380,C,Houma-Thibodaux  LA ,53,53,11405,0,0,0,0,0,0,0,0,0,52,52,11353,0,0,0,0,0,0,0,0,0
202303,999,27100,C,Jackson  MI ,13,13,4157,0,0,0,0,0,0,0,0,0,4,4,1751,0,0,0,0,0,0,0,0,0
202303,999,27340,C,Jacksonville  NC ,97,97,17681,4,8,600,0,0,0,0,0,0,97,97,17681,4,8,600,0,0,0,0,0,0
202303,999,27620,C,Jefferson City  MO ,26,26,6373,0,0,0,0,0,0,0,0,0,16,16,3830,0,0,0,0,0,0,0,0,0
202303,999,27980,C,Kahului-Wailuku-Lahaina  HI ,52,52,23926,0,0,0,0,0,0,0,0,0,52,52,23926,0,0,0,0,0,0,0,0,0
202303,999,28660,C,Killeen-Temple  TX ,210,210,40470,21,42,3554,0,0,0,6,99,11003,73,73,11956,4,8,787,0,0,0,0,0,0
202303,999,29100,C,La Crosse-Onalaska  WI-MN ,9,9,2684,3,6,1150,0,0,0,1,15,1917,3,3,855,1,2,300,0,0,0,0,0,0
202303,999,29420,C,Lake Havasu City-Kingman  AZ ,104,104,33493,5,10,1042,1,4,477,0,0,0,104,104,33493,5,10,1042,1,4,477,0,0,0
202303,999,29540,C,Lancaster  PA ,55,55,18833,0,0,0,0,0,0,2,19,2197,42,42,13667,0,0,0,0,0,0,1,14,1900
202303,999,29620,C,Lansing-East Lansing  MI ,135,135,19243,1,2,452,0,0,0,1,34,3773,118,118,14737,0,0,0,0,0,0,0,0,0
202303,999,29700,C,Laredo  TX ,109,109,17507,3,6,530,1,3,381,1,13,845,0,0,0,0,0,0,0,0,0,0,0,0
202303,999,30020,C,Lawton  OK ,5,5,679,1,2,235,0,0,0,0,0,0,2,2,500,1,2,235,0,0,0,0,0,0
202303,999,30300,C,Lewiston  ID-WA ,15,15,5383,0,0,0,0,0,0,0,0,0,14,14,4226,0,0,0,0,0,0,0,0,0
202303,999,30860,C,Logan  UT-ID ,52,52,18491,0,0,0,0,0,0,2,79,13524,41,41,15741,0,0,0,0,0,0,2,79,13524
202303,999,30980,C,Longview  TX ,18,18,3941,2,4,397,0,0,0,1,5,547,7,7,1773,0,0,0,0,0,0,0,0,0
202303,999,31340,C,Lynchburg  VA ,74,74,18926,1,2,284,0,0,0,1,9,233,72,72,18520,0,0,0,0,0,0,0,0,0
202303,999,31740,C,Manhattan  KS ,23,23,6931,0,0,0,0,0,0,0,0,0,14,14,4005,0,0,0,0,0,0,0,0,0
202303,999,33540,C,Missoula  MT ,18,18,5232,1,2,542,0,0,0,5,210,30835,18,18,5232,1,2,542,0,0,0,5,210,30835
202303,999,36100,C,Ocala  FL ,456,456,114782,1,2,242,0,0,0,4,96,8800,455,455,114693,1,2,242,0,0,0,4,96,8800
202303,999,36980,C,Owensboro  KY ,17,17,1528,0,0,0,0,0,0,0,0,0,16,16,1326,0,0,0,0,0,0,0,0,0
202303,999,37340,C,Palm Bay-Melbourne-Titusville  FL ,536,536,192823,0,0,0,4,16,1234,5,30,2250,517,517,187982,0,0,0,4,16,1234,5,30,2250
202303,999,37460,C,Panama City  FL ,120,120,45929,2,4,938,0,0,0,18,270,43540,23,23,9962,1,2,500,0,0,0,16,244,38475
202303,999,37900,C,Peoria  IL ,15,15,4942,0,0,0,0,0,0,0,0,0,7,7,2443,0,0,0,0,0,0,0,0,0
202303,999,38340,C,Pittsfield  MA ,5,5,2430,0,0,0,0,0,0,0,0,0,1,1,850,0,0,0,0,0,0,0,0,0
202303,999,38540,C,Pocatello  ID ,14,14,1923,1,2,325,1,3,311,0,0,0,4,4,401,1,2,325,0,0,0,0,0,0
202303,999,39150,C,Prescott Valley-Prescott  AZ ,96,96,32316,0,0,0,0,0,0,0,0,0,47,47,15883,0,0,0,0,0,0,0,0,0
202303,999,40060,C,Richmond  VA ,433,433,101212,18,36,4595,1,4,300,5,480,39651,419,419,98951,18,36,4595,1,4,300,4,472,38879
202303,999,40220,C,Roanoke  VA ,43,43,11073,0,0,0,0,0,0,1,29,3544,25,25,5777,0,0,0,0,0,0,0,0,0
202303,999,41100,C,St. George  UT ,179,179,33697,0,0,0,0,0,0,1,10,1361,139,139,26684,0,0,0,0,0,0,1,10,1361
202303,999,41500,C,Salinas  CA ,59,59,11657,1,2,589,0,0,0,0,0,0,58,58,11232,0,0,0,0,0,0,0,0,0
202303,999,41660,C,San Angelo  TX ,20,20,5064,0,0,0,0,0,0,0,0,0,20,20,5064,0,0,0,0,0,0,0,0,0
202303,999,41740,C,San Diego-Chula Vista-Carlsbad  CA ,189,189,51889,1,2,375,5,17,2778,8,177,15478,184,184,50848,1,2,375,5,17,2778,8,177,15478
202303,999,42020,C,San Luis Obispo-Paso Robles  CA ,32,32,7951,0,0,0,0,0,0,2,81,11235,25,25,5975,0,0,0,0,0,0,1,76,10877
202303,999,42200,C,Santa Maria-Santa Barbara  CA ,39,39,4165,0,0,0,0,0,0,1,5,511,24,24,3246,0,0,0,0,0,0,0,0,0
202303,999,42540,C,Scranton--Wilkes-Barre  PA ,37,37,9507,6,12,1920,0,0,0,1,5,684,11,11,2613,6,12,1920,0,0,0,0,0,0
202303,999,42700,C,Sebring-Avon Park  FL ,84,84,19266,0,0,0,0,0,0,0,0,0,84,84,19266,0,0,0,0,0,0,0,0,0
202303,999,43100,C,Sheboygan  WI ,13,13,4688,0,0,0,0,0,0,0,0,0,3,3,1070,0,0,0,0,0,0,0,0,0
202303,999,43420,C,Sierra Vista-Douglas  AZ ,46,46,7692,0,0,0,0,0,0,0,0,0,45,45,7382,0,0,0,0,0,0,0,0,0
202303,999,43580,C,Sioux City  IA-NE-SD ,12,12,2979,0,0,0,1,3,0,0,0,0,3,3,393,0,0,0,0,0,0,0,0,0
202303,999,43620,C,Sioux Falls  SD ,72,72,17816,1,2,373,1,4,678,15,623,73369,54,54,13723,1,2,373,0,0,0,13,612,72167
202303,999,44140,C,Springfield  MA ,35,35,9889,1,2,393,0,0,0,14,89,22002,11,11,3720,1,2,393,0,0,0,12,74,20532
202303,999,44180,C,Springfield  MO ,132,132,40784,4,8,1345,3,12,1567,1,8,718,98,98,31671,3,6,1095,3,12,1567,0,0,0
202303,999,44940,C,Sumter  SC ,36,36,5715,1,2,230,0,0,0,0,0,0,0,0,0,0,0,0,0,0,0,0,0,0
202303,999,45220,C,Tallahassee  FL ,142,142,33958,1,2,222,0,0,0,4,109,13948,67,67,18979,0,0,0,0,0,0,0,0,0
202303,999,45300,C,Tampa-St. Petersburg-Clearwater  FL ,1261,1261,381404,3,6,530,9,36,3395,47,871,102110,634,634,245119,2,4,250,9,36,3395,44,855,97497
202303,999,45460,C,Terre Haute  IN ,14,14,2886,0,0,0,0,0,0,1,5,471,8,8,1713,0,0,0,0,0,0,0,0,0
202303,999,45500,C,Texarkana  TX-AR ,7,7,2352,0,0,0,0,0,0,0,0,0,3,3,1440,0,0,0,0,0,0,0,0,0
202303,999,45820,C,Topeka  KS ,25,25,6158,0,0,0,0,0,0,0,0,0,23,23,5913,0,0,0,0,0,0,0,0,0
202303,999,46220,C,Tuscaloosa  AL ,52,52,13471,0,0,0,4,14,1055,1,51,8449,18,18,4792,0,0,0,0,0,0,0,0,0
202303,999,46300,C,Twin Falls  ID ,21,21,5813,0,0,0,0,0,0,0,0,0,21,21,5813,0,0,0,0,0,0,0,0,0
202303,999,46520,C,Urban Honolulu  HI ,61,61,22628,2,4,904,0,0,0,1,32,7763,0,0,0,0,0,0,0,0,0,0,0,0
202303,999,46540,C,Utica-Rome  NY ,9,9,2265,0,0,0,0,0,0,1,7,1094,4,4,1326,0,0,0,0,0,0,0,0,0
202303,999,46660,C,Valdosta  GA ,46,46,9366,0,0,0,0,0,0,1,11,1080,41,41,8518,0,0,0,0,0,0,0,0,0
202303,999,47300,C,Visalia  CA ,52,52,14981,1,2,150,0,0,0,0,0,0,44,44,13549,0,0,0,0,0,0,0,0,0
202303,999,47380,C,Waco  TX ,83,83,5738,6,12,422,0,0,0,1,5,514,63,63,1923,5,10,225,0,0,0,0,0,0
202303,999,47940,C,Waterloo-Cedar Falls  IA ,19,19,6977,0,0,0,0,0,0,1,12,2509,15,15,5591,0,0,0,0,0,0,1,12,2509
202303,999,48060,C,Watertown-Fort Drum  NY ,12,12,2518,0,0,0,0,0,0,0,0,0,2,2,450,0,0,0,0,0,0,0,0,0
202303,999,48300,C,Wenatchee  WA ,52,52,15549,1,2,377,0,0,0,0,0,0,28,28,11054,1,2,377,0,0,0,0,0,0
202303,999,48540,C,Wheeling  WV-OH ,1,1,270,0,0,0,1,3,350,0,0,0,1,1,270,0,0,0,0,0,0,0,0,0
202303,999,48660,C,Wichita Falls  TX ,17,17,4361,0,0,0,0,0,0,0,0,0,12,12,3221,0,0,0,0,0,0,0,0,0
202303,999,48900,C,Wilmington  NC ,182,182,58922,10,20,2632,0,0,0,4,132,17268,63,63,18575,6,12,951,0,0,0,0,0,0
202303,999,49420,C,Yakima  WA ,28,28,6696,3,6,753,8,30,3591,0,0,0,23,23,5512,3,6,753,8,30,3591,0,0,0
202303,999,49740,C,Yuma  AZ ,19,19,3006,0,0,0,0,0,0,0,0,0,17,17,2628,0,0,0,0,0,0,0,0,0
