Survey,CSA,CBSA,MONCOV,CBSA,,1-unit,,,2-units,,,3-4 units,,,5+ units,,,1-unit rep,,,2-units rep,,,3-4 units rep,,,5+ units rep
Date,Code,Code,,Name,Bldgs,Units,Value,Bldgs,Units,Value,Bldgs,Units,Value,Bldgs,Units,Value,Bldgs,Units,Value,Bldgs,Units,Value,      Bldgs,Units,Value,Bldgs,Units,Value
 
202305,104,10580,C,Albany-Schenectady-Troy  NY ,79,79,27106,2,4,855,0,0,0,10,94,12670,50,50,16978,1,2,145,0,0,0,6,72,9490
202305,104,24020,C,Glens Falls  NY ,17,17,5014,0,0,0,0,0,0,0,0,0,17,17,5014,0,0,0,0,0,0,0,0,0
202305,106,10740,C,Albuquerque  NM ,155,155,41619,0,0,0,0,0,0,1,7,292,123,123,33253,0,0,0,0,0,0,0,0,0
202305,106,42140,C,Santa Fe  NM ,18,18,4755,0,0,0,0,0,0,0,0,0,18,18,4755,0,0,0,0,0,0,0,0,0
202305,107,11020,C,Altoona  PA ,7,7,2446,0,0,0,0,0,0,0,0,0,2,2,1150,0,0,0,0,0,0,0,0,0
202305,108,11100,C,Amarillo  TX ,47,47,13272,3,6,882,0,0,0,11,55,7581,42,42,11991,3,6,882,0,0,0,11,55,7581
202305,118,11540,C,Appleton  WI ,81,81,29131,9,18,3613,0,0,0,0,0,0,75,75,27141,8,16,3271,0,0,0,0,0,0
202305,118,36780,C,Oshkosh-Neenah  WI ,22,22,8461,1,2,280,0,0,0,0,0,0,18,18,6370,1,2,280,0,0,0,0,0,0
202305,120,11700,C,Asheville  NC ,255,255,96780,4,8,880,0,0,0,4,51,9713,34,34,10761,4,8,880,0,0,0,0,0,0
202305,122,12020,C,Athens-Clarke County  GA ,43,43,14024,0,0,0,0,0,0,0,0,0,12,12,5730,0,0,0,0,0,0,0,0,0
202305,122,12060,C,Atlanta-Sandy Springs-Alpharetta  GA ,2391,2391,649317,16,32,10969,6,22,6531,37,2016,256083,2091,2091,576830,16,32,10969,6,22,6531,34,1973,249100
202305,122,23580,C,Gainesville  GA ,140,140,27615,0,0,0,1,3,300,2,19,1183,57,57,8051,0,0,0,1,3,300,2,19,1183
202305,122,40660,C,Rome  GA ,20,20,4843,0,0,0,0,0,0,0,0,0,20,20,4843,0,0,0,0,0,0,0,0,0
202305,140,13460,C,Bend  OR ,126,126,43955,3,6,1195,0,0,0,2,61,5916,70,70,26797,1,2,320,0,0,0,1,24,1690
202305,142,13820,C,Birmingham-Hoover  AL ,417,417,135335,0,0,0,0,0,0,0,0,0,341,341,104127,0,0,0,0,0,0,0,0,0
202305,144,14020,C,Bloomington  IN ,21,21,6068,0,0,0,0,0,0,0,0,0,8,8,2377,0,0,0,0,0,0,0,0,0
202305,145,14010,C,Bloomington  IL ,26,26,6777,0,0,0,0,0,0,1,9,869,0,0,0,0,0,0,0,0,0,0,0,0
202305,146,14100,C,Bloomsburg-Berwick  PA ,12,12,3562,1,2,260,0,0,0,0,0,0,4,4,1383,1,2,260,0,0,0,0,0,0
202305,147,14260,C,Boise City  ID ,655,655,168645,1,2,270,1,4,324,11,440,77281,605,605,152237,1,2,270,1,4,324,11,440,77281
202305,148,12700,C,Barnstable Town  MA ,49,49,27335,1,2,500,1,3,650,0,0,0,39,39,21840,1,2,500,1,3,650,0,0,0
202305,148,14460,C,Boston-Cambridge-Newton  MA-NH ,333,333,124447,12,24,6357,9,30,7707,49,916,158065,176,176,69482,6,12,3439,8,27,7519,18,673,124818
202305,148,31700,C,Manchester-Nashua  NH ,55,55,16423,0,0,0,0,0,0,2,48,9000,29,29,9228,0,0,0,0,0,0,2,48,9000
202305,148,39300,C,Providence-Warwick  RI-MA ,119,119,31225,4,8,846,4,12,2132,2,64,4900,48,48,12740,2,4,184,4,12,2132,2,64,4900
202305,148,49340,C,Worcester  MA-CT ,92,92,28347,2,4,1050,0,0,0,1,5,921,45,45,15175,2,4,1050,0,0,0,0,0,0
202305,150,14540,C,Bowling Green  KY ,72,72,17078,0,0,0,1,4,320,4,32,2150,72,72,17078,0,0,0,1,4,320,4,32,2150
202305,154,15180,C,Brownsville-Harlingen  TX ,173,173,32622,24,48,1608,2,6,902,2,29,3746,6,6,666,22,44,1200,0,0,0,0,0,0
202305,160,15380,C,Buffalo-Cheektowaga  NY ,79,79,29487,1,2,138,0,0,0,3,41,7678,57,57,23418,1,2,138,0,0,0,2,24,3866
202305,162,15540,C,Burlington-South Burlington  VT ,46,46,13941,3,6,1291,0,0,0,1,5,313,35,35,10725,3,6,1291,0,0,0,0,0,0
202305,163,15980,C,Cape Coral-Fort Myers  FL ,507,507,116371,1,2,554,0,0,0,15,448,61914,505,505,113922,1,2,554,0,0,0,15,448,61914
202305,163,34940,C,Naples-Marco Island  FL ,266,266,124491,0,0,0,2,8,913,1,12,996,266,266,124491,0,0,0,2,8,913,1,12,996
202305,164,16020,C,Cape Girardeau  MO-IL ,8,8,2483,0,0,0,0,0,0,0,0,0,0,0,0,0,0,0,0,0,0,0,0,0
202305,168,16300,C,Cedar Rapids  IA ,38,38,10526,1,2,150,5,19,1390,1,34,6500,35,35,9654,1,2,150,4,16,1200,1,34,6500
202305,168,26980,C,Iowa City  IA ,26,26,11075,4,8,1875,1,4,776,4,404,100427,18,18,8906,1,2,480,0,0,0,3,395,99534
202305,170,16620,C,Charleston  WV ,15,15,3049,0,0,0,0,0,0,0,0,0,12,12,2506,0,0,0,0,0,0,0,0,0
202305,170,26580,C,Huntington-Ashland  WV-KY-OH ,21,21,4350,0,0,0,0,0,0,0,0,0,0,0,0,0,0,0,0,0,0,0,0,0
202305,172,16740,C,Charlotte-Concord-Gastonia  NC-SC ,1735,1735,489931,6,12,2812,1,3,750,36,1232,209828,1628,1628,451563,6,12,2812,1,3,750,34,1216,208012
202305,174,16860,C,Chattanooga  TN-GA ,189,189,45895,8,16,1769,1,3,174,3,45,4496,138,138,34385,3,6,1050,0,0,0,0,0,0
202305,174,17420,C,Cleveland  TN ,57,57,14413,1,2,247,3,12,1802,0,0,0,12,12,3625,0,0,0,0,0,0,0,0,0
202305,174,19140,C,Dalton  GA ,34,34,6368,2,4,265,0,0,0,1,5,268,0,0,0,0,0,0,0,0,0,0,0,0
202305,176,16980,C,Chicago-Naperville-Elgin  IL-IN-WI ,751,751,299797,14,28,7315,12,36,4539,23,238,57099,564,564,246810,12,24,6602,10,30,3646,15,189,49324
202305,176,28100,C,Kankakee  IL ,13,13,3536,0,0,0,0,0,0,0,0,0,12,12,3286,0,0,0,0,0,0,0,0,0
202305,176,33140,C,Michigan City-La Porte  IN ,12,12,3419,0,0,0,0,0,0,0,0,0,1,1,100,0,0,0,0,0,0,0,0,0
202305,178,17140,C,Cincinnati  OH-KY-IN ,335,335,109553,16,32,4750,6,20,2963,8,83,9553,301,301,101307,15,30,4575,5,16,2385,4,59,7320
202305,184,10420,C,Akron  OH ,76,76,24058,0,0,0,1,3,1350,5,26,3797,66,66,20291,0,0,0,0,0,0,3,15,2985
202305,184,15940,C,Canton-Massillon  OH ,40,40,12926,1,2,397,1,3,154,1,7,538,27,27,11182,0,0,0,0,0,0,0,0,0
202305,184,17460,C,Cleveland-Elyria  OH ,256,256,65739,0,0,0,5,19,3150,1,28,2267,214,214,49802,0,0,0,5,19,3150,0,0,0
202305,190,17860,C,Columbia  MO ,52,52,18913,0,0,0,0,0,0,1,8,1199,51,51,18538,0,0,0,0,0,0,1,8,1199
202305,192,17900,C,Columbia  SC ,392,392,91856,6,12,934,2,8,1152,0,0,0,271,271,68364,6,12,934,2,8,1152,0,0,0
202305,194,12220,C,Auburn-Opelika  AL ,106,106,27878,1,2,283,0,0,0,2,72,11697,28,28,7581,0,0,0,0,0,0,0,0,0
202305,194,17980,C,Columbus  GA-AL ,48,48,12781,1,2,375,1,4,401,1,57,11265,26,26,6956,0,0,0,1,4,401,0,0,0
202305,198,18140,C,Columbus  OH ,454,454,168382,0,0,0,0,0,0,11,398,53597,366,366,136717,0,0,0,0,0,0,10,393,53290
202305,204,18580,C,Corpus Christi  TX ,169,169,40183,1,2,180,0,0,0,0,0,0,16,16,3188,1,2,180,0,0,0,0,0,0
202305,206,19100,C,Dallas-Fort Worth-Arlington  TX ,3529,3529,1116553,163,326,47814,27,99,13984,56,2906,467920,2929,2929,950649,162,324,47628,2,7,981,53,2841,460002
202305,206,43300,C,Sherman-Denison  TX ,147,147,40020,1,2,294,0,0,0,13,348,47967,59,59,16845,1,2,294,0,0,0,13,348,47967
202305,209,19340,C,Davenport-Moline-Rock Island  IA-IL ,35,35,8093,0,0,0,1,4,540,1,5,524,10,10,3600,0,0,0,1,4,540,0,0,0
202305,212,19430,C,Dayton-Kettering  OH ,134,134,58706,0,0,0,1,4,400,2,173,25563,88,88,43396,0,0,0,1,4,400,1,147,22409
202305,212,44220,C,Springfield  OH ,7,7,2002,0,0,0,0,0,0,0,0,0,7,7,2002,0,0,0,0,0,0,0,0,0
202305,216,14500,C,Boulder  CO ,86,86,47224,0,0,0,0,0,0,4,87,15295,81,81,43380,0,0,0,0,0,0,3,68,10340
202305,216,19740,C,Denver-Aurora-Lakewood  CO ,822,822,263151,15,30,7582,5,19,4572,20,1389,277777,736,736,233306,8,16,4999,5,19,4572,17,1330,269275
202305,216,24540,C,Greeley  CO ,283,283,89148,5,10,1899,1,3,714,1,44,6277,200,200,65821,0,0,0,0,0,0,0,0,0
202305,218,11180,C,Ames  IA ,11,11,2962,0,0,0,1,3,852,0,0,0,4,4,1118,0,0,0,0,0,0,0,0,0
202305,218,19780,C,Des Moines-West Des Moines  IA ,431,431,150130,0,0,0,2,6,1230,1,5,616,420,420,146140,0,0,0,1,3,600,0,0,0
202305,220,11460,C,Ann Arbor  MI ,40,40,14484,0,0,0,0,0,0,2,26,3073,25,25,10319,0,0,0,0,0,0,2,26,3073
202305,220,19820,C,Detroit-Warren-Dearborn  MI ,398,398,151371,4,8,1707,4,15,2762,6,38,6536,301,301,125844,3,6,1288,3,11,2444,5,33,5786
202305,220,22420,C,Flint  MI ,20,20,5977,0,0,0,0,0,0,1,6,998,14,14,4578,0,0,0,0,0,0,1,6,998
202305,220,33780,C,Monroe  MI ,23,23,6946,2,4,880,0,0,0,0,0,0,18,18,5820,2,4,880,0,0,0,0,0,0
202305,222,20020,C,Dothan  AL ,40,40,10552,0,0,0,0,0,0,0,0,0,23,23,6890,0,0,0,0,0,0,0,0,0
202305,232,20740,C,Eau Claire  WI ,54,54,17983,12,24,5821,0,0,0,1,12,2183,51,51,17047,11,22,5423,0,0,0,1,12,2183
202305,236,21300,C,Elmira  NY ,2,2,494,0,0,0,0,0,0,1,5,560,0,0,0,0,0,0,0,0,0,0,0,0
202305,238,21340,C,El Paso  TX ,196,196,46063,4,8,1033,1,3,395,1,16,1888,1,1,98,0,0,0,0,0,0,0,0,0
202305,238,29740,C,Las Cruces  NM ,91,91,25220,0,0,0,0,0,0,0,0,0,81,81,22997,0,0,0,0,0,0,0,0,0
202305,240,21500,C,Erie  PA ,14,14,4919,1,2,200,0,0,0,3,18,3168,8,8,3350,0,0,0,0,0,0,3,18,3168
202305,244,22020,C,Fargo  ND-MN ,130,130,25224,0,0,0,0,0,0,2,201,31812,126,126,23437,0,0,0,0,0,0,2,201,31812
202305,246,22180,C,Fayetteville  NC ,207,207,44890,0,0,0,0,0,0,0,0,0,142,142,35962,0,0,0,0,0,0,0,0,0
202305,258,23060,C,Fort Wayne  IN ,165,165,55921,1,2,100,0,0,0,2,32,4000,165,165,55921,1,2,100,0,0,0,2,32,4000
202305,260,23420,C,Fresno  CA ,275,275,69650,0,0,0,0,0,0,3,22,3192,208,208,46004,0,0,0,0,0,0,0,0,0
202305,260,25260,C,Hanford-Corcoran  CA ,72,72,20169,1,2,180,1,3,336,4,100,10894,70,70,19723,1,2,180,1,3,336,4,100,10894
202305,260,31460,C,Madera  CA ,115,115,35154,0,0,0,0,0,0,0,0,0,115,115,35154,0,0,0,0,0,0,0,0,0
202305,264,23540,C,Gainesville  FL ,135,135,31134,1,2,285,0,0,0,2,120,15407,42,42,7281,0,0,0,0,0,0,0,0,0
202305,266,24340,C,Grand Rapids-Kentwood  MI ,161,161,55597,5,10,1801,3,10,1610,3,61,9271,112,112,38805,1,2,358,2,7,1200,0,0,0
202305,266,34740,C,Muskegon  MI ,34,34,7840,0,0,0,0,0,0,0,0,0,27,27,6116,0,0,0,0,0,0,0,0,0
202305,267,24580,C,Green Bay  WI ,57,57,20333,8,16,3142,0,0,0,5,80,11326,50,50,17981,1,2,750,0,0,0,5,80,11326
202305,268,15500,C,Burlington  NC ,157,157,23965,0,0,0,0,0,0,12,372,25385,157,157,23965,0,0,0,0,0,0,12,372,25385
202305,268,24660,C,Greensboro-High Point  NC ,226,226,54897,3,6,570,0,0,0,3,60,10293,225,225,54743,3,6,570,0,0,0,3,60,10293
202305,268,49180,C,Winston-Salem  NC ,316,316,84589,0,0,0,0,0,0,5,29,3651,271,271,74173,0,0,0,0,0,0,4,24,3453
202305,272,24780,C,Greenville  NC ,181,181,25131,4,8,1194,0,0,0,0,0,0,149,149,17724,4,8,1194,0,0,0,0,0,0
202305,273,24860,C,Greenville-Anderson  SC ,595,595,164354,21,42,3739,0,0,0,8,279,36755,539,539,150783,20,40,3520,0,0,0,7,274,36330
202305,273,43900,C,Spartanburg  SC ,250,250,45915,0,0,0,0,0,0,0,0,0,14,14,4900,0,0,0,0,0,0,0,0,0
202305,276,23900,C,Gettysburg  PA ,36,36,8474,0,0,0,0,0,0,0,0,0,36,36,8474,0,0,0,0,0,0,0,0,0
202305,276,25420,C,Harrisburg-Carlisle  PA ,165,165,36162,0,0,0,0,0,0,5,64,5796,130,130,26276,0,0,0,0,0,0,1,39,2516
202305,276,30140,C,Lebanon  PA ,24,24,5248,0,0,0,0,0,0,0,0,0,6,6,1429,0,0,0,0,0,0,0,0,0
202305,276,49620,C,York-Hanover  PA ,85,85,22233,0,0,0,1,4,675,3,19,3682,36,36,8956,0,0,0,1,4,675,3,19,3682
202305,277,25500,C,Harrisonburg  VA ,58,58,11585,5,10,1852,0,0,0,1,7,292,58,58,11585,5,10,1852,0,0,0,1,7,292
202305,277,44420,C,Staunton  VA ,47,47,10769,0,0,0,0,0,0,2,13,1546,27,27,4719,0,0,0,0,0,0,1,8,1073
202305,278,25540,C,Hartford-East Hartford-Middletown  CT ,55,55,16519,0,0,0,0,0,0,14,275,25009,34,34,10379,0,0,0,0,0,0,9,213,18901
202305,278,35980,C,Norwich-New London  CT ,25,25,7145,0,0,0,0,0,0,0,0,0,11,11,3194,0,0,0,0,0,0,0,0,0
202305,279,25620,C,Hattiesburg  MS ,12,12,2129,0,0,0,1,3,142,0,0,0,0,0,0,0,0,0,0,0,0,0,0,0
202305,284,26300,C,Hot Springs  AR ,2,2,585,0,0,0,0,0,0,0,0,0,2,2,585,0,0,0,0,0,0,0,0,0
202305,288,26420,C,Houston-The Woodlands-Sugar Land  TX ,4995,4995,1264047,79,158,24144,1,4,10,84,1610,239798,4727,4727,1190030,79,158,24144,1,4,10,82,1600,239576
202305,290,19460,C,Decatur  AL ,40,40,10845,0,0,0,0,0,0,0,0,0,38,38,10460,0,0,0,0,0,0,0,0,0
202305,290,26620,C,Huntsville  AL ,411,411,85656,25,50,9794,0,0,0,2,383,46888,262,262,49324,25,50,9794,0,0,0,2,383,46888
202305,292,26820,C,Idaho Falls  ID ,54,54,15840,0,0,0,0,0,0,1,24,2463,52,52,15453,0,0,0,0,0,0,1,24,2463
202305,294,18020,C,Columbus  IN ,14,14,6404,0,0,0,0,0,0,0,0,0,14,14,6404,0,0,0,0,0,0,0,0,0
202305,294,26900,C,Indianapolis-Carmel-Anderson  IN ,720,720,258562,12,24,4996,0,0,0,40,693,119133,655,655,242069,12,24,4996,0,0,0,39,674,116866
202305,294,34620,C,Muncie  IN ,10,10,2046,0,0,0,0,0,0,0,0,0,3,3,325,0,0,0,0,0,0,0,0,0
202305,296,27060,C,Ithaca  NY ,17,17,4383,0,0,0,0,0,0,1,5,849,6,6,935,0,0,0,0,0,0,0,0,0
202305,297,27180,C,Jackson  TN ,35,35,8081,0,0,0,0,0,0,0,0,0,4,4,955,0,0,0,0,0,0,0,0,0
202305,298,27140,C,Jackson  MS ,131,131,29252,1,2,247,0,0,0,0,0,0,112,112,26043,0,0,0,0,0,0,0,0,0
202305,300,27260,C,Jacksonville  FL ,1236,1236,346935,5,10,1302,0,0,0,14,782,122654,1228,1228,343556,5,10,1302,0,0,0,14,782,122654
202305,304,27740,C,Johnson City  TN ,78,78,20327,2,4,575,0,0,0,2,16,1568,60,60,17504,2,4,575,0,0,0,2,16,1568
202305,304,28700,C,Kingsport-Bristol  TN-VA ,74,74,19030,0,0,0,0,0,0,1,5,292,54,54,16411,0,0,0,0,0,0,0,0,0
202305,306,27780,C,Johnstown  PA ,4,4,873,0,0,0,0,0,0,0,0,0,0,0,0,0,0,0,0,0,0,0,0,0
202305,308,27860,C,Jonesboro  AR ,64,64,9533,5,10,688,6,18,933,2,10,567,17,17,2451,0,0,0,0,0,0,0,0,0
202305,309,27900,C,Joplin  MO ,55,55,8071,1,2,283,0,0,0,2,11,783,40,40,5609,1,2,283,0,0,0,0,0,0
202305,310,12980,C,Battle Creek  MI ,7,7,1226,0,0,0,0,0,0,0,0,0,0,0,0,0,0,0,0,0,0,0,0,0
202305,310,28020,C,Kalamazoo-Portage  MI ,50,50,13422,0,0,0,2,7,1840,0,0,0,43,43,9520,0,0,0,2,7,1840,0,0,0
202305,312,28140,C,Kansas City  MO-KS ,404,404,146173,35,70,13400,1,4,13,11,460,82661,353,353,128564,35,70,13400,1,4,13,11,460,82661
202305,312,29940,C,Lawrence  KS ,14,14,4991,0,0,0,0,0,0,1,16,2116,4,4,1249,0,0,0,0,0,0,0,0,0
202305,312,41140,C,St. Joseph  MO-KS ,6,6,1329,0,0,0,0,0,0,0,0,0,2,2,500,0,0,0,0,0,0,0,0,0
202305,313,28420,C,Kennewick-Richland  WA ,124,124,41438,1,2,296,5,15,2236,5,64,9048,46,46,14454,0,0,0,1,3,226,2,32,4814
202305,313,47460,C,Walla Walla  WA ,8,8,1967,2,4,1120,0,0,0,0,0,0,7,7,1867,2,4,1120,0,0,0,0,0,0
202305,315,28940,C,Knoxville  TN ,405,405,116592,2,4,923,0,0,0,2,56,6702,303,303,88134,1,2,405,0,0,0,0,0,0
202305,315,34100,C,Morristown  TN ,70,70,18860,0,0,0,1,3,322,0,0,0,20,20,5812,0,0,0,0,0,0,0,0,0
202305,316,29020,C,Kokomo  IN ,11,11,2643,0,0,0,0,0,0,0,0,0,8,8,1720,0,0,0,0,0,0,0,0,0
202305,318,29180,C,Lafayette  LA ,224,224,62650,0,0,0,0,0,0,1,8,787,169,169,50243,0,0,0,0,0,0,1,8,787
202305,320,29200,C,Lafayette-West Lafayette  IN ,45,45,14280,0,0,0,0,0,0,3,59,6920,2,2,1156,0,0,0,0,0,0,0,0,0
202305,324,29340,C,Lake Charles  LA ,68,68,10719,0,0,0,0,0,0,0,0,0,64,64,9720,0,0,0,0,0,0,0,0,0
202305,332,29820,C,Las Vegas-Henderson-Paradise  NV ,1057,1057,315346,12,24,4356,3,12,876,16,630,163607,1056,1056,314896,12,24,4356,3,12,876,16,630,163607
202305,336,30460,C,Lexington-Fayette  KY ,125,125,30681,2,4,530,2,6,1940,2,78,7740,18,18,6479,1,2,288,1,3,1500,0,0,0
202305,338,30620,C,Lima  OH ,8,8,2274,0,0,0,0,0,0,0,0,0,1,1,250,0,0,0,0,0,0,0,0,0
202305,339,30700,C,Lincoln  NE ,99,99,32936,1,2,335,1,3,117,5,162,15328,8,8,2193,0,0,0,0,0,0,0,0,0
202305,340,30780,C,Little Rock-North Little Rock-Conway  AR ,149,149,43602,0,0,0,0,0,0,1,49,1987,111,111,35429,0,0,0,0,0,0,0,0,0
202305,340,38220,C,Pine Bluff  AR ,4,4,488,0,0,0,0,0,0,0,0,0,3,3,340,0,0,0,0,0,0,0,0,0
202305,348,31080,C,Los Angeles-Long Beach-Anaheim  CA ,1042,1042,298169,66,132,33792,10,32,12159,44,1432,245925,808,808,237942,62,124,31804,9,29,11409,29,1236,210733
202305,348,37100,C,Oxnard-Thousand Oaks-Ventura  CA ,24,24,7854,1,2,438,3,9,2700,2,33,3426,5,5,465,0,0,0,3,9,2700,0,0,0
202305,348,40140,C,Riverside-San Bernardino-Ontario  CA ,1292,1292,346117,13,26,1695,4,14,3115,28,212,19960,931,931,243939,11,22,1008,2,8,1920,24,191,17539
202305,350,21060,C,Elizabethtown-Fort Knox  KY ,44,44,9700,10,20,2000,0,0,0,0,0,0,33,33,6897,10,20,2000,0,0,0,0,0,0
202305,350,31140,C,Louisville-Jefferson County  KY-IN ,299,299,92121,4,8,1775,0,0,0,2,176,14000,287,287,88794,4,8,1775,0,0,0,1,168,12800
202305,352,31180,C,Lubbock  TX ,179,179,47061,1,2,357,1,3,434,0,0,0,154,154,40138,0,0,0,0,0,0,0,0,0
202305,356,31420,C,Macon-Bibb County  GA ,50,50,13534,0,0,0,0,0,0,0,0,0,8,8,2460,0,0,0,0,0,0,0,0,0
202305,356,47580,C,Warner Robins  GA ,103,103,22496,1,2,117,0,0,0,0,0,0,82,82,17603,1,2,117,0,0,0,0,0,0
202305,357,27500,C,Janesville-Beloit  WI ,25,25,7841,2,4,1220,0,0,0,0,0,0,16,16,4997,2,4,1220,0,0,0,0,0,0
202305,357,31540,C,Madison  WI ,154,154,66675,6,12,3489,10,40,10503,7,424,14218,134,134,60346,5,10,2714,10,40,10503,6,419,13461
202305,359,31860,C,Mankato  MN ,16,16,6022,2,4,841,0,0,0,2,28,4188,6,6,2612,0,0,0,0,0,0,0,0,0
202305,360,31900,C,Mansfield  OH ,10,10,3355,2,4,602,1,3,286,0,0,0,7,7,2405,1,2,357,0,0,0,0,0,0
202305,365,32580,C,McAllen-Edinburg-Mission  TX ,353,353,86838,21,42,1938,42,168,14775,12,67,5916,313,313,78890,18,36,1490,37,148,11769,12,67,5916
202305,366,24420,C,Grants Pass  OR ,21,21,4993,0,0,0,0,0,0,0,0,0,6,6,1980,0,0,0,0,0,0,0,0,0
202305,366,32780,C,Medford  OR ,65,65,22209,4,8,1250,0,0,0,5,28,3632,51,51,18813,3,6,936,0,0,0,3,18,2270
202305,368,32820,C,Memphis  TN-MS-AR ,302,302,81708,0,0,0,0,0,0,0,0,0,261,261,72785,0,0,0,0,0,0,0,0,0
202305,370,33100,C,Miami-Fort Lauderdale-Pompano Beach  FL ,408,408,178864,10,20,5330,1,4,1012,30,540,113503,298,298,115039,9,18,5283,1,4,1012,20,398,87980
202305,370,38940,C,Port St. Lucie  FL ,430,430,171318,9,18,1059,0,0,0,7,77,14920,430,430,171318,9,18,1059,0,0,0,7,77,14920
202305,370,42680,C,Sebastian-Vero Beach  FL ,108,108,49832,1,2,314,1,3,202,0,0,0,24,24,5576,0,0,0,0,0,0,0,0,0
202305,372,33260,C,Midland  TX ,85,85,23147,0,0,0,0,0,0,0,0,0,85,85,23147,0,0,0,0,0,0,0,0,0
202305,372,36220,C,Odessa  TX ,80,80,20498,0,0,0,0,0,0,0,0,0,0,0,0,0,0,0,0,0,0,0,0,0
202305,376,33340,C,Milwaukee-Waukesha  WI ,138,138,64131,9,18,5754,0,0,0,1,7,1583,104,104,51829,6,12,4270,0,0,0,0,0,0
202305,376,39540,C,Racine  WI ,16,16,7422,1,2,342,0,0,0,0,0,0,13,13,6503,0,0,0,0,0,0,0,0,0
202305,378,33460,C,Minneapolis-St. Paul-Bloomington  MN-WI ,768,768,297859,5,10,2009,5,17,4119,46,1212,193844,661,661,258301,3,6,1339,4,14,3482,35,1098,172798
202305,378,41060,C,St. Cloud  MN ,59,59,19467,0,0,0,0,0,0,0,0,0,50,50,16489,0,0,0,0,0,0,0,0,0
202305,380,19300,C,Daphne-Fairhope-Foley  AL ,278,278,73367,0,0,0,0,0,0,10,240,23958,191,191,51129,0,0,0,0,0,0,10,240,23958
202305,380,33660,C,Mobile  AL ,80,80,20580,0,0,0,1,4,450,0,0,0,78,78,20186,0,0,0,1,4,450,0,0,0
202305,384,33740,C,Monroe  LA ,28,28,7175,6,12,878,0,0,0,0,0,0,0,0,0,0,0,0,0,0,0,0,0,0
202305,388,33860,C,Montgomery  AL ,82,82,23482,0,0,0,0,0,0,0,0,0,82,82,23482,0,0,0,0,0,0,0,0,0
202305,390,34060,C,Morgantown  WV ,1,1,137,0,0,0,0,0,0,0,0,0,0,0,0,0,0,0,0,0,0,0,0,0
202305,396,34820,C,Myrtle Beach-Conway-North Myrtle Beach  SC-NC ,1155,1155,249351,5,10,464,0,0,0,2,12,815,903,903,172540,5,10,464,0,0,0,1,6,515
202305,400,34980,C,Nashville-Davidson--Murfreesboro--Franklin  TN ,1492,1492,470462,2,4,702,2,7,443,17,629,74249,1088,1088,387008,1,2,522,1,4,218,14,602,71112
202305,404,35100,C,New Bern  NC ,49,49,13452,0,0,0,0,0,0,0,0,0,35,35,9661,0,0,0,0,0,0,0,0,0
202305,406,25220,C,Hammond  LA ,103,103,17357,0,0,0,0,0,0,2,40,3728,95,95,15879,0,0,0,0,0,0,0,0,0
202305,406,35380,C,New Orleans-Metairie  LA ,206,206,65041,20,40,4434,1,3,612,1,47,8459,91,91,31552,4,8,820,0,0,0,0,0,0
202305,408,14860,C,Bridgeport-Stamford-Norwalk  CT ,38,38,56245,5,10,2033,0,0,0,2,12,10701,28,28,46586,5,10,2033,0,0,0,0,0,0
202305,408,20700,C,East Stroudsburg  PA ,28,28,9104,0,0,0,0,0,0,0,0,0,18,18,6272,0,0,0,0,0,0,0,0,0
202305,408,28740,C,Kingston  NY ,25,25,10498,0,0,0,0,0,0,1,8,1000,14,14,7085,0,0,0,0,0,0,1,8,1000
202305,408,35300,C,New Haven-Milford  CT ,50,50,16575,2,4,509,0,0,0,3,55,8997,27,27,10399,1,2,330,0,0,0,0,0,0
202305,408,35620,C,New York-Newark-Jersey City  NY-NJ-PA ,1084,1084,318708,55,110,18556,21,66,7375,117,3358,450953,689,689,184047,40,80,14591,15,48,6346,42,2514,341810
202305,408,39100,C,Poughkeepsie-Newburgh-Middletown  NY ,73,73,28774,0,0,0,0,0,0,9,110,16280,26,26,7091,0,0,0,0,0,0,7,97,14563
202305,408,45940,C,Trenton-Princeton  NJ ,54,54,5140,0,0,0,0,0,0,4,73,7526,51,51,4773,0,0,0,0,0,0,2,50,5946
202305,412,35840,C,North Port-Sarasota-Bradenton  FL ,996,996,330600,21,42,6994,0,0,0,12,276,82174,939,939,313960,2,4,500,0,0,0,11,271,81336
202305,412,39460,C,Punta Gorda  FL ,422,422,125247,18,36,5956,4,12,3005,1,42,7437,0,0,0,0,0,0,0,0,0,0,0,0
202305,416,36420,C,Oklahoma City  OK ,666,666,170947,34,68,6879,0,0,0,1,24,3950,634,634,165194,31,62,6215,0,0,0,1,24,3950
202305,420,36540,C,Omaha-Council Bluffs  NE-IA ,252,252,59845,1,2,366,1,4,791,1,18,2647,203,203,45459,0,0,0,1,4,791,0,0,0
202305,422,19660,C,Deltona-Daytona Beach-Ormond Beach  FL ,467,467,129873,9,18,3373,0,0,0,3,44,5706,399,399,108216,9,18,3373,0,0,0,1,23,2678
202305,422,29460,C,Lakeland-Winter Haven  FL ,906,906,243718,12,24,2900,0,0,0,0,0,0,826,826,224523,12,24,2900,0,0,0,0,0,0
202305,422,36740,C,Orlando-Kissimmee-Sanford  FL ,1589,1589,454322,2,4,820,0,0,0,8,427,44548,1368,1368,390536,2,4,820,0,0,0,5,360,39345
202305,422,45540,C,The Villages  FL ,312,312,70187,0,0,0,0,0,0,0,0,0,311,311,69997,0,0,0,0,0,0,0,0,0
202305,425,37620,C,Parkersburg-Vienna  WV ,8,8,1859,0,0,0,0,0,0,0,0,0,6,6,1523,0,0,0,0,0,0,0,0,0
202305,426,37860,C,Pensacola-Ferry Pass-Brent  FL ,225,225,64704,0,0,0,0,0,0,0,0,0,225,225,64704,0,0,0,0,0,0,0,0,0
202305,428,12100,C,Atlantic City-Hammonton  NJ ,17,17,5626,0,0,0,0,0,0,2,17,1256,11,11,3263,0,0,0,0,0,0,0,0,0
202305,428,20100,C,Dover  DE ,86,86,14350,3,6,1033,0,0,0,0,0,0,86,86,14350,3,6,1033,0,0,0,0,0,0
202305,428,36140,C,Ocean City  NJ ,50,50,24001,7,14,1577,2,7,650,0,0,0,42,42,21968,7,14,1577,1,4,141,0,0,0
202305,428,37980,C,Philadelphia-Camden-Wilmington  PA-NJ-DE-MD ,685,685,175513,3,6,963,8,28,6217,36,528,59012,317,317,94207,3,6,963,5,19,5223,26,453,51714
202305,428,39740,C,Reading  PA ,25,25,7813,0,0,0,0,0,0,0,0,0,8,8,2061,0,0,0,0,0,0,0,0,0
202305,428,47220,C,Vineland-Bridgeton  NJ ,2,2,380,0,0,0,0,0,0,0,0,0,1,1,333,0,0,0,0,0,0,0,0,0
202305,429,38060,C,Phoenix-Mesa-Chandler  AZ ,2246,2246,666569,75,150,20630,1,4,287,58,1002,144906,2085,2085,622324,73,146,20011,1,4,287,57,886,124633
202305,430,38300,C,Pittsburgh  PA ,343,343,112487,0,0,0,3,10,1839,4,165,17786,196,196,69573,0,0,0,1,4,916,0,0,0
202305,430,48260,C,Weirton-Steubenville  WV-OH ,2,2,408,0,0,0,0,0,0,0,0,0,0,0,0,0,0,0,0,0,0,0,0,0
202305,438,30340,C,Lewiston-Auburn  ME ,26,26,5577,0,0,0,0,0,0,1,20,2149,11,11,2094,0,0,0,0,0,0,0,0,0
202305,438,38860,C,Portland-South Portland  ME ,219,219,78496,4,8,1471,2,6,1597,7,111,16463,100,100,44067,3,6,1200,1,3,787,3,73,14448
202305,440,10540,C,Albany-Lebanon  OR ,25,25,6969,0,0,0,0,0,0,0,0,0,18,18,5375,0,0,0,0,0,0,0,0,0
202305,440,18700,C,Corvallis  OR ,12,12,4309,1,2,397,1,4,918,0,0,0,12,12,4309,1,2,397,1,4,918,0,0,0
202305,440,31020,C,Longview  WA ,23,23,6728,0,0,0,0,0,0,0,0,0,22,22,6531,0,0,0,0,0,0,0,0,0
202305,440,38900,C,Portland-Vancouver-Hillsboro  OR-WA ,611,611,250398,4,8,1870,1,4,132,10,488,75878,477,477,170729,4,8,1870,1,4,132,7,449,70300
202305,440,41420,C,Salem  OR ,97,97,28964,5,10,2790,1,4,714,9,109,12439,78,78,23279,5,10,2790,1,4,714,6,66,7901
202305,444,39380,C,Pueblo  CO ,40,40,7409,0,0,0,0,0,0,0,0,0,40,40,7409,0,0,0,0,0,0,0,0,0
202305,450,20500,C,Durham-Chapel Hill  NC ,266,266,97751,16,32,4475,0,0,0,2,122,17329,264,264,96473,16,32,4475,0,0,0,1,110,15734
202305,450,39580,C,Raleigh-Cary  NC ,1341,1341,328423,1,2,294,0,0,0,12,577,77945,1341,1341,328423,1,2,294,0,0,0,12,577,77945
202305,452,39660,C,Rapid City  SD ,38,38,14926,0,0,0,2,8,930,3,138,18741,37,37,14644,0,0,0,2,8,930,3,138,18741
202305,454,39820,C,Redding  CA ,23,23,6639,0,0,0,0,0,0,0,0,0,10,10,3041,0,0,0,0,0,0,0,0,0
202305,456,16180,C,Carson City  NV ,16,16,4223,0,0,0,0,0,0,1,6,599,0,0,0,0,0,0,0,0,0,0,0,0
202305,456,39900,C,Reno  NV ,200,200,55199,7,14,1970,2,6,791,9,172,21844,45,45,11360,5,10,1551,0,0,0,0,0,0
202305,462,40340,C,Rochester  MN ,49,49,15330,0,0,0,0,0,0,0,0,0,31,31,10846,0,0,0,0,0,0,0,0,0
202305,464,40380,C,Rochester  NY ,82,82,25956,3,6,814,2,7,730,6,48,6364,43,43,15367,2,4,500,1,4,200,2,20,3160
202305,466,40420,C,Rockford  IL ,18,18,4853,0,0,0,0,0,0,0,0,0,15,15,4528,0,0,0,0,0,0,0,0,0
202305,468,40580,C,Rocky Mount  NC ,33,33,6048,0,0,0,0,0,0,0,0,0,5,5,1356,0,0,0,0,0,0,0,0,0
202305,472,40900,C,Sacramento-Roseville-Folsom  CA ,764,764,244859,2,4,1200,1,3,424,7,180,27912,747,747,239595,2,4,1200,1,3,424,7,180,27912
202305,472,49700,C,Yuba City  CA ,70,70,19267,0,0,0,0,0,0,0,0,0,61,61,16151,0,0,0,0,0,0,0,0,0
202305,474,13020,C,Bay City  MI ,4,4,1175,0,0,0,0,0,0,0,0,0,0,0,0,0,0,0,0,0,0,0,0,0
202305,474,33220,C,Midland  MI ,7,7,1627,1,2,204,0,0,0,0,0,0,0,0,0,0,0,0,0,0,0,0,0,0
202305,474,40980,C,Saginaw  MI ,11,11,2752,1,2,490,1,4,636,0,0,0,4,4,903,1,2,490,1,4,636,0,0,0
202305,476,41180,C,St. Louis  MO-IL ,456,456,174504,5,10,1915,2,8,1548,11,577,101111,335,335,127300,4,8,1665,2,8,1548,6,519,92486
202305,480,41540,C,Salisbury  MD-DE ,437,437,67339,4,8,1480,0,0,0,16,154,26528,436,436,67246,4,8,1480,0,0,0,16,154,26528
202305,482,36260,C,Ogden-Clearfield  UT ,192,192,60069,0,0,0,3,12,2321,3,45,7781,141,141,46005,0,0,0,2,8,1567,1,5,1650
202305,482,39340,C,Provo-Orem  UT ,403,403,130444,0,0,0,1,4,1940,3,25,5657,394,394,123899,0,0,0,1,4,1940,3,25,5657
202305,482,41620,C,Salt Lake City  UT ,360,360,70890,2,4,274,16,62,14080,9,303,43243,305,305,61448,0,0,0,14,56,13007,5,37,6754
202305,484,41700,C,San Antonio-New Braunfels  TX ,869,869,236321,15,30,4059,0,0,0,12,787,66039,675,675,189410,5,10,1470,0,0,0,11,767,63583
202305,488,32900,C,Merced  CA ,16,16,4776,0,0,0,0,0,0,0,0,0,1,1,300,0,0,0,0,0,0,0,0,0
202305,488,33700,C,Modesto  CA ,53,53,13241,0,0,0,0,0,0,0,0,0,35,35,9132,0,0,0,0,0,0,0,0,0
202305,488,34900,C,Napa  CA ,28,28,9642,0,0,0,1,3,867,1,61,10549,17,17,5893,0,0,0,0,0,0,0,0,0
202305,488,41860,C,San Francisco-Oakland-Berkeley  CA ,405,405,152001,3,6,1830,1,4,1602,23,783,158765,336,336,124233,2,4,1680,1,4,1602,17,687,142697
202305,488,41940,C,San Jose-Sunnyvale-Santa Clara  CA ,387,387,150829,0,0,0,0,0,0,9,188,39489,179,179,88780,0,0,0,0,0,0,2,65,10261
202305,488,42100,C,Santa Cruz-Watsonville  CA ,30,30,6497,0,0,0,0,0,0,2,26,2001,21,21,4454,0,0,0,0,0,0,1,20,1539
202305,488,42220,C,Santa Rosa-Petaluma  CA ,94,94,26155,0,0,0,0,0,0,4,78,37768,75,75,21427,0,0,0,0,0,0,1,63,30000
202305,488,44700,C,Stockton  CA ,190,190,75492,0,0,0,0,0,0,1,22,2692,149,149,63552,0,0,0,0,0,0,0,0,0
202305,488,46700,C,Vallejo  CA ,83,83,23785,0,0,0,0,0,0,0,0,0,82,82,23499,0,0,0,0,0,0,0,0,0
202305,496,25980,C,Hinesville  GA ,77,77,20430,0,0,0,0,0,0,0,0,0,50,50,14019,0,0,0,0,0,0,0,0,0
202305,496,42340,C,Savannah  GA ,208,208,53942,1,2,113,1,3,304,15,302,41626,161,161,43013,0,0,0,0,0,0,15,302,41626
202305,500,14740,C,Bremerton-Silverdale-Port Orchard  WA ,87,87,33416,0,0,0,0,0,0,4,126,20135,87,87,33416,0,0,0,0,0,0,4,126,20135
202305,500,34580,C,Mount Vernon-Anacortes  WA ,28,28,10526,0,0,0,0,0,0,1,19,1773,19,19,7078,0,0,0,0,0,0,0,0,0
202305,500,36500,C,Olympia-Lacey-Tumwater  WA ,69,69,20185,0,0,0,0,0,0,7,57,8470,59,59,17944,0,0,0,0,0,0,6,52,8257
202305,500,42660,C,Seattle-Tacoma-Bellevue  WA ,616,616,232053,43,86,21335,8,30,7082,28,1604,268397,522,522,198254,41,82,20208,8,30,7082,24,1567,264399
202305,508,43340,C,Shreveport-Bossier City  LA ,85,85,24483,0,0,0,0,0,0,0,0,0,27,27,9627,0,0,0,0,0,0,0,0,0
202305,515,21140,C,Elkhart-Goshen  IN ,40,40,15648,0,0,0,0,0,0,0,0,0,39,39,15361,0,0,0,0,0,0,0,0,0
202305,515,35660,C,Niles  MI ,30,30,11985,0,0,0,0,0,0,0,0,0,17,17,7508,0,0,0,0,0,0,0,0,0
202305,515,43780,C,South Bend-Mishawaka  IN-MI ,40,40,21626,0,0,0,0,0,0,0,0,0,31,31,16739,0,0,0,0,0,0,0,0,0
202305,518,17660,C,Coeur dAlene  ID ,143,143,47633,4,8,2129,2,6,3013,1,17,1844,117,117,40270,3,6,1745,1,3,1756,0,0,0
202305,518,44060,C,Spokane-Spokane Valley  WA ,151,151,46849,5,10,2410,0,0,0,1,8,1320,147,147,45872,5,10,2410,0,0,0,1,8,1320
202305,522,44100,C,Springfield  IL ,16,16,6210,1,2,356,0,0,0,0,0,0,9,9,3800,0,0,0,0,0,0,0,0,0
202305,524,44300,C,State College  PA ,28,28,8837,1,2,311,0,0,0,2,28,9803,7,7,1568,0,0,0,0,0,0,0,0,0
202305,532,45060,C,Syracuse  NY ,49,49,13291,0,0,0,0,0,0,2,10,935,30,30,8110,0,0,0,0,0,0,0,0,0
202305,534,45780,C,Toledo  OH ,57,57,22045,0,0,0,1,3,223,1,5,293,43,43,16161,0,0,0,0,0,0,0,0,0
202305,536,46060,C,Tucson  AZ ,382,382,129771,2,4,475,0,0,0,5,64,9604,298,298,108465,0,0,0,0,0,0,0,0,0
202305,538,46140,C,Tulsa  OK ,297,297,74442,11,22,2318,5,20,2038,23,670,76701,223,223,55618,11,22,2318,5,20,2038,22,660,75932
202305,540,46340,C,Tyler  TX ,43,43,11461,21,42,6107,6,18,2574,2,10,1321,20,20,5710,19,38,5586,6,18,2574,1,5,689
202305,544,47020,C,Victoria  TX ,7,7,1999,0,0,0,0,0,0,0,0,0,7,7,1999,0,0,0,0,0,0,0,0,0
202305,545,47260,C,Virginia Beach-Norfolk-Newport News  VA-NC ,317,317,78245,0,0,0,3,9,750,4,148,15225,299,299,76349,0,0,0,3,9,750,4,148,15225
202305,548,12580,C,Baltimore-Columbia-Towson  MD ,310,310,75918,0,0,0,0,0,0,7,598,92268,304,304,74487,0,0,0,0,0,0,7,598,92268
202305,548,15680,C,California-Lexington Park  MD ,23,23,8650,0,0,0,0,0,0,0,0,0,23,23,8650,0,0,0,0,0,0,0,0,0
202305,548,16540,C,Chambersburg-Waynesboro  PA ,22,22,6266,0,0,0,0,0,0,0,0,0,17,17,5069,0,0,0,0,0,0,0,0,0
202305,548,25180,C,Hagerstown-Martinsburg  MD-WV ,203,203,41125,0,0,0,0,0,0,0,0,0,198,198,40137,0,0,0,0,0,0,0,0,0
202305,548,47900,C,Washington-Arlington-Alexandria  DC-VA-MD-WV ,1203,1203,323142,2,4,1029,0,0,0,15,321,47449,1142,1142,304023,2,4,1029,0,0,0,10,172,33572
202305,548,49020,C,Winchester  VA-WV ,106,106,25079,0,0,0,0,0,0,0,0,0,106,106,25079,0,0,0,0,0,0,0,0,0
202305,554,48140,C,Wausau-Weston  WI ,45,45,15166,0,0,0,0,0,0,0,0,0,34,34,11870,0,0,0,0,0,0,0,0,0
202305,556,48620,C,Wichita  KS ,148,148,54653,56,112,16556,0,0,0,0,0,0,130,130,45366,54,108,16250,0,0,0,0,0,0
202305,558,48700,C,Williamsport  PA ,5,5,1477,0,0,0,0,0,0,1,5,613,0,0,0,0,0,0,0,0,0,0,0,0
202305,566,49660,C,Youngstown-Warren-Boardman  OH-PA ,24,24,6536,0,0,0,0,0,0,0,0,0,17,17,4619,0,0,0,0,0,0,0,0,0
202305,999,10180,C,Abilene  TX ,45,45,11715,0,0,0,0,0,0,0,0,0,45,45,11715,0,0,0,0,0,0,0,0,0
202305,999,10500,C,Albany  GA ,25,25,3449,1,2,21,0,0,0,1,5,554,21,21,2383,1,2,21,0,0,0,0,0,0
202305,999,10780,C,Alexandria  LA ,17,17,4972,2,4,290,0,0,0,0,0,0,10,10,2868,0,0,0,0,0,0,0,0,0
202305,999,10900,C,Allentown-Bethlehem-Easton  PA-NJ ,136,136,37616,0,0,0,0,0,0,4,27,3464,90,90,25875,0,0,0,0,0,0,0,0,0
202305,999,11260,C,Anchorage  AK ,18,18,7540,0,0,0,0,0,0,0,0,0,4,4,694,0,0,0,0,0,0,0,0,0
202305,999,11500,C,Anniston-Oxford  AL ,10,10,1219,0,0,0,0,0,0,0,0,0,9,9,1144,0,0,0,0,0,0,0,0,0
202305,999,12260,C,Augusta-Richmond County  GA-SC ,304,304,76424,2,4,642,0,0,0,9,132,25413,109,109,28798,2,4,642,0,0,0,9,132,25413
202305,999,12420,C,Austin-Round Rock-Georgetown  TX ,1444,1444,410730,21,42,4729,1,3,334,35,1185,114023,908,908,287477,18,36,3803,0,0,0,32,1126,107309
202305,999,12540,C,Bakersfield  CA ,204,204,54278,1,2,116,1,3,106,1,5,635,13,13,4445,0,0,0,0,0,0,0,0,0
202305,999,12620,C,Bangor  ME ,27,27,6921,4,8,1151,0,0,0,0,0,0,12,12,3836,3,6,908,0,0,0,0,0,0
202305,999,12940,C,Baton Rouge  LA ,321,321,80695,0,0,0,1,3,385,0,0,0,140,140,37929,0,0,0,0,0,0,0,0,0
202305,999,13140,C,Beaumont-Port Arthur  TX ,95,95,24931,2,4,465,0,0,0,6,60,7000,69,69,19030,1,2,240,0,0,0,6,60,7000
202305,999,13220,C,Beckley  WV ,12,12,3113,0,0,0,0,0,0,0,0,0,11,11,2872,0,0,0,0,0,0,0,0,0
202305,999,13380,C,Bellingham  WA ,59,59,17888,1,2,550,0,0,0,0,0,0,12,12,3245,1,2,550,0,0,0,0,0,0
202305,999,13740,C,Billings  MT ,52,52,9374,0,0,0,0,0,0,0,0,0,33,33,8462,0,0,0,0,0,0,0,0,0
202305,999,13780,C,Binghamton  NY ,13,13,2883,0,0,0,0,0,0,3,25,2457,1,1,301,0,0,0,0,0,0,0,0,0
202305,999,13900,C,Bismarck  ND ,30,30,12458,8,16,3978,1,4,1017,0,0,0,24,24,10712,8,16,3978,1,4,1017,0,0,0
202305,999,13980,C,Blacksburg-Christiansburg  VA ,59,59,13805,0,0,0,0,0,0,0,0,0,51,51,10995,0,0,0,0,0,0,0,0,0
202305,999,15260,C,Brunswick  GA ,76,76,26008,5,10,1205,2,7,1674,1,37,4437,2,2,400,0,0,0,0,0,0,0,0,0
202305,999,16060,C,Carbondale-Marion  IL ,7,7,8030,0,0,0,1,4,313,0,0,0,4,4,7600,0,0,0,0,0,0,0,0,0
202305,999,16220,C,Casper  WY ,15,15,4772,0,0,0,0,0,0,0,0,0,12,12,4299,0,0,0,0,0,0,0,0,0
202305,999,16580,C,Champaign-Urbana  IL ,24,24,8776,1,2,425,0,0,0,2,170,26802,24,24,8776,1,2,425,0,0,0,2,170,26802
202305,999,16700,C,Charleston-North Charleston  SC ,517,517,185424,0,0,0,0,0,0,10,206,24736,136,136,60477,0,0,0,0,0,0,4,23,7357
202305,999,16820,C,Charlottesville  VA ,91,91,32618,0,0,0,1,3,238,2,24,2314,25,25,7397,0,0,0,0,0,0,0,0,0
202305,999,16940,C,Cheyenne  WY ,26,26,5950,0,0,0,0,0,0,0,0,0,12,12,3144,0,0,0,0,0,0,0,0,0
202305,999,17020,C,Chico  CA ,61,61,11792,2,4,536,0,0,0,0,0,0,37,37,7552,2,4,536,0,0,0,0,0,0
202305,999,17300,C,Clarksville  TN-KY ,105,105,23145,5,10,1905,2,6,880,6,48,5760,104,104,22985,5,10,1905,2,6,880,6,48,5760
202305,999,17780,C,College Station-Bryan  TX ,119,119,27246,0,0,0,0,0,0,10,60,10549,119,119,27246,0,0,0,0,0,0,10,60,10549
202305,999,17820,C,Colorado Springs  CO ,295,295,108042,6,12,1838,0,0,0,11,347,53722,294,294,107829,6,12,1838,0,0,0,11,347,53722
202305,999,18880,C,Crestview-Fort Walton Beach-Destin  FL ,228,228,111016,2,4,795,0,0,0,1,5,5000,226,226,110246,2,4,795,0,0,0,1,5,5000
202305,999,19060,C,Cumberland  MD-WV ,10,10,3608,0,0,0,0,0,0,0,0,0,9,9,3508,0,0,0,0,0,0,0,0,0
202305,999,19180,C,Danville  IL ,1,1,300,0,0,0,0,0,0,0,0,0,0,0,0,0,0,0,0,0,0,0,0,0
202305,999,19500,C,Decatur  IL ,1,1,303,0,0,0,0,0,0,0,0,0,1,1,303,0,0,0,0,0,0,0,0,0
202305,999,20220,C,Dubuque  IA ,14,14,5698,2,4,900,0,0,0,0,0,0,14,14,5698,2,4,900,0,0,0,0,0,0
202305,999,20260,C,Duluth  MN-WI ,56,56,15744,1,2,500,0,0,0,1,200,40000,44,44,12547,1,2,500,0,0,0,1,200,40000
202305,999,20940,C,El Centro  CA ,22,22,3126,0,0,0,0,0,0,1,8,1313,0,0,0,0,0,0,0,0,0,0,0,0
202305,999,21420,C,Enid  OK ,2,2,400,0,0,0,0,0,0,0,0,0,1,1,175,0,0,0,0,0,0,0,0,0
202305,999,21660,C,Eugene-Springfield  OR ,59,59,18001,8,16,3152,0,0,0,0,0,0,22,22,7816,8,16,3152,0,0,0,0,0,0
202305,999,21780,C,Evansville  IN-KY ,69,69,23772,1,2,700,0,0,0,0,0,0,66,66,22583,1,2,700,0,0,0,0,0,0
202305,999,21820,C,Fairbanks  AK ,2,2,672,0,0,0,0,0,0,0,0,0,2,2,672,0,0,0,0,0,0,0,0,0
202305,999,22140,C,Farmington  NM ,5,5,1220,0,0,0,0,0,0,0,0,0,5,5,1220,0,0,0,0,0,0,0,0,0
202305,999,22220,C,Fayetteville-Springdale-Rogers  AR-MO ,534,534,152887,3,6,2108,0,0,0,4,46,5491,359,359,102843,0,0,0,0,0,0,0,0,0
202305,999,22380,C,Flagstaff  AZ ,19,19,9356,1,2,197,7,28,1777,10,72,5548,19,19,9356,1,2,197,7,28,1777,10,72,5548
202305,999,22500,C,Florence  SC ,91,91,18473,0,0,0,0,0,0,0,0,0,89,89,18075,0,0,0,0,0,0,0,0,0
202305,999,22520,C,Florence-Muscle Shoals  AL ,15,15,1924,0,0,0,0,0,0,0,0,0,4,4,569,0,0,0,0,0,0,0,0,0
202305,999,22540,C,Fond du Lac  WI ,14,14,4951,0,0,0,0,0,0,0,0,0,0,0,0,0,0,0,0,0,0,0,0,0
202305,999,22660,C,Fort Collins  CO ,129,129,49681,0,0,0,0,0,0,1,6,1326,129,129,49681,0,0,0,0,0,0,1,6,1326
202305,999,22900,C,Fort Smith  AR-OK ,44,44,9799,12,24,4006,2,7,1422,0,0,0,32,32,7815,11,22,3859,0,0,0,0,0,0
202305,999,23460,C,Gadsden  AL ,8,8,1406,0,0,0,0,0,0,0,0,0,1,1,227,0,0,0,0,0,0,0,0,0
202305,999,24140,C,Goldsboro  NC ,45,45,10414,0,0,0,0,0,0,1,5,365,37,37,6752,0,0,0,0,0,0,0,0,0
202305,999,24220,C,Grand Forks  ND-MN ,34,34,10206,0,0,0,0,0,0,0,0,0,34,34,10206,0,0,0,0,0,0,0,0,0
202305,999,24260,C,Grand Island  NE ,11,11,2675,0,0,0,6,20,3746,0,0,0,7,7,1804,0,0,0,6,20,3746,0,0,0
202305,999,24300,C,Grand Junction  CO ,28,28,4987,0,0,0,0,0,0,3,46,2792,28,28,4987,0,0,0,0,0,0,3,46,2792
202305,999,24500,C,Great Falls  MT ,20,20,4923,0,0,0,0,0,0,0,0,0,20,20,4923,0,0,0,0,0,0,0,0,0
202305,999,25060,C,Gulfport-Biloxi  MS ,244,244,37404,0,0,0,0,0,0,0,0,0,172,172,25648,0,0,0,0,0,0,0,0,0
202305,999,25860,C,Hickory-Lenoir-Morganton  NC ,243,243,46677,7,14,1680,0,0,0,3,111,27375,204,204,38837,7,14,1680,0,0,0,1,95,26238
202305,999,25940,C,Hilton Head Island-Bluffton  SC ,270,270,105924,0,0,0,2,6,2051,1,16,2083,86,86,42230,0,0,0,2,6,2051,0,0,0
202305,999,26140,C,Homosassa Springs  FL ,145,145,38303,0,0,0,0,0,0,0,0,0,1,1,150,0,0,0,0,0,0,0,0,0
202305,999,26380,C,Houma-Thibodaux  LA ,57,57,13018,0,0,0,0,0,0,0,0,0,57,57,13018,0,0,0,0,0,0,0,0,0
202305,999,27100,C,Jackson  MI ,13,13,3851,0,0,0,0,0,0,0,0,0,3,3,1127,0,0,0,0,0,0,0,0,0
202305,999,27340,C,Jacksonville  NC ,139,139,25635,12,24,3179,0,0,0,0,0,0,139,139,25635,12,24,3179,0,0,0,0,0,0
202305,999,27620,C,Jefferson City  MO ,20,20,5189,1,2,325,1,3,184,0,0,0,16,16,4162,1,2,325,0,0,0,0,0,0
202305,999,27980,C,Kahului-Wailuku-Lahaina  HI ,23,23,8196,0,0,0,0,0,0,0,0,0,23,23,8196,0,0,0,0,0,0,0,0,0
202305,999,28660,C,Killeen-Temple  TX ,233,233,53121,34,68,7599,0,0,0,3,49,7120,77,77,13837,20,40,4463,0,0,0,0,0,0
202305,999,29100,C,La Crosse-Onalaska  WI-MN ,22,22,8530,2,4,866,0,0,0,0,0,0,7,7,2725,0,0,0,0,0,0,0,0,0
202305,999,29420,C,Lake Havasu City-Kingman  AZ ,203,203,41359,2,4,152,2,6,339,0,0,0,201,201,41067,2,4,152,1,3,114,0,0,0
202305,999,29540,C,Lancaster  PA ,70,70,20759,0,0,0,0,0,0,3,29,2773,44,44,15182,0,0,0,0,0,0,2,24,2670
202305,999,29620,C,Lansing-East Lansing  MI ,48,48,12321,0,0,0,0,0,0,3,32,3778,22,22,4985,0,0,0,0,0,0,0,0,0
202305,999,29700,C,Laredo  TX ,106,106,27159,1,2,260,2,8,1202,0,0,0,0,0,0,0,0,0,0,0,0,0,0,0
202305,999,30020,C,Lawton  OK ,8,8,1174,0,0,0,0,0,0,0,0,0,0,0,0,0,0,0,0,0,0,0,0,0
202305,999,30300,C,Lewiston  ID-WA ,8,8,1468,0,0,0,0,0,0,0,0,0,8,8,1468,0,0,0,0,0,0,0,0,0
202305,999,30860,C,Logan  UT-ID ,60,60,22021,1,2,586,0,0,0,2,20,3050,53,53,19836,1,2,586,0,0,0,2,20,3050
202305,999,30980,C,Longview  TX ,23,23,6282,3,6,751,1,4,579,1,10,437,15,15,4297,1,2,230,0,0,0,0,0,0
202305,999,31340,C,Lynchburg  VA ,80,80,15497,1,2,284,1,3,603,1,9,233,78,78,15099,0,0,0,0,0,0,0,0,0
202305,999,31740,C,Manhattan  KS ,26,26,8333,0,0,0,1,3,250,0,0,0,14,14,4581,0,0,0,0,0,0,0,0,0
202305,999,33540,C,Missoula  MT ,24,24,7913,0,0,0,1,4,224,1,12,528,24,24,7913,0,0,0,1,4,224,1,12,528
202305,999,36100,C,Ocala  FL ,480,480,135531,0,0,0,0,0,0,0,0,0,480,480,135531,0,0,0,0,0,0,0,0,0
202305,999,36980,C,Owensboro  KY ,18,18,1726,0,0,0,0,0,0,0,0,0,17,17,1524,0,0,0,0,0,0,0,0,0
202305,999,37340,C,Palm Bay-Melbourne-Titusville  FL ,398,398,161631,0,0,0,0,0,0,2,96,14188,383,383,157950,0,0,0,0,0,0,2,96,14188
202305,999,37460,C,Panama City  FL ,184,184,66801,1,2,449,0,0,0,1,6,1139,18,18,7314,0,0,0,0,0,0,0,0,0
202305,999,37900,C,Peoria  IL ,14,14,4965,0,0,0,0,0,0,0,0,0,7,7,2199,0,0,0,0,0,0,0,0,0
202305,999,38340,C,Pittsfield  MA ,3,3,929,0,0,0,0,0,0,0,0,0,0,0,0,0,0,0,0,0,0,0,0,0
202305,999,38540,C,Pocatello  ID ,25,25,5445,0,0,0,1,4,425,1,5,450,9,9,969,0,0,0,1,4,425,0,0,0
202305,999,39150,C,Prescott Valley-Prescott  AZ ,110,110,35701,3,6,582,0,0,0,0,0,0,99,99,32762,3,6,582,0,0,0,0,0,0
202305,999,40060,C,Richmond  VA ,433,433,103335,7,14,3157,0,0,0,3,484,56112,420,420,100353,7,14,3157,0,0,0,3,484,56112
202305,999,40220,C,Roanoke  VA ,37,37,12699,0,0,0,0,0,0,1,21,2566,16,16,5736,0,0,0,0,0,0,0,0,0
202305,999,41100,C,St. George  UT ,255,255,51559,0,0,0,1,3,827,4,65,12263,203,203,38876,0,0,0,1,3,827,3,58,11787
202305,999,41500,C,Salinas  CA ,50,50,19210,1,2,425,1,4,534,0,0,0,42,42,16843,0,0,0,0,0,0,0,0,0
202305,999,41660,C,San Angelo  TX ,19,19,5442,0,0,0,0,0,0,0,0,0,19,19,5442,0,0,0,0,0,0,0,0,0
202305,999,41740,C,San Diego-Chula Vista-Carlsbad  CA ,275,275,74168,6,12,2057,5,17,3260,26,502,99189,212,212,54826,2,4,865,3,10,1608,16,232,39397
202305,999,42020,C,San Luis Obispo-Paso Robles  CA ,61,61,16864,0,0,0,1,3,452,1,14,2226,39,39,12150,0,0,0,0,0,0,0,0,0
202305,999,42200,C,Santa Maria-Santa Barbara  CA ,56,56,18424,10,20,3180,1,3,522,2,49,5629,38,38,14939,10,20,3180,0,0,0,0,0,0
202305,999,42540,C,Scranton--Wilkes-Barre  PA ,46,46,14720,0,0,0,0,0,0,0,0,0,14,14,5888,0,0,0,0,0,0,0,0,0
202305,999,42700,C,Sebring-Avon Park  FL ,51,51,10749,1,2,350,0,0,0,0,0,0,51,51,10749,1,2,350,0,0,0,0,0,0
202305,999,43100,C,Sheboygan  WI ,10,10,3566,0,0,0,0,0,0,0,0,0,4,4,1658,0,0,0,0,0,0,0,0,0
202305,999,43420,C,Sierra Vista-Douglas  AZ ,42,42,6913,0,0,0,0,0,0,0,0,0,32,32,4404,0,0,0,0,0,0,0,0,0
202305,999,43580,C,Sioux City  IA-NE-SD ,32,32,7154,0,0,0,1,3,0,0,0,0,18,18,3435,0,0,0,0,0,0,0,0,0
202305,999,43620,C,Sioux Falls  SD ,125,125,32248,2,4,723,5,19,2067,4,227,40869,95,95,24683,1,2,323,2,8,1188,2,217,39504
202305,999,44140,C,Springfield  MA ,33,33,9797,0,0,0,0,0,0,4,29,3348,8,8,3233,0,0,0,0,0,0,0,0,0
202305,999,44180,C,Springfield  MO ,134,134,40794,6,12,1443,1,4,550,0,0,0,97,97,28916,5,10,1165,1,4,550,0,0,0
202305,999,44940,C,Sumter  SC ,52,52,8975,0,0,0,0,0,0,0,0,0,43,43,7209,0,0,0,0,0,0,0,0,0
202305,999,45220,C,Tallahassee  FL ,130,130,31466,1,2,222,0,0,0,4,109,13944,59,59,17488,0,0,0,0,0,0,0,0,0
202305,999,45300,C,Tampa-St. Petersburg-Clearwater  FL ,1395,1395,385872,6,12,2295,0,0,0,6,436,20819,767,767,235868,6,12,2295,0,0,0,3,420,16599
202305,999,45460,C,Terre Haute  IN ,14,14,2972,0,0,0,0,0,0,0,0,0,10,10,2259,0,0,0,0,0,0,0,0,0
202305,999,45500,C,Texarkana  TX-AR ,7,7,1618,0,0,0,0,0,0,0,0,0,1,1,200,0,0,0,0,0,0,0,0,0
202305,999,45820,C,Topeka  KS ,42,42,9832,1,2,267,0,0,0,0,0,0,39,39,9361,1,2,267,0,0,0,0,0,0
202305,999,46220,C,Tuscaloosa  AL ,62,62,20087,1,2,417,2,6,915,1,19,2922,30,30,10193,0,0,0,0,0,0,0,0,0
202305,999,46300,C,Twin Falls  ID ,49,49,14527,1,2,150,0,0,0,0,0,0,48,48,14302,1,2,150,0,0,0,0,0,0
202305,999,46520,C,Urban Honolulu  HI ,25,25,13253,4,8,2028,0,0,0,0,0,0,25,25,13253,4,8,2028,0,0,0,0,0,0
202305,999,46540,C,Utica-Rome  NY ,24,24,5116,0,0,0,0,0,0,1,6,938,4,4,1620,0,0,0,0,0,0,0,0,0
202305,999,46660,C,Valdosta  GA ,157,157,29804,1,2,133,0,0,0,0,0,0,91,91,18400,0,0,0,0,0,0,0,0,0
202305,999,47300,C,Visalia  CA ,125,125,39086,1,2,285,0,0,0,2,12,2987,97,97,31189,0,0,0,0,0,0,0,0,0
202305,999,47380,C,Waco  TX ,101,101,27217,1,2,230,0,0,0,1,5,514,83,83,22273,1,2,230,0,0,0,0,0,0
202305,999,47940,C,Waterloo-Cedar Falls  IA ,16,16,6123,1,2,246,0,0,0,0,0,0,10,10,3960,0,0,0,0,0,0,0,0,0
202305,999,48060,C,Watertown-Fort Drum  NY ,22,22,528,0,0,0,0,0,0,0,0,0,21,21,461,0,0,0,0,0,0,0,0,0
202305,999,48300,C,Wenatchee  WA ,55,55,17426,0,0,0,0,0,0,0,0,0,26,26,11093,0,0,0,0,0,0,0,0,0
202305,999,48540,C,Wheeling  WV-OH ,1,1,38,0,0,0,0,0,0,0,0,0,0,0,0,0,0,0,0,0,0,0,0,0
202305,999,48660,C,Wichita Falls  TX ,20,20,5338,0,0,0,0,0,0,0,0,0,16,16,4456,0,0,0,0,0,0,0,0,0
202305,999,48900,C,Wilmington  NC ,234,234,69126,7,14,2219,1,3,771,3,124,16097,44,44,9000,0,0,0,0,0,0,0,0,0
202305,999,49420,C,Yakima  WA ,45,45,13549,3,6,877,1,3,359,0,0,0,38,38,11454,3,6,877,1,3,359,0,0,0
202305,999,49740,C,Yuma  AZ ,64,64,10332,1,2,390,0,0,0,0,0,0,64,64,10332,1,2,390,0,0,0,0,0,0
