Survey,CSA,CBSA,MONCOV,CBSA,,1-unit,,,2-units,,,3-4 units,,,5+ units,,,1-unit rep,,,2-units rep,,,3-4 units rep,,,5+ units rep
Date,Code,Code,,Name,Bldgs,Units,Value,Bldgs,Units,Value,Bldgs,Units,Value,Bldgs,Units,Value,Bldgs,Units,Value,Bldgs,Units,Value,      Bldgs,Units,Value,Bldgs,Units,Value
 
202308,104,10580,C,Albany-Schenectady-Troy  NY ,104,104,37924,6,12,2856,3,11,1374,6,36,4375,62,62,24115,3,6,1146,3,11,1374,1,6,715
202308,104,24020,C,Glens Falls  NY ,26,26,8264,0,0,0,0,0,0,0,0,0,26,26,8264,0,0,0,0,0,0,0,0,0
202308,106,10740,C,Albuquerque  NM ,235,235,48004,0,0,0,0,0,0,0,0,0,212,212,41573,0,0,0,0,0,0,0,0,0
202308,106,42140,C,Santa Fe  NM ,15,15,7352,1,2,295,0,0,0,1,33,3749,0,0,0,0,0,0,0,0,0,0,0,0
202308,107,11020,C,Altoona  PA ,7,7,2163,1,2,458,0,0,0,0,0,0,3,3,1042,1,2,458,0,0,0,0,0,0
202308,108,11100,C,Amarillo  TX ,61,61,17188,5,10,1470,0,0,0,0,0,0,54,54,15417,5,10,1470,0,0,0,0,0,0
202308,118,11540,C,Appleton  WI ,51,51,18367,2,4,686,0,0,0,0,0,0,44,44,15783,2,4,686,0,0,0,0,0,0
202308,118,36780,C,Oshkosh-Neenah  WI ,35,35,14891,0,0,0,0,0,0,0,0,0,31,31,12800,0,0,0,0,0,0,0,0,0
202308,120,11700,C,Asheville  NC ,199,199,80808,1,2,410,0,0,0,2,31,6291,52,52,22426,1,2,410,0,0,0,0,0,0
202308,122,12020,C,Athens-Clarke County  GA ,95,95,35210,1,2,169,0,0,0,1,13,3924,77,77,29976,1,2,169,0,0,0,1,13,3924
202308,122,12060,C,Atlanta-Sandy Springs-Alpharetta  GA ,2520,2520,706195,5,10,1732,1,4,572,32,1286,191662,2262,2262,639867,4,8,1286,1,4,572,29,1233,184408
202308,122,23580,C,Gainesville  GA ,113,113,26467,0,0,0,0,0,0,0,0,0,28,28,6225,0,0,0,0,0,0,0,0,0
202308,122,40660,C,Rome  GA ,30,30,6599,0,0,0,0,0,0,0,0,0,30,30,6599,0,0,0,0,0,0,0,0,0
202308,140,13460,C,Bend  OR ,127,127,52986,1,2,479,0,0,0,0,0,0,127,127,52986,1,2,479,0,0,0,0,0,0
202308,142,13820,C,Birmingham-Hoover  AL ,259,259,80627,0,0,0,0,0,0,0,0,0,226,226,69401,0,0,0,0,0,0,0,0,0
202308,144,14020,C,Bloomington  IN ,27,27,9235,0,0,0,0,0,0,0,0,0,12,12,5002,0,0,0,0,0,0,0,0,0
202308,145,14010,C,Bloomington  IL ,20,20,6350,0,0,0,0,0,0,0,0,0,4,4,2110,0,0,0,0,0,0,0,0,0
202308,146,14100,C,Bloomsburg-Berwick  PA ,10,10,2790,0,0,0,0,0,0,0,0,0,2,2,481,0,0,0,0,0,0,0,0,0
202308,147,14260,C,Boise City  ID ,741,741,197151,7,14,2345,5,20,2230,10,245,35448,639,639,162983,4,8,1336,0,0,0,7,188,27585
202308,148,12700,C,Barnstable Town  MA ,39,39,24954,1,2,750,1,4,1200,0,0,0,32,32,20225,1,2,750,1,4,1200,0,0,0
202308,148,14460,C,Boston-Cambridge-Newton  MA-NH ,348,348,135056,27,54,16473,13,41,11059,26,422,90835,210,210,86291,21,42,13684,10,32,9019,12,283,66367
202308,148,31700,C,Manchester-Nashua  NH ,63,63,21892,2,4,544,0,0,0,2,96,10200,38,38,15077,1,2,275,0,0,0,2,96,10200
202308,148,39300,C,Providence-Warwick  RI-MA ,114,114,35997,4,8,1588,2,7,1165,0,0,0,47,47,17518,2,4,680,2,7,1165,0,0,0
202308,148,49340,C,Worcester  MA-CT ,101,101,33764,5,10,1947,0,0,0,3,67,5956,64,64,23603,4,8,1470,0,0,0,3,67,5956
202308,150,14540,C,Bowling Green  KY ,70,70,21789,0,0,0,0,0,0,1,10,1500,70,70,21789,0,0,0,0,0,0,1,10,1500
202308,154,15180,C,Brownsville-Harlingen  TX ,169,169,32176,9,18,1904,3,10,1452,3,35,4055,2,2,1150,2,4,555,1,4,550,0,0,0
202308,160,15380,C,Buffalo-Cheektowaga  NY ,75,75,24151,2,4,827,1,4,725,5,118,19675,56,56,19224,1,2,482,1,4,725,4,104,16536
202308,162,15540,C,Burlington-South Burlington  VT ,36,36,13640,2,4,234,2,6,1016,5,98,18171,26,26,10754,0,0,0,1,3,915,2,81,17036
202308,163,15980,C,Cape Coral-Fort Myers  FL ,868,868,204356,4,8,2024,1,4,192,17,276,46306,868,868,204356,4,8,2024,1,4,192,17,276,46306
202308,163,34940,C,Naples-Marco Island  FL ,277,277,154446,2,4,2456,2,8,1400,2,16,300,277,277,154446,2,4,2456,2,8,1400,2,16,300
202308,164,16020,C,Cape Girardeau  MO-IL ,9,9,2705,0,0,0,0,0,0,0,0,0,0,0,0,0,0,0,0,0,0,0,0,0
202308,168,16300,C,Cedar Rapids  IA ,51,51,14445,2,4,431,0,0,0,0,0,0,49,49,13895,2,4,431,0,0,0,0,0,0
202308,168,26980,C,Iowa City  IA ,55,55,20303,5,10,2304,2,8,1663,1,10,992,45,45,17553,2,4,1073,1,4,887,0,0,0
202308,170,16620,C,Charleston  WV ,17,17,1775,0,0,0,0,0,0,0,0,0,14,14,1523,0,0,0,0,0,0,0,0,0
202308,170,26580,C,Huntington-Ashland  WV-KY-OH ,22,22,4578,0,0,0,0,0,0,0,0,0,0,0,0,0,0,0,0,0,0,0,0,0
202308,172,16740,C,Charlotte-Concord-Gastonia  NC-SC ,1782,1782,485552,24,48,7775,0,0,0,11,382,72417,1557,1557,416743,24,48,7775,0,0,0,9,350,68324
202308,174,16860,C,Chattanooga  TN-GA ,202,202,48100,7,14,1063,3,9,1129,2,45,4496,148,148,35845,1,2,200,1,3,186,0,0,0
202308,174,17420,C,Cleveland  TN ,97,97,24065,0,0,0,0,0,0,0,0,0,78,78,20623,0,0,0,0,0,0,0,0,0
202308,174,19140,C,Dalton  GA ,33,33,6132,3,6,398,2,6,789,0,0,0,0,0,0,0,0,0,0,0,0,0,0,0
202308,176,16980,C,Chicago-Naperville-Elgin  IL-IN-WI ,781,781,257518,12,24,6587,18,61,9697,29,551,63085,601,601,206468,12,24,6587,18,61,9697,22,507,55815
202308,176,28100,C,Kankakee  IL ,1,1,250,0,0,0,1,3,643,0,0,0,0,0,0,0,0,0,0,0,0,0,0,0
202308,176,33140,C,Michigan City-La Porte  IN ,11,11,3189,0,0,0,0,0,0,1,17,2153,8,8,2507,0,0,0,0,0,0,0,0,0
202308,178,17140,C,Cincinnati  OH-KY-IN ,397,397,129287,11,22,3946,8,27,4324,9,149,22217,325,325,108922,8,16,3128,8,27,4324,6,131,20815
202308,184,10420,C,Akron  OH ,52,52,15647,1,2,222,3,12,2760,2,13,839,45,45,12548,1,2,222,3,12,2760,0,0,0
202308,184,15940,C,Canton-Massillon  OH ,33,33,15327,1,2,397,3,9,1102,1,8,614,29,29,14861,0,0,0,2,6,948,0,0,0
202308,184,17460,C,Cleveland-Elyria  OH ,228,228,86060,0,0,0,2,7,1100,2,32,2591,172,172,65504,0,0,0,1,4,612,0,0,0
202308,190,17860,C,Columbia  MO ,50,50,18132,0,0,0,0,0,0,0,0,0,50,50,18132,0,0,0,0,0,0,0,0,0
202308,192,17900,C,Columbia  SC ,469,469,112411,10,20,2475,4,15,1322,1,310,102800,349,349,89101,10,20,2475,4,15,1322,1,310,102800
202308,194,12220,C,Auburn-Opelika  AL ,107,107,34346,0,0,0,0,0,0,1,12,1634,73,73,26133,0,0,0,0,0,0,0,0,0
202308,194,17980,C,Columbus  GA-AL ,50,50,13129,1,2,375,0,0,0,1,57,11265,27,27,7069,0,0,0,0,0,0,0,0,0
202308,198,18140,C,Columbus  OH ,541,541,200925,9,18,2212,3,11,3042,28,1063,262180,469,469,175852,8,16,1712,3,11,3042,27,1058,261873
202308,204,18580,C,Corpus Christi  TX ,175,175,42121,0,0,0,0,0,0,0,0,0,17,17,4120,0,0,0,0,0,0,0,0,0
202308,206,19100,C,Dallas-Fort Worth-Arlington  TX ,3952,3952,1216569,22,44,6269,39,142,21427,28,1196,103606,2945,2945,899154,20,40,5826,6,20,4153,20,974,77266
202308,206,43300,C,Sherman-Denison  TX ,167,167,45793,7,14,1823,0,0,0,0,0,0,64,64,19599,0,0,0,0,0,0,0,0,0
202308,209,19340,C,Davenport-Moline-Rock Island  IA-IL ,35,35,12362,0,0,0,2,7,1185,1,5,524,29,29,10699,0,0,0,1,4,935,0,0,0
202308,212,19430,C,Dayton-Kettering  OH ,110,110,47400,0,0,0,0,0,0,1,31,3761,67,67,32512,0,0,0,0,0,0,0,0,0
202308,212,44220,C,Springfield  OH ,6,6,2141,0,0,0,0,0,0,0,0,0,6,6,2141,0,0,0,0,0,0,0,0,0
202308,216,14500,C,Boulder  CO ,57,57,31765,0,0,0,0,0,0,2,33,5693,52,52,27921,0,0,0,0,0,0,1,12,217
202308,216,19740,C,Denver-Aurora-Lakewood  CO ,896,896,271175,0,0,0,1,3,675,15,957,147131,840,840,249005,0,0,0,1,3,675,13,908,139248
202308,216,24540,C,Greeley  CO ,282,282,95024,20,40,7733,2,7,1919,7,80,13910,198,198,71407,12,24,4768,1,4,1205,5,29,6635
202308,218,11180,C,Ames  IA ,12,12,4043,2,4,1060,4,16,5800,0,0,0,4,4,2067,2,4,1060,4,16,5800,0,0,0
202308,218,19780,C,Des Moines-West Des Moines  IA ,383,383,133023,9,18,4890,0,0,0,1,5,1343,374,374,130173,9,18,4890,0,0,0,1,5,1343
202308,220,11460,C,Ann Arbor  MI ,87,87,25351,0,0,0,0,0,0,2,295,42026,68,68,19981,0,0,0,0,0,0,2,295,42026
202308,220,19820,C,Detroit-Warren-Dearborn  MI ,424,424,152625,3,6,1808,8,28,5658,10,83,11977,346,346,129333,3,6,1808,6,21,4639,10,83,11977
202308,220,22420,C,Flint  MI ,24,24,7687,0,0,0,0,0,0,2,34,1706,13,13,4724,0,0,0,0,0,0,2,34,1706
202308,220,33780,C,Monroe  MI ,22,22,5562,3,6,660,0,0,0,1,5,345,15,15,3861,3,6,660,0,0,0,0,0,0
202308,222,20020,C,Dothan  AL ,40,40,10506,1,2,173,0,0,0,0,0,0,4,4,1070,0,0,0,0,0,0,0,0,0
202308,232,20740,C,Eau Claire  WI ,44,44,21063,12,24,5679,0,0,0,1,24,2500,42,42,20373,10,20,4938,0,0,0,1,24,2500
202308,236,21300,C,Elmira  NY ,1,1,257,0,0,0,0,0,0,1,5,560,0,0,0,0,0,0,0,0,0,0,0,0
202308,238,21340,C,El Paso  TX ,186,186,43531,4,8,1033,1,4,527,1,16,1888,18,18,4326,0,0,0,0,0,0,0,0,0
202308,238,29740,C,Las Cruces  NM ,84,84,25140,1,2,180,0,0,0,0,0,0,74,74,22918,1,2,180,0,0,0,0,0,0
202308,240,21500,C,Erie  PA ,14,14,5250,1,2,200,0,0,0,7,40,6280,10,10,3980,0,0,0,0,0,0,7,40,6280
202308,244,22020,C,Fargo  ND-MN ,119,119,35287,0,0,0,0,0,0,2,173,29185,117,117,34530,0,0,0,0,0,0,2,173,29185
202308,246,22180,C,Fayetteville  NC ,236,236,48552,0,0,0,0,0,0,0,0,0,171,171,39624,0,0,0,0,0,0,0,0,0
202308,258,23060,C,Fort Wayne  IN ,188,188,64688,1,2,300,0,0,0,2,36,4000,188,188,64688,1,2,300,0,0,0,2,36,4000
202308,260,23420,C,Fresno  CA ,261,261,90769,0,0,0,0,0,0,21,207,25312,196,196,67486,0,0,0,0,0,0,16,176,20719
202308,260,25260,C,Hanford-Corcoran  CA ,58,58,19792,0,0,0,0,0,0,0,0,0,54,54,18798,0,0,0,0,0,0,0,0,0
202308,260,31460,C,Madera  CA ,71,71,22576,0,0,0,0,0,0,0,0,0,71,71,22576,0,0,0,0,0,0,0,0,0
202308,264,23540,C,Gainesville  FL ,109,109,27990,3,6,669,0,0,0,3,121,15567,14,14,2832,2,4,384,0,0,0,0,0,0
202308,266,24340,C,Grand Rapids-Kentwood  MI ,215,215,62964,6,12,2185,7,28,2910,6,166,24910,174,174,50146,3,6,1058,7,28,2910,2,90,13734
202308,266,34740,C,Muskegon  MI ,39,39,10397,1,2,288,0,0,0,0,0,0,29,29,8127,0,0,0,0,0,0,0,0,0
202308,267,24580,C,Green Bay  WI ,76,76,28402,8,16,2734,0,0,0,2,17,1917,65,65,24088,0,0,0,0,0,0,1,6,738
202308,268,15500,C,Burlington  NC ,137,137,22372,0,0,0,0,0,0,0,0,0,137,137,22372,0,0,0,0,0,0,0,0,0
202308,268,24660,C,Greensboro-High Point  NC ,188,188,46016,0,0,0,0,0,0,1,24,2601,118,118,26995,0,0,0,0,0,0,1,24,2601
202308,268,49180,C,Winston-Salem  NC ,311,311,86266,1,2,70,0,0,0,7,101,10110,266,266,75851,1,2,70,0,0,0,6,96,9913
202308,272,24780,C,Greenville  NC ,71,71,16168,0,0,0,0,0,0,0,0,0,39,39,8761,0,0,0,0,0,0,0,0,0
202308,273,24860,C,Greenville-Anderson  SC ,651,651,208843,19,38,3944,0,0,0,2,10,2437,598,598,195623,19,38,3944,0,0,0,2,10,2437
202308,273,43900,C,Spartanburg  SC ,237,237,41188,0,0,0,0,0,0,0,0,0,0,0,0,0,0,0,0,0,0,0,0,0
202308,276,23900,C,Gettysburg  PA ,35,35,10978,0,0,0,0,0,0,0,0,0,35,35,10978,0,0,0,0,0,0,0,0,0
202308,276,25420,C,Harrisburg-Carlisle  PA ,142,142,35254,6,12,594,0,0,0,3,18,1677,116,116,28081,6,12,594,0,0,0,0,0,0
202308,276,30140,C,Lebanon  PA ,18,18,3611,0,0,0,0,0,0,0,0,0,3,3,585,0,0,0,0,0,0,0,0,0
202308,276,49620,C,York-Hanover  PA ,91,91,23108,0,0,0,0,0,0,0,0,0,49,49,11819,0,0,0,0,0,0,0,0,0
202308,277,25500,C,Harrisonburg  VA ,33,33,9727,7,14,2148,0,0,0,0,0,0,33,33,9727,7,14,2148,0,0,0,0,0,0
202308,277,44420,C,Staunton  VA ,53,53,12898,0,0,0,0,0,0,1,10,1438,53,53,12898,0,0,0,0,0,0,1,10,1438
202308,278,25540,C,Hartford-East Hartford-Middletown  CT ,62,62,18833,2,4,862,1,4,839,6,96,11500,45,45,14228,2,4,862,1,4,839,2,47,6489
202308,278,35980,C,Norwich-New London  CT ,24,24,9851,1,2,194,0,0,0,0,0,0,13,13,6938,0,0,0,0,0,0,0,0,0
202308,279,25620,C,Hattiesburg  MS ,8,8,1824,0,0,0,0,0,0,0,0,0,0,0,0,0,0,0,0,0,0,0,0,0
202308,284,26300,C,Hot Springs  AR ,7,7,1375,0,0,0,0,0,0,0,0,0,7,7,1375,0,0,0,0,0,0,0,0,0
202308,288,26420,C,Houston-The Woodlands-Sugar Land  TX ,5139,5139,1307630,116,232,18021,6,23,3316,52,1911,441632,4828,4828,1221932,116,232,18021,6,23,3316,48,1869,437596
202308,290,19460,C,Decatur  AL ,70,70,14121,0,0,0,0,0,0,0,0,0,69,69,13999,0,0,0,0,0,0,0,0,0
202308,290,26620,C,Huntsville  AL ,353,353,69616,0,0,0,0,0,0,1,132,12388,204,204,33284,0,0,0,0,0,0,1,132,12388
202308,292,26820,C,Idaho Falls  ID ,109,109,22925,0,0,0,0,0,0,1,24,2463,106,106,21735,0,0,0,0,0,0,1,24,2463
202308,294,18020,C,Columbus  IN ,27,27,8033,0,0,0,0,0,0,0,0,0,27,27,8033,0,0,0,0,0,0,0,0,0
202308,294,26900,C,Indianapolis-Carmel-Anderson  IN ,693,693,274727,13,26,6576,6,18,4700,2,10,2100,599,599,248082,13,26,6576,6,18,4700,2,10,2100
202308,294,34620,C,Muncie  IN ,6,6,1746,0,0,0,0,0,0,0,0,0,2,2,569,0,0,0,0,0,0,0,0,0
202308,296,27060,C,Ithaca  NY ,16,16,4250,0,0,0,0,0,0,1,5,849,4,4,610,0,0,0,0,0,0,0,0,0
202308,297,27180,C,Jackson  TN ,38,38,9134,2,4,368,0,0,0,0,0,0,12,12,3047,2,4,368,0,0,0,0,0,0
202308,298,27140,C,Jackson  MS ,126,126,30363,0,0,0,0,0,0,0,0,0,106,106,25551,0,0,0,0,0,0,0,0,0
202308,300,27260,C,Jacksonville  FL ,1405,1405,368256,1,2,280,0,0,0,14,352,40475,1382,1382,359070,0,0,0,0,0,0,14,352,40475
202308,304,27740,C,Johnson City  TN ,80,80,25170,4,8,1308,1,3,649,0,0,0,52,52,19881,3,6,815,0,0,0,0,0,0
202308,304,28700,C,Kingsport-Bristol  TN-VA ,65,65,16422,0,0,0,0,0,0,1,5,292,47,47,14247,0,0,0,0,0,0,0,0,0
202308,306,27780,C,Johnstown  PA ,7,7,1518,0,0,0,0,0,0,0,0,0,0,0,0,0,0,0,0,0,0,0,0,0
202308,308,27860,C,Jonesboro  AR ,62,62,10226,7,14,948,8,27,1382,1,9,511,12,12,2713,2,4,260,0,0,0,0,0,0
202308,309,27900,C,Joplin  MO ,63,63,11379,1,2,146,0,0,0,4,65,10441,42,42,7774,1,2,146,0,0,0,1,48,8700
202308,310,12980,C,Battle Creek  MI ,7,7,1282,0,0,0,0,0,0,0,0,0,0,0,0,0,0,0,0,0,0,0,0,0
202308,310,28020,C,Kalamazoo-Portage  MI ,83,83,18523,0,0,0,0,0,0,0,0,0,75,75,14122,0,0,0,0,0,0,0,0,0
202308,312,28140,C,Kansas City  MO-KS ,466,466,170564,9,18,5679,12,48,7904,11,541,110316,421,421,156740,8,16,5408,12,48,7904,11,541,110316
202308,312,29940,C,Lawrence  KS ,17,17,5367,1,2,196,0,0,0,1,18,2380,6,6,1240,0,0,0,0,0,0,0,0,0
202308,312,41140,C,St. Joseph  MO-KS ,4,4,932,0,0,0,0,0,0,0,0,0,1,1,310,0,0,0,0,0,0,0,0,0
202308,313,28420,C,Kennewick-Richland  WA ,85,85,28875,1,2,610,2,7,1069,2,29,3633,45,45,16594,0,0,0,1,4,550,1,12,1742
202308,313,47460,C,Walla Walla  WA ,18,18,5673,0,0,0,0,0,0,0,0,0,16,16,5320,0,0,0,0,0,0,0,0,0
202308,315,28940,C,Knoxville  TN ,417,417,119910,3,6,600,0,0,0,6,348,71609,387,387,112307,3,6,600,0,0,0,6,348,71609
202308,315,34100,C,Morristown  TN ,96,96,27797,0,0,0,0,0,0,0,0,0,76,76,24579,0,0,0,0,0,0,0,0,0
202308,316,29020,C,Kokomo  IN ,10,10,2621,0,0,0,0,0,0,0,0,0,8,8,2010,0,0,0,0,0,0,0,0,0
202308,318,29180,C,Lafayette  LA ,170,170,40894,0,0,0,0,0,0,0,0,0,100,100,24989,0,0,0,0,0,0,0,0,0
202308,320,29200,C,Lafayette-West Lafayette  IN ,49,49,15991,0,0,0,0,0,0,2,69,8092,5,5,2568,0,0,0,0,0,0,0,0,0
202308,324,29340,C,Lake Charles  LA ,58,58,15288,0,0,0,0,0,0,0,0,0,55,55,14556,0,0,0,0,0,0,0,0,0
202308,332,29820,C,Las Vegas-Henderson-Paradise  NV ,744,744,220898,1,2,117,12,48,8519,0,0,0,743,743,220449,1,2,117,12,48,8519,0,0,0
202308,336,30460,C,Lexington-Fayette  KY ,137,137,33748,0,0,0,1,4,586,2,78,7740,29,29,9441,0,0,0,0,0,0,0,0,0
202308,338,30620,C,Lima  OH ,12,12,3397,0,0,0,1,3,200,0,0,0,4,4,960,0,0,0,0,0,0,0,0,0
202308,339,30700,C,Lincoln  NE ,102,102,33841,2,4,758,0,0,0,5,189,17883,5,5,1274,1,2,423,0,0,0,0,0,0
202308,340,30780,C,Little Rock-North Little Rock-Conway  AR ,133,133,40329,1,2,174,0,0,0,1,16,200,128,128,39403,0,0,0,0,0,0,1,16,200
202308,340,38220,C,Pine Bluff  AR ,5,5,958,0,0,0,0,0,0,0,0,0,2,2,430,0,0,0,0,0,0,0,0,0
202308,348,31080,C,Los Angeles-Long Beach-Anaheim  CA ,1009,1009,265681,67,134,30551,14,45,20080,60,2344,438897,727,727,198886,61,122,27410,12,39,18830,45,2124,398530
202308,348,37100,C,Oxnard-Thousand Oaks-Ventura  CA ,37,37,11322,0,0,0,0,0,0,3,55,9556,8,8,1535,0,0,0,0,0,0,0,0,0
202308,348,40140,C,Riverside-San Bernardino-Ontario  CA ,947,947,279688,9,18,2118,13,50,7741,55,446,65463,619,619,192735,3,6,962,11,43,6720,50,405,59412
202308,350,21060,C,Elizabethtown-Fort Knox  KY ,70,70,17412,17,34,3418,51,199,24942,4,28,1680,70,70,17412,17,34,3418,51,199,24942,4,28,1680
202308,350,31140,C,Louisville-Jefferson County  KY-IN ,311,311,104894,5,10,2064,1,3,433,6,200,53284,192,192,70219,4,8,1583,0,0,0,2,80,11000
202308,352,31180,C,Lubbock  TX ,206,206,58073,0,0,0,1,3,434,0,0,0,179,179,50444,0,0,0,0,0,0,0,0,0
202308,356,31420,C,Macon-Bibb County  GA ,55,55,15256,0,0,0,0,0,0,0,0,0,13,13,3880,0,0,0,0,0,0,0,0,0
202308,356,47580,C,Warner Robins  GA ,166,166,32459,0,0,0,0,0,0,2,70,6232,71,71,12949,0,0,0,0,0,0,0,0,0
202308,357,27500,C,Janesville-Beloit  WI ,29,29,9732,3,6,1541,0,0,0,0,0,0,20,20,6926,3,6,1541,0,0,0,0,0,0
202308,357,31540,C,Madison  WI ,145,145,62619,7,14,3561,0,0,0,5,447,77295,130,130,57036,5,10,2511,0,0,0,4,442,76538
202308,359,31860,C,Mankato  MN ,12,12,4671,2,4,841,0,0,0,2,81,11337,2,2,815,0,0,0,0,0,0,1,58,7850
202308,360,31900,C,Mansfield  OH ,8,8,2668,0,0,0,0,0,0,0,0,0,5,5,1718,0,0,0,0,0,0,0,0,0
202308,365,32580,C,McAllen-Edinburg-Mission  TX ,430,430,107110,14,28,2416,30,118,11868,3,41,8517,385,385,98277,11,22,1770,22,88,8059,2,36,8105
202308,366,24420,C,Grants Pass  OR ,22,22,4926,1,2,283,0,0,0,1,5,483,0,0,0,0,0,0,0,0,0,0,0,0
202308,366,32780,C,Medford  OR ,54,54,17157,0,0,0,0,0,0,11,93,11077,47,47,15930,0,0,0,0,0,0,10,88,10513
202308,368,32820,C,Memphis  TN-MS-AR ,276,276,73080,2,4,1247,0,0,0,9,524,80063,233,233,64213,2,4,1247,0,0,0,9,524,80063
202308,370,33100,C,Miami-Fort Lauderdale-Pompano Beach  FL ,480,480,203946,27,54,14284,4,15,2331,42,2367,620453,368,368,138844,26,52,14237,4,15,2331,35,2252,602359
202308,370,38940,C,Port St. Lucie  FL ,464,464,135412,66,132,18704,0,0,0,6,66,12476,464,464,135412,66,132,18704,0,0,0,6,66,12476
202308,370,42680,C,Sebastian-Vero Beach  FL ,97,97,41429,1,2,314,1,3,202,1,16,2250,16,16,4357,0,0,0,0,0,0,1,16,2250
202308,372,33260,C,Midland  TX ,111,111,32419,0,0,0,0,0,0,0,0,0,111,111,32419,0,0,0,0,0,0,0,0,0
202308,372,36220,C,Odessa  TX ,81,81,20754,0,0,0,0,0,0,0,0,0,0,0,0,0,0,0,0,0,0,0,0,0
202308,376,33340,C,Milwaukee-Waukesha  WI ,147,147,64666,7,14,3543,0,0,0,8,103,16979,97,97,45464,4,8,2436,0,0,0,7,96,15396
202308,376,39540,C,Racine  WI ,12,12,3506,1,2,342,0,0,0,0,0,0,10,10,2978,0,0,0,0,0,0,0,0,0
202308,378,33460,C,Minneapolis-St. Paul-Bloomington  MN-WI ,795,795,286063,11,22,4978,10,35,7801,32,1466,278012,659,659,236778,7,14,3380,8,29,6352,20,1329,253823
202308,378,41060,C,St. Cloud  MN ,50,50,13840,0,0,0,0,0,0,0,0,0,41,41,11214,0,0,0,0,0,0,0,0,0
202308,380,19300,C,Daphne-Fairhope-Foley  AL ,283,283,90197,1,2,360,0,0,0,0,0,0,184,184,66375,1,2,360,0,0,0,0,0,0
202308,380,33660,C,Mobile  AL ,80,80,22439,0,0,0,0,0,0,2,56,13611,77,77,21745,0,0,0,0,0,0,2,56,13611
202308,384,33740,C,Monroe  LA ,27,27,7265,6,12,878,1,3,399,0,0,0,17,17,4854,0,0,0,0,0,0,0,0,0
202308,388,33860,C,Montgomery  AL ,54,54,13152,0,0,0,0,0,0,0,0,0,29,29,8300,0,0,0,0,0,0,0,0,0
202308,390,34060,C,Morgantown  WV ,2,2,442,0,0,0,0,0,0,0,0,0,0,0,0,0,0,0,0,0,0,0,0,0
202308,396,34820,C,Myrtle Beach-Conway-North Myrtle Beach  SC-NC ,954,954,223263,8,16,953,2,6,988,1,6,300,225,225,68653,6,12,557,0,0,0,0,0,0
202308,400,34980,C,Nashville-Davidson--Murfreesboro--Franklin  TN ,1364,1364,464122,2,4,981,3,11,3396,51,1451,198373,1088,1088,392794,2,4,981,3,11,3396,48,1407,191556
202308,404,35100,C,New Bern  NC ,67,67,16294,0,0,0,0,0,0,0,0,0,52,52,12232,0,0,0,0,0,0,0,0,0
202308,406,25220,C,Hammond  LA ,68,68,10405,0,0,0,0,0,0,1,40,3728,60,60,8928,0,0,0,0,0,0,0,0,0
202308,406,35380,C,New Orleans-Metairie  LA ,256,256,66030,21,42,4725,1,3,612,3,72,10889,171,171,46484,2,4,458,0,0,0,2,24,2250
202308,408,14860,C,Bridgeport-Stamford-Norwalk  CT ,44,44,39948,2,4,1534,1,4,440,4,66,17875,28,28,19428,2,4,1534,1,4,440,3,60,9800
202308,408,20700,C,East Stroudsburg  PA ,18,18,5846,0,0,0,0,0,0,0,0,0,10,10,3351,0,0,0,0,0,0,0,0,0
202308,408,28740,C,Kingston  NY ,22,22,6205,0,0,0,0,0,0,0,0,0,13,13,3823,0,0,0,0,0,0,0,0,0
202308,408,35300,C,New Haven-Milford  CT ,29,29,10515,0,0,0,0,0,0,4,142,13221,8,8,5409,0,0,0,0,0,0,3,132,12580
202308,408,35620,C,New York-Newark-Jersey City  NY-NJ-PA ,877,877,329238,64,128,17888,22,71,8973,120,3296,475946,523,523,223264,40,80,10713,11,36,4553,54,2388,337790
202308,408,39100,C,Poughkeepsie-Newburgh-Middletown  NY ,95,95,38288,2,4,642,1,3,804,4,36,5596,58,58,19533,1,2,346,0,0,0,1,20,3450
202308,408,45940,C,Trenton-Princeton  NJ ,52,52,3684,0,0,0,0,0,0,1,5,3,43,43,2844,0,0,0,0,0,0,0,0,0
202308,412,35840,C,North Port-Sarasota-Bradenton  FL ,1145,1145,380926,40,80,11671,0,0,0,8,95,7537,1087,1087,363993,18,36,4152,0,0,0,7,90,6700
202308,412,39460,C,Punta Gorda  FL ,362,362,105964,16,32,5347,4,16,4863,0,0,0,352,352,100880,15,30,4922,4,16,4863,0,0,0
202308,416,36420,C,Oklahoma City  OK ,555,555,177256,69,138,14825,1,4,300,4,58,7289,522,522,170822,66,132,14219,1,4,300,4,58,7289
202308,420,36540,C,Omaha-Council Bluffs  NE-IA ,281,281,59062,0,0,0,2,8,1359,8,91,6464,245,245,49935,0,0,0,2,8,1359,8,91,6464
202308,422,19660,C,Deltona-Daytona Beach-Ormond Beach  FL ,508,508,188086,19,38,6387,2,8,939,2,11,1324,448,448,169469,19,38,6387,2,8,939,1,6,706
202308,422,29460,C,Lakeland-Winter Haven  FL ,830,830,238746,7,14,1025,0,0,0,22,631,94998,751,751,219842,7,14,1025,0,0,0,22,631,94998
202308,422,36740,C,Orlando-Kissimmee-Sanford  FL ,1721,1721,461809,3,6,1280,2,6,780,8,497,62474,1413,1413,374774,3,6,1280,1,3,626,4,412,55292
202308,422,45540,C,The Villages  FL ,340,340,90560,0,0,0,0,0,0,1,58,12051,0,0,0,0,0,0,0,0,0,0,0,0
202308,425,37620,C,Parkersburg-Vienna  WV ,10,10,1544,0,0,0,0,0,0,0,0,0,8,8,1207,0,0,0,0,0,0,0,0,0
202308,426,37860,C,Pensacola-Ferry Pass-Brent  FL ,283,283,80799,0,0,0,0,0,0,0,0,0,283,283,80799,0,0,0,0,0,0,0,0,0
202308,428,12100,C,Atlantic City-Hammonton  NJ ,26,26,11743,0,0,0,0,0,0,1,8,996,22,22,11063,0,0,0,0,0,0,0,0,0
202308,428,20100,C,Dover  DE ,89,89,13980,4,8,869,0,0,0,0,0,0,89,89,13980,4,8,869,0,0,0,0,0,0
202308,428,36140,C,Ocean City  NJ ,40,40,19006,9,18,167,1,4,864,0,0,0,33,33,17283,9,18,167,1,4,864,0,0,0
202308,428,37980,C,Philadelphia-Camden-Wilmington  PA-NJ-DE-MD ,707,707,161212,7,14,1698,10,35,4714,19,168,21356,344,344,80199,5,10,982,7,25,3610,8,71,10305
202308,428,39740,C,Reading  PA ,23,23,6949,0,0,0,0,0,0,0,0,0,8,8,2943,0,0,0,0,0,0,0,0,0
202308,428,47220,C,Vineland-Bridgeton  NJ ,10,10,980,0,0,0,0,0,0,0,0,0,8,8,806,0,0,0,0,0,0,0,0,0
202308,429,38060,C,Phoenix-Mesa-Chandler  AZ ,2633,2633,740742,96,192,22566,0,0,0,29,934,110534,2459,2459,696123,95,190,22206,0,0,0,27,795,86856
202308,430,38300,C,Pittsburgh  PA ,282,282,98892,1,2,265,3,11,1971,3,133,14377,150,150,58345,1,2,265,1,4,895,0,0,0
202308,430,48260,C,Weirton-Steubenville  WV-OH ,1,1,142,0,0,0,0,0,0,0,0,0,0,0,0,0,0,0,0,0,0,0,0,0
202308,438,30340,C,Lewiston-Auburn  ME ,26,26,4867,1,2,200,0,0,0,1,16,1719,14,14,1956,0,0,0,0,0,0,0,0,0
202308,438,38860,C,Portland-South Portland  ME ,208,208,74045,6,12,2831,4,14,1838,5,134,25967,101,101,42378,4,8,2170,3,11,1405,2,105,24298
202308,440,10540,C,Albany-Lebanon  OR ,27,27,8153,5,10,2647,0,0,0,0,0,0,20,20,6559,5,10,2647,0,0,0,0,0,0
202308,440,18700,C,Corvallis  OR ,14,14,5682,2,4,1427,0,0,0,9,198,29800,14,14,5682,2,4,1427,0,0,0,9,198,29800
202308,440,31020,C,Longview  WA ,30,30,10990,0,0,0,0,0,0,0,0,0,30,30,10990,0,0,0,0,0,0,0,0,0
202308,440,38900,C,Portland-Vancouver-Hillsboro  OR-WA ,612,612,250743,6,12,2182,0,0,0,20,290,41809,493,493,176588,6,12,2182,0,0,0,16,231,31947
202308,440,41420,C,Salem  OR ,82,82,29843,8,16,3886,1,3,399,12,158,20209,43,43,17534,6,12,3068,0,0,0,7,84,11399
202308,444,39380,C,Pueblo  CO ,24,24,4377,0,0,0,0,0,0,0,0,0,24,24,4377,0,0,0,0,0,0,0,0,0
202308,450,20500,C,Durham-Chapel Hill  NC ,300,300,106858,5,10,1448,1,3,277,6,215,37842,46,46,10786,1,2,350,0,0,0,2,12,1654
202308,450,39580,C,Raleigh-Cary  NC ,1087,1087,293677,3,6,1102,0,0,0,7,465,59060,914,914,242430,0,0,0,0,0,0,0,0,0
202308,452,39660,C,Rapid City  SD ,56,56,17858,6,12,2119,4,16,2031,9,202,19570,55,55,17620,6,12,2119,4,16,2031,9,202,19570
202308,454,39820,C,Redding  CA ,25,25,8127,0,0,0,0,0,0,0,0,0,13,13,4725,0,0,0,0,0,0,0,0,0
202308,456,16180,C,Carson City  NV ,15,15,3959,0,0,0,0,0,0,1,7,699,0,0,0,0,0,0,0,0,0,0,0,0
202308,456,39900,C,Reno  NV ,189,189,52178,2,4,419,2,6,791,11,200,25400,37,37,9191,0,0,0,0,0,0,0,0,0
202308,462,40340,C,Rochester  MN ,48,48,17394,0,0,0,0,0,0,2,188,27328,30,30,12245,0,0,0,0,0,0,2,188,27328
202308,464,40380,C,Rochester  NY ,72,72,28706,1,2,300,10,35,3546,6,49,6446,30,30,16713,1,2,300,8,28,2525,3,25,3710
202308,466,40420,C,Rockford  IL ,12,12,3635,2,4,1200,0,0,0,0,0,0,10,10,3435,2,4,1200,0,0,0,0,0,0
202308,468,40580,C,Rocky Mount  NC ,32,32,5513,0,0,0,0,0,0,0,0,0,4,4,821,0,0,0,0,0,0,0,0,0
202308,472,40900,C,Sacramento-Roseville-Folsom  CA ,912,912,277924,6,12,2453,0,0,0,35,613,110442,903,903,273966,6,12,2453,0,0,0,35,613,110442
202308,472,49700,C,Yuba City  CA ,74,74,28691,1,2,150,0,0,0,0,0,0,66,66,25830,1,2,150,0,0,0,0,0,0
202308,474,13020,C,Bay City  MI ,5,5,1559,0,0,0,0,0,0,0,0,0,1,1,500,0,0,0,0,0,0,0,0,0
202308,474,33220,C,Midland  MI ,12,12,3479,1,2,255,0,0,0,0,0,0,5,5,1416,1,2,255,0,0,0,0,0,0
202308,474,40980,C,Saginaw  MI ,11,11,2988,0,0,0,0,0,0,0,0,0,4,4,1022,0,0,0,0,0,0,0,0,0
202308,476,41180,C,St. Louis  MO-IL ,443,443,163651,2,4,742,6,24,4009,14,433,58306,341,341,129963,0,0,0,6,24,4009,11,330,43734
202308,480,41540,C,Salisbury  MD-DE ,372,372,63018,9,18,1798,0,0,0,6,132,11580,365,365,61279,9,18,1798,0,0,0,6,132,11580
202308,482,36260,C,Ogden-Clearfield  UT ,183,183,65014,0,0,0,8,27,6519,10,136,17693,120,120,45894,0,0,0,5,18,4884,7,78,9325
202308,482,39340,C,Provo-Orem  UT ,435,435,138689,0,0,0,1,3,1047,13,111,21885,427,427,132720,0,0,0,1,3,1047,13,111,21885
202308,482,41620,C,Salt Lake City  UT ,387,387,174209,3,6,693,1,3,792,9,640,125546,331,331,164377,0,0,0,0,0,0,3,316,79452
202308,484,41700,C,San Antonio-New Braunfels  TX ,753,753,208074,1,2,294,0,0,0,5,224,26329,638,638,179842,1,2,294,0,0,0,4,204,23873
202308,488,32900,C,Merced  CA ,28,28,8386,0,0,0,0,0,0,0,0,0,14,14,4205,0,0,0,0,0,0,0,0,0
202308,488,33700,C,Modesto  CA ,77,77,13268,1,2,35,0,0,0,0,0,0,67,67,11274,1,2,35,0,0,0,0,0,0
202308,488,34900,C,Napa  CA ,14,14,5520,0,0,0,0,0,0,0,0,0,13,13,4917,0,0,0,0,0,0,0,0,0
202308,488,41860,C,San Francisco-Oakland-Berkeley  CA ,289,289,123580,4,8,2461,2,6,1973,10,141,26844,224,224,97899,2,4,737,1,3,1100,3,36,7265
202308,488,41940,C,San Jose-Sunnyvale-Santa Clara  CA ,237,237,85429,1,2,271,0,0,0,16,1036,157133,185,185,67239,0,0,0,0,0,0,8,867,128276
202308,488,42100,C,Santa Cruz-Watsonville  CA ,33,33,6393,0,0,0,0,0,0,2,12,940,8,8,2094,0,0,0,0,0,0,0,0,0
202308,488,42220,C,Santa Rosa-Petaluma  CA ,119,119,31526,0,0,0,0,0,0,2,10,2083,102,102,28109,0,0,0,0,0,0,0,0,0
202308,488,44700,C,Stockton  CA ,142,142,51015,0,0,0,0,0,0,2,25,3059,102,102,39366,0,0,0,0,0,0,0,0,0
202308,488,46700,C,Vallejo  CA ,123,123,13914,0,0,0,0,0,0,0,0,0,123,123,13914,0,0,0,0,0,0,0,0,0
202308,496,25980,C,Hinesville  GA ,67,67,16044,1,2,200,0,0,0,0,0,0,40,40,9634,1,2,200,0,0,0,0,0,0
202308,496,42340,C,Savannah  GA ,214,214,58694,1,2,113,0,0,0,0,0,0,165,165,46970,0,0,0,0,0,0,0,0,0
202308,500,14740,C,Bremerton-Silverdale-Port Orchard  WA ,81,81,33180,0,0,0,0,0,0,1,24,4070,81,81,33180,0,0,0,0,0,0,1,24,4070
202308,500,34580,C,Mount Vernon-Anacortes  WA ,17,17,6279,0,0,0,0,0,0,1,22,2053,17,17,6279,0,0,0,0,0,0,0,0,0
202308,500,36500,C,Olympia-Lacey-Tumwater  WA ,141,141,37563,3,6,1297,0,0,0,1,6,255,131,131,35322,3,6,1297,0,0,0,0,0,0
202308,500,42660,C,Seattle-Tacoma-Bellevue  WA ,529,529,220217,36,72,18110,21,69,14753,22,1081,188263,459,459,193267,35,70,17804,21,69,14753,18,1046,184363
202308,508,43340,C,Shreveport-Bossier City  LA ,64,64,18193,0,0,0,0,0,0,1,7,1138,54,54,15760,0,0,0,0,0,0,1,7,1138
202308,515,21140,C,Elkhart-Goshen  IN ,16,16,5459,0,0,0,0,0,0,0,0,0,16,16,5459,0,0,0,0,0,0,0,0,0
202308,515,35660,C,Niles  MI ,29,29,11861,0,0,0,0,0,0,0,0,0,15,15,5827,0,0,0,0,0,0,0,0,0
202308,515,43780,C,South Bend-Mishawaka  IN-MI ,37,37,21537,2,4,995,0,0,0,0,0,0,31,31,17487,2,4,995,0,0,0,0,0,0
202308,518,17660,C,Coeur dAlene  ID ,103,103,33094,2,4,976,1,3,1257,2,20,2169,77,77,25579,1,2,592,0,0,0,0,0,0
202308,518,44060,C,Spokane-Spokane Valley  WA ,175,175,51852,5,10,2326,0,0,0,12,384,52516,98,98,32600,4,8,1963,0,0,0,9,324,47251
202308,522,44100,C,Springfield  IL ,16,16,6354,1,2,356,0,0,0,0,0,0,7,7,3200,0,0,0,0,0,0,0,0,0
202308,524,44300,C,State College  PA ,23,23,8967,0,0,0,1,4,720,0,0,0,10,10,5659,0,0,0,1,4,720,0,0,0
202308,532,45060,C,Syracuse  NY ,45,45,14577,0,0,0,0,0,0,2,10,935,28,28,10581,0,0,0,0,0,0,0,0,0
202308,534,45780,C,Toledo  OH ,61,61,17760,0,0,0,0,0,0,4,22,2851,46,46,11564,0,0,0,0,0,0,3,16,2500
202308,536,46060,C,Tucson  AZ ,372,372,132610,6,12,2024,0,0,0,11,123,17176,291,291,111964,3,6,1311,0,0,0,6,48,5921
202308,538,46140,C,Tulsa  OK ,379,379,91381,6,12,1619,0,0,0,2,52,9769,304,304,72211,6,12,1619,0,0,0,1,42,9000
202308,540,46340,C,Tyler  TX ,59,59,15772,2,4,521,7,27,4718,0,0,0,43,43,11780,0,0,0,7,27,4718,0,0,0
202308,544,47020,C,Victoria  TX ,4,4,1142,0,0,0,0,0,0,0,0,0,4,4,1142,0,0,0,0,0,0,0,0,0
202308,545,47260,C,Virginia Beach-Norfolk-Newport News  VA-NC ,293,293,87009,0,0,0,0,0,0,7,457,69963,274,274,85042,0,0,0,0,0,0,7,457,69963
202308,548,12580,C,Baltimore-Columbia-Towson  MD ,379,379,104984,0,0,0,0,0,0,2,120,16646,362,362,101222,0,0,0,0,0,0,1,14,3200
202308,548,15680,C,California-Lexington Park  MD ,19,19,8424,0,0,0,0,0,0,0,0,0,19,19,8424,0,0,0,0,0,0,0,0,0
202308,548,16540,C,Chambersburg-Waynesboro  PA ,40,40,10915,0,0,0,0,0,0,1,8,1280,32,32,8888,0,0,0,0,0,0,1,8,1280
202308,548,25180,C,Hagerstown-Martinsburg  MD-WV ,137,137,25956,0,0,0,0,0,0,0,0,0,132,132,24988,0,0,0,0,0,0,0,0,0
202308,548,47900,C,Washington-Arlington-Alexandria  DC-VA-MD-WV ,927,927,296618,5,10,1470,0,0,0,38,1312,206951,882,882,281153,5,10,1470,0,0,0,34,1169,193850
202308,548,49020,C,Winchester  VA-WV ,56,56,15022,0,0,0,0,0,0,0,0,0,56,56,15022,0,0,0,0,0,0,0,0,0
202308,554,48140,C,Wausau-Weston  WI ,38,38,11184,0,0,0,2,7,1001,0,0,0,23,23,6615,0,0,0,2,7,1001,0,0,0
202308,556,48620,C,Wichita  KS ,178,178,56608,41,82,11120,0,0,0,1,186,27405,87,87,27501,28,56,8215,0,0,0,1,186,27405
202308,558,48700,C,Williamsport  PA ,7,7,2179,0,0,0,0,0,0,1,5,613,0,0,0,0,0,0,0,0,0,0,0,0
202308,566,49660,C,Youngstown-Warren-Boardman  OH-PA ,26,26,7615,0,0,0,0,0,0,0,0,0,20,20,5845,0,0,0,0,0,0,0,0,0
202308,999,10180,C,Abilene  TX ,21,21,5979,8,16,1842,0,0,0,0,0,0,21,21,5979,8,16,1842,0,0,0,0,0,0
202308,999,10500,C,Albany  GA ,18,18,2178,0,0,0,0,0,0,0,0,0,12,12,662,0,0,0,0,0,0,0,0,0
202308,999,10780,C,Alexandria  LA ,29,29,7171,0,0,0,0,0,0,0,0,0,0,0,0,0,0,0,0,0,0,0,0,0
202308,999,10900,C,Allentown-Bethlehem-Easton  PA-NJ ,117,117,26694,0,0,0,0,0,0,2,14,2303,77,77,16362,0,0,0,0,0,0,0,0,0
202308,999,11260,C,Anchorage  AK ,15,15,7124,0,0,0,0,0,0,0,0,0,4,4,1209,0,0,0,0,0,0,0,0,0
202308,999,11500,C,Anniston-Oxford  AL ,6,6,840,0,0,0,0,0,0,0,0,0,5,5,765,0,0,0,0,0,0,0,0,0
202308,999,12260,C,Augusta-Richmond County  GA-SC ,317,317,84608,0,0,0,4,12,1680,0,0,0,217,217,64326,0,0,0,4,12,1680,0,0,0
202308,999,12420,C,Austin-Round Rock-Georgetown  TX ,1709,1709,486174,17,34,3882,0,0,0,30,3018,213600,1285,1285,396026,15,30,3473,0,0,0,29,3006,212344
202308,999,12540,C,Bakersfield  CA ,228,228,59146,0,0,0,1,3,4414,1,6,762,72,72,14040,0,0,0,0,0,0,0,0,0
202308,999,12620,C,Bangor  ME ,27,27,4605,0,0,0,0,0,0,0,0,0,13,13,1976,0,0,0,0,0,0,0,0,0
202308,999,12940,C,Baton Rouge  LA ,303,303,72134,1,2,182,1,3,385,0,0,0,64,64,15133,0,0,0,0,0,0,0,0,0
202308,999,13140,C,Beaumont-Port Arthur  TX ,86,86,21090,1,2,225,0,0,0,0,0,0,71,71,18018,0,0,0,0,0,0,0,0,0
202308,999,13220,C,Beckley  WV ,10,10,2420,0,0,0,0,0,0,0,0,0,10,10,2420,0,0,0,0,0,0,0,0,0
202308,999,13380,C,Bellingham  WA ,64,64,18594,1,2,690,0,0,0,0,0,0,19,19,4587,1,2,690,0,0,0,0,0,0
202308,999,13740,C,Billings  MT ,47,47,10327,0,0,0,0,0,0,0,0,0,28,28,9415,0,0,0,0,0,0,0,0,0
202308,999,13780,C,Binghamton  NY ,11,11,2540,0,0,0,1,4,165,3,22,2219,0,0,0,0,0,0,1,4,165,0,0,0
202308,999,13900,C,Bismarck  ND ,32,32,12130,8,16,4101,2,8,1318,0,0,0,24,24,9736,8,16,4101,2,8,1318,0,0,0
202308,999,13980,C,Blacksburg-Christiansburg  VA ,46,46,11524,0,0,0,0,0,0,0,0,0,41,41,10061,0,0,0,0,0,0,0,0,0
202308,999,15260,C,Brunswick  GA ,47,47,13326,1,2,400,0,0,0,0,0,0,35,35,10769,1,2,400,0,0,0,0,0,0
202308,999,16060,C,Carbondale-Marion  IL ,6,6,1133,1,2,143,1,4,313,0,0,0,1,1,303,0,0,0,0,0,0,0,0,0
202308,999,16220,C,Casper  WY ,5,5,1065,0,0,0,2,8,2175,0,0,0,2,2,593,0,0,0,2,8,2175,0,0,0
202308,999,16580,C,Champaign-Urbana  IL ,35,35,11529,0,0,0,0,0,0,0,0,0,35,35,11529,0,0,0,0,0,0,0,0,0
202308,999,16700,C,Charleston-North Charleston  SC ,575,575,203003,0,0,0,0,0,0,5,182,17284,335,335,148320,0,0,0,0,0,0,0,0,0
202308,999,16820,C,Charlottesville  VA ,75,75,27475,0,0,0,1,3,238,2,24,2314,8,8,1870,0,0,0,0,0,0,0,0,0
202308,999,16940,C,Cheyenne  WY ,10,10,2851,0,0,0,0,0,0,0,0,0,10,10,2851,0,0,0,0,0,0,0,0,0
202308,999,17020,C,Chico  CA ,67,67,11805,0,0,0,1,4,469,0,0,0,44,44,7741,0,0,0,1,4,469,0,0,0
202308,999,17300,C,Clarksville  TN-KY ,141,141,31419,3,6,717,4,14,1405,28,456,38139,139,139,31078,2,4,500,4,14,1405,28,456,38139
202308,999,17780,C,College Station-Bryan  TX ,86,86,22681,0,0,0,0,0,0,0,0,0,86,86,22681,0,0,0,0,0,0,0,0,0
202308,999,17820,C,Colorado Springs  CO ,154,154,94087,30,60,7996,0,0,0,4,122,39581,152,152,93660,30,60,7996,0,0,0,4,122,39581
202308,999,18880,C,Crestview-Fort Walton Beach-Destin  FL ,278,278,129357,3,6,584,0,0,0,8,267,30734,278,278,129357,3,6,584,0,0,0,8,267,30734
202308,999,19060,C,Cumberland  MD-WV ,3,3,1817,0,0,0,0,0,0,0,0,0,2,2,1717,0,0,0,0,0,0,0,0,0
202308,999,19180,C,Danville  IL ,0,0,0,0,0,0,0,0,0,0,0,0,0,0,0,0,0,0,0,0,0,0,0,0
202308,999,19500,C,Decatur  IL ,4,4,1973,0,0,0,0,0,0,0,0,0,3,3,1700,0,0,0,0,0,0,0,0,0
202308,999,20220,C,Dubuque  IA ,12,12,5305,1,2,560,0,0,0,1,12,2300,11,11,4955,1,2,560,0,0,0,1,12,2300
202308,999,20260,C,Duluth  MN-WI ,76,76,21384,2,4,800,0,0,0,0,0,0,67,67,18969,2,4,800,0,0,0,0,0,0
202308,999,20940,C,El Centro  CA ,21,21,3477,1,2,151,0,0,0,1,9,1477,1,1,180,0,0,0,0,0,0,0,0,0
202308,999,21420,C,Enid  OK ,0,0,0,0,0,0,0,0,0,0,0,0,0,0,0,0,0,0,0,0,0,0,0,0
202308,999,21660,C,Eugene-Springfield  OR ,61,61,17735,0,0,0,0,0,0,1,12,2065,24,24,7559,0,0,0,0,0,0,1,12,2065
202308,999,21780,C,Evansville  IN-KY ,70,70,19757,3,6,609,0,0,0,1,5,350,45,45,12226,1,2,120,0,0,0,0,0,0
202308,999,21820,C,Fairbanks  AK ,1,1,163,0,0,0,0,0,0,0,0,0,1,1,163,0,0,0,0,0,0,0,0,0
202308,999,22140,C,Farmington  NM ,3,3,1167,0,0,0,0,0,0,0,0,0,3,3,1167,0,0,0,0,0,0,0,0,0
202308,999,22220,C,Fayetteville-Springdale-Rogers  AR-MO ,494,494,129256,32,64,15350,0,0,0,4,45,5406,318,318,79088,28,56,12777,0,0,0,0,0,0
202308,999,22380,C,Flagstaff  AZ ,46,46,17156,0,0,0,1,4,539,3,60,9337,46,46,17156,0,0,0,1,4,539,3,60,9337
202308,999,22500,C,Florence  SC ,17,17,3641,0,0,0,0,0,0,0,0,0,16,16,3442,0,0,0,0,0,0,0,0,0
202308,999,22520,C,Florence-Muscle Shoals  AL ,12,12,1405,0,0,0,0,0,0,0,0,0,7,7,893,0,0,0,0,0,0,0,0,0
202308,999,22540,C,Fond du Lac  WI ,9,9,3355,0,0,0,0,0,0,0,0,0,0,0,0,0,0,0,0,0,0,0,0,0
202308,999,22660,C,Fort Collins  CO ,102,102,37284,1,2,273,1,4,1032,4,63,11700,102,102,37284,1,2,273,1,4,1032,4,63,11700
202308,999,22900,C,Fort Smith  AR-OK ,29,29,5736,17,34,2785,0,0,0,0,0,0,20,20,4475,17,34,2785,0,0,0,0,0,0
202308,999,23460,C,Gadsden  AL ,11,11,2208,0,0,0,0,0,0,0,0,0,4,4,1029,0,0,0,0,0,0,0,0,0
202308,999,24140,C,Goldsboro  NC ,53,53,12553,0,0,0,0,0,0,1,5,365,45,45,8891,0,0,0,0,0,0,0,0,0
202308,999,24220,C,Grand Forks  ND-MN ,22,22,6459,2,4,753,0,0,0,0,0,0,20,20,5960,2,4,753,0,0,0,0,0,0
202308,999,24260,C,Grand Island  NE ,14,14,3610,0,0,0,0,0,0,0,0,0,9,9,2482,0,0,0,0,0,0,0,0,0
202308,999,24300,C,Grand Junction  CO ,49,49,10099,0,0,0,0,0,0,0,0,0,49,49,10099,0,0,0,0,0,0,0,0,0
202308,999,24500,C,Great Falls  MT ,15,15,5033,0,0,0,0,0,0,0,0,0,15,15,5033,0,0,0,0,0,0,0,0,0
202308,999,25060,C,Gulfport-Biloxi  MS ,258,258,38074,4,8,920,0,0,0,0,0,0,85,85,18426,3,6,675,0,0,0,0,0,0
202308,999,25860,C,Hickory-Lenoir-Morganton  NC ,175,175,39285,5,10,1750,2,8,450,2,16,1136,111,111,23004,5,10,1750,2,8,450,0,0,0
202308,999,25940,C,Hilton Head Island-Bluffton  SC ,216,216,81571,0,0,0,0,0,0,1,17,2213,45,45,23489,0,0,0,0,0,0,0,0,0
202308,999,26140,C,Homosassa Springs  FL ,147,147,38977,0,0,0,1,4,1254,0,0,0,1,1,150,0,0,0,1,4,1254,0,0,0
202308,999,26380,C,Houma-Thibodaux  LA ,65,65,14595,0,0,0,0,0,0,0,0,0,64,64,14341,0,0,0,0,0,0,0,0,0
202308,999,27100,C,Jackson  MI ,16,16,4828,0,0,0,0,0,0,0,0,0,7,7,2320,0,0,0,0,0,0,0,0,0
202308,999,27340,C,Jacksonville  NC ,94,94,24072,0,0,0,0,0,0,0,0,0,94,94,24072,0,0,0,0,0,0,0,0,0
202308,999,27620,C,Jefferson City  MO ,11,11,2298,1,2,340,0,0,0,0,0,0,6,6,1120,1,2,340,0,0,0,0,0,0
202308,999,27980,C,Kahului-Wailuku-Lahaina  HI ,41,41,16164,1,2,800,0,0,0,1,7,50000,41,41,16164,1,2,800,0,0,0,1,7,50000
202308,999,28660,C,Killeen-Temple  TX ,268,268,62180,33,66,5902,0,0,0,2,49,7120,156,156,33668,26,52,4327,0,0,0,0,0,0
202308,999,29100,C,La Crosse-Onalaska  WI-MN ,22,22,11142,4,8,2000,0,0,0,1,42,3500,19,19,10289,4,8,2000,0,0,0,1,42,3500
202308,999,29420,C,Lake Havasu City-Kingman  AZ ,164,164,36098,1,2,229,0,0,0,0,0,0,162,162,35805,1,2,229,0,0,0,0,0,0
202308,999,29540,C,Lancaster  PA ,71,71,21017,0,0,0,3,10,2161,3,31,2933,42,42,12487,0,0,0,2,7,1800,2,26,2830
202308,999,29620,C,Lansing-East Lansing  MI ,46,46,13670,3,6,831,0,0,0,2,25,2595,26,26,8321,2,4,490,0,0,0,0,0,0
202308,999,29700,C,Laredo  TX ,106,106,27159,1,2,260,2,8,1202,0,0,0,0,0,0,0,0,0,0,0,0,0,0,0
202308,999,30020,C,Lawton  OK ,18,18,3433,0,0,0,0,0,0,0,0,0,14,14,3184,0,0,0,0,0,0,0,0,0
202308,999,30300,C,Lewiston  ID-WA ,13,13,3294,0,0,0,0,0,0,0,0,0,6,6,1219,0,0,0,0,0,0,0,0,0
202308,999,30860,C,Logan  UT-ID ,107,107,37316,1,2,390,0,0,0,0,0,0,101,101,35878,1,2,390,0,0,0,0,0,0
202308,999,30980,C,Longview  TX ,47,47,13311,2,4,460,1,4,579,1,10,437,41,41,11744,0,0,0,0,0,0,0,0,0
202308,999,31340,C,Lynchburg  VA ,72,72,16743,0,0,0,1,3,603,1,8,207,69,69,16145,0,0,0,0,0,0,0,0,0
202308,999,31740,C,Manhattan  KS ,17,17,6822,0,0,0,1,3,250,1,32,4257,17,17,6822,0,0,0,0,0,0,1,32,4257
202308,999,33540,C,Missoula  MT ,44,44,13642,0,0,0,0,0,0,3,26,2961,44,44,13642,0,0,0,0,0,0,3,26,2961
202308,999,36100,C,Ocala  FL ,438,438,123853,2,4,310,0,0,0,0,0,0,438,438,123853,2,4,310,0,0,0,0,0,0
202308,999,36980,C,Owensboro  KY ,29,29,2423,0,0,0,0,0,0,0,0,0,28,28,2222,0,0,0,0,0,0,0,0,0
202308,999,37340,C,Palm Bay-Melbourne-Titusville  FL ,438,438,179523,0,0,0,0,0,0,0,0,0,425,425,176501,0,0,0,0,0,0,0,0,0
202308,999,37460,C,Panama City  FL ,199,199,70412,2,4,507,0,0,0,5,30,5795,30,30,9967,2,4,507,0,0,0,4,24,4656
202308,999,37900,C,Peoria  IL ,9,9,3062,0,0,0,0,0,0,1,9,281,3,3,1244,0,0,0,0,0,0,0,0,0
202308,999,38340,C,Pittsfield  MA ,10,10,5385,1,2,341,0,0,0,0,0,0,0,0,0,0,0,0,0,0,0,0,0,0
202308,999,38540,C,Pocatello  ID ,27,27,5957,0,0,0,3,9,1737,1,6,540,11,11,1481,0,0,0,2,6,1426,0,0,0
202308,999,39150,C,Prescott Valley-Prescott  AZ ,127,127,44847,5,10,1374,0,0,0,0,0,0,61,61,22366,5,10,1374,0,0,0,0,0,0
202308,999,40060,C,Richmond  VA ,393,393,106112,1,2,262,0,0,0,7,201,19514,382,382,103859,1,2,262,0,0,0,6,194,18799
202308,999,40220,C,Roanoke  VA ,38,38,12431,0,0,0,0,0,0,2,116,18776,18,18,5852,0,0,0,0,0,0,1,95,16210
202308,999,41100,C,St. George  UT ,205,205,47703,0,0,0,5,15,3236,6,59,6704,193,193,43372,0,0,0,5,15,3236,6,59,6704
202308,999,41500,C,Salinas  CA ,34,34,13178,0,0,0,0,0,0,0,0,0,28,28,11424,0,0,0,0,0,0,0,0,0
202308,999,41660,C,San Angelo  TX ,22,22,6302,0,0,0,0,0,0,0,0,0,22,22,6302,0,0,0,0,0,0,0,0,0
202308,999,41740,C,San Diego-Chula Vista-Carlsbad  CA ,290,290,85539,31,62,11319,21,75,16379,40,1724,393773,264,264,79092,31,62,11319,20,72,15674,38,1714,391558
202308,999,42020,C,San Luis Obispo-Paso Robles  CA ,65,65,21857,0,0,0,1,3,452,2,15,2385,42,42,16823,0,0,0,0,0,0,0,0,0
202308,999,42200,C,Santa Maria-Santa Barbara  CA ,33,33,8400,0,0,0,0,0,0,3,56,6434,13,13,4710,0,0,0,0,0,0,0,0,0
202308,999,42540,C,Scranton--Wilkes-Barre  PA ,39,39,10092,2,4,403,0,0,0,1,5,1219,15,15,3536,1,2,160,0,0,0,0,0,0
202308,999,42700,C,Sebring-Avon Park  FL ,43,43,10727,2,4,444,0,0,0,0,0,0,43,43,10727,2,4,444,0,0,0,0,0,0
202308,999,43100,C,Sheboygan  WI ,12,12,5061,0,0,0,0,0,0,0,0,0,4,4,2438,0,0,0,0,0,0,0,0,0
202308,999,43420,C,Sierra Vista-Douglas  AZ ,49,49,8509,0,0,0,0,0,0,0,0,0,38,38,5732,0,0,0,0,0,0,0,0,0
202308,999,43580,C,Sioux City  IA-NE-SD ,18,18,5507,1,2,300,2,6,202,0,0,0,2,2,680,0,0,0,0,0,0,0,0,0
202308,999,43620,C,Sioux Falls  SD ,152,152,37271,7,14,2464,4,14,1292,4,95,14470,123,123,29325,7,14,2464,1,3,413,2,83,12833
202308,999,44140,C,Springfield  MA ,34,34,9122,1,2,393,1,4,653,1,7,882,17,17,5202,1,2,393,1,4,653,0,0,0
202308,999,44180,C,Springfield  MO ,158,158,49309,6,12,1695,1,3,188,0,0,0,119,119,36977,6,12,1695,0,0,0,0,0,0
202308,999,44940,C,Sumter  SC ,37,37,6838,4,8,763,0,0,0,0,0,0,0,0,0,0,0,0,0,0,0,0,0,0
202308,999,45220,C,Tallahassee  FL ,103,103,20307,1,2,222,0,0,0,3,109,13944,32,32,6330,0,0,0,0,0,0,0,0,0
202308,999,45300,C,Tampa-St. Petersburg-Clearwater  FL ,1301,1301,359381,3,6,1065,0,0,0,8,382,22783,697,697,217361,3,6,1065,0,0,0,5,367,18649
202308,999,45460,C,Terre Haute  IN ,14,14,2158,0,0,0,0,0,0,0,0,0,10,10,1592,0,0,0,0,0,0,0,0,0
202308,999,45500,C,Texarkana  TX-AR ,10,10,2062,1,2,240,0,0,0,0,0,0,1,1,60,0,0,0,0,0,0,0,0,0
202308,999,45820,C,Topeka  KS ,26,26,5598,0,0,0,0,0,0,0,0,0,15,15,3994,0,0,0,0,0,0,0,0,0
202308,999,46220,C,Tuscaloosa  AL ,48,48,14581,0,0,0,2,7,1067,1,19,2922,11,11,3756,0,0,0,0,0,0,0,0,0
202308,999,46300,C,Twin Falls  ID ,31,31,9706,2,4,929,0,0,0,0,0,0,31,31,9706,2,4,929,0,0,0,0,0,0
202308,999,46520,C,Urban Honolulu  HI ,58,58,21343,7,14,2231,0,0,0,4,145,51458,0,0,0,0,0,0,0,0,0,0,0,0
202308,999,46540,C,Utica-Rome  NY ,20,20,5305,0,0,0,0,0,0,1,5,781,3,3,421,0,0,0,0,0,0,0,0,0
202308,999,46660,C,Valdosta  GA ,56,56,15946,0,0,0,0,0,0,0,0,0,55,55,15534,0,0,0,0,0,0,0,0,0
202308,999,47300,C,Visalia  CA ,93,93,24680,1,2,450,0,0,0,0,0,0,90,90,24204,1,2,450,0,0,0,0,0,0
202308,999,47380,C,Waco  TX ,56,56,15899,3,6,691,0,0,0,1,5,514,38,38,10884,3,6,691,0,0,0,0,0,0
202308,999,47940,C,Waterloo-Cedar Falls  IA ,18,18,7201,3,6,1200,0,0,0,0,0,0,16,16,6637,3,6,1200,0,0,0,0,0,0
202308,999,48060,C,Watertown-Fort Drum  NY ,16,16,2406,0,0,0,0,0,0,0,0,0,1,1,67,0,0,0,0,0,0,0,0,0
202308,999,48300,C,Wenatchee  WA ,59,59,17743,0,0,0,0,0,0,1,20,3669,30,30,11410,0,0,0,0,0,0,1,20,3669
202308,999,48540,C,Wheeling  WV-OH ,2,2,408,0,0,0,0,0,0,0,0,0,0,0,0,0,0,0,0,0,0,0,0,0
202308,999,48660,C,Wichita Falls  TX ,18,18,5076,0,0,0,0,0,0,0,0,0,14,14,4194,0,0,0,0,0,0,0,0,0
202308,999,48900,C,Wilmington  NC ,208,208,66276,8,16,2406,0,0,0,2,124,16097,17,17,5827,0,0,0,0,0,0,0,0,0
202308,999,49420,C,Yakima  WA ,38,38,12209,3,6,1251,0,0,0,2,58,800,30,30,10084,3,6,1251,0,0,0,2,58,800
202308,999,49740,C,Yuma  AZ ,96,96,15139,2,4,504,1,3,238,0,0,0,90,90,14145,1,2,200,0,0,0,0,0,0
