Survey,CSA,CBSA,MONCOV,CBSA,,1-unit,,,2-units,,,3-4 units,,,5+ units,,,1-unit rep,,,2-units rep,,,3-4 units rep,,,5+ units rep
Date,Code,Code,,Name,Bldgs,Units,Value,Bldgs,Units,Value,Bldgs,Units,Value,Bldgs,Units,Value,Bldgs,Units,Value,Bldgs,Units,Value,      Bldgs,Units,Value,Bldgs,Units,Value
 
202306,104,10580,C,Albany-Schenectady-Troy  NY ,112,112,40625,2,4,596,0,0,0,7,192,15168,77,77,28333,2,4,596,0,0,0,3,172,12257
202306,104,24020,C,Glens Falls  NY ,29,29,10829,0,0,0,0,0,0,1,6,850,28,28,10525,0,0,0,0,0,0,1,6,850
202306,106,10740,C,Albuquerque  NM ,184,184,48363,0,0,0,0,0,0,2,104,6965,184,184,48363,0,0,0,0,0,0,2,104,6965
202306,106,42140,C,Santa Fe  NM ,71,71,19246,0,0,0,0,0,0,0,0,0,71,71,19246,0,0,0,0,0,0,0,0,0
202306,107,11020,C,Altoona  PA ,5,5,1223,0,0,0,0,0,0,0,0,0,1,1,396,0,0,0,0,0,0,0,0,0
202306,108,11100,C,Amarillo  TX ,55,55,15503,7,14,2058,1,4,572,0,0,0,49,49,13990,7,14,2058,1,4,572,0,0,0
202306,118,11540,C,Appleton  WI ,48,48,17916,2,4,900,0,0,0,0,0,0,35,35,13474,2,4,900,0,0,0,0,0,0
202306,118,36780,C,Oshkosh-Neenah  WI ,16,16,5665,0,0,0,0,0,0,0,0,0,13,13,4330,0,0,0,0,0,0,0,0,0
202306,120,11700,C,Asheville  NC ,248,248,103750,0,0,0,0,0,0,2,26,5219,110,110,46946,0,0,0,0,0,0,0,0,0
202306,122,12020,C,Athens-Clarke County  GA ,55,55,17601,3,6,1231,0,0,0,0,0,0,22,22,8590,3,6,1231,0,0,0,0,0,0
202306,122,12060,C,Atlanta-Sandy Springs-Alpharetta  GA ,2354,2354,652844,3,6,1208,4,13,1859,25,1056,141056,2014,2014,569599,2,4,762,4,13,1859,21,959,126781
202306,122,23580,C,Gainesville  GA ,151,151,30861,0,0,0,0,0,0,0,0,0,66,66,10830,0,0,0,0,0,0,0,0,0
202306,122,40660,C,Rome  GA ,33,33,5924,0,0,0,0,0,0,0,0,0,33,33,5924,0,0,0,0,0,0,0,0,0
202306,140,13460,C,Bend  OR ,118,118,40696,5,10,3241,0,0,0,0,0,0,118,118,40696,5,10,3241,0,0,0,0,0,0
202306,142,13820,C,Birmingham-Hoover  AL ,389,389,127871,0,0,0,0,0,0,0,0,0,296,296,89889,0,0,0,0,0,0,0,0,0
202306,144,14020,C,Bloomington  IN ,29,29,10030,0,0,0,0,0,0,0,0,0,16,16,6396,0,0,0,0,0,0,0,0,0
202306,145,14010,C,Bloomington  IL ,13,13,3693,0,0,0,0,0,0,0,0,0,10,10,3046,0,0,0,0,0,0,0,0,0
202306,146,14100,C,Bloomsburg-Berwick  PA ,16,16,4312,0,0,0,0,0,0,0,0,0,8,8,2264,0,0,0,0,0,0,0,0,0
202306,147,14260,C,Boise City  ID ,637,637,141228,3,6,1009,7,26,2899,14,247,37419,451,451,80878,0,0,0,0,0,0,9,192,29996
202306,148,12700,C,Barnstable Town  MA ,28,28,15230,0,0,0,1,3,650,0,0,0,17,17,9053,0,0,0,1,3,650,0,0,0
202306,148,14460,C,Boston-Cambridge-Newton  MA-NH ,410,410,149115,19,38,9377,4,14,1987,22,715,266046,246,246,89674,12,24,6374,2,8,960,8,593,243943
202306,148,31700,C,Manchester-Nashua  NH ,57,57,17489,1,2,269,1,3,422,3,112,16182,24,24,7984,0,0,0,0,0,0,3,112,16182
202306,148,39300,C,Providence-Warwick  RI-MA ,113,113,29129,8,16,2407,1,3,334,2,60,7676,41,41,11926,4,8,1239,1,3,334,1,50,6250
202306,148,49340,C,Worcester  MA-CT ,110,110,34707,5,10,2277,0,0,0,1,11,1251,58,58,20945,4,8,1664,0,0,0,0,0,0
202306,150,14540,C,Bowling Green  KY ,101,101,27629,0,0,0,0,0,0,0,0,0,101,101,27629,0,0,0,0,0,0,0,0,0
202306,154,15180,C,Brownsville-Harlingen  TX ,181,181,34295,2,4,475,1,3,451,3,31,3534,12,12,1734,0,0,0,0,0,0,0,0,0
202306,160,15380,C,Buffalo-Cheektowaga  NY ,81,81,28777,17,34,4297,1,3,409,3,24,4374,64,64,24690,16,32,4097,0,0,0,1,8,1141
202306,162,15540,C,Burlington-South Burlington  VT ,40,40,15333,3,6,1249,1,3,984,1,5,606,24,24,10505,2,4,846,1,3,984,0,0,0
202306,163,15980,C,Cape Coral-Fort Myers  FL ,1007,1007,233933,6,12,1794,0,0,0,7,125,19706,654,654,139566,1,2,250,0,0,0,6,78,16185
202306,163,34940,C,Naples-Marco Island  FL ,313,313,126530,2,4,929,3,12,2783,3,100,20047,18,18,37385,0,0,0,0,0,0,0,0,0
202306,164,16020,C,Cape Girardeau  MO-IL ,9,9,2705,0,0,0,0,0,0,0,0,0,0,0,0,0,0,0,0,0,0,0,0,0
202306,168,16300,C,Cedar Rapids  IA ,49,49,13743,2,4,450,2,8,1420,1,12,805,45,45,12700,1,2,250,2,8,1420,1,12,805
202306,168,26980,C,Iowa City  IA ,51,51,16517,5,10,2572,1,3,582,2,74,8343,43,43,14347,2,4,1177,0,0,0,1,65,7450
202306,170,16620,C,Charleston  WV ,14,14,1414,0,0,0,0,0,0,0,0,0,8,8,766,0,0,0,0,0,0,0,0,0
202306,170,26580,C,Huntington-Ashland  WV-KY-OH ,17,17,2976,0,0,0,2,8,200,0,0,0,2,2,190,0,0,0,2,8,200,0,0,0
202306,172,16740,C,Charlotte-Concord-Gastonia  NC-SC ,1613,1613,463089,2,4,588,0,0,0,13,369,43545,1410,1410,401494,2,4,588,0,0,0,12,355,41956
202306,174,16860,C,Chattanooga  TN-GA ,226,226,52138,4,8,575,3,11,1174,2,38,3797,173,173,40116,0,0,0,2,8,1000,0,0,0
202306,174,17420,C,Cleveland  TN ,66,66,14588,0,0,0,0,0,0,0,0,0,46,46,10965,0,0,0,0,0,0,0,0,0
202306,174,19140,C,Dalton  GA ,34,34,6388,1,2,133,1,3,339,1,5,268,0,0,0,0,0,0,0,0,0,0,0,0
202306,176,16980,C,Chicago-Naperville-Elgin  IL-IN-WI ,789,789,267312,19,38,7289,22,75,12248,36,495,65305,652,652,224393,17,34,6575,21,72,11788,29,456,59088
202306,176,28100,C,Kankakee  IL ,5,5,1591,0,0,0,1,3,643,0,0,0,3,3,921,0,0,0,0,0,0,0,0,0
202306,176,33140,C,Michigan City-La Porte  IN ,27,27,8484,0,0,0,0,0,0,0,0,0,23,23,7481,0,0,0,0,0,0,0,0,0
202306,178,17140,C,Cincinnati  OH-KY-IN ,342,342,104987,13,26,3599,4,14,2136,8,76,6687,300,300,94223,13,26,3599,4,14,2136,6,64,5761
202306,184,10420,C,Akron  OH ,79,79,24391,0,0,0,10,39,9239,2,11,812,69,69,20445,0,0,0,9,36,7889,0,0,0
202306,184,15940,C,Canton-Massillon  OH ,40,40,16660,1,2,397,1,3,154,1,7,538,35,35,16077,0,0,0,0,0,0,0,0,0
202306,184,17460,C,Cleveland-Elyria  OH ,262,262,81668,1,2,600,5,20,3200,5,46,4105,205,205,63257,1,2,600,5,20,3200,4,20,2000
202306,190,17860,C,Columbia  MO ,45,45,17976,0,0,0,0,0,0,0,0,0,44,44,17865,0,0,0,0,0,0,0,0,0
202306,192,17900,C,Columbia  SC ,521,521,129319,3,6,514,8,26,2312,1,5,739,388,388,101714,3,6,514,8,26,2312,1,5,739
202306,194,12220,C,Auburn-Opelika  AL ,115,115,29067,1,2,283,0,0,0,2,60,9742,36,36,8495,0,0,0,0,0,0,0,0,0
202306,194,17980,C,Columbus  GA-AL ,53,53,13632,1,2,375,0,0,0,1,48,9486,31,31,7842,0,0,0,0,0,0,0,0,0
202306,198,18140,C,Columbus  OH ,475,475,156726,2,4,727,2,8,1710,23,1012,147367,396,396,129802,2,4,727,2,8,1710,22,1007,147060
202306,204,18580,C,Corpus Christi  TX ,173,173,41500,0,0,0,0,0,0,0,0,0,25,25,4694,0,0,0,0,0,0,0,0,0
202306,206,19100,C,Dallas-Fort Worth-Arlington  TX ,3899,3899,1120853,24,48,7710,25,94,13536,35,1491,221166,3163,3163,927212,23,46,7524,4,14,2318,33,1471,218987
202306,206,43300,C,Sherman-Denison  TX ,143,143,38644,0,0,0,0,0,0,0,0,0,53,53,15132,0,0,0,0,0,0,0,0,0
202306,209,19340,C,Davenport-Moline-Rock Island  IA-IL ,31,31,7953,0,0,0,2,8,1547,1,5,524,15,15,2707,0,0,0,0,0,0,0,0,0
202306,212,19430,C,Dayton-Kettering  OH ,117,117,52529,1,2,156,0,0,0,1,25,3033,73,73,37650,0,0,0,0,0,0,0,0,0
202306,212,44220,C,Springfield  OH ,20,20,5512,0,0,0,0,0,0,0,0,0,20,20,5512,0,0,0,0,0,0,0,0,0
202306,216,14500,C,Boulder  CO ,71,71,44120,1,2,455,2,7,1938,4,59,12364,42,42,32195,1,2,455,2,7,1938,1,6,1219
202306,216,19740,C,Denver-Aurora-Lakewood  CO ,634,634,217677,35,70,18855,4,14,1832,21,715,176793,545,545,185159,26,52,15586,4,14,1832,18,659,168725
202306,216,24540,C,Greeley  CO ,250,250,87136,9,18,3381,2,7,1919,9,188,27830,154,154,60684,0,0,0,1,4,1205,7,147,21981
202306,218,11180,C,Ames  IA ,21,21,7574,0,0,0,0,0,0,0,0,0,13,13,5458,0,0,0,0,0,0,0,0,0
202306,218,19780,C,Des Moines-West Des Moines  IA ,320,320,109887,0,0,0,2,6,1513,5,189,21039,303,303,104036,0,0,0,0,0,0,4,184,20423
202306,220,11460,C,Ann Arbor  MI ,47,47,14569,0,0,0,0,0,0,2,32,3686,30,30,9900,0,0,0,0,0,0,2,32,3686
202306,220,19820,C,Detroit-Warren-Dearborn  MI ,427,427,160407,3,6,1349,5,17,1901,12,168,30998,329,329,132917,3,6,1349,3,11,1424,8,57,1044
202306,220,22420,C,Flint  MI ,29,29,8064,1,2,400,0,0,0,0,0,0,14,14,4244,0,0,0,0,0,0,0,0,0
202306,220,33780,C,Monroe  MI ,20,20,5722,0,0,0,2,8,1100,1,5,345,13,13,3974,0,0,0,2,8,1100,0,0,0
202306,222,20020,C,Dothan  AL ,45,45,11949,0,0,0,0,0,0,0,0,0,8,8,1975,0,0,0,0,0,0,0,0,0
202306,232,20740,C,Eau Claire  WI ,34,34,10032,14,28,6586,0,0,0,6,304,40560,30,30,8670,12,24,5846,0,0,0,6,304,40560
202306,236,21300,C,Elmira  NY ,2,2,595,0,0,0,0,0,0,1,5,560,0,0,0,0,0,0,0,0,0,0,0,0
202306,238,21340,C,El Paso  TX ,239,239,59308,2,4,517,1,3,395,2,13,1534,68,68,19415,0,0,0,0,0,0,0,0,0
202306,238,29740,C,Las Cruces  NM ,77,77,20865,0,0,0,0,0,0,0,0,0,40,40,11039,0,0,0,0,0,0,0,0,0
202306,240,21500,C,Erie  PA ,12,12,4877,0,0,0,0,0,0,1,6,475,9,9,3972,0,0,0,0,0,0,1,6,475
202306,244,22020,C,Fargo  ND-MN ,94,94,30960,0,0,0,0,0,0,1,13,2073,61,61,20892,0,0,0,0,0,0,0,0,0
202306,246,22180,C,Fayetteville  NC ,267,267,57689,0,0,0,0,0,0,0,0,0,201,201,48624,0,0,0,0,0,0,0,0,0
202306,258,23060,C,Fort Wayne  IN ,60,60,20477,2,4,351,0,0,0,8,82,8688,60,60,20477,2,4,351,0,0,0,8,82,8688
202306,260,23420,C,Fresno  CA ,294,294,82271,1,2,914,0,0,0,9,169,37881,227,227,57210,0,0,0,0,0,0,4,143,34000
202306,260,25260,C,Hanford-Corcoran  CA ,124,124,34362,2,4,783,3,12,2165,8,40,4329,122,122,33916,2,4,783,3,12,2165,8,40,4329
202306,260,31460,C,Madera  CA ,153,153,58633,0,0,0,0,0,0,0,0,0,153,153,58633,0,0,0,0,0,0,0,0,0
202306,264,23540,C,Gainesville  FL ,118,118,29804,1,2,285,0,0,0,2,102,13089,25,25,5754,0,0,0,0,0,0,0,0,0
202306,266,24340,C,Grand Rapids-Kentwood  MI ,215,215,78065,3,6,1128,1,3,410,5,69,10250,155,155,58577,0,0,0,0,0,0,0,0,0
202306,266,34740,C,Muskegon  MI ,41,41,9717,1,2,288,0,0,0,0,0,0,31,31,7193,0,0,0,0,0,0,0,0,0
202306,267,24580,C,Green Bay  WI ,71,71,27133,10,20,3526,0,0,0,0,0,0,63,63,23921,1,2,450,0,0,0,0,0,0
202306,268,15500,C,Burlington  NC ,140,140,20607,0,0,0,0,0,0,0,0,0,140,140,20607,0,0,0,0,0,0,0,0,0
202306,268,24660,C,Greensboro-High Point  NC ,183,183,44863,1,2,150,0,0,0,10,427,67178,183,183,44863,1,2,150,0,0,0,10,427,67178
202306,268,49180,C,Winston-Salem  NC ,342,342,96187,0,0,0,0,0,0,1,5,197,296,296,85446,0,0,0,0,0,0,0,0,0
202306,272,24780,C,Greenville  NC ,102,102,22423,1,2,280,0,0,0,0,0,0,69,69,14815,1,2,280,0,0,0,0,0,0
202306,273,24860,C,Greenville-Anderson  SC ,679,679,162686,18,36,3157,0,0,0,1,5,425,622,622,148839,18,36,3157,0,0,0,0,0,0
202306,273,43900,C,Spartanburg  SC ,241,241,41943,0,0,0,0,0,0,0,0,0,0,0,0,0,0,0,0,0,0,0,0,0
202306,276,23900,C,Gettysburg  PA ,30,30,907,0,0,0,0,0,0,0,0,0,30,30,907,0,0,0,0,0,0,0,0,0
202306,276,25420,C,Harrisburg-Carlisle  PA ,140,140,40190,0,0,0,2,7,1107,3,32,1683,113,113,31886,0,0,0,1,4,871,1,20,900
202306,276,30140,C,Lebanon  PA ,20,20,4593,0,0,0,0,0,0,0,0,0,1,1,580,0,0,0,0,0,0,0,0,0
202306,276,49620,C,York-Hanover  PA ,126,126,33442,1,2,341,0,0,0,0,0,0,72,72,18562,0,0,0,0,0,0,0,0,0
202306,277,25500,C,Harrisonburg  VA ,44,44,8133,0,0,0,0,0,0,0,0,0,44,44,8133,0,0,0,0,0,0,0,0,0
202306,277,44420,C,Staunton  VA ,47,47,11744,1,2,180,0,0,0,0,0,0,47,47,11744,1,2,180,0,0,0,0,0,0
202306,278,25540,C,Hartford-East Hartford-Middletown  CT ,55,55,15788,0,0,0,0,0,0,6,73,6681,33,33,9820,0,0,0,0,0,0,2,34,2591
202306,278,35980,C,Norwich-New London  CT ,25,25,6608,0,0,0,0,0,0,1,123,17954,10,10,2314,0,0,0,0,0,0,1,123,17954
202306,279,25620,C,Hattiesburg  MS ,13,13,3355,0,0,0,1,3,142,0,0,0,6,6,1713,0,0,0,0,0,0,0,0,0
202306,284,26300,C,Hot Springs  AR ,5,5,965,0,0,0,0,0,0,0,0,0,5,5,965,0,0,0,0,0,0,0,0,0
202306,288,26420,C,Houston-The Woodlands-Sugar Land  TX ,4781,4781,1207347,38,76,8647,0,0,0,28,1074,124430,4222,4222,1056446,38,76,8647,0,0,0,27,1067,124275
202306,290,19460,C,Decatur  AL ,30,30,8280,0,0,0,0,0,0,0,0,0,28,28,7895,0,0,0,0,0,0,0,0,0
202306,290,26620,C,Huntsville  AL ,352,352,68914,0,0,0,0,0,0,4,100,9043,200,200,31892,0,0,0,0,0,0,4,100,9043
202306,292,26820,C,Idaho Falls  ID ,76,76,20598,0,0,0,4,16,1992,0,0,0,72,72,19158,0,0,0,4,16,1992,0,0,0
202306,294,18020,C,Columbus  IN ,14,14,8935,0,0,0,0,0,0,0,0,0,14,14,8935,0,0,0,0,0,0,0,0,0
202306,294,26900,C,Indianapolis-Carmel-Anderson  IN ,768,768,279571,7,14,3832,2,6,1200,2,19,4039,655,655,248306,5,10,3177,2,6,1200,1,6,1000
202306,294,34620,C,Muncie  IN ,10,10,2539,0,0,0,0,0,0,0,0,0,2,2,610,0,0,0,0,0,0,0,0,0
202306,296,27060,C,Ithaca  NY ,16,16,4838,0,0,0,0,0,0,1,5,849,0,0,0,0,0,0,0,0,0,0,0,0
202306,297,27180,C,Jackson  TN ,45,45,11623,0,0,0,0,0,0,0,0,0,14,14,4329,0,0,0,0,0,0,0,0,0
202306,298,27140,C,Jackson  MS ,105,105,31503,0,0,0,0,0,0,0,0,0,69,69,21091,0,0,0,0,0,0,0,0,0
202306,300,27260,C,Jacksonville  FL ,1241,1241,354688,7,14,1414,0,0,0,22,730,96180,1233,1233,351308,7,14,1414,0,0,0,22,730,96180
202306,304,27740,C,Johnson City  TN ,90,90,25148,0,0,0,0,0,0,0,0,0,61,61,19560,0,0,0,0,0,0,0,0,0
202306,304,28700,C,Kingsport-Bristol  TN-VA ,73,73,21081,0,0,0,0,0,0,1,5,292,54,54,18707,0,0,0,0,0,0,0,0,0
202306,306,27780,C,Johnstown  PA ,8,8,1964,0,0,0,0,0,0,0,0,0,0,0,0,0,0,0,0,0,0,0,0,0
202306,308,27860,C,Jonesboro  AR ,54,54,8221,4,8,550,4,14,726,1,7,397,3,3,566,0,0,0,0,0,0,0,0,0
202306,309,27900,C,Joplin  MO ,38,38,6236,5,10,1617,0,0,0,3,33,4691,8,8,350,0,0,0,0,0,0,0,0,0
202306,310,12980,C,Battle Creek  MI ,9,9,1826,0,0,0,0,0,0,0,0,0,1,1,239,0,0,0,0,0,0,0,0,0
202306,310,28020,C,Kalamazoo-Portage  MI ,41,41,11944,0,0,0,0,0,0,0,0,0,34,34,8260,0,0,0,0,0,0,0,0,0
202306,312,28140,C,Kansas City  MO-KS ,467,467,162267,5,10,1687,8,32,6560,4,365,47044,411,411,142563,5,10,1687,8,32,6560,3,360,46303
202306,312,29940,C,Lawrence  KS ,17,17,5383,0,0,0,0,0,0,1,15,1983,7,7,1641,0,0,0,0,0,0,0,0,0
202306,312,41140,C,St. Joseph  MO-KS ,9,9,1898,0,0,0,0,0,0,0,0,0,4,4,944,0,0,0,0,0,0,0,0,0
202306,313,28420,C,Kennewick-Richland  WA ,117,117,39732,1,2,610,10,38,5164,2,25,2992,49,49,16196,0,0,0,8,32,4000,0,0,0
202306,313,47460,C,Walla Walla  WA ,31,31,8112,1,2,411,0,0,0,0,0,0,28,28,7660,0,0,0,0,0,0,0,0,0
202306,315,28940,C,Knoxville  TN ,397,397,120723,1,2,518,1,3,390,4,65,7595,331,331,104720,0,0,0,0,0,0,1,7,965
202306,315,34100,C,Morristown  TN ,77,77,20205,0,0,0,2,6,900,0,0,0,25,25,6638,0,0,0,2,6,900,0,0,0
202306,316,29020,C,Kokomo  IN ,14,14,4370,0,0,0,0,0,0,0,0,0,12,12,3753,0,0,0,0,0,0,0,0,0
202306,318,29180,C,Lafayette  LA ,234,234,56685,0,0,0,0,0,0,0,0,0,189,189,46586,0,0,0,0,0,0,0,0,0
202306,320,29200,C,Lafayette-West Lafayette  IN ,46,46,14660,0,0,0,0,0,0,4,539,80186,2,2,1225,0,0,0,0,0,0,2,482,73507
202306,324,29340,C,Lake Charles  LA ,53,53,13812,0,0,0,0,0,0,0,0,0,49,49,12813,0,0,0,0,0,0,0,0,0
202306,332,29820,C,Las Vegas-Henderson-Paradise  NV ,990,990,296812,0,0,0,5,18,1856,3,18,1628,990,990,296812,0,0,0,5,18,1856,3,18,1628
202306,336,30460,C,Lexington-Fayette  KY ,137,137,34277,0,0,0,2,6,752,2,67,6655,27,27,9527,0,0,0,0,0,0,0,0,0
202306,338,30620,C,Lima  OH ,5,5,1545,0,0,0,0,0,0,0,0,0,0,0,0,0,0,0,0,0,0,0,0,0
202306,339,30700,C,Lincoln  NE ,104,104,34554,1,2,335,0,0,0,4,157,14855,11,11,3039,0,0,0,0,0,0,0,0,0
202306,340,30780,C,Little Rock-North Little Rock-Conway  AR ,188,188,51811,11,22,1258,2,6,500,1,70,2900,182,182,50848,11,22,1258,2,6,500,1,70,2900
202306,340,38220,C,Pine Bluff  AR ,2,2,290,2,4,350,0,0,0,0,0,0,1,1,142,2,4,350,0,0,0,0,0,0
202306,348,31080,C,Los Angeles-Long Beach-Anaheim  CA ,1083,1083,316863,58,116,30410,20,66,27522,55,1915,400306,850,850,258388,51,102,27297,16,54,25365,43,1773,375584
202306,348,37100,C,Oxnard-Thousand Oaks-Ventura  CA ,32,32,17748,1,2,438,5,19,4182,4,45,5348,12,12,9011,0,0,0,4,16,3708,2,14,2137
202306,348,40140,C,Riverside-San Bernardino-Ontario  CA ,1857,1857,566845,6,12,2106,5,18,4304,88,737,113588,1387,1387,422730,2,4,673,5,18,4304,85,722,112071
202306,350,21060,C,Elizabethtown-Fort Knox  KY ,70,70,16141,8,16,2550,0,0,0,0,0,0,70,70,16141,8,16,2550,0,0,0,0,0,0
202306,350,31140,C,Louisville-Jefferson County  KY-IN ,290,290,77059,7,14,2941,1,3,134,20,393,57050,276,276,73627,7,14,2941,1,3,134,19,384,55700
202306,352,31180,C,Lubbock  TX ,211,211,47527,2,4,651,1,3,434,1,7,586,185,185,40347,0,0,0,0,0,0,1,7,586
202306,356,31420,C,Macon-Bibb County  GA ,52,52,13689,0,0,0,0,0,0,0,0,0,10,10,2456,0,0,0,0,0,0,0,0,0
202306,356,47580,C,Warner Robins  GA ,117,117,23722,0,0,0,0,0,0,2,80,10460,87,87,17360,0,0,0,0,0,0,2,80,10460
202306,357,27500,C,Janesville-Beloit  WI ,25,25,7885,1,2,400,0,0,0,0,0,0,16,16,5080,1,2,400,0,0,0,0,0,0
202306,357,31540,C,Madison  WI ,127,127,55686,12,24,6591,0,0,0,5,261,13724,112,112,50341,11,22,5815,0,0,0,3,227,8222
202306,359,31860,C,Mankato  MN ,13,13,6889,0,0,0,0,0,0,5,39,5811,10,10,5848,0,0,0,0,0,0,4,32,4800
202306,360,31900,C,Mansfield  OH ,16,16,5448,1,2,357,1,3,286,0,0,0,14,14,4809,1,2,357,0,0,0,0,0,0
202306,365,32580,C,McAllen-Edinburg-Mission  TX ,439,439,96674,10,20,1298,35,140,17678,3,22,1447,392,392,87547,8,16,900,31,124,15274,3,22,1447
202306,366,24420,C,Grants Pass  OR ,23,23,5127,3,6,848,0,0,0,1,5,483,0,0,0,0,0,0,0,0,0,0,0,0
202306,366,32780,C,Medford  OR ,71,71,20895,0,0,0,1,3,192,2,10,1362,56,56,17343,0,0,0,0,0,0,0,0,0
202306,368,32820,C,Memphis  TN-MS-AR ,323,323,90331,2,4,1159,3,12,3427,5,101,19493,282,282,81619,2,4,1159,3,12,3427,5,101,19493
202306,370,33100,C,Miami-Fort Lauderdale-Pompano Beach  FL ,535,535,222143,17,34,7744,1,3,1147,67,2037,620513,420,420,150519,17,34,7744,0,0,0,60,1964,604357
202306,370,38940,C,Port St. Lucie  FL ,529,529,158054,10,20,2720,0,0,0,2,45,7389,528,528,156426,10,20,2720,0,0,0,2,45,7389
202306,370,42680,C,Sebastian-Vero Beach  FL ,105,105,45281,1,2,314,0,0,0,0,0,0,23,23,7767,0,0,0,0,0,0,0,0,0
202306,372,33260,C,Midland  TX ,60,60,14672,0,0,0,1,4,250,0,0,0,60,60,14672,0,0,0,1,4,250,0,0,0
202306,372,36220,C,Odessa  TX ,82,82,21010,0,0,0,0,0,0,0,0,0,0,0,0,0,0,0,0,0,0,0,0,0
202306,376,33340,C,Milwaukee-Waukesha  WI ,130,130,55605,11,22,5464,0,0,0,3,46,6468,85,85,39639,7,14,3650,0,0,0,2,40,5111
202306,376,39540,C,Racine  WI ,11,11,4790,0,0,0,0,0,0,0,0,0,8,8,3871,0,0,0,0,0,0,0,0,0
202306,378,33460,C,Minneapolis-St. Paul-Bloomington  MN-WI ,789,789,293653,11,22,3535,6,24,4615,32,944,226137,669,669,251016,8,16,2465,6,24,4615,21,844,207669
202306,378,41060,C,St. Cloud  MN ,54,54,16455,1,2,320,0,0,0,0,0,0,43,43,12963,1,2,320,0,0,0,0,0,0
202306,380,19300,C,Daphne-Fairhope-Foley  AL ,295,295,107099,3,6,1075,0,0,0,0,0,0,276,276,104353,3,6,1075,0,0,0,0,0,0
202306,380,33660,C,Mobile  AL ,71,71,17564,0,0,0,0,0,0,0,0,0,33,33,8241,0,0,0,0,0,0,0,0,0
202306,384,33740,C,Monroe  LA ,33,33,8387,3,6,439,0,0,0,0,0,0,2,2,450,0,0,0,0,0,0,0,0,0
202306,388,33860,C,Montgomery  AL ,78,78,21331,0,0,0,0,0,0,0,0,0,52,52,16301,0,0,0,0,0,0,0,0,0
202306,390,34060,C,Morgantown  WV ,0,0,0,0,0,0,0,0,0,0,0,0,0,0,0,0,0,0,0,0,0,0,0,0
202306,396,34820,C,Myrtle Beach-Conway-North Myrtle Beach  SC-NC ,1031,1031,221113,8,16,1152,1,3,311,1,5,250,487,487,121199,7,14,954,0,0,0,0,0,0
202306,400,34980,C,Nashville-Davidson--Murfreesboro--Franklin  TN ,1484,1484,458249,3,6,753,0,0,0,6,227,20519,1148,1148,381020,3,6,753,0,0,0,2,184,14222
202306,404,35100,C,New Bern  NC ,33,33,8199,0,0,0,0,0,0,0,0,0,18,18,4137,0,0,0,0,0,0,0,0,0
202306,406,25220,C,Hammond  LA ,81,81,15907,0,0,0,0,0,0,1,34,3169,0,0,0,0,0,0,0,0,0,0,0,0
202306,406,35380,C,New Orleans-Metairie  LA ,216,216,71614,16,32,3648,0,0,0,1,40,7199,97,97,37038,2,4,511,0,0,0,0,0,0
202306,408,14860,C,Bridgeport-Stamford-Norwalk  CT ,36,36,25441,4,8,1124,0,0,0,1,5,6729,20,20,9388,4,8,1124,0,0,0,0,0,0
202306,408,20700,C,East Stroudsburg  PA ,19,19,5619,0,0,0,0,0,0,0,0,0,7,7,2387,0,0,0,0,0,0,0,0,0
202306,408,28740,C,Kingston  NY ,24,24,8930,0,0,0,0,0,0,0,0,0,14,14,6317,0,0,0,0,0,0,0,0,0
202306,408,35300,C,New Haven-Milford  CT ,26,26,6624,1,2,179,0,0,0,3,39,6248,8,8,2035,0,0,0,0,0,0,0,0,0
202306,408,35620,C,New York-Newark-Jersey City  NY-NJ-PA ,1123,1123,335490,38,76,10004,13,41,4975,92,1806,249602,714,714,207639,20,40,7212,7,22,3247,43,1307,187091
202306,408,39100,C,Poughkeepsie-Newburgh-Middletown  NY ,84,84,30077,0,0,0,0,0,0,5,28,3588,31,31,8252,0,0,0,0,0,0,1,8,1000
202306,408,45940,C,Trenton-Princeton  NJ ,80,80,9552,0,0,0,0,0,0,4,26,1120,77,77,9094,0,0,0,0,0,0,2,10,20
202306,412,35840,C,North Port-Sarasota-Bradenton  FL ,1180,1180,335628,22,44,6896,2,7,4115,15,317,74016,1121,1121,318404,7,14,1769,1,4,800,14,312,73178
202306,412,39460,C,Punta Gorda  FL ,427,427,126819,12,24,3904,3,9,2254,1,35,6198,7,7,4324,0,0,0,0,0,0,0,0,0
202306,416,36420,C,Oklahoma City  OK ,522,522,161516,16,32,4341,0,0,0,3,18,2481,500,500,156871,16,32,4341,0,0,0,3,18,2481
202306,420,36540,C,Omaha-Council Bluffs  NE-IA ,245,245,52392,0,0,0,1,4,989,1,50,3514,207,207,42271,0,0,0,1,4,989,1,50,3514
202306,422,19660,C,Deltona-Daytona Beach-Ormond Beach  FL ,507,507,182042,15,30,5074,0,0,0,2,19,2727,439,439,159855,15,30,5074,0,0,0,0,0,0
202306,422,29460,C,Lakeland-Winter Haven  FL ,944,944,264506,3,6,575,0,0,0,7,186,18558,863,863,245123,3,6,575,0,0,0,7,186,18558
202306,422,36740,C,Orlando-Kissimmee-Sanford  FL ,1670,1670,447206,1,2,75,2,8,1866,34,1352,176440,1406,1406,368981,1,2,75,2,8,1866,31,1295,172044
202306,422,45540,C,The Villages  FL ,291,291,71307,0,0,0,0,0,0,0,0,0,290,290,71117,0,0,0,0,0,0,0,0,0
202306,425,37620,C,Parkersburg-Vienna  WV ,10,10,1833,0,0,0,0,0,0,0,0,0,8,8,1496,0,0,0,0,0,0,0,0,0
202306,426,37860,C,Pensacola-Ferry Pass-Brent  FL ,185,185,52638,0,0,0,0,0,0,0,0,0,185,185,52638,0,0,0,0,0,0,0,0,0
202306,428,12100,C,Atlantic City-Hammonton  NJ ,21,21,8044,1,2,276,0,0,0,2,11,831,10,10,4158,1,2,276,0,0,0,0,0,0
202306,428,20100,C,Dover  DE ,100,100,14877,0,0,0,0,0,0,3,72,6480,34,34,4911,0,0,0,0,0,0,3,72,6480
202306,428,36140,C,Ocean City  NJ ,36,36,12664,7,14,337,0,0,0,0,0,0,34,34,11972,7,14,337,0,0,0,0,0,0
202306,428,37980,C,Philadelphia-Camden-Wilmington  PA-NJ-DE-MD ,772,772,182385,4,8,734,12,39,3345,22,416,40057,404,404,101226,4,8,734,9,30,2351,13,361,34636
202306,428,39740,C,Reading  PA ,27,27,7343,0,0,0,0,0,0,1,5,63,8,8,2444,0,0,0,0,0,0,0,0,0
202306,428,47220,C,Vineland-Bridgeton  NJ ,15,15,2793,0,0,0,0,0,0,0,0,0,12,12,2416,0,0,0,0,0,0,0,0,0
202306,429,38060,C,Phoenix-Mesa-Chandler  AZ ,2151,2151,608443,216,432,64561,21,80,24434,5,180,31328,1944,1944,555010,214,428,63942,21,80,24434,3,67,12194
202306,430,38300,C,Pittsburgh  PA ,343,343,116900,2,4,1500,3,10,2099,3,114,12428,194,194,70695,0,0,0,0,0,0,0,0,0
202306,430,48260,C,Weirton-Steubenville  WV-OH ,4,4,967,0,0,0,0,0,0,0,0,0,2,2,475,0,0,0,0,0,0,0,0,0
202306,438,30340,C,Lewiston-Auburn  ME ,24,24,6132,1,2,341,0,0,0,1,13,1397,11,11,2934,0,0,0,0,0,0,0,0,0
202306,438,38860,C,Portland-South Portland  ME ,176,176,60435,9,18,3606,1,3,392,2,20,900,52,52,24225,7,14,2556,0,0,0,0,0,0
202306,440,10540,C,Albany-Lebanon  OR ,16,16,5919,3,6,942,0,0,0,0,0,0,15,15,5633,3,6,942,0,0,0,0,0,0
202306,440,18700,C,Corvallis  OR ,12,12,4072,0,0,0,0,0,0,0,0,0,8,8,2537,0,0,0,0,0,0,0,0,0
202306,440,31020,C,Longview  WA ,21,21,7252,0,0,0,0,0,0,0,0,0,21,21,7252,0,0,0,0,0,0,0,0,0
202306,440,38900,C,Portland-Vancouver-Hillsboro  OR-WA ,627,627,249708,9,18,3318,1,4,1510,15,406,58761,488,488,166293,8,16,2846,1,4,1510,14,380,55201
202306,440,41420,C,Salem  OR ,84,84,24097,0,0,0,0,0,0,7,93,13448,78,78,22500,0,0,0,0,0,0,5,76,11289
202306,444,39380,C,Pueblo  CO ,28,28,4673,0,0,0,0,0,0,0,0,0,28,28,4673,0,0,0,0,0,0,0,0,0
202306,450,20500,C,Durham-Chapel Hill  NC ,297,297,117322,4,8,1025,0,0,0,5,182,31926,59,59,29286,1,2,186,0,0,0,0,0,0
202306,450,39580,C,Raleigh-Cary  NC ,1199,1199,310858,5,10,3433,0,0,0,6,532,141084,1199,1199,310858,5,10,3433,0,0,0,6,532,141084
202306,452,39660,C,Rapid City  SD ,75,75,24865,1,2,240,2,8,1680,1,15,1200,73,73,24416,1,2,240,2,8,1680,1,15,1200
202306,454,39820,C,Redding  CA ,19,19,5733,0,0,0,0,0,0,0,0,0,9,9,2870,0,0,0,0,0,0,0,0,0
202306,456,16180,C,Carson City  NV ,16,16,4223,0,0,0,0,0,0,1,6,599,0,0,0,0,0,0,0,0,0,0,0,0
202306,456,39900,C,Reno  NV ,188,188,52685,3,6,628,2,6,791,11,161,20447,24,24,6305,0,0,0,0,0,0,0,0,0
202306,462,40340,C,Rochester  MN ,50,50,15283,0,0,0,0,0,0,0,0,0,30,30,10164,0,0,0,0,0,0,0,0,0
202306,464,40380,C,Rochester  NY ,106,106,35517,3,6,1453,11,43,1555,11,88,6518,62,62,23249,2,4,950,10,40,1025,9,45,765
202306,466,40420,C,Rockford  IL ,15,15,3865,0,0,0,0,0,0,0,0,0,6,6,1125,0,0,0,0,0,0,0,0,0
202306,468,40580,C,Rocky Mount  NC ,35,35,7523,0,0,0,0,0,0,3,30,3266,13,13,3998,0,0,0,0,0,0,3,30,3266
202306,472,40900,C,Sacramento-Roseville-Folsom  CA ,1044,1044,330475,1,2,470,0,0,0,30,707,153330,1024,1024,324265,1,2,470,0,0,0,30,707,153330
202306,472,49700,C,Yuba City  CA ,67,67,20752,2,4,562,0,0,0,0,0,0,58,58,17431,1,2,350,0,0,0,0,0,0
202306,474,13020,C,Bay City  MI ,5,5,1363,0,0,0,0,0,0,0,0,0,0,0,0,0,0,0,0,0,0,0,0,0
202306,474,33220,C,Midland  MI ,14,14,4344,0,0,0,0,0,0,0,0,0,9,9,2822,0,0,0,0,0,0,0,0,0
202306,474,40980,C,Saginaw  MI ,35,35,5563,2,4,900,0,0,0,0,0,0,28,28,3396,2,4,900,0,0,0,0,0,0
202306,476,41180,C,St. Louis  MO-IL ,475,475,165464,5,10,2945,6,24,4591,4,24,3481,435,435,154074,5,10,2945,6,24,4591,1,8,772
202306,480,41540,C,Salisbury  MD-DE ,392,392,60740,2,4,400,0,0,0,0,0,0,390,390,60505,2,4,400,0,0,0,0,0,0
202306,482,36260,C,Ogden-Clearfield  UT ,248,248,79535,0,0,0,3,9,1608,4,63,9786,182,182,59259,0,0,0,1,3,477,2,25,3974
202306,482,39340,C,Provo-Orem  UT ,523,523,164126,0,0,0,0,0,0,11,73,18117,512,512,156984,0,0,0,0,0,0,11,73,18117
202306,482,41620,C,Salt Lake City  UT ,331,331,112714,4,8,1146,3,10,1661,14,562,104251,257,257,97626,0,0,0,1,4,588,8,307,68990
202306,484,41700,C,San Antonio-New Braunfels  TX ,833,833,231922,2,4,655,5,16,5000,38,1524,187560,717,717,203981,0,0,0,5,16,5000,37,1508,185595
202306,488,32900,C,Merced  CA ,34,34,10198,0,0,0,0,0,0,0,0,0,19,19,5707,0,0,0,0,0,0,0,0,0
202306,488,33700,C,Modesto  CA ,63,63,12885,0,0,0,0,0,0,2,36,2500,52,52,10774,0,0,0,0,0,0,2,36,2500
202306,488,34900,C,Napa  CA ,24,24,6350,0,0,0,0,0,0,1,57,9857,13,13,2890,0,0,0,0,0,0,0,0,0
202306,488,41860,C,San Francisco-Oakland-Berkeley  CA ,304,304,110604,3,6,1876,5,18,5347,22,333,91707,243,243,90158,2,4,726,5,18,5347,18,263,81213
202306,488,41940,C,San Jose-Sunnyvale-Santa Clara  CA ,193,193,79482,0,0,0,0,0,0,17,1360,307739,178,178,73339,0,0,0,0,0,0,12,1302,298809
202306,488,42100,C,Santa Cruz-Watsonville  CA ,24,24,3444,0,0,0,0,0,0,1,5,386,18,18,2811,0,0,0,0,0,0,0,0,0
202306,488,42220,C,Santa Rosa-Petaluma  CA ,94,94,21964,0,0,0,0,0,0,3,124,45883,75,75,18150,0,0,0,0,0,0,1,114,43800
202306,488,44700,C,Stockton  CA ,236,236,82961,1,2,497,0,0,0,3,25,3100,56,56,20052,0,0,0,0,0,0,0,0,0
202306,488,46700,C,Vallejo  CA ,145,145,42133,0,0,0,0,0,0,14,236,49938,115,115,31709,0,0,0,0,0,0,14,236,49938
202306,496,25980,C,Hinesville  GA ,102,102,26722,0,0,0,0,0,0,0,0,0,74,74,20074,0,0,0,0,0,0,0,0,0
202306,496,42340,C,Savannah  GA ,231,231,62128,1,2,113,0,0,0,0,0,0,181,181,50148,0,0,0,0,0,0,0,0,0
202306,500,14740,C,Bremerton-Silverdale-Port Orchard  WA ,99,99,36613,1,2,503,0,0,0,11,130,14078,99,99,36613,1,2,503,0,0,0,11,130,14078
202306,500,34580,C,Mount Vernon-Anacortes  WA ,31,31,11030,1,2,402,0,0,0,2,17,1587,24,24,8206,0,0,0,0,0,0,0,0,0
202306,500,36500,C,Olympia-Lacey-Tumwater  WA ,78,78,23884,0,0,0,0,0,0,2,75,12213,67,67,21419,0,0,0,0,0,0,1,70,12000
202306,500,42660,C,Seattle-Tacoma-Bellevue  WA ,596,596,257041,49,98,29600,24,84,20699,33,516,78047,487,487,216647,48,96,28970,23,80,19987,30,490,75153
202306,508,43340,C,Shreveport-Bossier City  LA ,91,91,23223,0,0,0,0,0,0,0,0,0,81,81,20839,0,0,0,0,0,0,0,0,0
202306,515,21140,C,Elkhart-Goshen  IN ,31,31,10031,0,0,0,0,0,0,1,5,667,28,28,9254,0,0,0,0,0,0,0,0,0
202306,515,35660,C,Niles  MI ,27,27,13149,0,0,0,1,4,1350,0,0,0,17,17,9386,0,0,0,1,4,1350,0,0,0
202306,515,43780,C,South Bend-Mishawaka  IN-MI ,53,53,18102,1,2,440,0,0,0,0,0,0,47,47,14801,1,2,440,0,0,0,0,0,0
202306,518,17660,C,Coeur dAlene  ID ,138,138,62542,6,12,2992,1,3,1257,2,16,1735,111,111,55115,5,10,2609,0,0,0,0,0,0
202306,518,44060,C,Spokane-Spokane Valley  WA ,188,188,46558,9,18,3830,0,0,0,8,131,18210,74,74,15957,7,14,3058,0,0,0,4,68,12000
202306,522,44100,C,Springfield  IL ,11,11,3987,1,2,356,0,0,0,1,5,642,2,2,800,0,0,0,0,0,0,0,0,0
202306,524,44300,C,State College  PA ,23,23,6443,1,2,311,1,4,1060,0,0,0,10,10,3143,0,0,0,1,4,1060,0,0,0
202306,532,45060,C,Syracuse  NY ,56,56,15901,1,2,341,0,0,0,1,5,313,40,40,11586,0,0,0,0,0,0,0,0,0
202306,534,45780,C,Toledo  OH ,221,221,32874,0,0,0,0,0,0,2,13,650,219,219,32328,0,0,0,0,0,0,2,13,650
202306,536,46060,C,Tucson  AZ ,293,293,99597,3,6,713,0,0,0,5,61,9154,203,203,76868,0,0,0,0,0,0,0,0,0
202306,538,46140,C,Tulsa  OK ,277,277,62015,0,0,0,0,0,0,1,8,615,249,249,56278,0,0,0,0,0,0,0,0,0
202306,540,46340,C,Tyler  TX ,54,54,14601,12,24,3494,0,0,0,0,0,0,31,31,8851,11,22,3234,0,0,0,0,0,0
202306,544,47020,C,Victoria  TX ,4,4,1142,0,0,0,0,0,0,0,0,0,4,4,1142,0,0,0,0,0,0,0,0,0
202306,545,47260,C,Virginia Beach-Norfolk-Newport News  VA-NC ,328,328,98419,1,2,340,1,3,750,9,423,48344,309,309,96336,1,2,340,1,3,750,9,423,48344
202306,548,12580,C,Baltimore-Columbia-Towson  MD ,415,415,114669,1,2,100,0,0,0,2,124,15979,397,397,110716,0,0,0,0,0,0,0,0,0
202306,548,15680,C,California-Lexington Park  MD ,66,66,23735,0,0,0,0,0,0,0,0,0,66,66,23735,0,0,0,0,0,0,0,0,0
202306,548,16540,C,Chambersburg-Waynesboro  PA ,23,23,6022,0,0,0,0,0,0,2,32,1950,17,17,4492,0,0,0,0,0,0,2,32,1950
202306,548,25180,C,Hagerstown-Martinsburg  MD-WV ,166,166,33252,0,0,0,0,0,0,0,0,0,160,160,32071,0,0,0,0,0,0,0,0,0
202306,548,47900,C,Washington-Arlington-Alexandria  DC-VA-MD-WV ,1001,1001,292298,0,0,0,0,0,0,23,1080,92477,886,886,261630,0,0,0,0,0,0,17,998,81657
202306,548,49020,C,Winchester  VA-WV ,88,88,20585,0,0,0,0,0,0,0,0,0,88,88,20585,0,0,0,0,0,0,0,0,0
202306,554,48140,C,Wausau-Weston  WI ,35,35,11545,2,4,542,0,0,0,0,0,0,27,27,9004,1,2,200,0,0,0,0,0,0
202306,556,48620,C,Wichita  KS ,96,96,35492,42,84,10558,0,0,0,2,192,28405,73,73,25133,39,78,9953,0,0,0,2,192,28405
202306,558,48700,C,Williamsport  PA ,8,8,2071,0,0,0,0,0,0,0,0,0,1,1,350,0,0,0,0,0,0,0,0,0
202306,566,49660,C,Youngstown-Warren-Boardman  OH-PA ,27,27,7115,0,0,0,1,4,1184,0,0,0,22,22,5694,0,0,0,1,4,1184,0,0,0
202306,999,10180,C,Abilene  TX ,12,12,3407,2,4,460,0,0,0,9,64,8500,12,12,3407,2,4,460,0,0,0,9,64,8500
202306,999,10500,C,Albany  GA ,16,16,2637,0,0,0,0,0,0,1,5,554,12,12,1571,0,0,0,0,0,0,0,0,0
202306,999,10780,C,Alexandria  LA ,23,23,6518,0,0,0,0,0,0,0,0,0,18,18,4984,0,0,0,0,0,0,0,0,0
202306,999,10900,C,Allentown-Bethlehem-Easton  PA-NJ ,116,116,30973,0,0,0,0,0,0,3,26,3880,74,74,22160,0,0,0,0,0,0,2,18,1833
202306,999,11260,C,Anchorage  AK ,17,17,7648,1,2,413,0,0,0,1,40,6224,5,5,1194,1,2,413,0,0,0,1,40,6224
202306,999,11500,C,Anniston-Oxford  AL ,9,9,1474,0,0,0,0,0,0,0,0,0,8,8,1399,0,0,0,0,0,0,0,0,0
202306,999,12260,C,Augusta-Richmond County  GA-SC ,307,307,81274,5,10,1773,3,10,1403,0,0,0,107,107,32482,5,10,1773,3,10,1403,0,0,0
202306,999,12420,C,Austin-Round Rock-Georgetown  TX ,1437,1437,401244,10,20,2594,0,0,0,21,1258,129233,882,882,269033,8,16,1911,0,0,0,19,1211,123842
202306,999,12540,C,Bakersfield  CA ,214,214,58801,0,0,0,0,0,0,1,5,635,45,45,9851,0,0,0,0,0,0,0,0,0
202306,999,12620,C,Bangor  ME ,40,40,9566,1,2,254,0,0,0,0,0,0,20,20,5605,1,2,254,0,0,0,0,0,0
202306,999,12940,C,Baton Rouge  LA ,287,287,68795,0,0,0,0,0,0,1,15,1688,37,37,8550,0,0,0,0,0,0,0,0,0
202306,999,13140,C,Beaumont-Port Arthur  TX ,116,116,29947,2,4,513,0,0,0,0,0,0,90,90,23852,1,2,283,0,0,0,0,0,0
202306,999,13220,C,Beckley  WV ,10,10,1978,0,0,0,0,0,0,0,0,0,9,9,1863,0,0,0,0,0,0,0,0,0
202306,999,13380,C,Bellingham  WA ,58,58,18697,0,0,0,2,7,1423,1,19,3067,11,11,3985,0,0,0,1,4,600,1,19,3067
202306,999,13740,C,Billings  MT ,41,41,8408,0,0,0,0,0,0,0,0,0,21,21,7381,0,0,0,0,0,0,0,0,0
202306,999,13780,C,Binghamton  NY ,14,14,3410,0,0,0,0,0,0,3,19,2081,0,0,0,0,0,0,0,0,0,0,0,0
202306,999,13900,C,Bismarck  ND ,17,17,5491,4,8,2098,0,0,0,0,0,0,14,14,4866,4,8,2098,0,0,0,0,0,0
202306,999,13980,C,Blacksburg-Christiansburg  VA ,49,49,12429,0,0,0,0,0,0,0,0,0,48,48,12206,0,0,0,0,0,0,0,0,0
202306,999,15260,C,Brunswick  GA ,81,81,27185,3,6,723,1,4,956,1,32,3837,6,6,1200,0,0,0,0,0,0,0,0,0
202306,999,16060,C,Carbondale-Marion  IL ,4,4,679,0,0,0,1,4,313,0,0,0,1,1,200,0,0,0,0,0,0,0,0,0
202306,999,16220,C,Casper  WY ,8,8,2179,0,0,0,0,0,0,0,0,0,5,5,1706,0,0,0,0,0,0,0,0,0
202306,999,16580,C,Champaign-Urbana  IL ,15,15,6199,0,0,0,1,3,865,0,0,0,15,15,6199,0,0,0,1,3,865,0,0,0
202306,999,16700,C,Charleston-North Charleston  SC ,541,541,185838,0,0,0,0,0,0,4,154,14690,243,243,108202,0,0,0,0,0,0,0,0,0
202306,999,16820,C,Charlottesville  VA ,87,87,31641,0,0,0,0,0,0,2,21,1998,18,18,5100,0,0,0,0,0,0,0,0,0
202306,999,16940,C,Cheyenne  WY ,14,14,3162,0,0,0,0,0,0,0,0,0,14,14,3162,0,0,0,0,0,0,0,0,0
202306,999,17020,C,Chico  CA ,77,77,15302,0,0,0,0,0,0,5,109,17655,77,77,15302,0,0,0,0,0,0,5,109,17655
202306,999,17300,C,Clarksville  TN-KY ,140,140,34240,5,10,1095,13,51,4720,11,81,7525,139,139,33987,5,10,1095,13,51,4720,11,81,7525
202306,999,17780,C,College Station-Bryan  TX ,145,145,25725,0,0,0,0,0,0,0,0,0,145,145,25725,0,0,0,0,0,0,0,0,0
202306,999,17820,C,Colorado Springs  CO ,604,604,207534,4,8,1313,1,3,414,5,240,62308,602,602,207107,4,8,1313,0,0,0,5,240,62308
202306,999,18880,C,Crestview-Fort Walton Beach-Destin  FL ,244,244,127205,11,22,5046,2,8,1300,6,46,7640,242,242,126435,11,22,5046,2,8,1300,6,46,7640
202306,999,19060,C,Cumberland  MD-WV ,2,2,340,2,4,150,0,0,0,0,0,0,2,2,340,2,4,150,0,0,0,0,0,0
202306,999,19180,C,Danville  IL ,0,0,0,0,0,0,0,0,0,0,0,0,0,0,0,0,0,0,0,0,0,0,0,0
202306,999,19500,C,Decatur  IL ,4,4,1854,0,0,0,0,0,0,0,0,0,2,2,1146,0,0,0,0,0,0,0,0,0
202306,999,20220,C,Dubuque  IA ,16,16,6675,1,2,560,0,0,0,0,0,0,16,16,6675,1,2,560,0,0,0,0,0,0
202306,999,20260,C,Duluth  MN-WI ,82,82,24712,1,2,332,0,0,0,0,0,0,68,68,20412,1,2,332,0,0,0,0,0,0
202306,999,20940,C,El Centro  CA ,34,34,3719,0,0,0,0,0,0,1,7,1149,30,30,3391,0,0,0,0,0,0,0,0,0
202306,999,21420,C,Enid  OK ,0,0,0,0,0,0,0,0,0,0,0,0,0,0,0,0,0,0,0,0,0,0,0,0
202306,999,21660,C,Eugene-Springfield  OR ,77,77,25375,3,6,1443,0,0,0,0,0,0,34,34,13403,2,4,1057,0,0,0,0,0,0
202306,999,21780,C,Evansville  IN-KY ,70,70,23325,3,6,769,0,0,0,2,15,917,23,23,8849,0,0,0,0,0,0,0,0,0
202306,999,21820,C,Fairbanks  AK ,0,0,0,0,0,0,0,0,0,0,0,0,0,0,0,0,0,0,0,0,0,0,0,0
202306,999,22140,C,Farmington  NM ,15,15,3954,0,0,0,0,0,0,0,0,0,15,15,3954,0,0,0,0,0,0,0,0,0
202306,999,22220,C,Fayetteville-Springdale-Rogers  AR-MO ,597,597,174572,6,12,2949,1,3,283,6,114,20184,425,425,125744,4,8,1544,0,0,0,3,85,16730
202306,999,22380,C,Flagstaff  AZ ,35,35,9963,1,2,74,5,20,891,0,0,0,35,35,9963,1,2,74,5,20,891,0,0,0
202306,999,22500,C,Florence  SC ,77,77,12883,0,0,0,0,0,0,0,0,0,49,49,8220,0,0,0,0,0,0,0,0,0
202306,999,22520,C,Florence-Muscle Shoals  AL ,18,18,2118,0,0,0,0,0,0,0,0,0,7,7,763,0,0,0,0,0,0,0,0,0
202306,999,22540,C,Fond du Lac  WI ,15,15,6009,0,0,0,0,0,0,0,0,0,1,1,600,0,0,0,0,0,0,0,0,0
202306,999,22660,C,Fort Collins  CO ,92,92,34385,0,0,0,1,4,1250,2,32,5667,92,92,34385,0,0,0,1,4,1250,2,32,5667
202306,999,22900,C,Fort Smith  AR-OK ,55,55,12562,15,30,5623,0,0,0,0,0,0,47,47,11551,14,28,5435,0,0,0,0,0,0
202306,999,23460,C,Gadsden  AL ,18,18,2734,0,0,0,0,0,0,0,0,0,11,11,1555,0,0,0,0,0,0,0,0,0
202306,999,24140,C,Goldsboro  NC ,45,45,11465,0,0,0,0,0,0,1,5,365,37,37,7803,0,0,0,0,0,0,0,0,0
202306,999,24220,C,Grand Forks  ND-MN ,23,23,5312,0,0,0,0,0,0,0,0,0,23,23,5312,0,0,0,0,0,0,0,0,0
202306,999,24260,C,Grand Island  NE ,10,10,2707,10,20,3890,0,0,0,6,60,9000,4,4,1475,10,20,3890,0,0,0,6,60,9000
202306,999,24300,C,Grand Junction  CO ,51,51,9760,0,0,0,0,0,0,0,0,0,51,51,9760,0,0,0,0,0,0,0,0,0
202306,999,24500,C,Great Falls  MT ,12,12,3764,4,8,3040,0,0,0,0,0,0,12,12,3764,4,8,3040,0,0,0,0,0,0
202306,999,25060,C,Gulfport-Biloxi  MS ,240,240,39034,1,2,470,1,3,705,0,0,0,168,168,27456,1,2,470,1,3,705,0,0,0
202306,999,25860,C,Hickory-Lenoir-Morganton  NC ,150,150,39434,3,6,700,0,0,0,2,14,994,111,111,31594,3,6,700,0,0,0,0,0,0
202306,999,25940,C,Hilton Head Island-Bluffton  SC ,236,236,95612,0,0,0,0,0,0,0,0,0,77,77,40475,0,0,0,0,0,0,0,0,0
202306,999,26140,C,Homosassa Springs  FL ,147,147,38947,0,0,0,0,0,0,0,0,0,0,0,0,0,0,0,0,0,0,0,0,0
202306,999,26380,C,Houma-Thibodaux  LA ,36,36,7650,0,0,0,1,3,365,0,0,0,36,36,7650,0,0,0,1,3,365,0,0,0
202306,999,27100,C,Jackson  MI ,11,11,3305,0,0,0,0,0,0,0,0,0,2,2,553,0,0,0,0,0,0,0,0,0
202306,999,27340,C,Jacksonville  NC ,109,109,27092,4,8,506,0,0,0,0,0,0,109,109,27092,4,8,506,0,0,0,0,0,0
202306,999,27620,C,Jefferson City  MO ,15,15,4622,0,0,0,0,0,0,0,0,0,12,12,4082,0,0,0,0,0,0,0,0,0
202306,999,27980,C,Kahului-Wailuku-Lahaina  HI ,42,42,18256,0,0,0,0,0,0,0,0,0,42,42,18256,0,0,0,0,0,0,0,0,0
202306,999,28660,C,Killeen-Temple  TX ,315,315,61142,31,62,7677,0,0,0,2,42,6103,153,153,20248,21,42,5438,0,0,0,0,0,0
202306,999,29100,C,La Crosse-Onalaska  WI-MN ,22,22,8691,1,2,420,1,3,900,0,0,0,12,12,5406,1,2,420,0,0,0,0,0,0
202306,999,29420,C,Lake Havasu City-Kingman  AZ ,208,208,44499,3,6,632,1,3,226,0,0,0,205,205,44060,3,6,632,0,0,0,0,0,0
202306,999,29540,C,Lancaster  PA ,64,64,16893,0,0,0,1,3,790,2,12,2170,35,35,10196,0,0,0,0,0,0,2,12,2170
202306,999,29620,C,Lansing-East Lansing  MI ,41,41,12934,0,0,0,0,0,0,1,17,1887,21,21,7464,0,0,0,0,0,0,0,0,0
202306,999,29700,C,Laredo  TX ,109,109,27928,1,2,260,2,7,1052,0,0,0,0,0,0,0,0,0,0,0,0,0,0,0
202306,999,30020,C,Lawton  OK ,6,6,872,0,0,0,0,0,0,0,0,0,2,2,450,0,0,0,0,0,0,0,0,0
202306,999,30300,C,Lewiston  ID-WA ,17,17,5793,2,4,600,0,0,0,0,0,0,14,14,4883,2,4,600,0,0,0,0,0,0
202306,999,30860,C,Logan  UT-ID ,63,63,22187,0,0,0,0,0,0,0,0,0,55,55,19714,0,0,0,0,0,0,0,0,0
202306,999,30980,C,Longview  TX ,32,32,8826,2,4,460,1,3,434,1,8,350,25,25,7161,0,0,0,0,0,0,0,0,0
202306,999,31340,C,Lynchburg  VA ,35,35,9147,0,0,0,1,3,603,1,8,207,33,33,8749,0,0,0,0,0,0,0,0,0
202306,999,31740,C,Manhattan  KS ,21,21,7469,1,2,250,0,0,0,0,0,0,9,9,3688,1,2,250,0,0,0,0,0,0
202306,999,33540,C,Missoula  MT ,31,31,10540,1,2,591,0,0,0,2,17,2730,31,31,10540,1,2,591,0,0,0,2,17,2730
202306,999,36100,C,Ocala  FL ,622,622,175983,13,26,3574,0,0,0,0,0,0,621,621,175739,13,26,3574,0,0,0,0,0,0
202306,999,36980,C,Owensboro  KY ,17,17,1621,1,2,173,0,0,0,0,0,0,16,16,1419,0,0,0,0,0,0,0,0,0
202306,999,37340,C,Palm Bay-Melbourne-Titusville  FL ,447,447,175619,1,2,380,0,0,0,2,90,13301,431,431,171333,1,2,380,0,0,0,2,90,13301
202306,999,37460,C,Panama City  FL ,189,189,69676,0,0,0,0,0,0,6,35,6769,21,21,9386,0,0,0,0,0,0,5,30,5820
202306,999,37900,C,Peoria  IL ,17,17,7010,1,2,484,0,0,0,0,0,0,9,9,4524,1,2,484,0,0,0,0,0,0
202306,999,38340,C,Pittsfield  MA ,10,10,7428,0,0,0,0,0,0,0,0,0,1,1,222,0,0,0,0,0,0,0,0,0
202306,999,38540,C,Pocatello  ID ,42,42,7470,1,2,428,1,3,311,1,5,450,25,25,2892,0,0,0,0,0,0,0,0,0
202306,999,39150,C,Prescott Valley-Prescott  AZ ,130,130,39425,3,6,721,0,0,0,1,5,1700,125,125,38234,3,6,721,0,0,0,1,5,1700
202306,999,40060,C,Richmond  VA ,392,392,91978,16,32,4184,0,0,0,4,48,3814,376,376,88651,16,32,4184,0,0,0,3,42,3201
202306,999,40220,C,Roanoke  VA ,45,45,13023,0,0,0,0,0,0,1,18,2200,25,25,6361,0,0,0,0,0,0,0,0,0
202306,999,41100,C,St. George  UT ,196,196,41252,0,0,0,0,0,0,2,12,1590,146,146,30384,0,0,0,0,0,0,1,5,1115
202306,999,41500,C,Salinas  CA ,44,44,9413,0,0,0,0,0,0,0,0,0,43,43,9148,0,0,0,0,0,0,0,0,0
202306,999,41660,C,San Angelo  TX ,20,20,5729,0,0,0,0,0,0,0,0,0,20,20,5729,0,0,0,0,0,0,0,0,0
202306,999,41740,C,San Diego-Chula Vista-Carlsbad  CA ,189,189,55816,4,8,902,2,8,1638,10,158,27032,182,182,52715,4,8,902,2,8,1638,10,158,27032
202306,999,42020,C,San Luis Obispo-Paso Robles  CA ,68,68,18352,1,2,281,0,0,0,2,49,12718,60,60,16528,0,0,0,0,0,0,1,36,10900
202306,999,42200,C,Santa Maria-Santa Barbara  CA ,32,32,7218,0,0,0,0,0,0,3,45,5170,13,13,3640,0,0,0,0,0,0,0,0,0
202306,999,42540,C,Scranton--Wilkes-Barre  PA ,44,44,13464,3,6,1370,1,4,900,1,5,684,6,6,2791,3,6,1370,1,4,900,0,0,0
202306,999,42700,C,Sebring-Avon Park  FL ,54,54,12538,5,10,1386,0,0,0,0,0,0,54,54,12538,5,10,1386,0,0,0,0,0,0
202306,999,43100,C,Sheboygan  WI ,34,34,8687,1,2,400,0,0,0,1,83,10890,29,29,6761,1,2,400,0,0,0,1,83,10890
202306,999,43420,C,Sierra Vista-Douglas  AZ ,64,64,11840,0,0,0,0,0,0,0,0,0,53,53,9063,0,0,0,0,0,0,0,0,0
202306,999,43580,C,Sioux City  IA-NE-SD ,21,21,5963,0,0,0,1,3,0,0,0,0,7,7,2294,0,0,0,0,0,0,0,0,0
202306,999,43620,C,Sioux Falls  SD ,130,130,20339,0,0,0,7,27,3249,3,186,36365,102,102,13020,0,0,0,4,16,2370,1,176,35000
202306,999,44140,C,Springfield  MA ,47,47,20078,0,0,0,0,0,0,2,12,1509,20,20,7751,0,0,0,0,0,0,0,0,0
202306,999,44180,C,Springfield  MO ,98,98,30210,6,12,1676,1,3,188,0,0,0,60,60,18182,5,10,1398,0,0,0,0,0,0
202306,999,44940,C,Sumter  SC ,38,38,7034,3,6,572,0,0,0,0,0,0,0,0,0,0,0,0,0,0,0,0,0,0
202306,999,45220,C,Tallahassee  FL ,120,120,27354,1,2,222,0,0,0,3,97,12638,39,39,11083,0,0,0,0,0,0,0,0,0
202306,999,45300,C,Tampa-St. Petersburg-Clearwater  FL ,1316,1316,367821,7,14,2307,1,3,800,7,615,257799,684,684,217839,6,12,1861,1,3,800,4,600,253665
202306,999,45460,C,Terre Haute  IN ,12,12,2058,2,4,640,0,0,0,0,0,0,6,6,1180,2,4,640,0,0,0,0,0,0
202306,999,45500,C,Texarkana  TX-AR ,9,9,2579,0,0,0,0,0,0,0,0,0,3,3,1125,0,0,0,0,0,0,0,0,0
202306,999,45820,C,Topeka  KS ,26,26,7079,0,0,0,0,0,0,0,0,0,25,25,6699,0,0,0,0,0,0,0,0,0
202306,999,46220,C,Tuscaloosa  AL ,52,52,15730,1,2,417,2,6,915,1,16,2461,15,15,4842,0,0,0,0,0,0,0,0,0
202306,999,46300,C,Twin Falls  ID ,31,31,8520,2,4,914,0,0,0,0,0,0,31,31,8520,2,4,914,0,0,0,0,0,0
202306,999,46520,C,Urban Honolulu  HI ,63,63,23183,8,16,2550,0,0,0,4,117,41522,0,0,0,0,0,0,0,0,0,0,0,0
202306,999,46540,C,Utica-Rome  NY ,27,27,7698,0,0,0,0,0,0,1,5,781,5,5,3657,0,0,0,0,0,0,0,0,0
202306,999,46660,C,Valdosta  GA ,145,145,28555,1,2,133,0,0,0,0,0,0,77,77,16920,0,0,0,0,0,0,0,0,0
202306,999,47300,C,Visalia  CA ,137,137,45733,2,4,470,0,0,0,7,57,8870,137,137,45733,2,4,470,0,0,0,7,57,8870
202306,999,47380,C,Waco  TX ,70,70,18560,1,2,230,0,0,0,1,5,514,54,54,13973,1,2,230,0,0,0,0,0,0
202306,999,47940,C,Waterloo-Cedar Falls  IA ,34,34,9779,2,4,446,0,0,0,0,0,0,30,30,8406,1,2,200,0,0,0,0,0,0
202306,999,48060,C,Watertown-Fort Drum  NY ,15,15,2300,0,0,0,0,0,0,0,0,0,1,1,147,0,0,0,0,0,0,0,0,0
202306,999,48300,C,Wenatchee  WA ,64,64,19453,2,4,1054,1,3,1000,0,0,0,31,31,12154,1,2,663,1,3,1000,0,0,0
202306,999,48540,C,Wheeling  WV-OH ,0,0,0,0,0,0,0,0,0,0,0,0,0,0,0,0,0,0,0,0,0,0,0,0
202306,999,48660,C,Wichita Falls  TX ,24,24,6615,0,0,0,2,6,700,1,13,1421,10,10,2864,0,0,0,2,6,700,0,0,0
202306,999,48900,C,Wilmington  NC ,220,220,64365,31,62,5434,1,3,771,3,104,13501,95,95,21782,28,56,4190,0,0,0,0,0,0
202306,999,49420,C,Yakima  WA ,45,45,13414,3,6,1287,3,12,1891,0,0,0,38,38,11756,3,6,1287,3,12,1891,0,0,0
202306,999,49740,C,Yuma  AZ ,55,55,8903,0,0,0,0,0,0,0,0,0,51,51,8296,0,0,0,0,0,0,0,0,0
