Survey,CSA,CBSA,MONCOV,CBSA,,1-unit,,,2-units,,,3-4 units,,,5+ units,,,1-unit rep,,,2-units rep,,,3-4 units rep,,,5+ units rep
Date,Code,Code,,Name,Bldgs,Units,Value,Bldgs,Units,Value,Bldgs,Units,Value,Bldgs,Units,Value,Bldgs,Units,Value,Bldgs,Units,Value,      Bldgs,Units,Value,Bldgs,Units,Value
 
202311,104,10580,C,Albany-Schenectady-Troy  NY ,93,93,32146,2,4,900,0,0,0,3,60,9666,68,68,23594,1,2,600,0,0,0,3,60,9666
202311,104,24020,C,Glens Falls  NY ,16,16,4399,0,0,0,0,0,0,0,0,0,16,16,4399,0,0,0,0,0,0,0,0,0
202311,106,10740,C,Albuquerque  NM ,210,210,41260,0,0,0,0,0,0,2,143,19025,156,156,31121,0,0,0,0,0,0,1,66,11200
202311,106,42140,C,Santa Fe  NM ,15,15,4752,0,0,0,0,0,0,34,662,110000,15,15,4752,0,0,0,0,0,0,34,662,110000
202311,107,11020,C,Altoona  PA ,3,3,824,0,0,0,0,0,0,0,0,0,0,0,0,0,0,0,0,0,0,0,0,0
202311,108,11100,C,Amarillo  TX ,57,57,17871,0,0,0,0,0,0,0,0,0,53,53,16846,0,0,0,0,0,0,0,0,0
202311,118,11540,C,Appleton  WI ,34,34,12577,3,6,1181,0,0,0,0,0,0,30,30,11287,2,4,840,0,0,0,0,0,0
202311,118,36780,C,Oshkosh-Neenah  WI ,10,10,3330,0,0,0,0,0,0,5,60,5661,9,9,3019,0,0,0,0,0,0,5,60,5661
202311,120,11700,C,Asheville  NC ,225,225,90277,0,0,0,0,0,0,8,79,8660,130,130,60996,0,0,0,0,0,0,6,60,4846
202311,122,12020,C,Athens-Clarke County  GA ,41,41,13132,0,0,0,0,0,0,0,0,0,15,15,6221,0,0,0,0,0,0,0,0,0
202311,122,12060,C,Atlanta-Sandy Springs-Alpharetta  GA ,1817,1817,503884,5,10,2561,9,31,4282,51,699,95640,1577,1577,438677,4,8,2114,7,25,3090,47,628,84453
202311,122,23580,C,Gainesville  GA ,78,78,18808,0,0,0,0,0,0,0,0,0,1,1,439,0,0,0,0,0,0,0,0,0
202311,122,40660,C,Rome  GA ,33,33,4383,0,0,0,0,0,0,0,0,0,33,33,4383,0,0,0,0,0,0,0,0,0
202311,140,13460,C,Bend  OR ,85,85,29196,3,6,1255,1,4,1395,8,102,20580,39,39,15101,1,2,380,1,4,1395,7,56,15326
202311,142,13820,C,Birmingham-Hoover  AL ,188,188,63121,0,0,0,0,0,0,0,0,0,133,133,46187,0,0,0,0,0,0,0,0,0
202311,144,14020,C,Bloomington  IN ,19,19,6065,2,4,1135,0,0,0,0,0,0,9,9,3281,2,4,1135,0,0,0,0,0,0
202311,145,14010,C,Bloomington  IL ,10,10,2119,0,0,0,0,0,0,0,0,0,7,7,1472,0,0,0,0,0,0,0,0,0
202311,146,14100,C,Bloomsburg-Berwick  PA ,6,6,1601,0,0,0,0,0,0,0,0,0,3,3,745,0,0,0,0,0,0,0,0,0
202311,147,14260,C,Boise City  ID ,506,506,155863,3,6,1140,4,15,1673,17,378,41074,434,434,134079,1,2,467,0,0,0,15,323,33725
202311,148,12700,C,Barnstable Town  MA ,34,34,27054,1,2,190,0,0,0,0,0,0,29,29,24891,0,0,0,0,0,0,0,0,0
202311,148,14460,C,Boston-Cambridge-Newton  MA-NH ,266,266,113909,12,24,5970,3,9,2040,13,203,76316,160,160,75947,4,8,2002,0,0,0,5,153,67150
202311,148,31700,C,Manchester-Nashua  NH ,40,40,13688,1,2,269,0,0,0,1,42,6766,20,20,8283,0,0,0,0,0,0,1,42,6766
202311,148,39300,C,Providence-Warwick  RI-MA ,110,110,31714,3,6,964,2,6,1095,1,5,730,54,54,16003,1,2,350,1,3,570,1,5,730
202311,148,49340,C,Worcester  MA-CT ,93,93,29081,5,10,1591,1,4,500,1,12,1513,52,52,17756,4,8,1337,1,4,500,1,12,1513
202311,150,14540,C,Bowling Green  KY ,98,98,21924,0,0,0,0,0,0,0,0,0,98,98,21924,0,0,0,0,0,0,0,0,0
202311,154,15180,C,Brownsville-Harlingen  TX ,119,119,25576,2,4,475,1,3,451,2,20,2575,30,30,4398,0,0,0,0,0,0,0,0,0
202311,160,15380,C,Buffalo-Cheektowaga  NY ,59,59,23438,1,2,363,0,0,0,1,6,1345,48,48,20876,1,2,363,0,0,0,0,0,0
202311,162,15540,C,Burlington-South Burlington  VT ,24,24,7633,1,2,341,1,3,875,0,0,0,13,13,4467,0,0,0,1,3,875,0,0,0
202311,163,15980,C,Cape Coral-Fort Myers  FL ,975,975,201355,4,8,1235,0,0,0,11,109,11572,703,703,127684,0,0,0,0,0,0,10,74,8951
202311,163,34940,C,Naples-Marco Island  FL ,181,181,88477,0,0,0,1,4,457,4,59,8100,171,171,58401,0,0,0,1,4,457,3,54,5700
202311,164,16020,C,Cape Girardeau  MO-IL ,7,7,2119,0,0,0,0,0,0,0,0,0,0,0,0,0,0,0,0,0,0,0,0,0
202311,168,16300,C,Cedar Rapids  IA ,35,35,7916,4,8,1339,0,0,0,2,20,2600,33,33,7394,2,4,374,0,0,0,2,20,2600
202311,168,26980,C,Iowa City  IA ,55,55,15875,0,0,0,0,0,0,0,0,0,53,53,15342,0,0,0,0,0,0,0,0,0
202311,170,16620,C,Charleston  WV ,10,10,1330,0,0,0,0,0,0,0,0,0,9,9,1151,0,0,0,0,0,0,0,0,0
202311,170,26580,C,Huntington-Ashland  WV-KY-OH ,17,17,3404,0,0,0,0,0,0,0,0,0,0,0,0,0,0,0,0,0,0,0,0,0
202311,172,16740,C,Charlotte-Concord-Gastonia  NC-SC ,1393,1393,399605,2,4,1013,0,0,0,11,485,79066,1276,1276,367454,2,4,1013,0,0,0,10,474,77817
202311,174,16860,C,Chattanooga  TN-GA ,160,160,35227,4,8,931,4,15,1170,2,29,2898,115,115,25269,1,2,500,4,15,1170,0,0,0
202311,174,17420,C,Cleveland  TN ,70,70,17776,0,0,0,1,4,576,0,0,0,55,55,15059,0,0,0,1,4,576,0,0,0
202311,174,19140,C,Dalton  GA ,28,28,5295,2,4,265,1,3,339,0,0,0,0,0,0,0,0,0,0,0,0,0,0,0
202311,176,16980,C,Chicago-Naperville-Elgin  IL-IN-WI ,791,791,272890,6,12,3713,9,29,7632,16,155,36306,679,679,237467,5,10,3333,8,26,7199,9,119,29454
202311,176,28100,C,Kankakee  IL ,3,3,957,0,0,0,0,0,0,0,0,0,1,1,457,0,0,0,0,0,0,0,0,0
202311,176,33140,C,Michigan City-La Porte  IN ,8,8,2254,0,0,0,0,0,0,1,12,1520,0,0,0,0,0,0,0,0,0,0,0,0
202311,178,17140,C,Cincinnati  OH-KY-IN ,314,314,111003,10,20,2887,1,4,650,2,10,1019,251,251,94177,7,14,2201,1,4,650,0,0,0
202311,184,10420,C,Akron  OH ,59,59,24389,0,0,0,0,0,0,1,5,67,53,53,21758,0,0,0,0,0,0,0,0,0
202311,184,15940,C,Canton-Massillon  OH ,29,29,12602,0,0,0,2,6,679,1,6,461,26,26,12252,0,0,0,1,3,525,0,0,0
202311,184,17460,C,Cleveland-Elyria  OH ,195,195,73049,1,2,537,8,28,3446,15,107,12130,134,134,54372,0,0,0,8,28,3446,14,84,10268
202311,190,17860,C,Columbia  MO ,57,57,22948,1,2,750,0,0,0,0,0,0,57,57,22948,0,0,0,0,0,0,0,0,0
202311,192,17900,C,Columbia  SC ,319,319,85647,0,0,0,5,17,2458,0,0,0,218,218,64938,0,0,0,5,17,2458,0,0,0
202311,194,12220,C,Auburn-Opelika  AL ,113,113,31783,1,2,355,1,3,2000,1,8,1089,86,86,25262,0,0,0,1,3,2000,0,0,0
202311,194,17980,C,Columbus  GA-AL ,38,38,9410,1,2,375,0,0,0,1,37,7312,21,21,4900,0,0,0,0,0,0,0,0,0
202311,198,18140,C,Columbus  OH ,426,426,165153,5,10,1380,9,36,2661,29,581,27485,356,356,139190,5,10,1380,9,36,2661,29,581,27485
202311,204,18580,C,Corpus Christi  TX ,136,136,32136,0,0,0,0,0,0,0,0,0,10,10,2119,0,0,0,0,0,0,0,0,0
202311,206,19100,C,Dallas-Fort Worth-Arlington  TX ,3355,3355,1003481,6,12,1612,17,62,8906,29,1717,201970,2757,2757,840776,5,10,1426,3,9,1287,25,1636,189298
202311,206,43300,C,Sherman-Denison  TX ,149,149,41126,3,6,781,0,0,0,0,0,0,67,67,19475,0,0,0,0,0,0,0,0,0
202311,209,19340,C,Davenport-Moline-Rock Island  IA-IL ,34,34,10692,1,2,325,1,4,774,0,0,0,17,17,5109,0,0,0,0,0,0,0,0,0
202311,212,19430,C,Dayton-Kettering  OH ,81,81,38112,0,0,0,1,3,548,4,45,7424,31,31,19750,0,0,0,0,0,0,1,14,4140
202311,212,44220,C,Springfield  OH ,6,6,2131,0,0,0,0,0,0,1,40,2608,6,6,2131,0,0,0,0,0,0,1,40,2608
202311,216,14500,C,Boulder  CO ,36,36,24161,0,0,0,2,6,1581,3,32,7567,32,32,21422,0,0,0,2,6,1581,2,10,1830
202311,216,19740,C,Denver-Aurora-Lakewood  CO ,766,766,276282,9,18,4704,1,4,875,26,1273,203573,694,694,251493,9,18,4704,1,4,875,23,1218,194821
202311,216,24540,C,Greeley  CO ,215,215,62949,3,6,819,3,9,1534,14,412,64395,86,86,26511,0,0,0,2,6,1077,6,192,32566
202311,218,11180,C,Ames  IA ,13,13,5136,0,0,0,0,0,0,0,0,0,9,9,3909,0,0,0,0,0,0,0,0,0
202311,218,19780,C,Des Moines-West Des Moines  IA ,416,416,158313,1,2,580,4,15,4258,0,0,0,403,403,153172,1,2,580,3,12,3375,0,0,0
202311,220,11460,C,Ann Arbor  MI ,38,38,19688,0,0,0,0,0,0,0,0,0,28,28,16650,0,0,0,0,0,0,0,0,0
202311,220,19820,C,Detroit-Warren-Dearborn  MI ,267,267,150126,3,6,1306,14,52,11792,27,299,34265,198,198,83165,3,6,1306,12,45,10924,27,299,34265
202311,220,22420,C,Flint  MI ,16,16,5665,0,0,0,0,0,0,0,0,0,6,6,2963,0,0,0,0,0,0,0,0,0
202311,220,33780,C,Monroe  MI ,16,16,4222,0,0,0,0,0,0,1,5,345,12,12,3315,0,0,0,0,0,0,0,0,0
202311,222,20020,C,Dothan  AL ,34,34,8886,0,0,0,0,0,0,0,0,0,4,4,1232,0,0,0,0,0,0,0,0,0
202311,232,20740,C,Eau Claire  WI ,24,24,8925,0,0,0,0,0,0,2,64,9400,21,21,7942,0,0,0,0,0,0,2,64,9400
202311,236,21300,C,Elmira  NY ,3,3,438,0,0,0,0,0,0,0,0,0,1,1,85,0,0,0,0,0,0,0,0,0
202311,238,21340,C,El Paso  TX ,135,135,31502,2,4,517,1,3,395,1,11,1298,4,4,944,0,0,0,0,0,0,0,0,0
202311,238,29740,C,Las Cruces  NM ,85,85,22163,0,0,0,1,4,100,0,0,0,77,77,20384,0,0,0,1,4,100,0,0,0
202311,240,21500,C,Erie  PA ,8,8,3492,0,0,0,0,0,0,0,0,0,4,4,2494,0,0,0,0,0,0,0,0,0
202311,244,22020,C,Fargo  ND-MN ,23,23,14602,0,0,0,0,0,0,1,105,10038,20,20,13407,0,0,0,0,0,0,1,105,10038
202311,246,22180,C,Fayetteville  NC ,194,194,43788,3,6,1035,0,0,0,0,0,0,144,144,36920,3,6,1035,0,0,0,0,0,0
202311,258,23060,C,Fort Wayne  IN ,98,98,33426,0,0,0,0,0,0,16,390,57936,98,98,33426,0,0,0,0,0,0,16,390,57936
202311,260,23420,C,Fresno  CA ,125,125,40035,0,0,0,0,0,0,4,32,4715,68,68,19859,0,0,0,0,0,0,0,0,0
202311,260,25260,C,Hanford-Corcoran  CA ,26,26,8062,0,0,0,1,3,767,0,0,0,0,0,0,0,0,0,0,0,0,0,0,0
202311,260,31460,C,Madera  CA ,40,40,12121,0,0,0,0,0,0,0,0,0,40,40,12121,0,0,0,0,0,0,0,0,0
202311,264,23540,C,Gainesville  FL ,85,85,23565,0,0,0,0,0,0,3,78,10045,19,19,5950,0,0,0,0,0,0,0,0,0
202311,266,24340,C,Grand Rapids-Kentwood  MI ,167,167,55695,4,8,1688,1,3,900,4,69,11593,127,127,41877,1,2,560,1,3,900,1,19,4000
202311,266,34740,C,Muskegon  MI ,28,28,6869,1,2,288,0,0,0,0,0,0,19,19,4664,0,0,0,0,0,0,0,0,0
202311,267,24580,C,Green Bay  WI ,31,31,11596,6,12,2051,0,0,0,0,0,0,23,23,8862,0,0,0,0,0,0,0,0,0
202311,268,15500,C,Burlington  NC ,167,167,26915,2,4,185,0,0,0,2,60,4600,167,167,26915,2,4,185,0,0,0,2,60,4600
202311,268,24660,C,Greensboro-High Point  NC ,213,213,51053,1,2,383,0,0,0,0,0,0,197,197,46074,1,2,383,0,0,0,0,0,0
202311,268,49180,C,Winston-Salem  NC ,288,288,87362,2,4,1052,0,0,0,1,5,197,247,247,77197,2,4,1052,0,0,0,0,0,0
202311,272,24780,C,Greenville  NC ,68,68,15381,0,0,0,0,0,0,1,72,8373,65,65,14777,0,0,0,0,0,0,1,72,8373
202311,273,24860,C,Greenville-Anderson  SC ,531,531,184080,5,10,726,0,0,0,2,96,14655,528,528,183414,5,10,726,0,0,0,2,96,14655
202311,273,43900,C,Spartanburg  SC ,209,209,39767,0,0,0,0,0,0,0,0,0,25,25,7810,0,0,0,0,0,0,0,0,0
202311,276,23900,C,Gettysburg  PA ,23,23,6900,0,0,0,0,0,0,0,0,0,23,23,6900,0,0,0,0,0,0,0,0,0
202311,276,25420,C,Harrisburg-Carlisle  PA ,89,89,24545,0,0,0,1,3,237,5,46,5108,49,49,16354,0,0,0,0,0,0,3,36,4356
202311,276,30140,C,Lebanon  PA ,12,12,1887,0,0,0,0,0,0,0,0,0,11,11,1588,0,0,0,0,0,0,0,0,0
202311,276,49620,C,York-Hanover  PA ,77,77,20102,1,2,144,0,0,0,1,5,375,32,32,7566,0,0,0,0,0,0,0,0,0
202311,277,25500,C,Harrisonburg  VA ,44,44,12334,1,2,284,0,0,0,0,0,0,44,44,12334,1,2,284,0,0,0,0,0,0
202311,277,44420,C,Staunton  VA ,29,29,7788,0,0,0,0,0,0,1,23,2900,29,29,7788,0,0,0,0,0,0,1,23,2900
202311,278,25540,C,Hartford-East Hartford-Middletown  CT ,58,58,17087,2,4,513,2,8,1752,4,27,3039,41,41,12339,1,2,302,2,8,1752,0,0,0
202311,278,35980,C,Norwich-New London  CT ,19,19,6008,0,0,0,0,0,0,0,0,0,14,14,4676,0,0,0,0,0,0,0,0,0
202311,279,25620,C,Hattiesburg  MS ,9,9,1481,0,0,0,0,0,0,0,0,0,0,0,0,0,0,0,0,0,0,0,0,0
202311,284,26300,C,Hot Springs  AR ,6,6,2757,0,0,0,0,0,0,0,0,0,6,6,2757,0,0,0,0,0,0,0,0,0
202311,288,26420,C,Houston-The Woodlands-Sugar Land  TX ,3476,3476,988485,38,76,10810,8,32,2612,6,471,44583,3247,3247,924242,38,76,10810,8,32,2612,3,455,43257
202311,290,19460,C,Decatur  AL ,16,16,4512,0,0,0,0,0,0,0,0,0,4,4,1155,0,0,0,0,0,0,0,0,0
202311,290,26620,C,Huntsville  AL ,344,344,70628,0,0,0,0,0,0,4,38,5762,227,227,42099,0,0,0,0,0,0,4,38,5762
202311,292,26820,C,Idaho Falls  ID ,51,51,13695,0,0,0,0,0,0,2,126,20637,48,48,13176,0,0,0,0,0,0,2,126,20637
202311,294,18020,C,Columbus  IN ,12,12,3920,0,0,0,0,0,0,0,0,0,12,12,3920,0,0,0,0,0,0,0,0,0
202311,294,26900,C,Indianapolis-Carmel-Anderson  IN ,537,537,213299,10,20,4307,6,20,4200,16,392,75655,476,476,197867,10,20,4307,6,20,4200,15,381,73083
202311,294,34620,C,Muncie  IN ,10,10,1766,0,0,0,0,0,0,0,0,0,7,7,877,0,0,0,0,0,0,0,0,0
202311,296,27060,C,Ithaca  NY ,11,11,3308,0,0,0,0,0,0,0,0,0,3,3,710,0,0,0,0,0,0,0,0,0
202311,297,27180,C,Jackson  TN ,32,32,7579,0,0,0,0,0,0,0,0,0,8,8,2072,0,0,0,0,0,0,0,0,0
202311,298,27140,C,Jackson  MS ,107,107,26818,0,0,0,0,0,0,0,0,0,83,83,19699,0,0,0,0,0,0,0,0,0
202311,300,27260,C,Jacksonville  FL ,778,778,200323,0,0,0,0,0,0,8,320,41115,773,773,198007,0,0,0,0,0,0,8,320,41115
202311,304,27740,C,Johnson City  TN ,55,55,19278,13,26,1274,0,0,0,3,161,29049,40,40,16869,13,26,1274,0,0,0,3,161,29049
202311,304,28700,C,Kingsport-Bristol  TN-VA ,50,50,14386,0,0,0,1,3,346,0,0,0,36,36,12582,0,0,0,0,0,0,0,0,0
202311,306,27780,C,Johnstown  PA ,5,5,1152,0,0,0,0,0,0,0,0,0,0,0,0,0,0,0,0,0,0,0,0,0
202311,308,27860,C,Jonesboro  AR ,43,43,6674,3,6,452,4,14,725,1,5,284,2,2,571,0,0,0,0,0,0,0,0,0
202311,309,27900,C,Joplin  MO ,32,32,6986,3,6,976,0,0,0,2,25,3356,12,12,2902,0,0,0,0,0,0,0,0,0
202311,310,12980,C,Battle Creek  MI ,6,6,848,0,0,0,0,0,0,0,0,0,0,0,0,0,0,0,0,0,0,0,0,0
202311,310,28020,C,Kalamazoo-Portage  MI ,19,19,7667,0,0,0,0,0,0,0,0,0,8,8,2053,0,0,0,0,0,0,0,0,0
202311,312,28140,C,Kansas City  MO-KS ,374,374,130245,8,16,3429,6,23,4206,6,546,95084,339,339,119595,7,14,3159,6,23,4206,6,546,95084
202311,312,29940,C,Lawrence  KS ,8,8,3801,2,4,869,0,0,0,1,12,1500,8,8,3801,2,4,869,0,0,0,1,12,1500
202311,312,41140,C,St. Joseph  MO-KS ,5,5,1245,0,0,0,0,0,0,2,12,1100,0,0,0,0,0,0,0,0,0,2,12,1100
202311,313,28420,C,Kennewick-Richland  WA ,82,82,29603,0,0,0,0,0,0,1,17,1892,50,50,19737,0,0,0,0,0,0,0,0,0
202311,313,47460,C,Walla Walla  WA ,6,6,2689,2,4,328,0,0,0,0,0,0,4,4,2247,2,4,328,0,0,0,0,0,0
202311,315,28940,C,Knoxville  TN ,338,338,93524,0,0,0,0,0,0,12,304,44988,305,305,85894,0,0,0,0,0,0,10,288,43709
202311,315,34100,C,Morristown  TN ,52,52,16123,2,4,400,0,0,0,0,0,0,23,23,7428,2,4,400,0,0,0,0,0,0
202311,316,29020,C,Kokomo  IN ,16,16,4899,11,22,5606,0,0,0,0,0,0,14,14,4288,11,22,5606,0,0,0,0,0,0
202311,318,29180,C,Lafayette  LA ,127,127,33429,0,0,0,0,0,0,0,0,0,91,91,25137,0,0,0,0,0,0,0,0,0
202311,320,29200,C,Lafayette-West Lafayette  IN ,35,35,12406,0,0,0,0,0,0,1,34,3820,32,32,11562,0,0,0,0,0,0,0,0,0
202311,324,29340,C,Lake Charles  LA ,26,26,6055,0,0,0,0,0,0,0,0,0,25,25,5855,0,0,0,0,0,0,0,0,0
202311,332,29820,C,Las Vegas-Henderson-Paradise  NV ,884,884,264130,0,0,0,2,6,1189,4,46,6091,882,882,263231,0,0,0,2,6,1189,4,46,6091
202311,336,30460,C,Lexington-Fayette  KY ,115,115,28856,0,0,0,0,0,0,7,172,15418,59,59,16229,0,0,0,0,0,0,5,120,10250
202311,338,30620,C,Lima  OH ,6,6,1643,0,0,0,0,0,0,0,0,0,1,1,110,0,0,0,0,0,0,0,0,0
202311,339,30700,C,Lincoln  NE ,69,69,21275,0,0,0,0,0,0,1,6,2000,66,66,20224,0,0,0,0,0,0,1,6,2000
202311,340,30780,C,Little Rock-North Little Rock-Conway  AR ,118,118,34680,4,8,456,10,40,4478,24,353,38868,114,114,34050,4,8,456,10,40,4478,24,353,38868
202311,340,38220,C,Pine Bluff  AR ,5,5,915,0,0,0,0,0,0,0,0,0,4,4,767,0,0,0,0,0,0,0,0,0
202311,348,31080,C,Los Angeles-Long Beach-Anaheim  CA ,1014,1014,321265,80,160,39963,19,62,33024,41,1365,207252,822,822,272472,75,150,37753,16,53,31065,29,1214,181816
202311,348,37100,C,Oxnard-Thousand Oaks-Ventura  CA ,32,32,10569,0,0,0,3,10,1482,13,127,13825,12,12,3012,0,0,0,2,7,1008,10,90,9876
202311,348,40140,C,Riverside-San Bernardino-Ontario  CA ,858,858,261448,6,12,1460,9,31,5859,22,317,69625,509,509,165645,1,2,363,8,28,5386,15,249,59892
202311,350,21060,C,Elizabethtown-Fort Knox  KY ,37,37,8743,5,10,1800,0,0,0,0,0,0,37,37,8743,5,10,1800,0,0,0,0,0,0
202311,350,31140,C,Louisville-Jefferson County  KY-IN ,186,186,52244,8,16,1654,0,0,0,14,292,25167,175,175,49153,8,16,1654,0,0,0,13,285,24117
202311,352,31180,C,Lubbock  TX ,111,111,29344,2,4,667,1,3,434,0,0,0,89,89,23121,1,2,310,0,0,0,0,0,0
202311,356,31420,C,Macon-Bibb County  GA ,43,43,10870,0,0,0,0,0,0,0,0,0,11,11,2250,0,0,0,0,0,0,0,0,0
202311,356,47580,C,Warner Robins  GA ,78,78,15474,0,0,0,0,0,0,0,0,0,55,55,10635,0,0,0,0,0,0,0,0,0
202311,357,27500,C,Janesville-Beloit  WI ,15,15,4823,1,2,500,0,0,0,0,0,0,8,8,2703,1,2,500,0,0,0,0,0,0
202311,357,31540,C,Madison  WI ,122,122,57277,10,20,4893,2,7,12000,2,248,34944,111,111,53615,8,16,3843,2,7,12000,2,248,34944
202311,359,31860,C,Mankato  MN ,6,6,2000,0,0,0,0,0,0,1,6,866,2,2,702,0,0,0,0,0,0,0,0,0
202311,360,31900,C,Mansfield  OH ,9,9,3669,1,2,244,0,0,0,0,0,0,7,7,3031,0,0,0,0,0,0,0,0,0
202311,365,32580,C,McAllen-Edinburg-Mission  TX ,288,288,69873,14,28,1950,12,48,4439,15,77,9659,237,237,60227,6,12,480,9,36,2636,15,77,9659
202311,366,24420,C,Grants Pass  OR ,19,19,4260,1,2,283,0,0,0,1,5,483,0,0,0,0,0,0,0,0,0,0,0,0
202311,366,32780,C,Medford  OR ,55,55,19544,0,0,0,1,3,192,1,5,565,49,49,18472,0,0,0,0,0,0,0,0,0
202311,368,32820,C,Memphis  TN-MS-AR ,229,229,61311,0,0,0,0,0,0,0,0,0,195,195,54279,0,0,0,0,0,0,0,0,0
202311,370,33100,C,Miami-Fort Lauderdale-Pompano Beach  FL ,473,473,202896,18,36,8355,4,15,4716,44,436,117159,382,382,147902,18,36,8355,3,12,3570,35,350,102218
202311,370,38940,C,Port St. Lucie  FL ,368,368,110270,0,0,0,0,0,0,0,0,0,368,368,110270,0,0,0,0,0,0,0,0,0
202311,370,42680,C,Sebastian-Vero Beach  FL ,74,74,35519,0,0,0,0,0,0,0,0,0,11,11,6399,0,0,0,0,0,0,0,0,0
202311,372,33260,C,Midland  TX ,78,78,24238,0,0,0,0,0,0,0,0,0,78,78,24238,0,0,0,0,0,0,0,0,0
202311,372,36220,C,Odessa  TX ,63,63,16142,0,0,0,0,0,0,0,0,0,0,0,0,0,0,0,0,0,0,0,0,0
202311,376,33340,C,Milwaukee-Waukesha  WI ,127,127,57468,11,22,5441,0,0,0,7,41,8964,102,102,48583,9,18,4666,0,0,0,6,36,7833
202311,376,39540,C,Racine  WI ,11,11,4824,1,2,342,0,0,0,0,0,0,10,10,4512,0,0,0,0,0,0,0,0,0
202311,378,33460,C,Minneapolis-St. Paul-Bloomington  MN-WI ,604,604,239088,6,12,2518,3,11,1764,20,457,90031,517,517,208551,5,10,2118,2,8,952,7,344,69417
202311,378,41060,C,St. Cloud  MN ,27,27,8092,0,0,0,0,0,0,1,16,2435,15,15,5074,0,0,0,0,0,0,0,0,0
202311,380,19300,C,Daphne-Fairhope-Foley  AL ,236,236,72180,2,4,550,0,0,0,0,0,0,163,163,54047,2,4,550,0,0,0,0,0,0
202311,380,33660,C,Mobile  AL ,50,50,12634,0,0,0,0,0,0,0,0,0,45,45,11699,0,0,0,0,0,0,0,0,0
202311,384,33740,C,Monroe  LA ,24,24,5864,1,2,279,0,0,0,0,0,0,2,2,305,0,0,0,0,0,0,0,0,0
202311,388,33860,C,Montgomery  AL ,45,45,9800,0,0,0,0,0,0,1,56,12320,45,45,9800,0,0,0,0,0,0,1,56,12320
202311,390,34060,C,Morgantown  WV ,1,1,71,0,0,0,0,0,0,0,0,0,1,1,71,0,0,0,0,0,0,0,0,0
202311,396,34820,C,Myrtle Beach-Conway-North Myrtle Beach  SC-NC ,875,875,209682,1,2,198,0,0,0,1,5,250,262,262,71847,0,0,0,0,0,0,0,0,0
202311,400,34980,C,Nashville-Davidson--Murfreesboro--Franklin  TN ,961,961,318864,0,0,0,1,3,225,11,622,76267,835,835,285708,0,0,0,0,0,0,9,604,73338
202311,404,35100,C,New Bern  NC ,40,40,10646,0,0,0,0,0,0,0,0,0,29,29,7667,0,0,0,0,0,0,0,0,0
202311,406,25220,C,Hammond  LA ,56,56,9425,0,0,0,0,0,0,1,26,2423,51,51,8549,0,0,0,0,0,0,0,0,0
202311,406,35380,C,New Orleans-Metairie  LA ,179,179,53908,12,24,3186,0,0,0,1,5,1566,95,95,26481,2,4,460,0,0,0,0,0,0
202311,408,14860,C,Bridgeport-Stamford-Norwalk  CT ,35,35,33686,3,6,1730,0,0,0,2,13,8265,23,23,17711,2,4,1540,0,0,0,1,8,1536
202311,408,20700,C,East Stroudsburg  PA ,14,14,4060,0,0,0,0,0,0,0,0,0,11,11,3164,0,0,0,0,0,0,0,0,0
202311,408,28740,C,Kingston  NY ,14,14,4548,0,0,0,0,0,0,0,0,0,7,7,2694,0,0,0,0,0,0,0,0,0
202311,408,35300,C,New Haven-Milford  CT ,25,25,7208,3,6,470,6,24,3708,3,17,1341,3,3,740,2,4,260,6,24,3708,2,12,1020
202311,408,35620,C,New York-Newark-Jersey City  NY-NJ-PA ,870,870,304837,105,210,14172,17,55,6509,59,968,148410,554,554,207821,84,168,9465,7,24,4337,14,543,77641
202311,408,39100,C,Poughkeepsie-Newburgh-Middletown  NY ,67,67,22965,0,0,0,1,3,804,8,118,19678,29,29,8346,0,0,0,0,0,0,6,108,18168
202311,408,45940,C,Trenton-Princeton  NJ ,26,26,7620,0,0,0,0,0,0,3,31,1801,24,24,7303,0,0,0,0,0,0,2,25,1394
202311,412,35840,C,North Port-Sarasota-Bradenton  FL ,863,863,265875,13,26,4738,4,16,6665,0,0,0,818,818,252738,2,4,978,4,16,6665,0,0,0
202311,412,39460,C,Punta Gorda  FL ,332,332,96855,1,2,425,0,0,0,2,32,8139,324,324,92787,0,0,0,0,0,0,2,32,8139
202311,416,36420,C,Oklahoma City  OK ,366,366,116571,11,22,2367,0,0,0,0,0,0,104,104,42999,1,2,234,0,0,0,0,0,0
202311,420,36540,C,Omaha-Council Bluffs  NE-IA ,221,221,50360,3,6,1141,1,4,676,8,470,33603,195,195,43122,3,6,1141,1,4,676,7,465,32973
202311,422,19660,C,Deltona-Daytona Beach-Ormond Beach  FL ,357,357,136958,18,36,5434,2,8,939,0,0,0,305,305,120122,18,36,5434,2,8,939,0,0,0
202311,422,29460,C,Lakeland-Winter Haven  FL ,595,595,169414,2,4,300,1,3,793,5,127,23869,533,533,154578,2,4,300,1,3,793,5,127,23869
202311,422,36740,C,Orlando-Kissimmee-Sanford  FL ,1125,1125,339620,1,2,395,0,0,0,20,523,52329,985,985,297417,1,2,395,0,0,0,17,479,48909
202311,422,45540,C,The Villages  FL ,235,235,59999,0,0,0,0,0,0,0,0,0,234,234,59809,0,0,0,0,0,0,0,0,0
202311,425,37620,C,Parkersburg-Vienna  WV ,7,7,1845,0,0,0,0,0,0,0,0,0,6,6,1693,0,0,0,0,0,0,0,0,0
202311,426,37860,C,Pensacola-Ferry Pass-Brent  FL ,220,220,62812,0,0,0,0,0,0,0,0,0,220,220,62812,0,0,0,0,0,0,0,0,0
202311,428,12100,C,Atlantic City-Hammonton  NJ ,27,27,11837,7,14,2137,0,0,0,1,5,623,24,24,11445,7,14,2137,0,0,0,0,0,0
202311,428,20100,C,Dover  DE ,46,46,7421,2,4,679,0,0,0,0,0,0,42,42,6413,2,4,679,0,0,0,0,0,0
202311,428,36140,C,Ocean City  NJ ,58,58,22298,7,14,3711,4,13,2740,0,0,0,54,54,21171,7,14,3711,4,13,2740,0,0,0
202311,428,37980,C,Philadelphia-Camden-Wilmington  PA-NJ-DE-MD ,587,587,139366,11,22,4064,14,49,6384,18,430,63471,288,288,72237,10,20,3464,12,41,5501,11,395,59073
202311,428,39740,C,Reading  PA ,36,36,7876,0,0,0,0,0,0,0,0,0,12,12,1046,0,0,0,0,0,0,0,0,0
202311,428,47220,C,Vineland-Bridgeton  NJ ,8,8,1049,0,0,0,0,0,0,0,0,0,8,8,1049,0,0,0,0,0,0,0,0,0
202311,429,38060,C,Phoenix-Mesa-Chandler  AZ ,2226,2226,615669,54,108,13574,4,12,1822,64,2090,332971,2108,2108,583268,52,104,12954,4,12,1822,62,1950,308503
202311,430,38300,C,Pittsburgh  PA ,264,264,83602,0,0,0,3,10,1625,2,59,6191,148,148,47841,0,0,0,1,4,846,0,0,0
202311,430,48260,C,Weirton-Steubenville  WV-OH ,3,3,618,0,0,0,0,0,0,0,0,0,1,1,250,0,0,0,0,0,0,0,0,0
202311,438,30340,C,Lewiston-Auburn  ME ,16,16,3033,0,0,0,0,0,0,0,0,0,8,8,1082,0,0,0,0,0,0,0,0,0
202311,438,38860,C,Portland-South Portland  ME ,135,135,45667,8,16,3599,1,3,433,3,53,7212,43,43,18649,6,12,2770,0,0,0,1,38,6122
202311,440,10540,C,Albany-Lebanon  OR ,14,14,5423,1,2,459,0,0,0,1,12,1741,13,13,5137,1,2,459,0,0,0,1,12,1741
202311,440,18700,C,Corvallis  OR ,12,12,4048,0,0,0,0,0,0,2,24,3846,12,12,4048,0,0,0,0,0,0,2,24,3846
202311,440,31020,C,Longview  WA ,22,22,6044,0,0,0,0,0,0,1,17,2021,4,4,704,0,0,0,0,0,0,0,0,0
202311,440,38900,C,Portland-Vancouver-Hillsboro  OR-WA ,541,541,206700,3,6,1348,1,3,594,15,418,59514,436,436,142557,3,6,1348,1,3,594,12,365,50233
202311,440,41420,C,Salem  OR ,63,63,16034,5,10,2442,1,4,821,8,117,19414,59,59,14922,5,10,2442,1,4,821,8,117,19414
202311,444,39380,C,Pueblo  CO ,24,24,3923,0,0,0,0,0,0,0,0,0,24,24,3923,0,0,0,0,0,0,0,0,0
202311,450,20500,C,Durham-Chapel Hill  NC ,199,199,74943,2,4,549,0,0,0,5,134,23811,71,71,30497,0,0,0,0,0,0,0,0,0
202311,450,39580,C,Raleigh-Cary  NC ,897,897,258481,5,10,2887,0,0,0,22,752,103033,828,828,242302,5,10,2887,0,0,0,22,752,103033
202311,452,39660,C,Rapid City  SD ,30,30,9598,0,0,0,0,0,0,2,30,2400,30,30,9598,0,0,0,0,0,0,2,30,2400
202311,454,39820,C,Redding  CA ,12,12,3824,0,0,0,0,0,0,0,0,0,2,2,979,0,0,0,0,0,0,0,0,0
202311,456,16180,C,Carson City  NV ,12,12,3167,0,0,0,0,0,0,1,8,799,0,0,0,0,0,0,0,0,0,0,0,0
202311,456,39900,C,Reno  NV ,173,173,48857,8,16,2326,4,16,2539,11,208,26416,43,43,12092,6,12,1908,3,12,2011,0,0,0
202311,462,40340,C,Rochester  MN ,33,33,12061,0,0,0,1,4,900,0,0,0,20,20,8658,0,0,0,1,4,900,0,0,0
202311,464,40380,C,Rochester  NY ,77,77,26868,2,4,814,1,4,706,2,10,1170,44,44,18165,0,0,0,0,0,0,0,0,0
202311,466,40420,C,Rockford  IL ,13,13,4222,0,0,0,0,0,0,0,0,0,12,12,4122,0,0,0,0,0,0,0,0,0
202311,468,40580,C,Rocky Mount  NC ,30,30,4909,0,0,0,0,0,0,0,0,0,7,7,1048,0,0,0,0,0,0,0,0,0
202311,472,40900,C,Sacramento-Roseville-Folsom  CA ,681,681,232868,3,6,662,0,0,0,0,0,0,666,666,228628,3,6,662,0,0,0,0,0,0
202311,472,49700,C,Yuba City  CA ,35,35,12441,0,0,0,0,0,0,0,0,0,28,28,10040,0,0,0,0,0,0,0,0,0
202311,474,13020,C,Bay City  MI ,3,3,832,0,0,0,0,0,0,0,0,0,0,0,0,0,0,0,0,0,0,0,0,0
202311,474,33220,C,Midland  MI ,3,3,835,0,0,0,0,0,0,0,0,0,0,0,0,0,0,0,0,0,0,0,0,0
202311,474,40980,C,Saginaw  MI ,11,11,2476,0,0,0,0,0,0,0,0,0,5,5,984,0,0,0,0,0,0,0,0,0
202311,476,41180,C,St. Louis  MO-IL ,337,337,124193,1,2,160,3,11,1391,12,199,18947,287,287,110940,0,0,0,2,8,1346,5,96,5400
202311,480,41540,C,Salisbury  MD-DE ,372,372,61136,6,12,2108,2,8,903,8,56,7335,372,372,61136,6,12,2108,2,8,903,8,56,7335
202311,482,36260,C,Ogden-Clearfield  UT ,127,127,42233,1,2,300,4,14,2410,8,380,70951,78,78,26928,1,2,300,3,11,1845,6,330,63325
202311,482,39340,C,Provo-Orem  UT ,438,438,136628,1,2,360,1,3,534,13,517,115337,433,433,131572,0,0,0,1,3,534,13,517,115337
202311,482,41620,C,Salt Lake City  UT ,244,244,73224,9,18,3278,6,22,4089,4,413,74389,208,208,67926,9,18,3278,5,19,3465,2,387,69460
202311,484,41700,C,San Antonio-New Braunfels  TX ,674,674,187450,8,16,5137,0,0,0,6,128,15967,584,584,166788,7,14,4882,0,0,0,2,13,3715
202311,488,32900,C,Merced  CA ,40,40,12000,0,0,0,0,0,0,0,0,0,28,28,8411,0,0,0,0,0,0,0,0,0
202311,488,33700,C,Modesto  CA ,89,89,18062,0,0,0,1,3,332,1,6,750,83,83,17351,0,0,0,1,3,332,1,6,750
202311,488,34900,C,Napa  CA ,27,27,9119,0,0,0,0,0,0,0,0,0,26,26,8516,0,0,0,0,0,0,0,0,0
202311,488,41860,C,San Francisco-Oakland-Berkeley  CA ,221,221,94947,4,8,2939,4,14,4200,23,575,183877,165,165,71888,4,8,2939,4,14,4200,19,486,170539
202311,488,41940,C,San Jose-Sunnyvale-Santa Clara  CA ,161,161,61976,0,0,0,0,0,0,9,427,68210,119,119,45764,0,0,0,0,0,0,2,264,40075
202311,488,42100,C,Santa Cruz-Watsonville  CA ,19,19,4314,1,2,950,0,0,0,2,13,1307,6,6,1329,0,0,0,0,0,0,0,0,0
202311,488,42220,C,Santa Rosa-Petaluma  CA ,82,82,21939,0,0,0,0,0,0,17,504,66624,66,66,18659,0,0,0,0,0,0,15,494,64541
202311,488,44700,C,Stockton  CA ,211,211,86156,0,0,0,0,0,0,0,0,0,211,211,86156,0,0,0,0,0,0,0,0,0
202311,488,46700,C,Vallejo  CA ,53,53,16408,0,0,0,0,0,0,0,0,0,52,52,16130,0,0,0,0,0,0,0,0,0
202311,496,25980,C,Hinesville  GA ,49,49,11884,0,0,0,0,0,0,0,0,0,27,27,6660,0,0,0,0,0,0,0,0,0
202311,496,42340,C,Savannah  GA ,155,155,40522,0,0,0,0,0,0,0,0,0,117,117,30964,0,0,0,0,0,0,0,0,0
202311,500,14740,C,Bremerton-Silverdale-Port Orchard  WA ,77,77,27832,0,0,0,0,0,0,1,28,4343,77,77,27832,0,0,0,0,0,0,1,28,4343
202311,500,34580,C,Mount Vernon-Anacortes  WA ,15,15,4360,2,4,1190,1,4,942,2,28,3325,15,15,4360,2,4,1190,1,4,942,1,5,1178
202311,500,36500,C,Olympia-Lacey-Tumwater  WA ,61,61,16684,1,2,547,0,0,0,0,0,0,61,61,16684,1,2,547,0,0,0,0,0,0
202311,500,42660,C,Seattle-Tacoma-Bellevue  WA ,498,498,209534,16,32,9277,13,41,9934,24,525,76751,456,456,189003,16,32,9277,13,41,9934,21,478,70765
202311,508,43340,C,Shreveport-Bossier City  LA ,79,79,18970,0,0,0,0,0,0,0,0,0,70,70,16784,0,0,0,0,0,0,0,0,0
202311,515,21140,C,Elkhart-Goshen  IN ,21,21,8044,0,0,0,0,0,0,0,0,0,21,21,8044,0,0,0,0,0,0,0,0,0
202311,515,35660,C,Niles  MI ,19,19,10034,0,0,0,0,0,0,1,48,8500,11,11,7185,0,0,0,0,0,0,1,48,8500
202311,515,43780,C,South Bend-Mishawaka  IN-MI ,33,33,13353,1,2,230,0,0,0,0,0,0,28,28,10695,1,2,230,0,0,0,0,0,0
202311,518,17660,C,Coeur dAlene  ID ,139,139,49958,0,0,0,0,0,0,4,30,4669,117,117,43919,0,0,0,0,0,0,2,10,2500
202311,518,44060,C,Spokane-Spokane Valley  WA ,122,122,34938,7,14,3297,3,11,2998,3,82,10250,104,104,29133,3,6,1468,2,8,2400,1,21,1950
202311,522,44100,C,Springfield  IL ,8,8,2501,5,10,1630,0,0,0,0,0,0,4,4,1170,5,10,1630,0,0,0,0,0,0
202311,524,44300,C,State College  PA ,19,19,6210,0,0,0,0,0,0,1,8,3095,8,8,1485,0,0,0,0,0,0,0,0,0
202311,532,45060,C,Syracuse  NY ,42,42,10378,0,0,0,0,0,0,0,0,0,25,25,6594,0,0,0,0,0,0,0,0,0
202311,534,45780,C,Toledo  OH ,45,45,16255,19,38,4180,0,0,0,2,22,1238,42,42,15397,19,38,4180,0,0,0,2,22,1238
202311,536,46060,C,Tucson  AZ ,351,351,125815,2,4,541,0,0,0,4,79,11855,282,282,108227,1,2,303,0,0,0,0,0,0
202311,538,46140,C,Tulsa  OK ,289,289,85782,3,6,900,0,0,0,4,66,11860,230,230,70497,3,6,900,0,0,0,3,60,11399
202311,540,46340,C,Tyler  TX ,21,21,5766,5,10,1470,1,3,429,1,5,631,14,14,3997,5,10,1470,1,3,429,0,0,0
202311,544,47020,C,Victoria  TX ,4,4,1142,0,0,0,4,16,1350,0,0,0,4,4,1142,0,0,0,4,16,1350,0,0,0
202311,545,47260,C,Virginia Beach-Norfolk-Newport News  VA-NC ,234,234,68900,1,2,571,3,9,2065,0,0,0,228,228,67941,1,2,571,3,9,2065,0,0,0
202311,548,12580,C,Baltimore-Columbia-Towson  MD ,316,316,89127,0,0,0,0,0,0,4,177,24814,302,302,86074,0,0,0,0,0,0,2,82,12573
202311,548,15680,C,California-Lexington Park  MD ,37,37,13627,0,0,0,0,0,0,0,0,0,37,37,13627,0,0,0,0,0,0,0,0,0
202311,548,16540,C,Chambersburg-Waynesboro  PA ,23,23,5337,0,0,0,0,0,0,0,0,0,20,20,4538,0,0,0,0,0,0,0,0,0
202311,548,25180,C,Hagerstown-Martinsburg  MD-WV ,118,118,26359,0,0,0,0,0,0,0,0,0,113,113,25371,0,0,0,0,0,0,0,0,0
202311,548,47900,C,Washington-Arlington-Alexandria  DC-VA-MD-WV ,679,679,212636,0,0,0,0,0,0,20,826,38170,664,664,209615,0,0,0,0,0,0,18,810,36050
202311,548,49020,C,Winchester  VA-WV ,84,84,18527,0,0,0,0,0,0,0,0,0,83,83,18295,0,0,0,0,0,0,0,0,0
202311,554,48140,C,Wausau-Weston  WI ,28,28,8504,0,0,0,0,0,0,1,153,20886,21,21,6243,0,0,0,0,0,0,1,153,20886
202311,556,48620,C,Wichita  KS ,117,117,41672,30,60,7777,0,0,0,0,0,0,39,39,13818,18,36,4875,0,0,0,0,0,0
202311,558,48700,C,Williamsport  PA ,3,3,912,0,0,0,0,0,0,0,0,0,0,0,0,0,0,0,0,0,0,0,0,0
202311,566,49660,C,Youngstown-Warren-Boardman  OH-PA ,25,25,6392,0,0,0,0,0,0,0,0,0,21,21,5313,0,0,0,0,0,0,0,0,0
202311,999,10180,C,Abilene  TX ,21,21,5794,1,2,230,0,0,0,0,0,0,20,20,5541,1,2,230,0,0,0,0,0,0
202311,999,10500,C,Albany  GA ,9,9,1521,0,0,0,0,0,0,1,5,554,6,6,747,0,0,0,0,0,0,0,0,0
202311,999,10780,C,Alexandria  LA ,22,22,5483,2,4,290,0,0,0,0,0,0,0,0,0,0,0,0,0,0,0,0,0,0
202311,999,10900,C,Allentown-Bethlehem-Easton  PA-NJ ,115,115,26583,1,2,61,0,0,0,1,5,1279,75,75,17292,0,0,0,0,0,0,0,0,0
202311,999,11260,C,Anchorage  AK ,12,12,5764,0,0,0,0,0,0,0,0,0,3,3,924,0,0,0,0,0,0,0,0,0
202311,999,11500,C,Anniston-Oxford  AL ,0,0,0,1,2,100,0,0,0,0,0,0,0,0,0,1,2,100,0,0,0,0,0,0
202311,999,12260,C,Augusta-Richmond County  GA-SC ,266,266,54684,0,0,0,1,4,597,0,0,0,119,119,19037,0,0,0,1,4,597,0,0,0
202311,999,12420,C,Austin-Round Rock-Georgetown  TX ,1192,1192,333196,22,44,5645,2,6,1116,28,1142,83908,836,836,253632,20,40,4604,1,3,284,26,1115,80994
202311,999,12540,C,Bakersfield  CA ,196,196,50516,1,2,96,0,0,0,2,12,1360,19,19,4824,0,0,0,0,0,0,0,0,0
202311,999,12620,C,Bangor  ME ,15,15,2918,0,0,0,0,0,0,0,0,0,0,0,0,0,0,0,0,0,0,0,0,0
202311,999,12940,C,Baton Rouge  LA ,224,224,54281,0,0,0,1,3,385,1,12,1350,82,82,20596,0,0,0,0,0,0,0,0,0
202311,999,13140,C,Beaumont-Port Arthur  TX ,56,56,14844,3,6,795,0,0,0,0,0,0,44,44,12477,3,6,795,0,0,0,0,0,0
202311,999,13220,C,Beckley  WV ,7,7,2320,0,0,0,0,0,0,0,0,0,6,6,2220,0,0,0,0,0,0,0,0,0
202311,999,13380,C,Bellingham  WA ,40,40,11713,0,0,0,0,0,0,0,0,0,30,30,8682,0,0,0,0,0,0,0,0,0
202311,999,13740,C,Billings  MT ,33,33,8856,1,2,191,0,0,0,0,0,0,31,31,8627,1,2,191,0,0,0,0,0,0
202311,999,13780,C,Binghamton  NY ,9,9,2042,0,0,0,0,0,0,3,15,1897,0,0,0,0,0,0,0,0,0,0,0,0
202311,999,13900,C,Bismarck  ND ,9,9,2690,1,2,374,0,0,0,0,0,0,9,9,2690,1,2,374,0,0,0,0,0,0
202311,999,13980,C,Blacksburg-Christiansburg  VA ,22,22,6091,0,0,0,0,0,0,0,0,0,20,20,5366,0,0,0,0,0,0,0,0,0
202311,999,15260,C,Brunswick  GA ,59,59,20251,3,6,723,1,3,717,1,24,2878,2,2,400,0,0,0,0,0,0,0,0,0
202311,999,16060,C,Carbondale-Marion  IL ,5,5,1033,1,2,143,1,4,313,0,0,0,2,2,543,0,0,0,0,0,0,0,0,0
202311,999,16220,C,Casper  WY ,10,10,2872,0,0,0,0,0,0,0,0,0,7,7,2420,0,0,0,0,0,0,0,0,0
202311,999,16580,C,Champaign-Urbana  IL ,30,30,8753,1,2,284,0,0,0,1,44,6019,28,28,7929,1,2,284,0,0,0,1,44,6019
202311,999,16700,C,Charleston-North Charleston  SC ,423,423,151942,0,0,0,0,0,0,4,119,11304,175,175,74252,0,0,0,0,0,0,0,0,0
202311,999,16820,C,Charlottesville  VA ,72,72,25357,0,0,0,0,0,0,2,17,1578,20,20,5405,0,0,0,0,0,0,0,0,0
202311,999,16940,C,Cheyenne  WY ,9,9,1994,1,2,230,5,20,2189,1,8,863,9,9,1994,1,2,230,5,20,2189,1,8,863
202311,999,17020,C,Chico  CA ,60,60,11319,2,4,468,0,0,0,1,38,2940,40,40,7785,2,4,468,0,0,0,1,38,2940
202311,999,17300,C,Clarksville  TN-KY ,100,100,23861,2,4,550,0,0,0,7,48,5654,100,100,23861,2,4,550,0,0,0,7,48,5654
202311,999,17780,C,College Station-Bryan  TX ,97,97,25151,0,0,0,0,0,0,0,0,0,96,96,24896,0,0,0,0,0,0,0,0,0
202311,999,17820,C,Colorado Springs  CO ,149,149,92682,1,2,454,0,0,0,5,137,40209,142,142,90893,1,2,454,0,0,0,5,137,40209
202311,999,18880,C,Crestview-Fort Walton Beach-Destin  FL ,185,185,99798,4,8,3662,1,4,622,7,56,12710,185,185,99798,4,8,3662,1,4,622,7,56,12710
202311,999,19060,C,Cumberland  MD-WV ,2,2,220,0,0,0,0,0,0,0,0,0,2,2,220,0,0,0,0,0,0,0,0,0
202311,999,19180,C,Danville  IL ,0,0,0,0,0,0,0,0,0,0,0,0,0,0,0,0,0,0,0,0,0,0,0,0
202311,999,19500,C,Decatur  IL ,0,0,0,0,0,0,0,0,0,0,0,0,0,0,0,0,0,0,0,0,0,0,0,0
202311,999,20220,C,Dubuque  IA ,6,6,3581,1,2,375,0,0,0,0,0,0,6,6,3581,1,2,375,0,0,0,0,0,0
202311,999,20260,C,Duluth  MN-WI ,29,29,8445,0,0,0,0,0,0,0,0,0,20,20,5665,0,0,0,0,0,0,0,0,0
202311,999,20940,C,El Centro  CA ,27,27,4488,1,2,151,0,0,0,1,9,1477,1,1,325,0,0,0,0,0,0,0,0,0
202311,999,21420,C,Enid  OK ,2,2,700,0,0,0,0,0,0,0,0,0,2,2,700,0,0,0,0,0,0,0,0,0
202311,999,21660,C,Eugene-Springfield  OR ,70,70,19513,1,2,386,0,0,0,0,0,0,38,38,10676,0,0,0,0,0,0,0,0,0
202311,999,21780,C,Evansville  IN-KY ,48,48,15720,3,6,865,2,8,500,1,8,453,31,31,10362,1,2,340,2,8,500,0,0,0
202311,999,21820,C,Fairbanks  AK ,0,0,0,0,0,0,0,0,0,0,0,0,0,0,0,0,0,0,0,0,0,0,0,0
202311,999,22140,C,Farmington  NM ,8,8,2497,0,0,0,0,0,0,0,0,0,8,8,2497,0,0,0,0,0,0,0,0,0
202311,999,22220,C,Fayetteville-Springdale-Rogers  AR-MO ,410,410,124081,12,24,5892,0,0,0,3,27,2603,272,272,82573,10,20,4724,0,0,0,0,0,0
202311,999,22380,C,Flagstaff  AZ ,17,17,6312,2,4,996,1,3,747,4,224,43590,17,17,6312,2,4,996,1,3,747,4,224,43590
202311,999,22500,C,Florence  SC ,37,37,9217,0,0,0,0,0,0,0,0,0,9,9,4017,0,0,0,0,0,0,0,0,0
202311,999,22520,C,Florence-Muscle Shoals  AL ,10,10,1513,0,0,0,0,0,0,0,0,0,7,7,1189,0,0,0,0,0,0,0,0,0
202311,999,22540,C,Fond du Lac  WI ,9,9,3699,0,0,0,0,0,0,0,0,0,2,2,1174,0,0,0,0,0,0,0,0,0
202311,999,22660,C,Fort Collins  CO ,76,76,32042,0,0,0,0,0,0,6,164,22975,76,76,32042,0,0,0,0,0,0,6,164,22975
202311,999,22900,C,Fort Smith  AR-OK ,32,32,7282,5,10,1941,0,0,0,0,0,0,26,26,6625,5,10,1941,0,0,0,0,0,0
202311,999,23460,C,Gadsden  AL ,9,9,1738,0,0,0,0,0,0,0,0,0,4,4,925,0,0,0,0,0,0,0,0,0
202311,999,24140,C,Goldsboro  NC ,42,42,8855,0,0,0,0,0,0,1,5,365,35,35,5651,0,0,0,0,0,0,0,0,0
202311,999,24220,C,Grand Forks  ND-MN ,6,6,1418,0,0,0,0,0,0,0,0,0,6,6,1418,0,0,0,0,0,0,0,0,0
202311,999,24260,C,Grand Island  NE ,9,9,2474,0,0,0,0,0,0,0,0,0,5,5,1499,0,0,0,0,0,0,0,0,0
202311,999,24300,C,Grand Junction  CO ,42,42,6605,0,0,0,0,0,0,0,0,0,42,42,6605,0,0,0,0,0,0,0,0,0
202311,999,24500,C,Great Falls  MT ,13,13,5030,0,0,0,0,0,0,0,0,0,13,13,5030,0,0,0,0,0,0,0,0,0
202311,999,25060,C,Gulfport-Biloxi  MS ,170,170,30138,0,0,0,0,0,0,2,16,850,87,87,23366,0,0,0,0,0,0,2,16,850
202311,999,25860,C,Hickory-Lenoir-Morganton  NC ,125,125,23313,4,8,760,0,0,0,2,10,710,96,96,17492,4,8,760,0,0,0,0,0,0
202311,999,25940,C,Hilton Head Island-Bluffton  SC ,166,166,71280,0,0,0,8,32,4040,0,0,0,96,96,55322,0,0,0,8,32,4040,0,0,0
202311,999,26140,C,Homosassa Springs  FL ,118,118,32269,0,0,0,0,0,0,0,0,0,4,4,1920,0,0,0,0,0,0,0,0,0
202311,999,26380,C,Houma-Thibodaux  LA ,48,48,10763,2,4,426,0,0,0,0,0,0,48,48,10763,2,4,426,0,0,0,0,0,0
202311,999,27100,C,Jackson  MI ,11,11,3219,0,0,0,0,0,0,0,0,0,3,3,1053,0,0,0,0,0,0,0,0,0
202311,999,27340,C,Jacksonville  NC ,85,85,21895,0,0,0,0,0,0,0,0,0,85,85,21895,0,0,0,0,0,0,0,0,0
202311,999,27620,C,Jefferson City  MO ,8,8,2200,0,0,0,1,4,405,0,0,0,6,6,1730,0,0,0,1,4,405,0,0,0
202311,999,27980,C,Kahului-Wailuku-Lahaina  HI ,36,36,14639,1,2,735,0,0,0,0,0,0,36,36,14639,1,2,735,0,0,0,0,0,0
202311,999,28660,C,Killeen-Temple  TX ,246,246,53377,5,10,1046,0,0,0,2,31,4505,157,157,30588,1,2,146,0,0,0,0,0,0
202311,999,29100,C,La Crosse-Onalaska  WI-MN ,6,6,2071,0,0,0,0,0,0,0,0,0,5,5,1688,0,0,0,0,0,0,0,0,0
202311,999,29420,C,Lake Havasu City-Kingman  AZ ,146,146,26565,4,8,757,0,0,0,0,0,0,145,145,26419,4,8,757,0,0,0,0,0,0
202311,999,29540,C,Lancaster  PA ,60,60,16133,0,0,0,0,0,0,3,20,2970,33,33,8244,0,0,0,0,0,0,3,20,2970
202311,999,29620,C,Lansing-East Lansing  MI ,87,87,20750,3,6,605,0,0,0,2,52,8189,77,77,18023,3,6,605,0,0,0,1,39,6746
202311,999,29700,C,Laredo  TX ,83,83,21266,1,2,260,1,4,601,0,0,0,0,0,0,0,0,0,0,0,0,0,0,0
202311,999,30020,C,Lawton  OK ,6,6,1145,0,0,0,0,0,0,0,0,0,1,1,150,0,0,0,0,0,0,0,0,0
202311,999,30300,C,Lewiston  ID-WA ,14,14,3683,0,0,0,0,0,0,0,0,0,11,11,2773,0,0,0,0,0,0,0,0,0
202311,999,30860,C,Logan  UT-ID ,60,60,20233,0,0,0,0,0,0,1,24,2200,54,54,18795,0,0,0,0,0,0,1,24,2200
202311,999,30980,C,Longview  TX ,22,22,6156,1,2,230,1,3,434,1,7,306,16,16,4583,0,0,0,0,0,0,0,0,0
202311,999,31340,C,Lynchburg  VA ,86,86,33562,0,0,0,0,0,0,0,0,0,86,86,33562,0,0,0,0,0,0,0,0,0
202311,999,31740,C,Manhattan  KS ,23,23,7841,1,2,300,0,0,0,0,0,0,12,12,4395,1,2,300,0,0,0,0,0,0
202311,999,33540,C,Missoula  MT ,17,17,6169,0,0,0,1,4,400,0,0,0,17,17,6169,0,0,0,1,4,400,0,0,0
202311,999,36100,C,Ocala  FL ,351,351,100538,1,2,271,0,0,0,0,0,0,351,351,100538,1,2,271,0,0,0,0,0,0
202311,999,36980,C,Owensboro  KY ,16,16,1739,0,0,0,0,0,0,0,0,0,16,16,1739,0,0,0,0,0,0,0,0,0
202311,999,37340,C,Palm Bay-Melbourne-Titusville  FL ,294,294,124490,0,0,0,0,0,0,0,0,0,282,282,121303,0,0,0,0,0,0,0,0,0
202311,999,37460,C,Panama City  FL ,140,140,50103,0,0,0,0,0,0,1,5,949,9,9,3275,0,0,0,0,0,0,0,0,0
202311,999,37900,C,Peoria  IL ,15,15,4937,0,0,0,0,0,0,0,0,0,9,9,3133,0,0,0,0,0,0,0,0,0
202311,999,38340,C,Pittsfield  MA ,5,5,2391,0,0,0,0,0,0,0,0,0,2,2,1400,0,0,0,0,0,0,0,0,0
202311,999,38540,C,Pocatello  ID ,25,25,5097,4,8,662,1,3,311,1,7,630,13,13,1806,4,8,662,0,0,0,0,0,0
202311,999,39150,C,Prescott Valley-Prescott  AZ ,127,127,36822,4,8,901,0,0,0,0,0,0,121,121,35303,4,8,901,0,0,0,0,0,0
202311,999,40060,C,Richmond  VA ,402,402,98325,1,2,210,0,0,0,6,500,39747,383,383,94621,1,2,210,0,0,0,5,495,39236
202311,999,40220,C,Roanoke  VA ,50,50,13424,1,2,462,0,0,0,0,0,0,38,38,8902,1,2,462,0,0,0,0,0,0
202311,999,41100,C,St. George  UT ,228,228,44339,0,0,0,0,0,0,3,26,2872,216,216,39948,0,0,0,0,0,0,3,26,2872
202311,999,41500,C,Salinas  CA ,32,32,9476,0,0,0,0,0,0,0,0,0,26,26,7722,0,0,0,0,0,0,0,0,0
202311,999,41660,C,San Angelo  TX ,14,14,4010,0,0,0,0,0,0,0,0,0,14,14,4010,0,0,0,0,0,0,0,0,0
202311,999,41740,C,San Diego-Chula Vista-Carlsbad  CA ,276,276,84933,2,4,412,9,28,7151,17,1320,169749,258,258,79798,2,4,412,9,28,7151,15,1310,167533
202311,999,42020,C,San Luis Obispo-Paso Robles  CA ,45,45,13008,1,2,523,0,0,0,2,22,2981,25,25,8410,1,2,523,0,0,0,0,0,0
202311,999,42200,C,Santa Maria-Santa Barbara  CA ,26,26,5870,0,0,0,0,0,0,2,59,6778,9,9,2830,0,0,0,0,0,0,0,0,0
202311,999,42540,C,Scranton--Wilkes-Barre  PA ,30,30,9294,0,0,0,0,0,0,0,0,0,7,7,3522,0,0,0,0,0,0,0,0,0
202311,999,42700,C,Sebring-Avon Park  FL ,40,40,9311,0,0,0,0,0,0,0,0,0,40,40,9311,0,0,0,0,0,0,0,0,0
202311,999,43100,C,Sheboygan  WI ,27,27,8801,0,0,0,0,0,0,0,0,0,22,22,6851,0,0,0,0,0,0,0,0,0
202311,999,43420,C,Sierra Vista-Douglas  AZ ,44,44,8129,0,0,0,0,0,0,0,0,0,33,33,5522,0,0,0,0,0,0,0,0,0
202311,999,43580,C,Sioux City  IA-NE-SD ,9,9,2476,0,0,0,1,3,0,0,0,0,1,1,200,0,0,0,0,0,0,0,0,0
202311,999,43620,C,Sioux Falls  SD ,54,54,14940,3,6,1266,1,3,312,8,259,33759,45,45,12326,3,6,1266,0,0,0,8,259,33759
202311,999,44140,C,Springfield  MA ,45,45,19120,2,4,320,0,0,0,2,10,840,26,26,10015,2,4,320,0,0,0,0,0,0
202311,999,44180,C,Springfield  MO ,137,137,36298,0,0,0,2,8,1104,0,0,0,113,113,28465,0,0,0,2,8,1104,0,0,0
202311,999,44940,C,Sumter  SC ,28,28,5178,2,4,381,0,0,0,0,0,0,0,0,0,0,0,0,0,0,0,0,0,0
202311,999,45220,C,Tallahassee  FL ,123,123,23102,0,0,0,0,0,0,2,71,9083,68,68,12245,0,0,0,0,0,0,0,0,0
202311,999,45300,C,Tampa-St. Petersburg-Clearwater  FL ,1292,1292,385143,23,46,4048,0,0,0,35,1230,447952,821,821,274319,22,44,3768,0,0,0,32,1215,443818
202311,999,45460,C,Terre Haute  IN ,11,11,1966,1,2,300,1,3,113,0,0,0,6,6,1245,1,2,300,0,0,0,0,0,0
202311,999,45500,C,Texarkana  TX-AR ,9,9,2435,0,0,0,0,0,0,0,0,0,2,2,950,0,0,0,0,0,0,0,0,0
202311,999,45820,C,Topeka  KS ,16,16,3959,2,4,740,0,0,0,0,0,0,16,16,3959,2,4,740,0,0,0,0,0,0
202311,999,46220,C,Tuscaloosa  AL ,30,30,9465,0,0,0,1,3,457,1,12,1845,5,5,1626,0,0,0,0,0,0,0,0,0
202311,999,46300,C,Twin Falls  ID ,45,45,10994,0,0,0,0,0,0,0,0,0,45,45,10994,0,0,0,0,0,0,0,0,0
202311,999,46520,C,Urban Honolulu  HI ,50,50,18399,5,10,1593,0,0,0,4,151,53588,0,0,0,0,0,0,0,0,0,0,0,0
202311,999,46540,C,Utica-Rome  NY ,17,17,12794,0,0,0,0,0,0,0,0,0,5,5,10260,0,0,0,0,0,0,0,0,0
202311,999,46660,C,Valdosta  GA ,84,84,16032,0,0,0,0,0,0,0,0,0,2,2,690,0,0,0,0,0,0,0,0,0
202311,999,47300,C,Visalia  CA ,58,58,14921,9,18,2000,0,0,0,0,0,0,55,55,14445,9,18,2000,0,0,0,0,0,0
202311,999,47380,C,Waco  TX ,59,59,9496,2,4,501,0,0,0,2,20,1951,2,2,700,0,0,0,0,0,0,0,0,0
202311,999,47940,C,Waterloo-Cedar Falls  IA ,14,14,7516,1,2,246,0,0,0,0,0,0,11,11,6471,0,0,0,0,0,0,0,0,0
202311,999,48060,C,Watertown-Fort Drum  NY ,13,13,2031,0,0,0,0,0,0,0,0,0,0,0,0,0,0,0,0,0,0,0,0,0
202311,999,48300,C,Wenatchee  WA ,37,37,11298,2,4,578,1,4,596,0,0,0,12,12,5724,2,4,578,1,4,596,0,0,0
202311,999,48540,C,Wheeling  WV-OH ,1,1,370,0,0,0,0,0,0,0,0,0,0,0,0,0,0,0,0,0,0,0,0,0
202311,999,48660,C,Wichita Falls  TX ,17,17,4767,1,2,230,0,0,0,1,46,4704,15,15,4297,1,2,230,0,0,0,1,46,4704
202311,999,48900,C,Wilmington  NC ,173,173,53909,4,8,1203,1,3,771,3,79,10256,24,24,6809,0,0,0,0,0,0,0,0,0
202311,999,49420,C,Yakima  WA ,25,25,9896,4,8,1719,0,0,0,0,0,0,21,21,9007,4,8,1719,0,0,0,0,0,0
202311,999,49740,C,Yuma  AZ ,63,63,9896,0,0,0,0,0,0,0,0,0,57,57,8902,0,0,0,0,0,0,0,0,0
