Survey,CSA,CBSA,MONCOV,CBSA,,1-unit,,,2-units,,,3-4 units,,,5+ units,,,1-unit rep,,,2-units rep,,,3-4 units rep,,,5+ units rep
Date,Code,Code,,Name,Bldgs,Units,Value,Bldgs,Units,Value,Bldgs,Units,Value,Bldgs,Units,Value,Bldgs,Units,Value,Bldgs,Units,Value,      Bldgs,Units,Value,Bldgs,Units,Value
 
202310,104,10580,C,Albany-Schenectady-Troy  NY ,68,68,23845,3,6,2110,3,12,1891,7,113,10449,45,45,16192,2,4,1400,3,12,1891,4,98,8210
202310,104,24020,C,Glens Falls  NY ,24,24,7125,0,0,0,0,0,0,0,0,0,23,23,6821,0,0,0,0,0,0,0,0,0
202310,106,10740,C,Albuquerque  NM ,160,160,41290,0,0,0,0,0,0,1,210,11464,160,160,41290,0,0,0,0,0,0,1,210,11464
202310,106,42140,C,Santa Fe  NM ,16,16,5004,0,0,0,0,0,0,0,0,0,16,16,5004,0,0,0,0,0,0,0,0,0
202310,107,11020,C,Altoona  PA ,5,5,1368,0,0,0,0,0,0,0,0,0,5,5,1368,0,0,0,0,0,0,0,0,0
202310,108,11100,C,Amarillo  TX ,57,57,16157,1,2,294,0,0,0,0,0,0,53,53,15132,1,2,294,0,0,0,0,0,0
202310,118,11540,C,Appleton  WI ,39,39,15394,1,2,300,0,0,0,0,0,0,31,31,12933,1,2,300,0,0,0,0,0,0
202310,118,36780,C,Oshkosh-Neenah  WI ,18,18,9403,1,2,200,1,4,269,0,0,0,17,17,9091,1,2,200,1,4,269,0,0,0
202310,120,11700,C,Asheville  NC ,255,255,105470,0,0,0,0,0,0,3,32,6568,120,120,51749,0,0,0,0,0,0,0,0,0
202310,122,12020,C,Athens-Clarke County  GA ,58,58,20321,0,0,0,0,0,0,0,0,0,29,29,12679,0,0,0,0,0,0,0,0,0
202310,122,12060,C,Atlanta-Sandy Springs-Alpharetta  GA ,1997,1997,545052,3,6,700,12,44,10391,60,1130,142161,1768,1768,495278,3,6,700,12,44,10391,58,1094,136655
202310,122,23580,C,Gainesville  GA ,116,116,23761,0,0,0,0,0,0,0,0,0,41,41,6088,0,0,0,0,0,0,0,0,0
202310,122,40660,C,Rome  GA ,31,31,7640,0,0,0,0,0,0,0,0,0,31,31,7640,0,0,0,0,0,0,0,0,0
202310,140,13460,C,Bend  OR ,126,126,50994,5,10,1800,0,0,0,2,73,14378,126,126,50994,5,10,1800,0,0,0,2,73,14378
202310,142,13820,C,Birmingham-Hoover  AL ,217,217,74901,0,0,0,0,0,0,0,0,0,147,147,46015,0,0,0,0,0,0,0,0,0
202310,144,14020,C,Bloomington  IN ,36,36,12225,0,0,0,0,0,0,1,8,950,31,31,11050,0,0,0,0,0,0,1,8,950
202310,145,14010,C,Bloomington  IL ,32,32,8124,1,2,325,0,0,0,1,7,676,18,18,4615,0,0,0,0,0,0,0,0,0
202310,146,14100,C,Bloomsburg-Berwick  PA ,12,12,3243,0,0,0,0,0,0,0,0,0,5,5,1286,0,0,0,0,0,0,0,0,0
202310,147,14260,C,Boise City  ID ,516,516,158418,2,4,673,5,19,1940,11,302,56984,374,374,120783,0,0,0,0,0,0,8,239,49407
202310,148,12700,C,Barnstable Town  MA ,38,38,32974,0,0,0,0,0,0,0,0,0,30,30,27723,0,0,0,0,0,0,0,0,0
202310,148,14460,C,Boston-Cambridge-Newton  MA-NH ,333,333,128051,14,28,7238,8,28,8785,21,186,37062,198,198,75333,9,18,5127,7,25,7960,8,54,13352
202310,148,31700,C,Manchester-Nashua  NH ,52,52,17950,1,2,20,0,0,0,0,0,0,31,31,12899,1,2,20,0,0,0,0,0,0
202310,148,39300,C,Providence-Warwick  RI-MA ,117,117,36059,3,6,1154,1,3,525,5,36,7679,52,52,18568,1,2,540,0,0,0,5,36,7679
202310,148,49340,C,Worcester  MA-CT ,76,76,25283,4,8,2353,0,0,0,4,109,19539,38,38,15074,3,6,2100,0,0,0,2,99,18147
202310,150,14540,C,Bowling Green  KY ,58,58,17842,0,0,0,0,0,0,0,0,0,58,58,17842,0,0,0,0,0,0,0,0,0
202310,154,15180,C,Brownsville-Harlingen  TX ,177,177,36417,14,28,3231,1,3,451,2,29,3746,70,70,11058,11,22,2609,0,0,0,0,0,0
202310,160,15380,C,Buffalo-Cheektowaga  NY ,73,73,26915,2,4,724,2,8,2154,1,14,3139,57,57,22958,1,2,379,2,8,2154,0,0,0
202310,162,15540,C,Burlington-South Burlington  VT ,29,29,11052,2,4,491,0,0,0,5,197,26662,17,17,7562,1,2,150,0,0,0,3,187,25825
202310,163,15980,C,Cape Coral-Fort Myers  FL ,1026,1026,250192,6,12,1815,0,0,0,14,187,62729,707,707,164960,2,4,580,0,0,0,12,110,55698
202310,163,34940,C,Naples-Marco Island  FL ,288,288,135953,1,2,465,4,15,3479,5,122,26136,13,13,20386,0,0,0,0,0,0,0,0,0
202310,164,16020,C,Cape Girardeau  MO-IL ,8,8,2341,0,0,0,0,0,0,0,0,0,0,0,0,0,0,0,0,0,0,0,0,0
202310,168,16300,C,Cedar Rapids  IA ,56,56,16339,1,2,162,0,0,0,0,0,0,53,53,15023,1,2,162,0,0,0,0,0,0
202310,168,26980,C,Iowa City  IA ,56,56,15727,4,8,1911,1,4,776,1,6,595,45,45,12521,0,0,0,0,0,0,0,0,0
202310,170,16620,C,Charleston  WV ,15,15,1655,0,0,0,0,0,0,0,0,0,10,10,825,0,0,0,0,0,0,0,0,0
202310,170,26580,C,Huntington-Ashland  WV-KY-OH ,26,26,4647,0,0,0,0,0,0,0,0,0,5,5,60,0,0,0,0,0,0,0,0,0
202310,172,16740,C,Charlotte-Concord-Gastonia  NC-SC ,1555,1555,423210,3,6,1175,4,16,4473,25,1118,90685,1362,1362,364415,3,6,1175,4,16,4473,23,1086,86592
202310,174,16860,C,Chattanooga  TN-GA ,181,181,44372,6,12,975,3,10,889,2,45,4496,132,132,33388,2,4,400,2,7,715,0,0,0
202310,174,17420,C,Cleveland  TN ,59,59,14750,1,2,247,3,10,1502,0,0,0,18,18,4889,0,0,0,0,0,0,0,0,0
202310,174,19140,C,Dalton  GA ,30,30,5549,2,4,265,1,3,451,0,0,0,0,0,0,0,0,0,0,0,0,0,0,0
202310,176,16980,C,Chicago-Naperville-Elgin  IL-IN-WI ,818,818,277610,8,16,3662,13,45,10908,20,489,84173,675,675,231854,8,16,3662,13,45,10908,14,459,79309
202310,176,28100,C,Kankakee  IL ,4,4,1252,0,0,0,1,3,643,0,0,0,2,2,582,0,0,0,0,0,0,0,0,0
202310,176,33140,C,Michigan City-La Porte  IN ,12,12,3235,0,0,0,0,0,0,1,10,1267,0,0,0,0,0,0,0,0,0,0,0,0
202310,178,17140,C,Cincinnati  OH-KY-IN ,316,316,109163,9,18,3154,2,7,961,14,174,10209,274,274,97430,7,14,2686,2,7,961,11,156,8807
202310,184,10420,C,Akron  OH ,73,73,24911,0,0,0,1,3,1350,3,16,1974,69,69,23820,0,0,0,0,0,0,2,11,1907
202310,184,15940,C,Canton-Massillon  OH ,41,41,14308,1,2,550,1,3,154,1,6,461,35,35,13412,1,2,550,0,0,0,0,0,0
202310,184,17460,C,Cleveland-Elyria  OH ,215,215,66105,0,0,0,0,0,0,3,30,2769,138,138,40164,0,0,0,0,0,0,1,5,500
202310,190,17860,C,Columbia  MO ,64,64,24655,0,0,0,1,3,563,0,0,0,63,63,24544,0,0,0,0,0,0,0,0,0
202310,192,17900,C,Columbia  SC ,328,328,83326,1,2,412,3,12,1894,2,81,12003,155,155,49765,0,0,0,0,0,0,0,0,0
202310,194,12220,C,Auburn-Opelika  AL ,114,114,31574,1,2,355,0,0,0,1,12,1634,83,83,24086,0,0,0,0,0,0,0,0,0
202310,194,17980,C,Columbus  GA-AL ,51,51,13931,1,2,375,0,0,0,2,56,11067,32,32,8938,0,0,0,0,0,0,0,0,0
202310,198,18140,C,Columbus  OH ,545,545,199363,6,12,1345,15,57,8610,7,171,15686,467,467,171002,5,10,845,14,54,8085,6,166,15082
202310,204,18580,C,Corpus Christi  TX ,154,154,38110,0,0,0,0,0,0,0,0,0,9,9,3424,0,0,0,0,0,0,0,0,0
202310,206,19100,C,Dallas-Fort Worth-Arlington  TX ,3625,3625,1081922,26,52,7440,22,81,11466,59,2379,314901,2951,2951,900895,24,48,6996,0,0,0,52,2253,298073
202310,206,43300,C,Sherman-Denison  TX ,74,74,21296,0,0,0,0,0,0,0,0,0,66,66,18737,0,0,0,0,0,0,0,0,0
202310,209,19340,C,Davenport-Moline-Rock Island  IA-IL ,37,37,8979,1,2,261,2,8,1827,0,0,0,14,14,4694,0,0,0,2,8,1827,0,0,0
202310,212,19430,C,Dayton-Kettering  OH ,113,113,45289,1,2,351,2,7,1029,3,30,3163,50,50,22891,0,0,0,0,0,0,0,0,0
202310,212,44220,C,Springfield  OH ,8,8,2591,0,0,0,0,0,0,0,0,0,8,8,2591,0,0,0,0,0,0,0,0,0
202310,216,14500,C,Boulder  CO ,53,53,34921,2,4,1194,2,6,1221,9,57,13471,49,49,31359,2,4,1194,0,0,0,8,40,9038
202310,216,19740,C,Denver-Aurora-Lakewood  CO ,887,887,262494,5,10,1311,2,8,2101,16,600,98256,750,750,222931,5,10,1311,2,8,2101,10,165,35908
202310,216,24540,C,Greeley  CO ,234,234,79722,3,6,921,1,4,659,1,14,2054,172,172,63642,2,4,571,1,4,659,0,0,0
202310,218,11180,C,Ames  IA ,18,18,6412,0,0,0,0,0,0,0,0,0,13,13,4913,0,0,0,0,0,0,0,0,0
202310,218,19780,C,Des Moines-West Des Moines  IA ,320,320,111383,3,6,1422,0,0,0,8,87,14775,299,299,103346,2,4,872,0,0,0,8,87,14775
202310,220,11460,C,Ann Arbor  MI ,46,46,16376,0,0,0,0,0,0,0,0,0,35,35,12984,0,0,0,0,0,0,0,0,0
202310,220,19820,C,Detroit-Warren-Dearborn  MI ,391,391,129656,4,8,1630,13,47,5947,8,51,7638,301,301,105519,3,6,1211,11,41,5470,7,46,6888
202310,220,22420,C,Flint  MI ,30,30,9247,5,10,2537,14,52,11812,3,37,7450,17,17,5686,5,10,2537,14,52,11812,3,37,7450
202310,220,33780,C,Monroe  MI ,11,11,2474,0,0,0,1,4,600,1,5,345,4,4,929,0,0,0,1,4,600,0,0,0
202310,222,20020,C,Dothan  AL ,45,45,11003,0,0,0,0,0,0,0,0,0,9,9,1823,0,0,0,0,0,0,0,0,0
202310,232,20740,C,Eau Claire  WI ,35,35,15196,20,40,10969,1,4,632,6,108,11980,31,31,13871,18,36,10377,1,4,632,6,108,11980
202310,236,21300,C,Elmira  NY ,3,3,733,0,0,0,0,0,0,1,5,560,0,0,0,0,0,0,0,0,0,0,0,0
202310,238,21340,C,El Paso  TX ,176,176,42089,3,6,775,1,3,395,2,15,1770,23,23,6567,0,0,0,0,0,0,0,0,0
202310,238,29740,C,Las Cruces  NM ,75,75,21324,0,0,0,0,0,0,0,0,0,44,44,13078,0,0,0,0,0,0,0,0,0
202310,240,21500,C,Erie  PA ,12,12,3965,0,0,0,0,0,0,0,0,0,6,6,2345,0,0,0,0,0,0,0,0,0
202310,244,22020,C,Fargo  ND-MN ,97,97,22023,0,0,0,0,0,0,1,83,9131,94,94,20964,0,0,0,0,0,0,1,83,9131
202310,246,22180,C,Fayetteville  NC ,235,235,52829,0,0,0,1,4,408,0,0,0,176,176,44725,0,0,0,1,4,408,0,0,0
202310,258,23060,C,Fort Wayne  IN ,111,111,38457,16,32,2863,2,6,600,3,88,11939,111,111,38457,16,32,2863,2,6,600,3,88,11939
202310,260,23420,C,Fresno  CA ,176,176,64377,0,0,0,0,0,0,8,80,12947,118,118,43592,0,0,0,0,0,0,5,60,10000
202310,260,25260,C,Hanford-Corcoran  CA ,28,28,9443,1,2,497,0,0,0,0,0,0,2,2,1133,0,0,0,0,0,0,0,0,0
202310,260,31460,C,Madera  CA ,37,37,10582,0,0,0,0,0,0,0,0,0,37,37,10582,0,0,0,0,0,0,0,0,0
202310,264,23540,C,Gainesville  FL ,116,116,29539,0,0,0,0,0,0,2,119,15294,38,38,8705,0,0,0,0,0,0,0,0,0
202310,266,24340,C,Grand Rapids-Kentwood  MI ,218,218,73280,4,8,1402,1,3,867,5,101,7652,187,187,63529,1,2,274,0,0,0,1,52,600
202310,266,34740,C,Muskegon  MI ,29,29,8009,0,0,0,0,0,0,0,0,0,21,21,5949,0,0,0,0,0,0,0,0,0
202310,267,24580,C,Green Bay  WI ,49,49,19984,9,18,3076,0,0,0,0,0,0,44,44,18193,0,0,0,0,0,0,0,0,0
202310,268,15500,C,Burlington  NC ,182,182,30169,0,0,0,0,0,0,4,120,9200,182,182,30169,0,0,0,0,0,0,4,120,9200
202310,268,24660,C,Greensboro-High Point  NC ,207,207,52383,5,10,1737,0,0,0,8,246,35973,143,143,35009,5,10,1737,0,0,0,8,246,35973
202310,268,49180,C,Winston-Salem  NC ,345,345,93364,1,2,734,0,0,0,1,5,197,304,304,83883,1,2,734,0,0,0,0,0,0
202310,272,24780,C,Greenville  NC ,75,75,13410,0,0,0,0,0,0,0,0,0,71,71,12604,0,0,0,0,0,0,0,0,0
202310,273,24860,C,Greenville-Anderson  SC ,567,567,195578,36,72,8543,0,0,0,0,0,0,563,563,194750,36,72,8543,0,0,0,0,0,0
202310,273,43900,C,Spartanburg  SC ,246,246,48711,0,0,0,0,0,0,0,0,0,32,32,11501,0,0,0,0,0,0,0,0,0
202310,276,23900,C,Gettysburg  PA ,49,49,9050,0,0,0,0,0,0,0,0,0,49,49,9050,0,0,0,0,0,0,0,0,0
202310,276,25420,C,Harrisburg-Carlisle  PA ,120,120,29914,3,6,1117,0,0,0,10,119,15822,74,74,20905,3,6,1117,0,0,0,6,96,13593
202310,276,30140,C,Lebanon  PA ,18,18,3972,0,0,0,0,0,0,0,0,0,1,1,310,0,0,0,0,0,0,0,0,0
202310,276,49620,C,York-Hanover  PA ,59,59,16270,1,2,474,3,12,2453,1,5,843,16,16,4785,1,2,474,3,12,2453,1,5,843
202310,277,25500,C,Harrisonburg  VA ,46,46,8850,3,6,664,0,0,0,0,0,0,46,46,8850,3,6,664,0,0,0,0,0,0
202310,277,44420,C,Staunton  VA ,40,40,12176,0,0,0,0,0,0,0,0,0,40,40,12176,0,0,0,0,0,0,0,0,0
202310,278,25540,C,Hartford-East Hartford-Middletown  CT ,51,51,15869,2,4,532,0,0,0,9,192,21269,28,28,8898,0,0,0,0,0,0,3,129,14230
202310,278,35980,C,Norwich-New London  CT ,17,17,7196,0,0,0,0,0,0,0,0,0,8,8,4215,0,0,0,0,0,0,0,0,0
202310,279,25620,C,Hattiesburg  MS ,11,11,2032,0,0,0,0,0,0,0,0,0,0,0,0,0,0,0,0,0,0,0,0,0
202310,284,26300,C,Hot Springs  AR ,13,13,6583,0,0,0,0,0,0,0,0,0,13,13,6583,0,0,0,0,0,0,0,0,0
202310,288,26420,C,Houston-The Woodlands-Sugar Land  TX ,4257,4257,1176757,85,170,26854,0,0,0,41,1026,183548,4013,4013,1107307,85,170,26854,0,0,0,39,1013,182733
202310,290,19460,C,Decatur  AL ,19,19,4710,0,0,0,0,0,0,0,0,0,19,19,4710,0,0,0,0,0,0,0,0,0
202310,290,26620,C,Huntsville  AL ,298,298,60777,0,0,0,0,0,0,0,0,0,162,162,27657,0,0,0,0,0,0,0,0,0
202310,292,26820,C,Idaho Falls  ID ,113,113,27894,0,0,0,4,16,2072,1,30,5500,111,111,27117,0,0,0,4,16,2072,1,30,5500
202310,294,18020,C,Columbus  IN ,14,14,5147,0,0,0,0,0,0,0,0,0,14,14,5147,0,0,0,0,0,0,0,0,0
202310,294,26900,C,Indianapolis-Carmel-Anderson  IN ,633,633,236514,8,16,3542,5,18,3585,24,1203,222220,561,561,217169,8,16,3542,5,18,3585,24,1203,222220
202310,294,34620,C,Muncie  IN ,9,9,2426,0,0,0,0,0,0,0,0,0,3,3,1017,0,0,0,0,0,0,0,0,0
202310,296,27060,C,Ithaca  NY ,15,15,4237,3,6,944,0,0,0,1,5,849,5,5,1118,2,4,650,0,0,0,0,0,0
202310,297,27180,C,Jackson  TN ,32,32,8667,0,0,0,0,0,0,0,0,0,4,4,2221,0,0,0,0,0,0,0,0,0
202310,298,27140,C,Jackson  MS ,103,103,29189,0,0,0,0,0,0,0,0,0,82,82,24230,0,0,0,0,0,0,0,0,0
202310,300,27260,C,Jacksonville  FL ,1111,1111,296098,7,14,1341,1,3,906,4,120,14204,1103,1103,292945,7,14,1341,1,3,906,4,120,14204
202310,304,27740,C,Johnson City  TN ,118,118,32170,3,6,1179,0,0,0,0,0,0,101,101,29654,3,6,1179,0,0,0,0,0,0
202310,304,28700,C,Kingsport-Bristol  TN-VA ,51,51,15441,1,2,368,0,0,0,1,5,292,28,28,10930,0,0,0,0,0,0,0,0,0
202310,306,27780,C,Johnstown  PA ,7,7,2034,0,0,0,0,0,0,0,0,0,0,0,0,0,0,0,0,0,0,0,0,0
202310,308,27860,C,Jonesboro  AR ,56,56,9482,4,8,563,4,15,778,1,8,454,13,13,3027,1,2,150,0,0,0,0,0,0
202310,309,27900,C,Joplin  MO ,39,39,6354,0,0,0,0,0,0,2,10,690,24,24,4020,0,0,0,0,0,0,0,0,0
202310,310,12980,C,Battle Creek  MI ,10,10,1956,0,0,0,0,0,0,0,0,0,1,1,310,0,0,0,0,0,0,0,0,0
202310,310,28020,C,Kalamazoo-Portage  MI ,23,23,8579,0,0,0,0,0,0,0,0,0,16,16,4927,0,0,0,0,0,0,0,0,0
202310,312,28140,C,Kansas City  MO-KS ,357,357,117965,3,6,1138,3,10,3144,0,0,0,313,313,103339,3,6,1138,3,10,3144,0,0,0
202310,312,29940,C,Lawrence  KS ,12,12,4756,0,0,0,0,0,0,1,12,1587,3,3,1400,0,0,0,0,0,0,0,0,0
202310,312,41140,C,St. Joseph  MO-KS ,11,11,2904,0,0,0,0,0,0,0,0,0,5,5,1415,0,0,0,0,0,0,0,0,0
202310,313,28420,C,Kennewick-Richland  WA ,87,87,30193,1,2,610,1,3,866,1,12,1335,51,51,19156,0,0,0,0,0,0,0,0,0
202310,313,47460,C,Walla Walla  WA ,7,7,3464,0,0,0,0,0,0,0,0,0,5,5,3022,0,0,0,0,0,0,0,0,0
202310,315,28940,C,Knoxville  TN ,404,404,106629,1,2,518,2,7,1001,4,65,7450,344,344,92236,0,0,0,2,7,1001,0,0,0
202310,315,34100,C,Morristown  TN ,58,58,15693,0,0,0,12,47,6222,0,0,0,38,38,12264,0,0,0,11,44,5900,0,0,0
202310,316,29020,C,Kokomo  IN ,22,22,6627,0,0,0,0,0,0,0,0,0,20,20,6010,0,0,0,0,0,0,0,0,0
202310,318,29180,C,Lafayette  LA ,161,161,39820,0,0,0,0,0,0,0,0,0,112,112,28860,0,0,0,0,0,0,0,0,0
202310,320,29200,C,Lafayette-West Lafayette  IN ,43,43,13218,0,0,0,0,0,0,3,237,32082,5,5,1891,0,0,0,0,0,0,1,194,27040
202310,324,29340,C,Lake Charles  LA ,53,53,11368,0,0,0,0,0,0,0,0,0,50,50,10636,0,0,0,0,0,0,0,0,0
202310,332,29820,C,Las Vegas-Henderson-Paradise  NV ,597,597,178026,0,0,0,2,6,1189,20,632,69376,596,596,177577,0,0,0,2,6,1189,20,632,69376
202310,336,30460,C,Lexington-Fayette  KY ,141,141,34197,0,0,0,1,3,440,6,109,9442,75,75,19232,0,0,0,0,0,0,4,32,1800
202310,338,30620,C,Lima  OH ,8,8,2359,0,0,0,0,0,0,0,0,0,2,2,550,0,0,0,0,0,0,0,0,0
202310,339,30700,C,Lincoln  NE ,78,78,27064,0,0,0,0,0,0,10,403,69439,74,74,25804,0,0,0,0,0,0,10,403,69439
202310,340,30780,C,Little Rock-North Little Rock-Conway  AR ,128,128,35908,4,8,933,0,0,0,2,12,2000,123,123,35060,3,6,759,0,0,0,2,12,2000
202310,340,38220,C,Pine Bluff  AR ,6,6,992,1,2,210,0,0,0,2,24,8615,4,4,612,1,2,210,0,0,0,2,24,8615
202310,348,31080,C,Los Angeles-Long Beach-Anaheim  CA ,849,849,225159,64,128,26404,12,37,10231,32,616,80638,627,627,166371,60,120,24273,10,31,9476,17,415,43206
202310,348,37100,C,Oxnard-Thousand Oaks-Ventura  CA ,34,34,11395,0,0,0,2,6,1798,8,440,79608,13,13,4094,0,0,0,2,6,1798,6,412,76621
202310,348,40140,C,Riverside-San Bernardino-Ontario  CA ,922,922,262078,6,12,1534,4,14,2259,12,247,45183,565,565,160614,1,2,438,2,8,1471,8,215,40549
202310,350,21060,C,Elizabethtown-Fort Knox  KY ,33,33,8751,5,10,880,0,0,0,3,303,43544,33,33,8751,5,10,880,0,0,0,3,303,43544
202310,350,31140,C,Louisville-Jefferson County  KY-IN ,237,237,72710,3,6,847,2,7,834,10,499,46943,196,196,58983,3,6,847,2,7,834,9,493,46043
202310,352,31180,C,Lubbock  TX ,131,131,35634,1,2,354,1,3,434,13,250,37657,108,108,29273,1,2,354,0,0,0,13,250,37657
202310,356,31420,C,Macon-Bibb County  GA ,65,65,16694,0,0,0,0,0,0,4,20,3433,27,27,6449,0,0,0,0,0,0,4,20,3433
202310,356,47580,C,Warner Robins  GA ,143,143,55076,0,0,0,0,0,0,7,252,28194,117,117,49556,0,0,0,0,0,0,7,252,28194
202310,357,27500,C,Janesville-Beloit  WI ,16,16,4674,2,4,960,0,0,0,0,0,0,9,9,2492,2,4,960,0,0,0,0,0,0
202310,357,31540,C,Madison  WI ,144,144,67844,10,20,6489,0,0,0,10,209,36225,129,129,62681,8,16,5439,0,0,0,10,209,36225
202310,359,31860,C,Mankato  MN ,12,12,4367,1,2,421,0,0,0,2,20,2989,4,4,1496,0,0,0,0,0,0,0,0,0
202310,360,31900,C,Mansfield  OH ,9,9,3012,1,2,244,0,0,0,0,0,0,6,6,2061,0,0,0,0,0,0,0,0,0
202310,365,32580,C,McAllen-Edinburg-Mission  TX ,312,312,75301,18,36,2111,32,128,10243,10,110,8450,269,269,66881,15,30,1663,27,108,7704,10,110,8450
202310,366,24420,C,Grants Pass  OR ,20,20,5466,1,2,283,0,0,0,1,5,483,14,14,3880,0,0,0,0,0,0,0,0,0
202310,366,32780,C,Medford  OR ,68,68,22259,0,0,0,2,7,792,4,34,5077,56,56,19266,0,0,0,1,4,600,2,24,3715
202310,368,32820,C,Memphis  TN-MS-AR ,312,312,89423,0,0,0,0,0,0,2,121,12910,268,268,79959,0,0,0,0,0,0,2,121,12910
202310,370,33100,C,Miami-Fort Lauderdale-Pompano Beach  FL ,512,512,191641,17,34,8977,4,15,2774,19,922,184552,408,408,134865,17,34,8977,4,15,2774,9,709,149651
202310,370,38940,C,Port St. Lucie  FL ,460,460,134742,0,0,0,0,0,0,4,23,5630,460,460,134742,0,0,0,0,0,0,4,23,5630
202310,370,42680,C,Sebastian-Vero Beach  FL ,55,55,31822,7,14,3100,0,0,0,1,5,3700,54,54,30088,7,14,3100,0,0,0,1,5,3700
202310,372,33260,C,Midland  TX ,52,52,12662,0,0,0,0,0,0,0,0,0,3,3,876,0,0,0,0,0,0,0,0,0
202310,372,36220,C,Odessa  TX ,73,73,18704,0,0,0,0,0,0,0,0,0,0,0,0,0,0,0,0,0,0,0,0,0
202310,376,33340,C,Milwaukee-Waukesha  WI ,134,134,59603,5,10,2841,0,0,0,3,87,12277,105,105,49080,4,8,2417,0,0,0,2,82,11146
202310,376,39540,C,Racine  WI ,16,16,8326,0,0,0,0,0,0,0,0,0,14,14,7799,0,0,0,0,0,0,0,0,0
202310,378,33460,C,Minneapolis-St. Paul-Bloomington  MN-WI ,764,764,282491,13,26,7310,8,26,5922,13,150,38924,686,686,255675,11,22,6510,6,20,4468,3,71,23386
202310,378,41060,C,St. Cloud  MN ,25,25,7988,0,0,0,0,0,0,0,0,0,19,19,6059,0,0,0,0,0,0,0,0,0
202310,380,19300,C,Daphne-Fairhope-Foley  AL ,201,201,78845,0,0,0,0,0,0,0,0,0,139,139,65160,0,0,0,0,0,0,0,0,0
202310,380,33660,C,Mobile  AL ,73,73,19670,0,0,0,0,0,0,0,0,0,71,71,19276,0,0,0,0,0,0,0,0,0
202310,384,33740,C,Monroe  LA ,27,27,6832,10,20,1089,0,0,0,0,0,0,0,0,0,9,18,810,0,0,0,0,0,0
202310,388,33860,C,Montgomery  AL ,50,50,13899,0,0,0,0,0,0,0,0,0,50,50,13899,0,0,0,0,0,0,0,0,0
202310,390,34060,C,Morgantown  WV ,0,0,0,0,0,0,0,0,0,0,0,0,0,0,0,0,0,0,0,0,0,0,0,0
202310,396,34820,C,Myrtle Beach-Conway-North Myrtle Beach  SC-NC ,954,954,224214,0,0,0,0,0,0,2,40,5473,741,741,161398,0,0,0,0,0,0,1,34,5173
202310,400,34980,C,Nashville-Davidson--Murfreesboro--Franklin  TN ,1169,1169,405937,3,6,1579,0,0,0,13,617,95492,935,935,355521,2,4,1400,0,0,0,12,612,94869
202310,404,35100,C,New Bern  NC ,55,55,14882,0,0,0,0,0,0,0,0,0,42,42,11362,0,0,0,0,0,0,0,0,0
202310,406,25220,C,Hammond  LA ,72,72,14151,1,2,300,0,0,0,1,40,3728,0,0,0,0,0,0,0,0,0,0,0,0
202310,406,35380,C,New Orleans-Metairie  LA ,172,172,57301,19,38,4990,1,3,458,1,6,1879,74,74,25046,5,10,1174,0,0,0,0,0,0
202310,408,14860,C,Bridgeport-Stamford-Norwalk  CT ,47,47,37607,0,0,0,0,0,0,5,65,19895,36,36,22720,0,0,0,0,0,0,3,54,9551
202310,408,20700,C,East Stroudsburg  PA ,26,26,11581,0,0,0,0,0,0,0,0,0,21,21,10281,0,0,0,0,0,0,0,0,0
202310,408,28740,C,Kingston  NY ,21,21,5526,1,2,375,0,0,0,0,0,0,10,10,2613,1,2,375,0,0,0,0,0,0
202310,408,35300,C,New Haven-Milford  CT ,37,37,10271,0,0,0,0,0,0,2,13,1136,13,13,4170,0,0,0,0,0,0,0,0,0
202310,408,35620,C,New York-Newark-Jersey City  NY-NJ-PA ,1007,1007,312336,87,174,15894,14,44,4774,84,1880,273520,678,678,201281,65,130,10172,5,17,1042,21,984,129269
202310,408,39100,C,Poughkeepsie-Newburgh-Middletown  NY ,62,62,24191,0,0,0,1,3,720,9,127,17518,21,21,7279,0,0,0,0,0,0,5,107,15040
202310,408,45940,C,Trenton-Princeton  NJ ,44,44,12484,0,0,0,0,0,0,31,164,11641,42,42,12167,0,0,0,0,0,0,29,145,10336
202310,412,35840,C,North Port-Sarasota-Bradenton  FL ,922,922,292529,16,32,5167,3,12,2302,8,118,152750,870,870,277348,1,2,40,3,12,2302,7,113,151913
202310,412,39460,C,Punta Gorda  FL ,386,386,115640,13,26,4652,6,24,6912,0,0,0,377,377,111063,12,24,4227,6,24,6912,0,0,0
202310,416,36420,C,Oklahoma City  OK ,411,411,124261,36,72,15042,5,15,2140,0,0,0,357,357,109222,34,68,14639,5,15,2140,0,0,0
202310,420,36540,C,Omaha-Council Bluffs  NE-IA ,355,355,67811,1,2,183,2,6,1539,22,323,13939,347,347,65267,1,2,183,1,3,789,22,323,13939
202310,422,19660,C,Deltona-Daytona Beach-Ormond Beach  FL ,449,449,167974,9,18,3717,2,6,1166,4,263,33277,371,371,142217,9,18,3717,2,6,1166,3,245,31387
202310,422,29460,C,Lakeland-Winter Haven  FL ,812,812,257288,5,10,1611,0,0,0,9,167,31905,740,740,240059,5,10,1611,0,0,0,9,167,31905
202310,422,36740,C,Orlando-Kissimmee-Sanford  FL ,1517,1517,415816,1,2,355,0,0,0,12,291,33762,1354,1354,366632,1,2,355,0,0,0,9,224,28584
202310,422,45540,C,The Villages  FL ,281,281,71811,0,0,0,0,0,0,0,0,0,280,280,71621,0,0,0,0,0,0,0,0,0
202310,425,37620,C,Parkersburg-Vienna  WV ,8,8,1103,0,0,0,0,0,0,0,0,0,7,7,951,0,0,0,0,0,0,0,0,0
202310,426,37860,C,Pensacola-Ferry Pass-Brent  FL ,310,310,88507,0,0,0,1,3,150,1,5,150,310,310,88507,0,0,0,1,3,150,1,5,150
202310,428,12100,C,Atlantic City-Hammonton  NJ ,35,35,11449,1,2,380,0,0,0,1,7,872,29,29,9044,1,2,380,0,0,0,0,0,0
202310,428,20100,C,Dover  DE ,110,110,17829,0,0,0,0,0,0,0,0,0,110,110,17829,0,0,0,0,0,0,0,0,0
202310,428,36140,C,Ocean City  NJ ,54,54,29083,6,12,7543,6,20,1933,0,0,0,49,49,27844,6,12,7543,6,20,1933,0,0,0
202310,428,37980,C,Philadelphia-Camden-Wilmington  PA-NJ-DE-MD ,645,645,145075,15,30,3635,7,21,2606,24,938,108332,307,307,71531,13,26,3024,4,12,1613,17,882,101681
202310,428,39740,C,Reading  PA ,27,27,7573,1,2,180,0,0,0,0,0,0,3,3,1101,1,2,180,0,0,0,0,0,0
202310,428,47220,C,Vineland-Bridgeton  NJ ,9,9,1492,0,0,0,0,0,0,0,0,0,9,9,1492,0,0,0,0,0,0,0,0,0
202310,429,38060,C,Phoenix-Mesa-Chandler  AZ ,2375,2375,659041,96,192,22617,2,6,1674,22,1382,112103,2124,2124,586686,90,180,20486,2,6,1674,20,1240,87963
202310,430,38300,C,Pittsburgh  PA ,273,273,94758,0,0,0,2,7,1369,4,133,14367,166,166,61656,0,0,0,1,4,910,1,5,926
202310,430,48260,C,Weirton-Steubenville  WV-OH ,0,0,0,0,0,0,0,0,0,0,0,0,0,0,0,0,0,0,0,0,0,0,0,0
202310,438,30340,C,Lewiston-Auburn  ME ,20,20,4881,0,0,0,0,0,0,2,21,4000,9,9,2018,0,0,0,0,0,0,2,21,4000
202310,438,38860,C,Portland-South Portland  ME ,164,164,59491,5,10,1607,1,3,433,4,35,2589,87,87,38275,2,4,675,0,0,0,1,7,1221
202310,440,10540,C,Albany-Lebanon  OR ,26,26,7378,0,0,0,0,0,0,0,0,0,25,25,7092,0,0,0,0,0,0,0,0,0
202310,440,18700,C,Corvallis  OR ,10,10,4208,0,0,0,0,0,0,0,0,0,10,10,4208,0,0,0,0,0,0,0,0,0
202310,440,31020,C,Longview  WA ,21,21,10567,0,0,0,0,0,0,0,0,0,20,20,10368,0,0,0,0,0,0,0,0,0
202310,440,38900,C,Portland-Vancouver-Hillsboro  OR-WA ,520,520,213363,1,2,675,0,0,0,6,170,32771,409,409,146402,1,2,675,0,0,0,3,98,21128
202310,440,41420,C,Salem  OR ,60,60,15717,0,0,0,0,0,0,7,161,25478,52,52,13366,0,0,0,0,0,0,6,149,23988
202310,444,39380,C,Pueblo  CO ,16,16,2966,0,0,0,0,0,0,0,0,0,16,16,2966,0,0,0,0,0,0,0,0,0
202310,450,20500,C,Durham-Chapel Hill  NC ,236,236,97291,3,6,840,1,3,707,5,356,68103,89,89,46272,0,0,0,0,0,0,1,150,31500
202310,450,39580,C,Raleigh-Cary  NC ,952,952,277996,2,4,588,0,0,0,14,1193,162681,919,919,272413,2,4,588,0,0,0,14,1193,162681
202310,452,39660,C,Rapid City  SD ,36,36,14007,2,4,640,0,0,0,1,59,6000,33,33,12981,2,4,640,0,0,0,1,59,6000
202310,454,39820,C,Redding  CA ,22,22,8878,0,0,0,0,0,0,0,0,0,12,12,6105,0,0,0,0,0,0,0,0,0
202310,456,16180,C,Carson City  NV ,13,13,3431,0,0,0,0,0,0,1,6,599,0,0,0,0,0,0,0,0,0,0,0,0
202310,456,39900,C,Reno  NV ,186,186,50711,4,8,1082,1,4,527,8,165,20232,51,51,12533,2,4,664,0,0,0,1,15,1181
202310,462,40340,C,Rochester  MN ,57,57,18174,0,0,0,0,0,0,1,51,12279,44,44,14819,0,0,0,0,0,0,1,51,12279
202310,464,40380,C,Rochester  NY ,93,93,29903,0,0,0,5,15,2130,7,49,5464,62,62,21768,0,0,0,4,12,1600,3,20,2330
202310,466,40420,C,Rockford  IL ,18,18,5694,0,0,0,0,0,0,0,0,0,17,17,5594,0,0,0,0,0,0,0,0,0
202310,468,40580,C,Rocky Mount  NC ,34,34,5457,0,0,0,0,0,0,0,0,0,7,7,925,0,0,0,0,0,0,0,0,0
202310,472,40900,C,Sacramento-Roseville-Folsom  CA ,742,742,231651,3,6,1377,0,0,0,4,42,5190,728,728,227456,3,6,1377,0,0,0,4,42,5190
202310,472,49700,C,Yuba City  CA ,39,39,13089,0,0,0,0,0,0,0,0,0,35,35,11249,0,0,0,0,0,0,0,0,0
202310,474,13020,C,Bay City  MI ,5,5,1141,0,0,0,0,0,0,0,0,0,0,0,0,0,0,0,0,0,0,0,0,0
202310,474,33220,C,Midland  MI ,6,6,1718,0,0,0,0,0,0,0,0,0,2,2,460,0,0,0,0,0,0,0,0,0
202310,474,40980,C,Saginaw  MI ,10,10,2658,4,8,1466,0,0,0,0,0,0,4,4,1102,4,8,1466,0,0,0,0,0,0
202310,476,41180,C,St. Louis  MO-IL ,403,403,149470,3,6,440,3,12,2163,8,129,17956,338,338,132041,0,0,0,3,12,2163,4,52,7664
202310,480,41540,C,Salisbury  MD-DE ,398,398,66179,0,0,0,0,0,0,3,46,5420,397,397,66042,0,0,0,0,0,0,3,46,5420
202310,482,36260,C,Ogden-Clearfield  UT ,146,146,45607,0,0,0,3,12,2337,11,89,13128,98,98,31108,0,0,0,2,8,1584,9,53,7635
202310,482,39340,C,Provo-Orem  UT ,392,392,128160,1,2,508,5,20,3679,8,71,16337,386,386,122778,1,2,508,5,20,3679,8,71,16337
202310,482,41620,C,Salt Lake City  UT ,218,218,62973,4,8,1490,3,11,1880,9,263,38868,152,152,49753,2,4,1216,2,8,1256,4,25,5957
202310,484,41700,C,San Antonio-New Braunfels  TX ,994,994,278084,0,0,0,0,0,0,43,801,186439,890,890,252023,0,0,0,0,0,0,38,626,167782
202310,488,32900,C,Merced  CA ,12,12,3590,0,0,0,0,0,0,0,0,0,0,0,0,0,0,0,0,0,0,0,0,0
202310,488,33700,C,Modesto  CA ,56,56,11714,1,2,442,0,0,0,0,0,0,51,51,11200,1,2,442,0,0,0,0,0,0
202310,488,34900,C,Napa  CA ,53,53,28657,0,0,0,0,0,0,0,0,0,53,53,28657,0,0,0,0,0,0,0,0,0
202310,488,41860,C,San Francisco-Oakland-Berkeley  CA ,248,248,84476,3,6,1168,0,0,0,10,886,315413,176,176,56934,2,4,594,0,0,0,6,823,305328
202310,488,41940,C,San Jose-Sunnyvale-Santa Clara  CA ,145,145,50711,0,0,0,0,0,0,6,117,20118,103,103,35983,0,0,0,0,0,0,0,0,0
202310,488,42100,C,Santa Cruz-Watsonville  CA ,22,22,5497,1,2,950,1,3,1352,2,10,1025,9,9,2786,0,0,0,0,0,0,0,0,0
202310,488,42220,C,Santa Rosa-Petaluma  CA ,85,85,23274,0,0,0,0,0,0,2,22,5933,71,71,20495,0,0,0,0,0,0,1,17,5100
202310,488,44700,C,Stockton  CA ,160,160,48561,0,0,0,0,0,0,0,0,0,160,160,48561,0,0,0,0,0,0,0,0,0
202310,488,46700,C,Vallejo  CA ,117,117,31647,0,0,0,0,0,0,0,0,0,116,116,31361,0,0,0,0,0,0,0,0,0
202310,496,25980,C,Hinesville  GA ,47,47,12555,0,0,0,0,0,0,0,0,0,22,22,6619,0,0,0,0,0,0,0,0,0
202310,496,42340,C,Savannah  GA ,223,223,43648,1,2,113,0,0,0,5,27,4031,186,186,34064,0,0,0,0,0,0,5,27,4031
202310,500,14740,C,Bremerton-Silverdale-Port Orchard  WA ,100,100,35581,0,0,0,0,0,0,1,42,6177,100,100,35581,0,0,0,0,0,0,1,42,6177
202310,500,34580,C,Mount Vernon-Anacortes  WA ,5,5,1401,0,0,0,0,0,0,1,16,1493,5,5,1401,0,0,0,0,0,0,0,0,0
202310,500,36500,C,Olympia-Lacey-Tumwater  WA ,30,30,8476,1,2,269,0,0,0,1,16,1701,26,26,7302,0,0,0,0,0,0,0,0,0
202310,500,42660,C,Seattle-Tacoma-Bellevue  WA ,584,584,229279,31,62,14452,13,49,11324,34,916,124579,540,540,213233,31,62,14452,13,49,11324,33,901,122791
202310,508,43340,C,Shreveport-Bossier City  LA ,84,84,21515,0,0,0,0,0,0,0,0,0,74,74,19082,0,0,0,0,0,0,0,0,0
202310,515,21140,C,Elkhart-Goshen  IN ,17,17,6922,0,0,0,2,8,2300,0,0,0,16,16,6635,0,0,0,2,8,2300,0,0,0
202310,515,35660,C,Niles  MI ,24,24,11111,0,0,0,0,0,0,0,0,0,14,14,7189,0,0,0,0,0,0,0,0,0
202310,515,43780,C,South Bend-Mishawaka  IN-MI ,21,21,9787,2,4,1000,0,0,0,0,0,0,15,15,6485,2,4,1000,0,0,0,0,0,0
202310,518,17660,C,Coeur dAlene  ID ,236,236,79342,1,2,563,0,0,0,1,15,1627,213,213,73024,1,2,563,0,0,0,0,0,0
202310,518,44060,C,Spokane-Spokane Valley  WA ,173,173,52627,21,42,9744,0,0,0,6,152,16448,103,103,35022,21,42,9744,0,0,0,4,107,12500
202310,522,44100,C,Springfield  IL ,19,19,4705,5,10,1072,0,0,0,0,0,0,12,12,2215,4,8,730,0,0,0,0,0,0
202310,524,44300,C,State College  PA ,28,28,8072,0,0,0,0,0,0,0,0,0,21,21,5393,0,0,0,0,0,0,0,0,0
202310,532,45060,C,Syracuse  NY ,46,46,13639,0,0,0,0,0,0,1,5,622,26,26,9128,0,0,0,0,0,0,0,0,0
202310,534,45780,C,Toledo  OH ,56,56,20267,0,0,0,0,0,0,3,21,1193,23,23,6940,0,0,0,0,0,0,2,16,900
202310,536,46060,C,Tucson  AZ ,333,333,115230,2,4,475,0,0,0,7,88,12789,260,260,96622,0,0,0,0,0,0,4,32,4386
202310,538,46140,C,Tulsa  OK ,321,321,82383,5,10,1955,0,0,0,1,10,769,252,252,64602,5,10,1955,0,0,0,0,0,0
202310,540,46340,C,Tyler  TX ,53,53,15431,2,4,588,0,0,0,0,0,0,51,51,14919,2,4,588,0,0,0,0,0,0
202310,544,47020,C,Victoria  TX ,2,2,571,0,0,0,0,0,0,0,0,0,2,2,571,0,0,0,0,0,0,0,0,0
202310,545,47260,C,Virginia Beach-Norfolk-Newport News  VA-NC ,304,304,91140,2,4,600,0,0,0,1,6,1250,258,258,78036,2,4,600,0,0,0,1,6,1250
202310,548,12580,C,Baltimore-Columbia-Towson  MD ,343,343,97636,0,0,0,0,0,0,2,117,13823,327,327,94137,0,0,0,0,0,0,1,12,504
202310,548,15680,C,California-Lexington Park  MD ,40,40,14929,0,0,0,0,0,0,0,0,0,40,40,14929,0,0,0,0,0,0,0,0,0
202310,548,16540,C,Chambersburg-Waynesboro  PA ,29,29,8403,5,10,1860,0,0,0,0,0,0,25,25,7504,5,10,1860,0,0,0,0,0,0
202310,548,25180,C,Hagerstown-Martinsburg  MD-WV ,133,133,28637,3,6,1495,0,0,0,0,0,0,127,127,27437,3,6,1495,0,0,0,0,0,0
202310,548,47900,C,Washington-Arlington-Alexandria  DC-VA-MD-WV ,754,754,241361,10,20,4267,5,20,4220,20,1054,215487,729,729,230470,10,20,4267,5,20,4220,18,1032,212559
202310,548,49020,C,Winchester  VA-WV ,95,95,20986,0,0,0,0,0,0,0,0,0,95,95,20986,0,0,0,0,0,0,0,0,0
202310,554,48140,C,Wausau-Weston  WI ,38,38,12183,2,4,655,0,0,0,0,0,0,26,26,8692,2,4,655,0,0,0,0,0,0
202310,556,48620,C,Wichita  KS ,129,129,47390,27,54,6220,0,0,0,0,0,0,31,31,11946,5,10,1280,0,0,0,0,0,0
202310,558,48700,C,Williamsport  PA ,6,6,1536,0,0,0,0,0,0,1,5,613,0,0,0,0,0,0,0,0,0,0,0,0
202310,566,49660,C,Youngstown-Warren-Boardman  OH-PA ,31,31,9796,0,0,0,0,0,0,0,0,0,23,23,7301,0,0,0,0,0,0,0,0,0
202310,999,10180,C,Abilene  TX ,20,20,5432,1,2,230,0,0,0,0,0,0,19,19,5179,1,2,230,0,0,0,0,0,0
202310,999,10500,C,Albany  GA ,13,13,1377,0,0,0,0,0,0,0,0,0,9,9,428,0,0,0,0,0,0,0,0,0
202310,999,10780,C,Alexandria  LA ,26,26,6466,2,4,290,0,0,0,0,0,0,0,0,0,0,0,0,0,0,0,0,0,0
202310,999,10900,C,Allentown-Bethlehem-Easton  PA-NJ ,118,118,29505,1,2,61,0,0,0,2,14,2303,72,72,18221,0,0,0,0,0,0,0,0,0
202310,999,11260,C,Anchorage  AK ,15,15,6814,2,4,826,0,0,0,0,0,0,5,5,1436,2,4,826,0,0,0,0,0,0
202310,999,11500,C,Anniston-Oxford  AL ,1,1,385,0,0,0,0,0,0,0,0,0,1,1,385,0,0,0,0,0,0,0,0,0
202310,999,12260,C,Augusta-Richmond County  GA-SC ,274,274,69646,0,0,0,0,0,0,0,0,0,101,101,27751,0,0,0,0,0,0,0,0,0
202310,999,12420,C,Austin-Round Rock-Georgetown  TX ,1490,1490,415328,6,12,1816,5,18,2652,39,2741,203663,1021,1021,305200,3,6,691,3,12,1562,36,2697,198943
202310,999,12540,C,Bakersfield  CA ,184,184,48223,0,0,0,0,0,0,7,70,10031,15,15,4257,0,0,0,0,0,0,5,60,8897
202310,999,12620,C,Bangor  ME ,19,19,4133,0,0,0,0,0,0,0,0,0,6,6,1521,0,0,0,0,0,0,0,0,0
202310,999,12940,C,Baton Rouge  LA ,266,266,63230,0,0,0,0,0,0,1,18,2025,40,40,9268,0,0,0,0,0,0,0,0,0
202310,999,13140,C,Beaumont-Port Arthur  TX ,77,77,20666,0,0,0,1,4,450,0,0,0,54,54,15468,0,0,0,1,4,450,0,0,0
202310,999,13220,C,Beckley  WV ,3,3,555,0,0,0,0,0,0,0,0,0,1,1,150,0,0,0,0,0,0,0,0,0
202310,999,13380,C,Bellingham  WA ,50,50,14178,0,0,0,0,0,0,2,22,2955,11,11,1939,0,0,0,0,0,0,2,22,2955
202310,999,13740,C,Billings  MT ,38,38,12658,0,0,0,0,0,0,0,0,0,36,36,12429,0,0,0,0,0,0,0,0,0
202310,999,13780,C,Binghamton  NY ,11,11,2074,0,0,0,0,0,0,3,21,2173,1,1,130,0,0,0,0,0,0,0,0,0
202310,999,13900,C,Bismarck  ND ,32,32,14107,5,10,1210,0,0,0,0,0,0,27,27,12568,5,10,1210,0,0,0,0,0,0
202310,999,13980,C,Blacksburg-Christiansburg  VA ,24,24,6461,0,0,0,0,0,0,0,0,0,23,23,6261,0,0,0,0,0,0,0,0,0
202310,999,15260,C,Brunswick  GA ,72,72,24295,4,8,964,1,4,956,1,37,4437,5,5,1000,0,0,0,0,0,0,0,0,0
202310,999,16060,C,Carbondale-Marion  IL ,3,3,479,0,0,0,2,6,469,0,0,0,0,0,0,0,0,0,0,0,0,0,0,0
202310,999,16220,C,Casper  WY ,9,9,3531,0,0,0,0,0,0,0,0,0,6,6,3079,0,0,0,0,0,0,0,0,0
202310,999,16580,C,Champaign-Urbana  IL ,12,12,4015,0,0,0,0,0,0,1,29,5400,12,12,4015,0,0,0,0,0,0,1,29,5400
202310,999,16700,C,Charleston-North Charleston  SC ,522,522,187620,0,0,0,0,0,0,8,192,19671,258,258,119654,0,0,0,0,0,0,1,8,2527
202310,999,16820,C,Charlottesville  VA ,76,76,27030,0,0,0,1,3,238,2,24,2314,16,16,4010,0,0,0,0,0,0,0,0,0
202310,999,16940,C,Cheyenne  WY ,13,13,3259,3,6,862,5,18,2069,0,0,0,12,12,3126,3,6,862,5,18,2069,0,0,0
202310,999,17020,C,Chico  CA ,78,78,15373,0,0,0,0,0,0,0,0,0,57,57,11662,0,0,0,0,0,0,0,0,0
202310,999,17300,C,Clarksville  TN-KY ,127,127,28710,5,10,1227,0,0,0,7,103,12447,124,124,28208,4,8,1010,0,0,0,7,103,12447
202310,999,17780,C,College Station-Bryan  TX ,79,79,23229,0,0,0,0,0,0,0,0,0,79,79,23229,0,0,0,0,0,0,0,0,0
202310,999,17820,C,Colorado Springs  CO ,213,213,121641,16,32,4861,0,0,0,7,77,13516,206,206,119852,16,32,4861,0,0,0,7,77,13516
202310,999,18880,C,Crestview-Fort Walton Beach-Destin  FL ,217,217,122357,0,0,0,0,0,0,7,49,56905,217,217,122357,0,0,0,0,0,0,7,49,56905
202310,999,19060,C,Cumberland  MD-WV ,4,4,911,0,0,0,0,0,0,0,0,0,4,4,911,0,0,0,0,0,0,0,0,0
202310,999,19180,C,Danville  IL ,0,0,0,0,0,0,0,0,0,0,0,0,0,0,0,0,0,0,0,0,0,0,0,0
202310,999,19500,C,Decatur  IL ,4,4,1317,0,0,0,0,0,0,0,0,0,4,4,1317,0,0,0,0,0,0,0,0,0
202310,999,20220,C,Dubuque  IA ,11,11,6925,1,2,560,0,0,0,0,0,0,11,11,6925,1,2,560,0,0,0,0,0,0
202310,999,20260,C,Duluth  MN-WI ,67,67,21307,3,6,1425,0,0,0,0,0,0,54,54,17581,3,6,1425,0,0,0,0,0,0
202310,999,20940,C,El Centro  CA ,20,20,3024,0,0,0,0,0,0,1,7,1149,7,7,776,0,0,0,0,0,0,0,0,0
202310,999,21420,C,Enid  OK ,2,2,850,0,0,0,0,0,0,0,0,0,2,2,850,0,0,0,0,0,0,0,0,0
202310,999,21660,C,Eugene-Springfield  OR ,49,49,15296,1,2,273,0,0,0,0,0,0,33,33,10717,0,0,0,0,0,0,0,0,0
202310,999,21780,C,Evansville  IN-KY ,57,57,19350,4,8,1014,0,0,0,1,8,453,17,17,7601,0,0,0,0,0,0,0,0,0
202310,999,21820,C,Fairbanks  AK ,11,11,3729,0,0,0,0,0,0,1,11,839,11,11,3729,0,0,0,0,0,0,1,11,839
202310,999,22140,C,Farmington  NM ,6,6,1643,0,0,0,0,0,0,0,0,0,6,6,1643,0,0,0,0,0,0,0,0,0
202310,999,22220,C,Fayetteville-Springdale-Rogers  AR-MO ,453,453,134609,12,24,6333,0,0,0,11,183,25653,292,292,88282,9,18,4463,0,0,0,7,139,20303
202310,999,22380,C,Flagstaff  AZ ,24,24,13461,0,0,0,0,0,0,1,20,4552,14,14,8150,0,0,0,0,0,0,0,0,0
202310,999,22500,C,Florence  SC ,32,32,7767,0,0,0,0,0,0,0,0,0,21,21,5194,0,0,0,0,0,0,0,0,0
202310,999,22520,C,Florence-Muscle Shoals  AL ,20,20,2502,0,0,0,0,0,0,0,0,0,11,11,1490,0,0,0,0,0,0,0,0,0
202310,999,22540,C,Fond du Lac  WI ,12,12,4130,0,0,0,0,0,0,0,0,0,0,0,0,0,0,0,0,0,0,0,0,0
202310,999,22660,C,Fort Collins  CO ,120,120,44673,0,0,0,1,4,960,7,137,24736,120,120,44673,0,0,0,1,4,960,7,137,24736
202310,999,22900,C,Fort Smith  AR-OK ,39,39,8621,16,32,3742,2,6,1130,0,0,0,28,28,6739,15,30,3579,0,0,0,0,0,0
202310,999,23460,C,Gadsden  AL ,9,9,1693,0,0,0,0,0,0,0,0,0,4,4,880,0,0,0,0,0,0,0,0,0
202310,999,24140,C,Goldsboro  NC ,50,50,11080,0,0,0,0,0,0,1,5,365,43,43,7876,0,0,0,0,0,0,0,0,0
202310,999,24220,C,Grand Forks  ND-MN ,16,16,5336,0,0,0,0,0,0,0,0,0,15,15,4883,0,0,0,0,0,0,0,0,0
202310,999,24260,C,Grand Island  NE ,7,7,1571,22,44,4459,0,0,0,0,0,0,2,2,340,22,44,4459,0,0,0,0,0,0
202310,999,24300,C,Grand Junction  CO ,63,63,9669,0,0,0,0,0,0,1,40,1956,63,63,9669,0,0,0,0,0,0,1,40,1956
202310,999,24500,C,Great Falls  MT ,13,13,5442,0,0,0,0,0,0,0,0,0,13,13,5442,0,0,0,0,0,0,0,0,0
202310,999,25060,C,Gulfport-Biloxi  MS ,236,236,34627,0,0,0,0,0,0,0,0,0,123,123,24003,0,0,0,0,0,0,0,0,0
202310,999,25860,C,Hickory-Lenoir-Morganton  NC ,158,158,32079,5,10,1845,0,0,0,4,111,19083,123,123,25055,4,8,1485,0,0,0,2,96,18033
202310,999,25940,C,Hilton Head Island-Bluffton  SC ,231,231,97881,0,0,0,0,0,0,1,16,2083,157,157,63789,0,0,0,0,0,0,0,0,0
202310,999,26140,C,Homosassa Springs  FL ,137,137,36038,1,2,509,0,0,0,0,0,0,4,4,655,0,0,0,0,0,0,0,0,0
202310,999,26380,C,Houma-Thibodaux  LA ,56,56,10061,0,0,0,0,0,0,0,0,0,56,56,10061,0,0,0,0,0,0,0,0,0
202310,999,27100,C,Jackson  MI ,13,13,3509,0,0,0,0,0,0,0,0,0,4,4,1196,0,0,0,0,0,0,0,0,0
202310,999,27340,C,Jacksonville  NC ,106,106,26331,4,8,506,0,0,0,10,240,19181,106,106,26331,4,8,506,0,0,0,10,240,19181
202310,999,27620,C,Jefferson City  MO ,23,23,3880,0,0,0,0,0,0,0,0,0,21,21,3491,0,0,0,0,0,0,0,0,0
202310,999,27980,C,Kahului-Wailuku-Lahaina  HI ,73,73,37334,0,0,0,0,0,0,0,0,0,73,73,37334,0,0,0,0,0,0,0,0,0
202310,999,28660,C,Killeen-Temple  TX ,234,234,54664,15,30,4195,0,0,0,3,48,6975,132,132,28934,10,20,3070,0,0,0,0,0,0
202310,999,29100,C,La Crosse-Onalaska  WI-MN ,26,26,10002,5,10,2471,0,0,0,0,0,0,25,25,9619,2,4,1280,0,0,0,0,0,0
202310,999,29420,C,Lake Havasu City-Kingman  AZ ,214,214,47107,3,6,686,0,0,0,0,0,0,212,212,46815,3,6,686,0,0,0,0,0,0
202310,999,29540,C,Lancaster  PA ,52,52,16676,0,0,0,0,0,0,5,450,96564,35,35,13734,0,0,0,0,0,0,4,445,96461
202310,999,29620,C,Lansing-East Lansing  MI ,48,48,14812,2,4,560,4,16,2901,6,39,6233,32,32,10302,1,2,220,4,16,2901,5,26,4790
202310,999,29700,C,Laredo  TX ,56,56,9030,0,0,0,0,0,0,0,0,0,56,56,9030,0,0,0,0,0,0,0,0,0
202310,999,30020,C,Lawton  OK ,10,10,1737,0,0,0,0,0,0,0,0,0,5,5,990,0,0,0,0,0,0,0,0,0
202310,999,30300,C,Lewiston  ID-WA ,10,10,2180,1,2,78,0,0,0,0,0,0,10,10,2180,1,2,78,0,0,0,0,0,0
202310,999,30860,C,Logan  UT-ID ,63,63,27768,0,0,0,1,4,856,0,0,0,57,57,26330,0,0,0,1,4,856,0,0,0
202310,999,30980,C,Longview  TX ,29,29,7218,2,4,460,2,7,863,2,20,1530,1,1,286,0,0,0,1,3,284,0,0,0
202310,999,31340,C,Lynchburg  VA ,75,75,21466,0,0,0,0,0,0,0,0,0,75,75,21466,0,0,0,0,0,0,0,0,0
202310,999,31740,C,Manhattan  KS ,18,18,5498,0,0,0,0,0,0,0,0,0,7,7,2008,0,0,0,0,0,0,0,0,0
202310,999,33540,C,Missoula  MT ,30,30,7283,0,0,0,0,0,0,1,24,4341,30,30,7283,0,0,0,0,0,0,1,24,4341
202310,999,36100,C,Ocala  FL ,421,421,117914,2,4,428,0,0,0,0,0,0,421,421,117914,2,4,428,0,0,0,0,0,0
202310,999,36980,C,Owensboro  KY ,19,19,2118,0,0,0,0,0,0,0,0,0,18,18,1916,0,0,0,0,0,0,0,0,0
202310,999,37340,C,Palm Bay-Melbourne-Titusville  FL ,358,358,144483,0,0,0,1,3,1519,0,0,0,344,344,140967,0,0,0,0,0,0,0,0,0
202310,999,37460,C,Panama City  FL ,157,157,56397,1,2,381,1,3,680,1,6,1139,5,5,1971,0,0,0,0,0,0,0,0,0
202310,999,37900,C,Peoria  IL ,20,20,5703,0,0,0,0,0,0,1,5,156,6,6,1475,0,0,0,0,0,0,0,0,0
202310,999,38340,C,Pittsfield  MA ,12,12,5531,1,2,341,0,0,0,0,0,0,0,0,0,0,0,0,0,0,0,0,0,0
202310,999,38540,C,Pocatello  ID ,20,20,4682,1,2,428,1,3,311,1,5,450,5,5,477,0,0,0,0,0,0,0,0,0
202310,999,39150,C,Prescott Valley-Prescott  AZ ,136,136,42270,5,10,1129,0,0,0,6,112,37453,77,77,22800,5,10,1129,0,0,0,5,106,37000
202310,999,40060,C,Richmond  VA ,402,402,104379,15,30,3817,0,0,0,15,1140,101598,388,388,101354,15,30,3817,0,0,0,14,1134,100985
202310,999,40220,C,Roanoke  VA ,36,36,10904,0,0,0,0,0,0,0,0,0,22,22,5614,0,0,0,0,0,0,0,0,0
202310,999,41100,C,St. George  UT ,195,195,40010,0,0,0,1,4,492,6,86,12849,186,186,36708,0,0,0,1,4,492,6,86,12849
202310,999,41500,C,Salinas  CA ,42,42,11634,0,0,0,0,0,0,0,0,0,36,36,9880,0,0,0,0,0,0,0,0,0
202310,999,41660,C,San Angelo  TX ,21,21,6015,0,0,0,0,0,0,0,0,0,21,21,6015,0,0,0,0,0,0,0,0,0
202310,999,41740,C,San Diego-Chula Vista-Carlsbad  CA ,314,314,101592,13,26,5382,4,12,1070,12,800,171198,304,304,98349,13,26,5382,4,12,1070,12,800,171198
202310,999,42020,C,San Luis Obispo-Paso Robles  CA ,41,41,13465,0,0,0,0,0,0,0,0,0,40,40,13145,0,0,0,0,0,0,0,0,0
202310,999,42200,C,Santa Maria-Santa Barbara  CA ,30,30,6320,0,0,0,0,0,0,1,43,4940,14,14,3319,0,0,0,0,0,0,0,0,0
202310,999,42540,C,Scranton--Wilkes-Barre  PA ,41,41,11170,0,0,0,1,3,300,0,0,0,10,10,3244,0,0,0,0,0,0,0,0,0
202310,999,42700,C,Sebring-Avon Park  FL ,67,67,14457,1,2,222,0,0,0,0,0,0,67,67,14457,1,2,222,0,0,0,0,0,0
202310,999,43100,C,Sheboygan  WI ,14,14,5354,2,4,958,0,0,0,0,0,0,6,6,2026,0,0,0,0,0,0,0,0,0
202310,999,43420,C,Sierra Vista-Douglas  AZ ,34,34,7221,0,0,0,0,0,0,0,0,0,26,26,5073,0,0,0,0,0,0,0,0,0
202310,999,43580,C,Sioux City  IA-NE-SD ,24,24,8390,0,0,0,2,7,275,1,36,1800,13,13,5279,0,0,0,1,4,275,1,36,1800
202310,999,43620,C,Sioux Falls  SD ,104,104,31513,2,4,648,3,9,638,4,20,2895,77,77,24041,2,4,648,0,0,0,2,10,1530
202310,999,44140,C,Springfield  MA ,49,49,14525,1,2,120,0,0,0,1,6,756,29,29,9301,1,2,120,0,0,0,0,0,0
202310,999,44180,C,Springfield  MO ,121,121,40391,0,0,0,1,4,550,0,0,0,88,88,29944,0,0,0,1,4,550,0,0,0
202310,999,44940,C,Sumter  SC ,33,33,6098,3,6,572,0,0,0,0,0,0,0,0,0,0,0,0,0,0,0,0,0,0
202310,999,45220,C,Tallahassee  FL ,158,158,26043,1,2,222,0,0,0,3,107,13688,85,85,11332,0,0,0,0,0,0,0,0,0
202310,999,45300,C,Tampa-St. Petersburg-Clearwater  FL ,1318,1318,386167,7,14,3019,13,52,2239,36,829,208567,769,769,256662,6,12,2739,13,52,2239,33,813,204346
202310,999,45460,C,Terre Haute  IN ,9,9,1203,1,2,140,0,0,0,0,0,0,5,5,490,1,2,140,0,0,0,0,0,0
202310,999,45500,C,Texarkana  TX-AR ,8,8,1924,0,0,0,0,0,0,0,0,0,7,7,1636,0,0,0,0,0,0,0,0,0
202310,999,45820,C,Topeka  KS ,40,40,9430,4,8,1200,0,0,0,0,0,0,27,27,7742,4,8,1200,0,0,0,0,0,0
202310,999,46220,C,Tuscaloosa  AL ,44,44,13575,0,0,0,2,6,915,1,18,2768,16,16,4718,0,0,0,0,0,0,0,0,0
202310,999,46300,C,Twin Falls  ID ,27,27,6332,1,2,597,0,0,0,1,9,950,27,27,6332,1,2,597,0,0,0,1,9,950
202310,999,46520,C,Urban Honolulu  HI ,51,51,18767,5,10,1593,0,0,0,2,109,38683,0,0,0,0,0,0,0,0,0,0,0,0
202310,999,46540,C,Utica-Rome  NY ,19,19,13237,0,0,0,0,0,0,1,5,781,8,8,11551,0,0,0,0,0,0,0,0,0
202310,999,46660,C,Valdosta  GA ,97,97,18238,1,2,133,0,0,0,0,0,0,1,1,300,0,0,0,0,0,0,0,0,0
202310,999,47300,C,Visalia  CA ,98,98,28114,0,0,0,0,0,0,0,0,0,95,95,27638,0,0,0,0,0,0,0,0,0
202310,999,47380,C,Waco  TX ,74,74,12334,2,4,482,0,0,0,2,27,2621,2,2,573,0,0,0,0,0,0,0,0,0
202310,999,47940,C,Waterloo-Cedar Falls  IA ,20,20,6122,0,0,0,0,0,0,0,0,0,19,19,5795,0,0,0,0,0,0,0,0,0
202310,999,48060,C,Watertown-Fort Drum  NY ,19,19,3358,0,0,0,0,0,0,0,0,0,17,17,3116,0,0,0,0,0,0,0,0,0
202310,999,48300,C,Wenatchee  WA ,49,49,15262,1,2,575,0,0,0,0,0,0,24,24,9853,1,2,575,0,0,0,0,0,0
202310,999,48540,C,Wheeling  WV-OH ,0,0,0,0,0,0,0,0,0,0,0,0,0,0,0,0,0,0,0,0,0,0,0,0
202310,999,48660,C,Wichita Falls  TX ,13,13,4210,0,0,0,0,0,0,0,0,0,10,10,3487,0,0,0,0,0,0,0,0,0
202310,999,48900,C,Wilmington  NC ,207,207,60890,5,10,1390,0,0,0,3,121,15708,36,36,6667,0,0,0,0,0,0,0,0,0
202310,999,49420,C,Yakima  WA ,36,36,9184,3,6,1033,1,3,446,0,0,0,31,31,8074,3,6,1033,1,3,446,0,0,0
202310,999,49740,C,Yuma  AZ ,71,71,11038,3,6,747,0,0,0,1,5,474,66,66,10195,2,4,443,0,0,0,0,0,0
