Survey,CSA,CBSA,MONCOV,CBSA,,1-unit,,,2-units,,,3-4 units,,,5+ units,,,1-unit rep,,,2-units rep,,,3-4 units rep,,,5+ units rep
Date,Code,Code,,Name,Bldgs,Units,Value,Bldgs,Units,Value,Bldgs,Units,Value,Bldgs,Units,Value,Bldgs,Units,Value,Bldgs,Units,Value,      Bldgs,Units,Value,Bldgs,Units,Value
 
202309,104,10580,C,Albany-Schenectady-Troy  NY ,93,93,31757,4,8,1691,2,8,1274,8,44,7420,54,54,18847,2,4,691,2,8,1274,3,18,4085
202309,104,24020,C,Glens Falls  NY ,18,18,6109,0,0,0,1,4,630,0,0,0,11,11,4420,0,0,0,1,4,630,0,0,0
202309,106,10740,C,Albuquerque  NM ,184,184,40633,0,0,0,0,0,0,0,0,0,166,166,35600,0,0,0,0,0,0,0,0,0
202309,106,42140,C,Santa Fe  NM ,14,14,6862,0,0,0,0,0,0,1,26,2953,0,0,0,0,0,0,0,0,0,0,0,0
202309,107,11020,C,Altoona  PA ,6,6,1870,0,0,0,0,0,0,0,0,0,1,1,495,0,0,0,0,0,0,0,0,0
202309,108,11100,C,Amarillo  TX ,27,27,7621,0,0,0,0,0,0,0,0,0,24,24,6852,0,0,0,0,0,0,0,0,0
202309,118,11540,C,Appleton  WI ,33,33,13465,0,0,0,0,0,0,0,0,0,29,29,12057,0,0,0,0,0,0,0,0,0
202309,118,36780,C,Oshkosh-Neenah  WI ,14,14,5486,1,2,300,0,0,0,8,96,11080,11,11,4151,1,2,300,0,0,0,8,96,11080
202309,120,11700,C,Asheville  NC ,205,205,82165,0,0,0,0,0,0,2,24,4874,77,77,31340,0,0,0,0,0,0,0,0,0
202309,122,12020,C,Athens-Clarke County  GA ,55,55,17314,0,0,0,0,0,0,1,13,4120,26,26,9497,0,0,0,0,0,0,1,13,4120
202309,122,12060,C,Atlanta-Sandy Springs-Alpharetta  GA ,1883,1883,534081,1,2,294,1,4,800,61,645,91024,1672,1672,481824,1,2,294,1,4,800,58,587,82359
202309,122,23580,C,Gainesville  GA ,115,115,26447,0,0,0,1,3,272,1,5,479,29,29,5925,0,0,0,0,0,0,0,0,0
202309,122,40660,C,Rome  GA ,26,26,5452,0,0,0,0,0,0,0,0,0,26,26,5452,0,0,0,0,0,0,0,0,0
202309,140,13460,C,Bend  OR ,88,88,37920,7,14,2786,1,4,1200,6,87,10982,88,88,37920,7,14,2786,1,4,1200,6,87,10982
202309,142,13820,C,Birmingham-Hoover  AL ,207,207,71023,0,0,0,0,0,0,0,0,0,144,144,45839,0,0,0,0,0,0,0,0,0
202309,144,14020,C,Bloomington  IN ,30,30,9262,0,0,0,0,0,0,1,171,45300,18,18,5863,0,0,0,0,0,0,1,171,45300
202309,145,14010,C,Bloomington  IL ,25,25,6823,1,2,325,0,0,0,1,8,773,2,2,800,0,0,0,0,0,0,0,0,0
202309,146,14100,C,Bloomsburg-Berwick  PA ,10,10,2568,0,0,0,0,0,0,0,0,0,2,2,455,0,0,0,0,0,0,0,0,0
202309,147,14260,C,Boise City  ID ,464,464,134742,2,4,709,5,17,1717,11,713,168373,288,288,85413,1,2,372,0,0,0,5,632,158340
202309,148,12700,C,Barnstable Town  MA ,29,29,21007,0,0,0,0,0,0,1,42,15000,24,24,17797,0,0,0,0,0,0,1,42,15000
202309,148,14460,C,Boston-Cambridge-Newton  MA-NH ,266,266,112681,10,20,3696,9,30,6732,24,409,101562,163,163,76695,6,12,1885,8,27,6125,11,307,83593
202309,148,31700,C,Manchester-Nashua  NH ,45,45,14472,1,2,500,1,4,630,0,0,0,23,23,8532,0,0,0,1,4,630,0,0,0
202309,148,39300,C,Providence-Warwick  RI-MA ,105,105,33951,7,14,1830,1,3,392,1,6,780,46,46,16828,6,12,1376,1,3,392,1,6,780
202309,148,49340,C,Worcester  MA-CT ,78,78,24979,4,8,1311,2,7,841,3,94,6269,35,35,12729,1,2,166,2,7,841,3,94,6269
202309,150,14540,C,Bowling Green  KY ,58,58,15959,0,0,0,1,3,611,0,0,0,58,58,15959,0,0,0,1,3,611,0,0,0
202309,154,15180,C,Brownsville-Harlingen  TX ,132,132,30407,3,6,612,3,11,733,2,24,3095,31,31,5525,1,2,137,2,8,282,0,0,0
202309,160,15380,C,Buffalo-Cheektowaga  NY ,76,76,27029,3,6,1379,0,0,0,7,51,4168,52,52,20206,3,6,1379,0,0,0,6,42,2150
202309,162,15540,C,Burlington-South Burlington  VT ,44,44,15290,1,2,404,0,0,0,3,62,3726,31,31,11406,0,0,0,0,0,0,2,57,3120
202309,163,15980,C,Cape Coral-Fort Myers  FL ,938,938,222763,6,12,1835,0,0,0,14,537,82844,638,638,142565,2,4,600,0,0,0,13,495,79697
202309,163,34940,C,Naples-Marco Island  FL ,254,254,109414,4,8,1432,1,4,1950,2,16,1505,254,254,109414,4,8,1432,1,4,1950,2,16,1505
202309,164,16020,C,Cape Girardeau  MO-IL ,7,7,2119,0,0,0,0,0,0,0,0,0,0,0,0,0,0,0,0,0,0,0,0,0
202309,168,16300,C,Cedar Rapids  IA ,42,42,10088,3,6,1850,5,16,3092,0,0,0,41,41,9838,3,6,1850,5,16,3092,0,0,0
202309,168,26980,C,Iowa City  IA ,34,34,17307,4,8,1911,1,3,582,2,48,9094,25,25,14748,0,0,0,0,0,0,1,40,8300
202309,170,16620,C,Charleston  WV ,20,20,1932,0,0,0,0,0,0,0,0,0,17,17,1533,0,0,0,0,0,0,0,0,0
202309,170,26580,C,Huntington-Ashland  WV-KY-OH ,19,19,3753,1,2,200,1,3,180,0,0,0,1,1,273,0,0,0,1,3,180,0,0,0
202309,172,16740,C,Charlotte-Concord-Gastonia  NC-SC ,1645,1645,503992,5,10,1691,0,0,0,26,1450,132959,1539,1539,466434,5,10,1691,0,0,0,24,1426,129896
202309,174,16860,C,Chattanooga  TN-GA ,218,218,49661,3,6,431,6,19,1925,2,35,3497,170,170,37602,0,0,0,5,16,1751,0,0,0
202309,174,17420,C,Cleveland  TN ,97,97,21986,0,0,0,0,0,0,0,0,0,81,81,19088,0,0,0,0,0,0,0,0,0
202309,174,19140,C,Dalton  GA ,34,34,7568,2,4,265,0,0,0,2,11,1095,11,11,3739,0,0,0,0,0,0,1,6,827
202309,176,16980,C,Chicago-Naperville-Elgin  IL-IN-WI ,684,684,232347,28,56,14432,20,66,18216,36,524,98076,563,563,195455,28,56,14432,18,60,17322,28,482,90324
202309,176,28100,C,Kankakee  IL ,2,2,905,0,0,0,0,0,0,0,0,0,2,2,905,0,0,0,0,0,0,0,0,0
202309,176,33140,C,Michigan City-La Porte  IN ,11,11,2969,0,0,0,0,0,0,1,13,1647,0,0,0,0,0,0,0,0,0,0,0,0
202309,178,17140,C,Cincinnati  OH-KY-IN ,289,289,112267,17,34,5522,0,0,0,5,89,2926,259,259,104710,17,34,5522,0,0,0,4,83,2479
202309,184,10420,C,Akron  OH ,46,46,16233,0,0,0,6,24,2376,3,16,1915,38,38,13060,0,0,0,6,24,2376,1,6,1116
202309,184,15940,C,Canton-Massillon  OH ,35,35,16156,1,2,397,1,3,154,2,10,768,30,30,15376,0,0,0,0,0,0,0,0,0
202309,184,17460,C,Cleveland-Elyria  OH ,192,192,69408,0,0,0,0,0,0,2,29,2593,116,116,42766,0,0,0,0,0,0,0,0,0
202309,190,17860,C,Columbia  MO ,65,65,23915,0,0,0,0,0,0,0,0,0,63,63,23428,0,0,0,0,0,0,0,0,0
202309,192,17900,C,Columbia  SC ,369,369,92157,4,8,1022,0,0,0,1,5,1014,265,265,71911,4,8,1022,0,0,0,1,5,1014
202309,194,12220,C,Auburn-Opelika  AL ,82,82,26590,1,2,355,0,0,0,1,9,1225,52,52,19344,0,0,0,0,0,0,0,0,0
202309,194,17980,C,Columbus  GA-AL ,52,52,15221,1,2,375,0,0,0,3,52,9696,28,28,9770,0,0,0,0,0,0,0,0,0
202309,198,18140,C,Columbus  OH ,446,446,162734,2,4,790,4,13,3900,25,808,112937,362,362,131817,1,2,520,4,13,3900,24,803,112630
202309,204,18580,C,Corpus Christi  TX ,138,138,33394,0,0,0,0,0,0,0,0,0,11,11,2089,0,0,0,0,0,0,0,0,0
202309,206,19100,C,Dallas-Fort Worth-Arlington  TX ,2909,2909,933835,12,24,3420,21,74,10386,24,1502,198811,2455,2455,765950,11,22,3234,3,10,1265,19,1382,188469
202309,206,43300,C,Sherman-Denison  TX ,56,56,17249,0,0,0,0,0,0,17,340,46864,46,46,14096,0,0,0,0,0,0,17,340,46864
202309,209,19340,C,Davenport-Moline-Rock Island  IA-IL ,26,26,7316,1,2,261,2,8,1547,0,0,0,14,14,2688,0,0,0,0,0,0,0,0,0
202309,212,19430,C,Dayton-Kettering  OH ,103,103,39792,1,2,481,1,4,730,2,29,3185,47,47,19675,0,0,0,0,0,0,0,0,0
202309,212,44220,C,Springfield  OH ,11,11,3386,0,0,0,0,0,0,0,0,0,11,11,3386,0,0,0,0,0,0,0,0,0
202309,216,14500,C,Boulder  CO ,59,59,23047,0,0,0,0,0,0,2,72,15255,55,55,20308,0,0,0,0,0,0,1,55,10821
202309,216,19740,C,Denver-Aurora-Lakewood  CO ,723,723,219518,4,8,3721,3,11,2260,15,362,70076,706,706,212375,4,8,3721,3,11,2260,14,343,66922
202309,216,24540,C,Greeley  CO ,213,213,67658,3,6,894,1,4,1123,3,28,5023,155,155,52781,2,4,545,1,4,1123,2,14,2968
202309,218,11180,C,Ames  IA ,21,21,6825,0,0,0,5,20,4570,0,0,0,17,17,5690,0,0,0,5,20,4570,0,0,0
202309,218,19780,C,Des Moines-West Des Moines  IA ,223,223,87548,6,12,2350,6,23,4723,3,158,23040,214,214,83507,5,10,1800,5,20,3839,3,158,23040
202309,220,11460,C,Ann Arbor  MI ,31,31,13413,5,10,1040,0,0,0,0,0,0,16,16,9338,5,10,1040,0,0,0,0,0,0
202309,220,19820,C,Detroit-Warren-Dearborn  MI ,452,452,155948,3,6,1177,5,17,4044,4,62,8659,387,387,137383,3,6,1177,2,8,2866,3,56,7844
202309,220,22420,C,Flint  MI ,25,25,6887,1,2,400,0,0,0,0,0,0,14,14,3896,0,0,0,0,0,0,0,0,0
202309,220,33780,C,Monroe  MI ,16,16,3920,0,0,0,1,4,600,1,5,345,11,11,2779,0,0,0,1,4,600,0,0,0
202309,222,20020,C,Dothan  AL ,33,33,8495,0,0,0,0,0,0,0,0,0,2,2,430,0,0,0,0,0,0,0,0,0
202309,232,20740,C,Eau Claire  WI ,33,33,13350,13,26,5567,0,0,0,3,150,31500,31,31,12726,11,22,4975,0,0,0,3,150,31500
202309,236,21300,C,Elmira  NY ,2,2,291,0,0,0,0,0,0,0,0,0,1,1,195,0,0,0,0,0,0,0,0,0
202309,238,21340,C,El Paso  TX ,160,160,37753,2,4,517,1,3,395,2,12,1416,15,15,3921,0,0,0,0,0,0,0,0,0
202309,238,29740,C,Las Cruces  NM ,73,73,22281,1,2,699,0,0,0,0,0,0,65,65,20502,1,2,699,0,0,0,0,0,0
202309,240,21500,C,Erie  PA ,12,12,4716,0,0,0,0,0,0,0,0,0,8,8,3486,0,0,0,0,0,0,0,0,0
202309,244,22020,C,Fargo  ND-MN ,155,155,47794,0,0,0,0,0,0,1,54,7054,152,152,46459,0,0,0,0,0,0,1,54,7054
202309,246,22180,C,Fayetteville  NC ,236,236,54671,1,2,159,0,0,0,0,0,0,180,180,46979,1,2,159,0,0,0,0,0,0
202309,258,23060,C,Fort Wayne  IN ,119,119,40915,0,0,0,0,0,0,0,0,0,119,119,40915,0,0,0,0,0,0,0,0,0
202309,260,23420,C,Fresno  CA ,201,201,59891,0,0,0,1,3,573,18,93,16559,5,5,1189,0,0,0,0,0,0,13,68,13048
202309,260,25260,C,Hanford-Corcoran  CA ,24,24,7829,0,0,0,1,3,767,0,0,0,0,0,0,0,0,0,0,0,0,0,0,0
202309,260,31460,C,Madera  CA ,41,41,14209,0,0,0,0,0,0,0,0,0,41,41,14209,0,0,0,0,0,0,0,0,0
202309,264,23540,C,Gainesville  FL ,102,102,28462,1,2,285,0,0,0,2,94,12090,30,30,9130,0,0,0,0,0,0,0,0,0
202309,266,24340,C,Grand Rapids-Kentwood  MI ,183,183,60058,3,6,1325,24,96,18649,7,73,10876,143,143,47275,0,0,0,24,96,18649,1,6,792
202309,266,34740,C,Muskegon  MI ,25,25,7039,0,0,0,0,0,0,0,0,0,17,17,5136,0,0,0,0,0,0,0,0,0
202309,267,24580,C,Green Bay  WI ,47,47,19963,9,18,3076,0,0,0,0,0,0,43,43,18791,0,0,0,0,0,0,0,0,0
202309,268,15500,C,Burlington  NC ,146,146,23474,0,0,0,0,0,0,3,90,6900,146,146,23474,0,0,0,0,0,0,3,90,6900
202309,268,24660,C,Greensboro-High Point  NC ,191,191,47869,0,0,0,0,0,0,3,72,11959,149,149,37074,0,0,0,0,0,0,3,72,11959
202309,268,49180,C,Winston-Salem  NC ,293,293,81957,1,2,200,0,0,0,5,318,36188,255,255,73164,1,2,200,0,0,0,4,313,35991
202309,272,24780,C,Greenville  NC ,100,100,16343,0,0,0,0,0,0,0,0,0,96,96,15538,0,0,0,0,0,0,0,0,0
202309,273,24860,C,Greenville-Anderson  SC ,576,576,216265,9,18,1726,24,96,6588,3,18,4863,572,572,215437,9,18,1726,24,96,6588,3,18,4863
202309,273,43900,C,Spartanburg  SC ,225,225,42066,0,0,0,0,0,0,0,0,0,21,21,6586,0,0,0,0,0,0,0,0,0
202309,276,23900,C,Gettysburg  PA ,27,27,7766,0,0,0,0,0,0,0,0,0,27,27,7766,0,0,0,0,0,0,0,0,0
202309,276,25420,C,Harrisburg-Carlisle  PA ,94,94,26917,0,0,0,1,4,871,4,119,15104,66,66,18433,0,0,0,1,4,871,3,114,14854
202309,276,30140,C,Lebanon  PA ,16,16,3193,0,0,0,0,0,0,2,39,5930,2,2,361,0,0,0,0,0,0,1,34,5413
202309,276,49620,C,York-Hanover  PA ,63,63,18896,1,2,144,1,4,835,4,22,3653,25,25,7839,0,0,0,1,4,835,3,17,3278
202309,277,25500,C,Harrisonburg  VA ,60,60,13596,6,12,942,0,0,0,0,0,0,60,60,13596,6,12,942,0,0,0,0,0,0
202309,277,44420,C,Staunton  VA ,28,28,7598,1,2,130,1,3,130,0,0,0,28,28,7598,1,2,130,1,3,130,0,0,0
202309,278,25540,C,Hartford-East Hartford-Middletown  CT ,53,53,14964,2,4,847,2,8,1684,7,105,16261,32,32,9057,2,4,847,2,8,1684,4,77,13599
202309,278,35980,C,Norwich-New London  CT ,21,21,6383,1,2,194,0,0,0,0,0,0,11,11,3723,0,0,0,0,0,0,0,0,0
202309,279,25620,C,Hattiesburg  MS ,11,11,1853,0,0,0,1,3,142,0,0,0,0,0,0,0,0,0,0,0,0,0,0,0
202309,284,26300,C,Hot Springs  AR ,4,4,2855,0,0,0,0,0,0,0,0,0,4,4,2855,0,0,0,0,0,0,0,0,0
202309,288,26420,C,Houston-The Woodlands-Sugar Land  TX ,3897,3897,1112166,52,104,14131,0,0,0,44,1173,162008,3692,3692,1054701,52,104,14131,0,0,0,43,1167,161875
202309,290,19460,C,Decatur  AL ,34,34,7502,0,0,0,0,0,0,0,0,0,33,33,7380,0,0,0,0,0,0,0,0,0
202309,290,26620,C,Huntsville  AL ,373,373,74642,0,0,0,0,0,0,0,0,0,244,244,43182,0,0,0,0,0,0,0,0,0
202309,292,26820,C,Idaho Falls  ID ,50,50,12794,0,0,0,0,0,0,2,48,2900,47,47,11603,0,0,0,0,0,0,2,48,2900
202309,294,18020,C,Columbus  IN ,15,15,6914,0,0,0,0,0,0,0,0,0,15,15,6914,0,0,0,0,0,0,0,0,0
202309,294,26900,C,Indianapolis-Carmel-Anderson  IN ,704,704,259039,8,16,2983,1,4,557,8,375,66440,655,655,243533,8,16,2983,1,4,557,8,375,66440
202309,294,34620,C,Muncie  IN ,10,10,2811,0,0,0,0,0,0,0,0,0,6,6,1634,0,0,0,0,0,0,0,0,0
202309,296,27060,C,Ithaca  NY ,11,11,3434,0,0,0,0,0,0,1,5,849,0,0,0,0,0,0,0,0,0,0,0,0
202309,297,27180,C,Jackson  TN ,40,40,9952,0,0,0,0,0,0,0,0,0,14,14,3949,0,0,0,0,0,0,0,0,0
202309,298,27140,C,Jackson  MS ,90,90,22616,0,0,0,0,0,0,0,0,0,72,72,19683,0,0,0,0,0,0,0,0,0
202309,300,27260,C,Jacksonville  FL ,1286,1286,348315,4,8,1054,2,8,400,22,696,86023,1277,1277,344716,4,8,1054,2,8,400,22,696,86023
202309,304,27740,C,Johnson City  TN ,61,61,17286,1,2,493,1,3,649,0,0,0,36,36,12636,0,0,0,0,0,0,0,0,0
202309,304,28700,C,Kingsport-Bristol  TN-VA ,50,50,13542,0,0,0,0,0,0,1,5,292,35,35,11606,0,0,0,0,0,0,0,0,0
202309,306,27780,C,Johnstown  PA ,8,8,2018,0,0,0,0,0,0,0,0,0,0,0,0,0,0,0,0,0,0,0,0,0
202309,308,27860,C,Jonesboro  AR ,44,44,6779,3,6,413,4,13,674,1,6,340,3,3,631,0,0,0,0,0,0,0,0,0
202309,309,27900,C,Joplin  MO ,43,43,11485,1,2,267,0,0,0,2,10,690,28,28,8961,1,2,267,0,0,0,0,0,0
202309,310,12980,C,Battle Creek  MI ,6,6,682,0,0,0,0,0,0,0,0,0,0,0,0,0,0,0,0,0,0,0,0,0
202309,310,28020,C,Kalamazoo-Portage  MI ,34,34,10785,0,0,0,0,0,0,0,0,0,26,26,6634,0,0,0,0,0,0,0,0,0
202309,312,28140,C,Kansas City  MO-KS ,367,367,134788,3,6,1473,2,8,2535,6,59,7670,336,336,124519,2,4,1202,2,8,2535,6,59,7670
202309,312,29940,C,Lawrence  KS ,16,16,6354,0,0,0,0,0,0,1,14,1851,8,8,3267,0,0,0,0,0,0,0,0,0
202309,312,41140,C,St. Joseph  MO-KS ,7,7,2094,0,0,0,0,0,0,0,0,0,2,2,890,0,0,0,0,0,0,0,0,0
202309,313,28420,C,Kennewick-Richland  WA ,91,91,30327,1,2,610,0,0,0,3,73,8866,57,57,19904,0,0,0,0,0,0,2,60,7420
202309,313,47460,C,Walla Walla  WA ,10,10,3240,0,0,0,0,0,0,0,0,0,7,7,2787,0,0,0,0,0,0,0,0,0
202309,315,28940,C,Knoxville  TN ,287,287,76029,2,4,1160,0,0,0,2,19,1504,212,212,55699,2,4,1160,0,0,0,0,0,0
202309,315,34100,C,Morristown  TN ,73,73,20592,2,4,40,8,32,400,0,0,0,54,54,17496,2,4,40,8,32,400,0,0,0
202309,316,29020,C,Kokomo  IN ,9,9,2633,0,0,0,0,0,0,0,0,0,5,5,1398,0,0,0,0,0,0,0,0,0
202309,318,29180,C,Lafayette  LA ,111,111,26921,0,0,0,0,0,0,21,154,15142,74,74,18371,0,0,0,0,0,0,21,154,15142
202309,320,29200,C,Lafayette-West Lafayette  IN ,45,45,15511,0,0,0,0,0,0,5,255,59153,8,8,4061,0,0,0,0,0,0,2,204,53164
202309,324,29340,C,Lake Charles  LA ,24,24,5607,6,12,1111,0,0,0,0,0,0,22,22,5291,6,12,1111,0,0,0,0,0,0
202309,332,29820,C,Las Vegas-Henderson-Paradise  NV ,902,902,268248,0,0,0,4,14,1859,1,40,6551,901,901,267799,0,0,0,4,14,1859,1,40,6551
202309,336,30460,C,Lexington-Fayette  KY ,77,77,25317,2,4,500,1,3,440,1,5,530,71,71,23693,2,4,500,0,0,0,0,0,0
202309,338,30620,C,Lima  OH ,7,7,2159,0,0,0,1,3,200,0,0,0,4,4,1430,0,0,0,0,0,0,0,0,0
202309,339,30700,C,Lincoln  NE ,77,77,25154,0,0,0,3,11,1155,10,78,11910,75,75,24736,0,0,0,3,11,1155,10,78,11910
202309,340,30780,C,Little Rock-North Little Rock-Conway  AR ,121,121,36415,4,8,1186,0,0,0,0,0,0,112,112,34939,4,8,1186,0,0,0,0,0,0
202309,340,38220,C,Pine Bluff  AR ,3,3,495,0,0,0,0,0,0,0,0,0,3,3,495,0,0,0,0,0,0,0,0,0
202309,348,31080,C,Los Angeles-Long Beach-Anaheim  CA ,899,899,250739,52,104,25156,22,73,27654,39,794,135649,703,703,207969,49,98,23273,21,70,27002,25,628,105425
202309,348,37100,C,Oxnard-Thousand Oaks-Ventura  CA ,23,23,6459,0,0,0,3,9,2694,2,19,4882,4,4,782,0,0,0,3,9,2694,0,0,0
202309,348,40140,C,Riverside-San Bernardino-Ontario  CA ,717,717,209781,5,10,838,2,7,1434,60,1016,137229,377,377,111788,0,0,0,1,4,960,55,977,131933
202309,350,21060,C,Elizabethtown-Fort Knox  KY ,41,41,12344,3,6,1120,0,0,0,0,0,0,41,41,12344,3,6,1120,0,0,0,0,0,0
202309,350,31140,C,Louisville-Jefferson County  KY-IN ,243,243,79413,1,2,195,4,15,3054,19,660,96589,206,206,66499,1,2,195,4,15,3054,18,653,95539
202309,352,31180,C,Lubbock  TX ,147,147,36988,1,2,100,0,0,0,2,22,2444,146,146,36815,1,2,100,0,0,0,2,22,2444
202309,356,31420,C,Macon-Bibb County  GA ,46,46,12195,0,0,0,0,0,0,0,0,0,10,10,2444,0,0,0,0,0,0,0,0,0
202309,356,47580,C,Warner Robins  GA ,129,129,25671,0,0,0,0,0,0,1,55,4896,47,47,8866,0,0,0,0,0,0,0,0,0
202309,357,27500,C,Janesville-Beloit  WI ,14,14,3740,2,4,607,0,0,0,0,0,0,7,7,1520,2,4,607,0,0,0,0,0,0
202309,357,31540,C,Madison  WI ,138,138,62542,4,8,2446,1,4,838,7,284,29661,120,120,56043,3,6,1671,1,4,838,6,279,28904
202309,359,31860,C,Mankato  MN ,9,9,2968,2,4,621,0,0,0,2,22,3292,0,0,0,1,2,200,0,0,0,0,0,0
202309,360,31900,C,Mansfield  OH ,9,9,3012,0,0,0,0,0,0,0,0,0,6,6,2061,0,0,0,0,0,0,0,0,0
202309,365,32580,C,McAllen-Edinburg-Mission  TX ,313,313,79098,21,42,3378,34,136,13191,4,22,704,300,300,77201,20,40,3228,33,132,13056,4,22,704
202309,366,24420,C,Grants Pass  OR ,21,21,5035,0,0,0,0,0,0,0,0,0,9,9,2625,0,0,0,0,0,0,0,0,0
202309,366,32780,C,Medford  OR ,60,60,20591,0,0,0,0,0,0,5,37,4882,52,52,18911,0,0,0,0,0,0,3,27,3520
202309,368,32820,C,Memphis  TN-MS-AR ,244,244,74093,0,0,0,0,0,0,0,0,0,176,176,61490,0,0,0,0,0,0,0,0,0
202309,370,33100,C,Miami-Fort Lauderdale-Pompano Beach  FL ,574,574,215759,30,60,15343,1,3,1147,32,627,172860,467,467,138975,30,60,15343,0,0,0,23,528,156066
202309,370,38940,C,Port St. Lucie  FL ,540,540,151671,0,0,0,0,0,0,7,48,12187,540,540,151671,0,0,0,0,0,0,7,48,12187
202309,370,42680,C,Sebastian-Vero Beach  FL ,20,20,6237,0,0,0,0,0,0,0,0,0,19,19,4504,0,0,0,0,0,0,0,0,0
202309,372,33260,C,Midland  TX ,76,76,19986,0,0,0,0,0,0,0,0,0,76,76,19986,0,0,0,0,0,0,0,0,0
202309,372,36220,C,Odessa  TX ,70,70,17935,0,0,0,0,0,0,0,0,0,0,0,0,0,0,0,0,0,0,0,0,0
202309,376,33340,C,Milwaukee-Waukesha  WI ,134,134,60754,9,18,4469,0,0,0,3,116,17540,105,105,47044,8,16,4119,0,0,0,2,111,16409
202309,376,39540,C,Racine  WI ,9,9,4227,0,0,0,0,0,0,0,0,0,8,8,3916,0,0,0,0,0,0,0,0,0
202309,378,33460,C,Minneapolis-St. Paul-Bloomington  MN-WI ,709,709,250731,5,10,2302,6,23,6395,19,473,87491,634,634,224437,2,4,1232,6,23,6395,8,377,70441
202309,378,41060,C,St. Cloud  MN ,47,47,9857,2,4,450,1,4,800,5,92,13000,36,36,6844,2,4,450,1,4,800,5,92,13000
202309,380,19300,C,Daphne-Fairhope-Foley  AL ,213,213,74832,0,0,0,0,0,0,1,12,2109,122,122,53396,0,0,0,0,0,0,1,12,2109
202309,380,33660,C,Mobile  AL ,81,81,25685,0,0,0,0,0,0,0,0,0,80,80,25385,0,0,0,0,0,0,0,0,0
202309,384,33740,C,Monroe  LA ,26,26,6576,1,2,279,0,0,0,0,0,0,0,0,0,0,0,0,0,0,0,0,0,0
202309,388,33860,C,Montgomery  AL ,75,75,21046,0,0,0,0,0,0,0,0,0,74,74,20869,0,0,0,0,0,0,0,0,0
202309,390,34060,C,Morgantown  WV ,2,2,667,0,0,0,0,0,0,0,0,0,1,1,530,0,0,0,0,0,0,0,0,0
202309,396,34820,C,Myrtle Beach-Conway-North Myrtle Beach  SC-NC ,910,910,207722,8,16,1240,1,3,311,9,293,27592,286,286,75017,6,12,817,0,0,0,8,288,27342
202309,400,34980,C,Nashville-Davidson--Murfreesboro--Franklin  TN ,1056,1056,355143,3,6,859,2,8,1195,13,150,13234,830,830,296368,3,6,859,2,8,1195,11,132,11051
202309,404,35100,C,New Bern  NC ,35,35,8347,0,0,0,0,0,0,0,0,0,23,23,5097,0,0,0,0,0,0,0,0,0
202309,406,25220,C,Hammond  LA ,68,68,13360,0,0,0,0,0,0,1,32,2982,0,0,0,0,0,0,0,0,0,0,0,0
202309,406,35380,C,New Orleans-Metairie  LA ,142,142,42201,32,64,9115,0,0,0,4,254,91986,119,119,36599,32,64,9115,0,0,0,4,254,91986
202309,408,14860,C,Bridgeport-Stamford-Norwalk  CT ,40,40,22619,2,4,320,0,0,0,1,5,6729,32,32,18294,2,4,320,0,0,0,0,0,0
202309,408,20700,C,East Stroudsburg  PA ,29,29,11994,0,0,0,0,0,0,0,0,0,22,22,9834,0,0,0,0,0,0,0,0,0
202309,408,28740,C,Kingston  NY ,25,25,9933,0,0,0,0,0,0,0,0,0,14,14,6022,0,0,0,0,0,0,0,0,0
202309,408,35300,C,New Haven-Milford  CT ,28,28,7293,1,2,150,0,0,0,2,26,4318,10,10,2921,0,0,0,0,0,0,0,0,0
202309,408,35620,C,New York-Newark-Jersey City  NY-NJ-PA ,832,832,263796,42,84,13370,12,39,2861,96,999,146128,540,540,176340,28,56,10022,5,17,1141,29,365,46827
202309,408,39100,C,Poughkeepsie-Newburgh-Middletown  NY ,57,57,24318,0,0,0,0,0,0,5,35,5402,21,21,7128,0,0,0,0,0,0,2,20,3421
202309,408,45940,C,Trenton-Princeton  NJ ,59,59,9307,0,0,0,0,0,0,4,67,1867,57,57,8990,0,0,0,0,0,0,2,53,902
202309,412,35840,C,North Port-Sarasota-Bradenton  FL ,923,923,333997,18,36,6897,0,0,0,4,288,43400,873,873,319400,4,8,2112,0,0,0,4,288,43400
202309,412,39460,C,Punta Gorda  FL ,396,396,114876,9,18,3355,0,0,0,0,0,0,387,387,110299,9,18,3355,0,0,0,0,0,0
202309,416,36420,C,Oklahoma City  OK ,417,417,111550,23,46,6299,12,48,3684,0,0,0,358,358,96069,21,42,5837,12,48,3684,0,0,0
202309,420,36540,C,Omaha-Council Bluffs  NE-IA ,163,163,39539,0,0,0,0,0,0,9,108,9588,139,139,33002,0,0,0,0,0,0,9,108,9588
202309,422,19660,C,Deltona-Daytona Beach-Ormond Beach  FL ,498,498,178325,12,24,4128,0,0,0,0,0,0,441,441,160027,12,24,4128,0,0,0,0,0,0
202309,422,29460,C,Lakeland-Winter Haven  FL ,897,897,245741,2,4,510,0,0,0,0,0,0,829,829,229469,2,4,510,0,0,0,0,0,0
202309,422,36740,C,Orlando-Kissimmee-Sanford  FL ,1531,1531,415734,2,4,570,2,8,1626,8,825,148015,1306,1306,349456,2,4,570,2,8,1626,5,774,144077
202309,422,45540,C,The Villages  FL ,259,259,65611,0,0,0,0,0,0,0,0,0,258,258,65421,0,0,0,0,0,0,0,0,0
202309,425,37620,C,Parkersburg-Vienna  WV ,16,16,2658,0,0,0,0,0,0,0,0,0,15,15,2506,0,0,0,0,0,0,0,0,0
202309,426,37860,C,Pensacola-Ferry Pass-Brent  FL ,263,263,74907,0,0,0,0,0,0,0,0,0,263,263,74907,0,0,0,0,0,0,0,0,0
202309,428,12100,C,Atlantic City-Hammonton  NJ ,46,46,9678,0,0,0,0,0,0,2,10,707,42,42,8223,0,0,0,0,0,0,0,0,0
202309,428,20100,C,Dover  DE ,61,61,9716,1,2,181,0,0,0,0,0,0,58,58,8959,1,2,181,0,0,0,0,0,0
202309,428,36140,C,Ocean City  NJ ,45,45,16593,8,16,3510,0,0,0,0,0,0,43,43,15901,8,16,3510,0,0,0,0,0,0
202309,428,37980,C,Philadelphia-Camden-Wilmington  PA-NJ-DE-MD ,715,715,169108,19,38,5469,6,22,2224,20,291,28290,367,367,91611,18,36,5459,4,15,1451,13,251,23753
202309,428,39740,C,Reading  PA ,16,16,4153,0,0,0,0,0,0,0,0,0,4,4,804,0,0,0,0,0,0,0,0,0
202309,428,47220,C,Vineland-Bridgeton  NJ ,8,8,1075,0,0,0,0,0,0,0,0,0,6,6,854,0,0,0,0,0,0,0,0,0
202309,429,38060,C,Phoenix-Mesa-Chandler  AZ ,2254,2254,652241,56,112,12393,0,0,0,65,2392,346108,2012,2012,585379,53,106,11497,0,0,0,60,2240,320852
202309,430,38300,C,Pittsburgh  PA ,248,248,83522,1,2,350,2,7,1324,7,393,19605,123,123,42893,1,2,350,1,4,866,6,312,11094
202309,430,48260,C,Weirton-Steubenville  WV-OH ,2,2,368,0,0,0,0,0,0,0,0,0,0,0,0,0,0,0,0,0,0,0,0,0
202309,438,30340,C,Lewiston-Auburn  ME ,21,21,5576,1,2,341,0,0,0,1,10,1074,9,9,2650,0,0,0,0,0,0,0,0,0
202309,438,38860,C,Portland-South Portland  ME ,159,159,52469,7,14,2975,2,7,1512,12,221,23332,64,64,25973,7,14,2975,1,4,1090,9,199,21930
202309,440,10540,C,Albany-Lebanon  OR ,21,21,6957,5,10,2528,0,0,0,0,0,0,20,20,6874,5,10,2528,0,0,0,0,0,0
202309,440,18700,C,Corvallis  OR ,15,15,4493,1,2,641,0,0,0,1,36,5523,15,15,4493,1,2,641,0,0,0,1,36,5523
202309,440,31020,C,Longview  WA ,18,18,6367,0,0,0,0,0,0,0,0,0,18,18,6367,0,0,0,0,0,0,0,0,0
202309,440,38900,C,Portland-Vancouver-Hillsboro  OR-WA ,483,483,201739,4,8,1661,2,6,779,10,131,22805,375,375,137274,4,8,1661,2,6,779,5,57,10787
202309,440,41420,C,Salem  OR ,66,66,22148,5,10,2485,0,0,0,4,29,3935,58,58,19680,4,8,2045,0,0,0,4,29,3935
202309,444,39380,C,Pueblo  CO ,13,13,1960,0,0,0,0,0,0,0,0,0,13,13,1960,0,0,0,0,0,0,0,0,0
202309,450,20500,C,Durham-Chapel Hill  NC ,292,292,103275,3,6,840,0,0,0,5,168,29458,89,89,27854,0,0,0,0,0,0,0,0,0
202309,450,39580,C,Raleigh-Cary  NC ,888,888,224179,1,2,294,0,0,0,8,158,22187,886,886,223627,1,2,294,0,0,0,8,158,22187
202309,452,39660,C,Rapid City  SD ,30,30,9530,0,0,0,4,16,2640,7,228,41936,30,30,9530,0,0,0,4,16,2640,7,228,41936
202309,454,39820,C,Redding  CA ,25,25,8559,0,0,0,0,0,0,0,0,0,15,15,5713,0,0,0,0,0,0,0,0,0
202309,456,16180,C,Carson City  NV ,12,12,3167,0,0,0,0,0,0,1,6,599,0,0,0,0,0,0,0,0,0,0,0,0
202309,456,39900,C,Reno  NV ,155,155,42693,7,14,2009,1,3,396,10,156,19812,27,27,6495,5,10,1590,0,0,0,0,0,0
202309,462,40340,C,Rochester  MN ,55,55,17727,0,0,0,0,0,0,1,14,1450,39,39,13522,0,0,0,0,0,0,1,14,1450
202309,464,40380,C,Rochester  NY ,77,77,22608,2,4,814,3,9,995,2,12,1396,41,41,13528,0,0,0,1,3,150,0,0,0
202309,466,40420,C,Rockford  IL ,21,21,6302,0,0,0,0,0,0,0,0,0,19,19,6077,0,0,0,0,0,0,0,0,0
202309,468,40580,C,Rocky Mount  NC ,27,27,4849,0,0,0,0,0,0,0,0,0,2,2,667,0,0,0,0,0,0,0,0,0
202309,472,40900,C,Sacramento-Roseville-Folsom  CA ,698,698,223829,2,4,477,0,0,0,0,0,0,683,683,219820,2,4,477,0,0,0,0,0,0
202309,472,49700,C,Yuba City  CA ,63,63,24835,1,2,212,0,0,0,0,0,0,55,55,21974,0,0,0,0,0,0,0,0,0
202309,474,13020,C,Bay City  MI ,5,5,1343,0,0,0,0,0,0,0,0,0,1,1,395,0,0,0,0,0,0,0,0,0
202309,474,33220,C,Midland  MI ,8,8,2092,0,0,0,0,0,0,0,0,0,5,5,1193,0,0,0,0,0,0,0,0,0
202309,474,40980,C,Saginaw  MI ,10,10,2656,0,0,0,0,0,0,0,0,0,2,2,501,0,0,0,0,0,0,0,0,0
202309,476,41180,C,St. Louis  MO-IL ,427,427,149635,0,0,0,3,12,2277,16,223,20111,366,366,127567,0,0,0,3,12,2277,10,132,7599
202309,480,41540,C,Salisbury  MD-DE ,330,330,51793,2,4,335,0,0,0,1,30,1700,328,328,51499,2,4,335,0,0,0,1,30,1700
202309,482,36260,C,Ogden-Clearfield  UT ,166,166,52419,0,0,0,2,7,904,25,245,32427,101,101,33116,0,0,0,0,0,0,22,186,23334
202309,482,39340,C,Provo-Orem  UT ,411,411,127875,1,2,331,1,3,633,9,67,14047,405,405,123316,1,2,331,1,3,633,9,67,14047
202309,482,41620,C,Salt Lake City  UT ,225,225,67477,3,6,1163,3,11,2232,13,285,40373,164,164,53559,1,2,607,2,8,1678,8,45,7402
202309,484,41700,C,San Antonio-New Braunfels  TX ,679,679,188687,1,2,255,0,0,0,41,476,62808,569,569,161378,0,0,0,0,0,0,40,460,60843
202309,488,32900,C,Merced  CA ,81,81,24336,0,0,0,0,0,0,0,0,0,70,70,21026,0,0,0,0,0,0,0,0,0
202309,488,33700,C,Modesto  CA ,56,56,11960,0,0,0,0,0,0,0,0,0,48,48,10344,0,0,0,0,0,0,0,0,0
202309,488,34900,C,Napa  CA ,25,25,5767,0,0,0,0,0,0,3,50,11000,24,24,5165,0,0,0,0,0,0,3,50,11000
202309,488,41860,C,San Francisco-Oakland-Berkeley  CA ,248,248,107649,3,6,1089,0,0,0,11,292,89846,202,202,89776,3,6,1089,0,0,0,6,220,76573
202309,488,41940,C,San Jose-Sunnyvale-Santa Clara  CA ,171,171,63354,1,2,271,0,0,0,5,97,21126,142,142,52979,0,0,0,0,0,0,2,26,7817
202309,488,42100,C,Santa Cruz-Watsonville  CA ,10,10,1802,0,0,0,0,0,0,0,0,0,10,10,1802,0,0,0,0,0,0,0,0,0
202309,488,42220,C,Santa Rosa-Petaluma  CA ,59,59,22872,0,0,0,0,0,0,4,65,23424,46,46,20292,0,0,0,0,0,0,3,60,22591
202309,488,44700,C,Stockton  CA ,223,223,89410,0,0,0,0,0,0,0,0,0,223,223,89410,0,0,0,0,0,0,0,0,0
202309,488,46700,C,Vallejo  CA ,30,30,7500,0,0,0,0,0,0,7,168,22175,30,30,7500,0,0,0,0,0,0,7,168,22175
202309,496,25980,C,Hinesville  GA ,72,72,20277,0,0,0,0,0,0,0,0,0,48,48,14579,0,0,0,0,0,0,0,0,0
202309,496,42340,C,Savannah  GA ,218,218,56577,1,2,113,0,0,0,0,0,0,175,175,46557,0,0,0,0,0,0,0,0,0
202309,500,14740,C,Bremerton-Silverdale-Port Orchard  WA ,64,64,25636,0,0,0,0,0,0,2,47,6858,59,59,23303,0,0,0,0,0,0,1,42,6177
202309,500,34580,C,Mount Vernon-Anacortes  WA ,12,12,4136,0,0,0,0,0,0,1,17,1587,7,7,2119,0,0,0,0,0,0,0,0,0
202309,500,36500,C,Olympia-Lacey-Tumwater  WA ,67,67,16312,0,0,0,1,3,545,1,18,1914,64,64,15432,0,0,0,0,0,0,0,0,0
202309,500,42660,C,Seattle-Tacoma-Bellevue  WA ,501,501,181455,35,70,20134,12,44,9668,29,656,117465,456,456,162284,35,70,20134,12,44,9668,27,625,113433
202309,508,43340,C,Shreveport-Bossier City  LA ,69,69,19017,0,0,0,0,0,0,0,0,0,62,62,17284,0,0,0,0,0,0,0,0,0
202309,515,21140,C,Elkhart-Goshen  IN ,28,28,14535,0,0,0,0,0,0,0,0,0,28,28,14535,0,0,0,0,0,0,0,0,0
202309,515,35660,C,Niles  MI ,25,25,13237,1,2,560,0,0,0,0,0,0,14,14,9370,1,2,560,0,0,0,0,0,0
202309,515,43780,C,South Bend-Mishawaka  IN-MI ,29,29,14676,2,4,786,0,0,0,0,0,0,25,25,12380,2,4,786,0,0,0,0,0,0
202309,518,17660,C,Coeur dAlene  ID ,110,110,40101,7,14,4845,0,0,0,9,147,14827,88,88,34062,7,14,4845,0,0,0,7,132,13200
202309,518,44060,C,Spokane-Spokane Valley  WA ,150,150,46592,10,20,4857,1,3,915,11,190,37162,84,84,30021,8,16,3996,1,3,915,8,143,33038
202309,522,44100,C,Springfield  IL ,17,17,6956,1,2,342,0,0,0,1,5,556,11,11,4777,0,0,0,0,0,0,0,0,0
202309,524,44300,C,State College  PA ,29,29,8324,0,0,0,1,4,900,0,0,0,27,27,7837,0,0,0,1,4,900,0,0,0
202309,532,45060,C,Syracuse  NY ,40,40,12420,1,2,341,0,0,0,0,0,0,23,23,7847,0,0,0,0,0,0,0,0,0
202309,534,45780,C,Toledo  OH ,75,75,24822,12,24,2720,1,3,223,1,5,293,62,62,19510,12,24,2720,0,0,0,0,0,0
202309,536,46060,C,Tucson  AZ ,357,357,128804,3,6,759,0,0,0,8,82,11916,288,288,111322,1,2,284,0,0,0,3,24,3212
202309,538,46140,C,Tulsa  OK ,322,322,84271,0,0,0,0,0,0,13,253,18985,299,299,79545,0,0,0,0,0,0,12,246,18447
202309,540,46340,C,Tyler  TX ,37,37,10111,1,2,260,0,0,0,0,0,0,26,26,7292,0,0,0,0,0,0,0,0,0
202309,544,47020,C,Victoria  TX ,7,7,1999,0,0,0,0,0,0,0,0,0,7,7,1999,0,0,0,0,0,0,0,0,0
202309,545,47260,C,Virginia Beach-Norfolk-Newport News  VA-NC ,244,244,73340,1,2,65,0,0,0,3,26,4657,230,230,70652,1,2,65,0,0,0,2,11,2460
202309,548,12580,C,Baltimore-Columbia-Towson  MD ,270,270,74825,0,0,0,0,0,0,3,117,21182,265,265,73585,0,0,0,0,0,0,3,117,21182
202309,548,15680,C,California-Lexington Park  MD ,73,73,25353,0,0,0,0,0,0,0,0,0,73,73,25353,0,0,0,0,0,0,0,0,0
202309,548,16540,C,Chambersburg-Waynesboro  PA ,23,23,7575,0,0,0,0,0,0,2,21,1623,19,19,6631,0,0,0,0,0,0,1,16,975
202309,548,25180,C,Hagerstown-Martinsburg  MD-WV ,163,163,37878,0,0,0,0,0,0,0,0,0,158,158,36891,0,0,0,0,0,0,0,0,0
202309,548,47900,C,Washington-Arlington-Alexandria  DC-VA-MD-WV ,781,781,239188,4,8,1176,3,11,3049,14,675,92192,700,700,219665,4,8,1176,3,11,3049,11,620,85077
202309,548,49020,C,Winchester  VA-WV ,93,93,25539,0,0,0,0,0,0,0,0,0,92,92,25307,0,0,0,0,0,0,0,0,0
202309,554,48140,C,Wausau-Weston  WI ,30,30,9088,1,2,342,0,0,0,0,0,0,17,17,4854,0,0,0,0,0,0,0,0,0
202309,556,48620,C,Wichita  KS ,115,115,40049,27,54,7081,1,4,618,0,0,0,31,31,12654,4,8,1400,0,0,0,0,0,0
202309,558,48700,C,Williamsport  PA ,6,6,1880,0,0,0,0,0,0,0,0,0,0,0,0,0,0,0,0,0,0,0,0,0
202309,566,49660,C,Youngstown-Warren-Boardman  OH-PA ,31,31,9298,0,0,0,0,0,0,0,0,0,26,26,7878,0,0,0,0,0,0,0,0,0
202309,999,10180,C,Abilene  TX ,22,22,6175,2,4,460,0,0,0,0,0,0,21,21,5922,2,4,460,0,0,0,0,0,0
202309,999,10500,C,Albany  GA ,11,11,1055,0,0,0,0,0,0,0,0,0,8,8,233,0,0,0,0,0,0,0,0,0
202309,999,10780,C,Alexandria  LA ,25,25,6324,2,4,290,0,0,0,0,0,0,0,0,0,0,0,0,0,0,0,0,0,0
202309,999,10900,C,Allentown-Bethlehem-Easton  PA-NJ ,131,131,33761,0,0,0,0,0,0,6,131,2035,91,91,23504,0,0,0,0,0,0,4,120,500
202309,999,11260,C,Anchorage  AK ,16,16,6534,2,4,826,0,0,0,0,0,0,6,6,1431,2,4,826,0,0,0,0,0,0
202309,999,11500,C,Anniston-Oxford  AL ,4,4,450,0,0,0,0,0,0,0,0,0,3,3,375,0,0,0,0,0,0,0,0,0
202309,999,12260,C,Augusta-Richmond County  GA-SC ,336,336,74321,0,0,0,1,4,549,0,0,0,173,173,34799,0,0,0,1,4,549,0,0,0
202309,999,12420,C,Austin-Round Rock-Georgetown  TX ,1434,1434,407323,3,6,673,0,0,0,19,1681,142830,1064,1064,316402,2,4,460,0,0,0,19,1681,142830
202309,999,12540,C,Bakersfield  CA ,171,171,45367,1,2,24,0,0,0,1,5,635,13,13,4044,1,2,24,0,0,0,0,0,0
202309,999,12620,C,Bangor  ME ,33,33,7688,0,0,0,0,0,0,0,0,0,18,18,4381,0,0,0,0,0,0,0,0,0
202309,999,12940,C,Baton Rouge  LA ,272,272,63292,0,0,0,0,0,0,0,0,0,46,46,10244,0,0,0,0,0,0,0,0,0
202309,999,13140,C,Beaumont-Port Arthur  TX ,67,67,18083,2,4,456,0,0,0,0,0,0,45,45,12932,1,2,225,0,0,0,0,0,0
202309,999,13220,C,Beckley  WV ,5,5,1266,0,0,0,0,0,0,0,0,0,5,5,1266,0,0,0,0,0,0,0,0,0
202309,999,13380,C,Bellingham  WA ,58,58,14940,0,0,0,0,0,0,1,116,17582,30,30,5574,0,0,0,0,0,0,1,116,17582
202309,999,13740,C,Billings  MT ,52,52,12946,0,0,0,0,0,0,0,0,0,36,36,12154,0,0,0,0,0,0,0,0,0
202309,999,13780,C,Binghamton  NY ,10,10,2243,0,0,0,0,0,0,3,18,2035,1,1,300,0,0,0,0,0,0,0,0,0
202309,999,13900,C,Bismarck  ND ,28,28,10044,4,8,1921,1,4,781,0,0,0,25,25,8922,4,8,1921,1,4,781,0,0,0
202309,999,13980,C,Blacksburg-Christiansburg  VA ,41,41,12544,0,0,0,0,0,0,0,0,0,39,39,12167,0,0,0,0,0,0,0,0,0
202309,999,15260,C,Brunswick  GA ,44,44,13901,1,2,300,0,0,0,0,0,0,32,32,11360,1,2,300,0,0,0,0,0,0
202309,999,16060,C,Carbondale-Marion  IL ,11,11,1944,0,0,0,1,4,313,0,0,0,8,8,1514,0,0,0,0,0,0,0,0,0
202309,999,16220,C,Casper  WY ,16,16,2952,0,0,0,1,4,294,0,0,0,13,13,2480,0,0,0,1,4,294,0,0,0
202309,999,16580,C,Champaign-Urbana  IL ,10,10,4711,0,0,0,0,0,0,0,0,0,10,10,4711,0,0,0,0,0,0,0,0,0
202309,999,16700,C,Charleston-North Charleston  SC ,518,518,193119,0,0,0,0,0,0,5,142,13479,204,204,90777,0,0,0,0,0,0,0,0,0
202309,999,16820,C,Charlottesville  VA ,73,73,27708,0,0,0,0,0,0,3,19,1788,7,7,2900,0,0,0,0,0,0,0,0,0
202309,999,16940,C,Cheyenne  WY ,13,13,3594,0,0,0,0,0,0,0,0,0,13,13,3594,0,0,0,0,0,0,0,0,0
202309,999,17020,C,Chico  CA ,62,62,12128,0,0,0,1,4,576,1,12,1206,43,43,8771,0,0,0,1,4,576,1,12,1206
202309,999,17300,C,Clarksville  TN-KY ,133,133,26545,1,2,226,8,30,3055,11,95,7871,54,54,13112,0,0,0,0,0,0,0,0,0
202309,999,17780,C,College Station-Bryan  TX ,77,77,21827,0,0,0,0,0,0,0,0,0,76,76,21572,0,0,0,0,0,0,0,0,0
202309,999,17820,C,Colorado Springs  CO ,155,155,89505,3,6,1482,3,9,1423,5,31,10158,154,154,89291,3,6,1482,2,6,1009,5,31,10158
202309,999,18880,C,Crestview-Fort Walton Beach-Destin  FL ,239,239,128973,0,0,0,1,4,543,15,439,70873,237,237,128203,0,0,0,1,4,543,15,439,70873
202309,999,19060,C,Cumberland  MD-WV ,8,8,1966,0,0,0,1,3,160,0,0,0,8,8,1966,0,0,0,1,3,160,0,0,0
202309,999,19180,C,Danville  IL ,0,0,0,0,0,0,0,0,0,0,0,0,0,0,0,0,0,0,0,0,0,0,0,0
202309,999,19500,C,Decatur  IL ,2,2,682,0,0,0,0,0,0,0,0,0,1,1,247,0,0,0,0,0,0,0,0,0
202309,999,20220,C,Dubuque  IA ,9,9,5130,0,0,0,0,0,0,0,0,0,9,9,5130,0,0,0,0,0,0,0,0,0
202309,999,20260,C,Duluth  MN-WI ,54,54,15279,1,2,565,0,0,0,0,0,0,43,43,12109,1,2,565,0,0,0,0,0,0
202309,999,20940,C,El Centro  CA ,23,23,4022,0,0,0,0,0,0,1,7,1149,20,20,3777,0,0,0,0,0,0,0,0,0
202309,999,21420,C,Enid  OK ,0,0,0,0,0,0,0,0,0,0,0,0,0,0,0,0,0,0,0,0,0,0,0,0
202309,999,21660,C,Eugene-Springfield  OR ,66,66,19550,0,0,0,0,0,0,0,0,0,33,33,10278,0,0,0,0,0,0,0,0,0
202309,999,21780,C,Evansville  IN-KY ,76,76,30618,5,10,1154,0,0,0,0,0,0,54,54,24266,3,6,665,0,0,0,0,0,0
202309,999,21820,C,Fairbanks  AK ,0,0,0,0,0,0,0,0,0,0,0,0,0,0,0,0,0,0,0,0,0,0,0,0
202309,999,22140,C,Farmington  NM ,8,8,2131,0,0,0,0,0,0,0,0,0,8,8,2131,0,0,0,0,0,0,0,0,0
202309,999,22220,C,Fayetteville-Springdale-Rogers  AR-MO ,487,487,137945,5,10,2892,12,47,6155,3,28,3369,337,337,94328,2,4,1022,11,44,5160,0,0,0
202309,999,22380,C,Flagstaff  AZ ,38,38,11827,2,4,750,1,4,539,0,0,0,23,23,6838,2,4,750,1,4,539,0,0,0
202309,999,22500,C,Florence  SC ,48,48,7618,0,0,0,0,0,0,0,0,0,25,25,3809,0,0,0,0,0,0,0,0,0
202309,999,22520,C,Florence-Muscle Shoals  AL ,19,19,2170,0,0,0,0,0,0,0,0,0,10,10,1080,0,0,0,0,0,0,0,0,0
202309,999,22540,C,Fond du Lac  WI ,8,8,2970,0,0,0,0,0,0,0,0,0,1,1,525,0,0,0,0,0,0,0,0,0
202309,999,22660,C,Fort Collins  CO ,98,98,36129,1,2,273,0,0,0,8,156,28446,98,98,36129,1,2,273,0,0,0,8,156,28446
202309,999,22900,C,Fort Smith  AR-OK ,32,32,7203,6,12,1223,0,0,0,0,0,0,26,26,6344,5,10,1060,0,0,0,0,0,0
202309,999,23460,C,Gadsden  AL ,11,11,2034,0,0,0,0,0,0,0,0,0,5,5,1072,0,0,0,0,0,0,0,0,0
202309,999,24140,C,Goldsboro  NC ,48,48,12167,0,0,0,0,0,0,1,5,365,41,41,8962,0,0,0,0,0,0,0,0,0
202309,999,24220,C,Grand Forks  ND-MN ,22,22,5465,0,0,0,0,0,0,0,0,0,22,22,5465,0,0,0,0,0,0,0,0,0
202309,999,24260,C,Grand Island  NE ,47,47,7275,0,0,0,0,0,0,0,0,0,44,44,6659,0,0,0,0,0,0,0,0,0
202309,999,24300,C,Grand Junction  CO ,35,35,13370,0,0,0,0,0,0,2,10,5774,35,35,13370,0,0,0,0,0,0,2,10,5774
202309,999,24500,C,Great Falls  MT ,24,24,4633,0,0,0,0,0,0,0,0,0,24,24,4633,0,0,0,0,0,0,0,0,0
202309,999,25060,C,Gulfport-Biloxi  MS ,257,257,40101,0,0,0,0,0,0,0,0,0,156,156,31286,0,0,0,0,0,0,0,0,0
202309,999,25860,C,Hickory-Lenoir-Morganton  NC ,89,89,22138,1,2,250,0,0,0,1,6,334,79,79,20443,1,2,250,0,0,0,0,0,0
202309,999,25940,C,Hilton Head Island-Bluffton  SC ,203,203,77750,0,0,0,0,0,0,1,13,1692,121,121,40310,0,0,0,0,0,0,0,0,0
202309,999,26140,C,Homosassa Springs  FL ,127,127,33835,1,2,509,0,0,0,0,0,0,2,2,716,0,0,0,0,0,0,0,0,0
202309,999,26380,C,Houma-Thibodaux  LA ,36,36,7055,1,2,228,0,0,0,0,0,0,36,36,7055,1,2,228,0,0,0,0,0,0
202309,999,27100,C,Jackson  MI ,10,10,3190,0,0,0,0,0,0,0,0,0,4,4,1481,0,0,0,0,0,0,0,0,0
202309,999,27340,C,Jacksonville  NC ,123,123,32599,0,0,0,0,0,0,0,0,0,123,123,32599,0,0,0,0,0,0,0,0,0
202309,999,27620,C,Jefferson City  MO ,21,21,3973,0,0,0,1,3,184,0,0,0,16,16,2935,0,0,0,0,0,0,0,0,0
202309,999,27980,C,Kahului-Wailuku-Lahaina  HI ,38,38,13113,0,0,0,0,0,0,2,90,36000,38,38,13113,0,0,0,0,0,0,2,90,36000
202309,999,28660,C,Killeen-Temple  TX ,173,173,51918,20,40,4099,0,0,0,2,38,5522,82,82,29946,15,30,2974,0,0,0,0,0,0
202309,999,29100,C,La Crosse-Onalaska  WI-MN ,21,21,8975,2,4,731,0,0,0,1,6,1500,18,18,8081,0,0,0,0,0,0,1,6,1500
202309,999,29420,C,Lake Havasu City-Kingman  AZ ,174,174,37451,0,0,0,4,12,587,0,0,0,172,172,37158,0,0,0,4,12,587,0,0,0
202309,999,29540,C,Lancaster  PA ,47,47,12279,0,0,0,0,0,0,2,14,2585,27,27,7927,0,0,0,0,0,0,2,14,2585
202309,999,29620,C,Lansing-East Lansing  MI ,41,41,13037,0,0,0,0,0,0,1,14,1554,26,26,9098,0,0,0,0,0,0,0,0,0
202309,999,29700,C,Laredo  TX ,92,92,23572,0,0,0,2,7,1052,0,0,0,0,0,0,0,0,0,0,0,0,0,0,0
202309,999,30020,C,Lawton  OK ,23,23,5907,7,14,1484,0,0,0,0,0,0,19,19,5485,7,14,1484,0,0,0,0,0,0
202309,999,30300,C,Lewiston  ID-WA ,9,9,2498,1,2,550,0,0,0,0,0,0,3,3,714,0,0,0,0,0,0,0,0,0
202309,999,30860,C,Logan  UT-ID ,59,59,22035,0,0,0,0,0,0,4,104,18500,53,53,20597,0,0,0,0,0,0,4,104,18500
202309,999,30980,C,Longview  TX ,23,23,6304,2,4,460,1,4,579,1,8,350,17,17,4869,0,0,0,0,0,0,0,0,0
202309,999,31340,C,Lynchburg  VA ,43,43,7817,0,0,0,1,3,603,1,7,181,41,41,7418,0,0,0,0,0,0,0,0,0
202309,999,31740,C,Manhattan  KS ,14,14,4675,0,0,0,0,0,0,0,0,0,13,13,4374,0,0,0,0,0,0,0,0,0
202309,999,33540,C,Missoula  MT ,31,31,11426,1,2,354,0,0,0,0,0,0,31,31,11426,1,2,354,0,0,0,0,0,0
202309,999,36100,C,Ocala  FL ,516,516,147758,2,4,635,0,0,0,0,0,0,515,515,147513,2,4,635,0,0,0,0,0,0
202309,999,36980,C,Owensboro  KY ,18,18,1583,0,0,0,0,0,0,5,54,8130,18,18,1583,0,0,0,0,0,0,5,54,8130
202309,999,37340,C,Palm Bay-Melbourne-Titusville  FL ,440,440,182649,1,2,914,0,0,0,0,0,0,428,428,179791,1,2,914,0,0,0,0,0,0
202309,999,37460,C,Panama City  FL ,151,151,54423,1,2,449,0,0,0,1,5,949,6,6,2501,0,0,0,0,0,0,0,0,0
202309,999,37900,C,Peoria  IL ,17,17,6140,0,0,0,0,0,0,0,0,0,7,7,2980,0,0,0,0,0,0,0,0,0
202309,999,38340,C,Pittsfield  MA ,7,7,3011,0,0,0,0,0,0,0,0,0,0,0,0,0,0,0,0,0,0,0,0,0
202309,999,38540,C,Pocatello  ID ,19,19,4766,3,6,728,1,3,311,1,5,450,7,7,1133,3,6,728,0,0,0,0,0,0
202309,999,39150,C,Prescott Valley-Prescott  AZ ,96,96,34143,3,6,692,0,0,0,2,18,1860,40,40,15144,3,6,692,0,0,0,2,18,1860
202309,999,40060,C,Richmond  VA ,373,373,86816,22,44,5753,0,0,0,13,788,113473,360,360,83969,22,44,5753,0,0,0,12,782,112860
202309,999,40220,C,Roanoke  VA ,47,47,13681,1,2,230,0,0,0,0,0,0,34,34,8775,1,2,230,0,0,0,0,0,0
202309,999,41100,C,St. George  UT ,153,153,30719,0,0,0,0,0,0,1,7,475,122,122,24057,0,0,0,0,0,0,0,0,0
202309,999,41500,C,Salinas  CA ,28,28,5404,0,0,0,0,0,0,4,100,37558,23,23,3942,0,0,0,0,0,0,4,100,37558
202309,999,41660,C,San Angelo  TX ,36,36,10312,0,0,0,0,0,0,0,0,0,36,36,10312,0,0,0,0,0,0,0,0,0
202309,999,41740,C,San Diego-Chula Vista-Carlsbad  CA ,233,233,68947,11,22,2812,6,22,2428,31,795,114211,223,223,65704,11,22,2812,6,22,2428,30,790,113272
202309,999,42020,C,San Luis Obispo-Paso Robles  CA ,51,51,11889,1,2,281,1,3,452,2,26,3885,27,27,6866,0,0,0,0,0,0,0,0,0
202309,999,42200,C,Santa Maria-Santa Barbara  CA ,22,22,4056,0,0,0,0,0,0,0,0,0,16,16,1991,0,0,0,0,0,0,0,0,0
202309,999,42540,C,Scranton--Wilkes-Barre  PA ,35,35,11154,1,2,400,1,3,750,1,5,684,14,14,5442,1,2,400,0,0,0,0,0,0
202309,999,42700,C,Sebring-Avon Park  FL ,34,34,8544,2,4,635,0,0,0,0,0,0,34,34,8544,2,4,635,0,0,0,0,0,0
202309,999,43100,C,Sheboygan  WI ,12,12,5909,0,0,0,0,0,0,1,50,9380,5,5,3336,0,0,0,0,0,0,1,50,9380
202309,999,43420,C,Sierra Vista-Douglas  AZ ,44,44,6635,0,0,0,0,0,0,0,0,0,37,37,4755,0,0,0,0,0,0,0,0,0
202309,999,43580,C,Sioux City  IA-NE-SD ,19,19,5577,0,0,0,1,3,0,0,0,0,7,7,2285,0,0,0,0,0,0,0,0,0
202309,999,43620,C,Sioux Falls  SD ,203,203,46999,4,8,1299,8,27,3676,25,323,39622,177,177,40307,4,8,1299,5,18,3038,23,313,38258
202309,999,44140,C,Springfield  MA ,32,32,13534,2,4,400,0,0,0,2,10,840,7,7,2213,2,4,400,0,0,0,0,0,0
202309,999,44180,C,Springfield  MO ,128,128,45062,8,16,2928,0,0,0,9,186,19800,114,114,42212,7,14,2650,0,0,0,9,186,19800
202309,999,44940,C,Sumter  SC ,32,32,5917,2,4,381,0,0,0,0,0,0,0,0,0,0,0,0,0,0,0,0,0,0
202309,999,45220,C,Tallahassee  FL ,123,123,23021,1,2,222,0,0,0,3,84,10746,54,54,9050,0,0,0,0,0,0,0,0,0
202309,999,45300,C,Tampa-St. Petersburg-Clearwater  FL ,1238,1238,351687,3,6,1089,6,24,1270,27,362,38511,713,713,227473,3,6,1089,6,24,1270,23,342,34249
202309,999,45460,C,Terre Haute  IN ,8,8,1658,3,6,700,0,0,0,0,0,0,5,5,1190,3,6,700,0,0,0,0,0,0
202309,999,45500,C,Texarkana  TX-AR ,4,4,912,0,0,0,0,0,0,0,0,0,0,0,0,0,0,0,0,0,0,0,0,0
202309,999,45820,C,Topeka  KS ,34,34,7287,15,30,5773,0,0,0,0,0,0,23,23,5987,15,30,5773,0,0,0,0,0,0
202309,999,46220,C,Tuscaloosa  AL ,44,44,13703,0,0,0,1,4,610,1,15,2307,11,11,3963,0,0,0,0,0,0,0,0,0
202309,999,46300,C,Twin Falls  ID ,35,35,10907,2,4,927,0,0,0,0,0,0,28,28,8922,2,4,927,0,0,0,0,0,0
202309,999,46520,C,Urban Honolulu  HI ,48,48,17663,5,10,1593,0,0,0,3,113,40102,0,0,0,0,0,0,0,0,0,0,0,0
202309,999,46540,C,Utica-Rome  NY ,21,21,7882,0,0,0,0,0,0,1,5,781,4,4,4500,0,0,0,0,0,0,0,0,0
202309,999,46660,C,Valdosta  GA ,91,91,17008,1,2,133,0,0,0,0,0,0,0,0,0,0,0,0,0,0,0,0,0,0
202309,999,47300,C,Visalia  CA ,60,60,18848,2,4,322,1,3,403,0,0,0,57,57,18372,2,4,322,1,3,403,0,0,0
202309,999,47380,C,Waco  TX ,65,65,10180,1,2,241,0,0,0,2,23,2238,1,1,320,0,0,0,0,0,0,0,0,0
202309,999,47940,C,Waterloo-Cedar Falls  IA ,18,18,6656,1,2,246,1,3,773,3,30,4200,11,11,3792,0,0,0,1,3,773,3,30,4200
202309,999,48060,C,Watertown-Fort Drum  NY ,13,13,2140,0,0,0,0,0,0,0,0,0,0,0,0,0,0,0,0,0,0,0,0,0
202309,999,48300,C,Wenatchee  WA ,54,54,15981,0,0,0,0,0,0,0,0,0,30,30,10762,0,0,0,0,0,0,0,0,0
202309,999,48540,C,Wheeling  WV-OH ,1,1,370,0,0,0,0,0,0,0,0,0,0,0,0,0,0,0,0,0,0,0,0,0
202309,999,48660,C,Wichita Falls  TX ,11,11,3094,0,0,0,0,0,0,0,0,0,9,9,2624,0,0,0,0,0,0,0,0,0
202309,999,48900,C,Wilmington  NC ,186,186,58216,6,12,2167,1,3,771,3,95,12333,21,21,6068,1,2,550,0,0,0,0,0,0
202309,999,49420,C,Yakima  WA ,62,62,18971,1,2,353,4,15,1200,0,0,0,61,61,18644,1,2,353,4,15,1200,0,0,0
202309,999,49740,C,Yuma  AZ ,72,72,11649,1,2,304,0,0,0,2,14,1453,43,43,6410,0,0,0,0,0,0,1,8,720
