Survey,CSA,CBSA,MONCOV,CBSA,,1-unit,,,2-units,,,3-4 units,,,5+ units,,,1-unit rep,,,2-units rep,,,3-4 units rep,,,5+ units rep
Date,Code,Code,,Name,Bldgs,Units,Value,Bldgs,Units,Value,Bldgs,Units,Value,Bldgs,Units,Value,Bldgs,Units,Value,Bldgs,Units,Value,      Bldgs,Units,Value,Bldgs,Units,Value
 
202312,104,10580,C,Albany-Schenectady-Troy  NY ,74,74,26532,0,0,0,0,0,0,3,15,2239,62,62,22394,0,0,0,0,0,0,0,0,0
202312,104,24020,C,Glens Falls  NY ,21,21,7107,0,0,0,0,0,0,0,0,0,20,20,6804,0,0,0,0,0,0,0,0,0
202312,106,10740,C,Albuquerque  NM ,171,171,39676,0,0,0,0,0,0,1,56,5691,119,119,29912,0,0,0,0,0,0,0,0,0
202312,106,42140,C,Santa Fe  NM ,18,18,8694,0,0,0,0,0,0,0,0,0,18,18,8694,0,0,0,0,0,0,0,0,0
202312,107,11020,C,Altoona  PA ,1,1,674,0,0,0,0,0,0,0,0,0,1,1,674,0,0,0,0,0,0,0,0,0
202312,108,11100,C,Amarillo  TX ,49,49,13819,1,2,294,0,0,0,0,0,0,44,44,12562,1,2,294,0,0,0,0,0,0
202312,118,11540,C,Appleton  WI ,20,20,7367,0,0,0,0,0,0,0,0,0,16,16,6115,0,0,0,0,0,0,0,0,0
202312,118,36780,C,Oshkosh-Neenah  WI ,14,14,5087,1,2,480,0,0,0,1,30,2100,12,12,4064,1,2,480,0,0,0,1,30,2100
202312,120,11700,C,Asheville  NC ,192,192,63971,0,0,0,0,0,0,14,476,71629,156,156,56018,0,0,0,0,0,0,13,469,69691
202312,122,12020,C,Athens-Clarke County  GA ,102,102,31813,0,0,0,0,0,0,4,28,4386,93,93,28052,0,0,0,0,0,0,4,28,4386
202312,122,12060,C,Atlanta-Sandy Springs-Alpharetta  GA ,1698,1698,505252,2,4,566,6,24,3661,28,440,79211,1555,1555,472669,0,0,0,6,24,3661,26,401,74164
202312,122,23580,C,Gainesville  GA ,96,96,21905,0,0,0,0,0,0,0,0,0,22,22,4243,0,0,0,0,0,0,0,0,0
202312,122,40660,C,Rome  GA ,28,28,6666,0,0,0,0,0,0,0,0,0,28,28,6666,0,0,0,0,0,0,0,0,0
202312,140,13460,C,Bend  OR ,75,75,32350,7,14,2765,0,0,0,0,0,0,75,75,32350,7,14,2765,0,0,0,0,0,0
202312,142,13820,C,Birmingham-Hoover  AL ,188,188,76569,0,0,0,0,0,0,18,284,45803,135,135,53069,0,0,0,0,0,0,18,284,45803
202312,144,14020,C,Bloomington  IN ,21,21,6294,0,0,0,0,0,0,0,0,0,21,21,6294,0,0,0,0,0,0,0,0,0
202312,145,14010,C,Bloomington  IL ,11,11,2875,0,0,0,0,0,0,1,6,580,2,2,650,0,0,0,0,0,0,0,0,0
202312,146,14100,C,Bloomsburg-Berwick  PA ,3,3,719,0,0,0,0,0,0,0,0,0,0,0,0,0,0,0,0,0,0,0,0,0
202312,147,14260,C,Boise City  ID ,366,366,97359,2,4,583,7,26,2250,3,36,4462,320,320,82227,2,4,583,7,26,2250,1,24,2790
202312,148,12700,C,Barnstable Town  MA ,38,38,24354,0,0,0,0,0,0,0,0,0,33,33,22190,0,0,0,0,0,0,0,0,0
202312,148,14460,C,Boston-Cambridge-Newton  MA-NH ,276,276,110907,11,22,5509,10,32,34668,32,1329,310197,189,189,83036,10,20,5168,10,32,34668,21,1228,292174
202312,148,31700,C,Manchester-Nashua  NH ,28,28,9407,0,0,0,0,0,0,0,0,0,7,7,4228,0,0,0,0,0,0,0,0,0
202312,148,39300,C,Providence-Warwick  RI-MA ,84,84,26271,3,6,1322,4,12,2055,0,0,0,38,38,13452,2,4,868,3,9,1530,0,0,0
202312,148,49340,C,Worcester  MA-CT ,70,70,23491,2,4,653,0,0,0,1,12,1500,45,45,16210,1,2,400,0,0,0,1,12,1500
202312,150,14540,C,Bowling Green  KY ,29,29,8642,0,0,0,0,0,0,0,0,0,29,29,8642,0,0,0,0,0,0,0,0,0
202312,154,15180,C,Brownsville-Harlingen  TX ,122,122,27336,2,4,475,1,3,451,2,26,3356,37,37,7211,0,0,0,0,0,0,0,0,0
202312,160,15380,C,Buffalo-Cheektowaga  NY ,50,50,17090,2,4,1748,0,0,0,3,24,3591,37,37,14571,2,4,1748,0,0,0,2,12,900
202312,162,15540,C,Burlington-South Burlington  VT ,24,24,10512,0,0,0,0,0,0,1,5,313,16,16,8233,0,0,0,0,0,0,0,0,0
202312,163,15980,C,Cape Coral-Fort Myers  FL ,810,810,184453,5,10,1660,2,8,4200,8,253,35766,810,810,184453,5,10,1660,2,8,4200,8,253,35766
202312,163,34940,C,Naples-Marco Island  FL ,242,242,114731,2,4,665,3,12,2783,6,157,287556,23,23,48552,1,2,200,0,0,0,3,58,267709
202312,164,16020,C,Cape Girardeau  MO-IL ,5,5,1534,0,0,0,0,0,0,0,0,0,0,0,0,0,0,0,0,0,0,0,0,0
202312,168,16300,C,Cedar Rapids  IA ,48,48,13962,1,2,600,0,0,0,2,91,6650,46,46,12975,1,2,600,0,0,0,2,91,6650
202312,168,26980,C,Iowa City  IA ,19,19,7632,0,0,0,1,4,660,1,12,1100,19,19,7632,0,0,0,1,4,660,1,12,1100
202312,170,16620,C,Charleston  WV ,17,17,1996,0,0,0,0,0,0,0,0,0,13,13,1420,0,0,0,0,0,0,0,0,0
202312,170,26580,C,Huntington-Ashland  WV-KY-OH ,17,17,4841,0,0,0,0,0,0,0,0,0,0,0,0,0,0,0,0,0,0,0,0,0
202312,172,16740,C,Charlotte-Concord-Gastonia  NC-SC ,1407,1407,372762,1,2,1088,1,3,369,23,789,100303,1247,1247,324000,1,2,1088,1,3,369,21,763,96983
202312,174,16860,C,Chattanooga  TN-GA ,158,158,40064,6,12,888,5,18,2589,2,37,3697,118,118,30599,2,4,313,4,15,2415,0,0,0
202312,174,17420,C,Cleveland  TN ,51,51,11137,0,0,0,1,4,532,0,0,0,37,37,8601,0,0,0,1,4,532,0,0,0
202312,174,19140,C,Dalton  GA ,26,26,4876,1,2,133,2,6,789,0,0,0,0,0,0,0,0,0,0,0,0,0,0,0
202312,176,16980,C,Chicago-Naperville-Elgin  IL-IN-WI ,576,576,177950,6,12,3977,11,41,6084,16,266,62194,496,496,152580,6,12,3977,11,41,6084,11,241,58097
202312,176,28100,C,Kankakee  IL ,2,2,697,0,0,0,0,0,0,0,0,0,2,2,697,0,0,0,0,0,0,0,0,0
202312,176,33140,C,Michigan City-La Porte  IN ,12,12,3530,0,0,0,0,0,0,1,10,1267,9,9,2812,0,0,0,0,0,0,0,0,0
202312,178,17140,C,Cincinnati  OH-KY-IN ,253,253,100121,15,30,4682,7,23,3628,4,22,2459,193,193,84746,11,22,3776,7,23,3628,1,5,886
202312,184,10420,C,Akron  OH ,37,37,12951,0,0,0,0,0,0,6,60,7972,36,36,12816,0,0,0,0,0,0,5,55,7905
202312,184,15940,C,Canton-Massillon  OH ,17,17,6006,1,2,397,0,0,0,1,5,384,13,13,5343,0,0,0,0,0,0,0,0,0
202312,184,17460,C,Cleveland-Elyria  OH ,210,210,71130,1,2,699,0,0,0,1,18,1458,157,157,53924,1,2,699,0,0,0,0,0,0
202312,190,17860,C,Columbia  MO ,50,50,17131,0,0,0,0,0,0,0,0,0,49,49,17020,0,0,0,0,0,0,0,0,0
202312,192,17900,C,Columbia  SC ,315,315,81092,0,0,0,8,29,3705,0,0,0,131,131,32781,0,0,0,8,29,3705,0,0,0
202312,194,12220,C,Auburn-Opelika  AL ,70,70,23442,0,0,0,0,0,0,0,0,0,70,70,23442,0,0,0,0,0,0,0,0,0
202312,194,17980,C,Columbus  GA-AL ,47,47,11422,1,2,283,0,0,0,0,0,0,45,45,10967,1,2,283,0,0,0,0,0,0
202312,198,18140,C,Columbus  OH ,362,362,143465,0,0,0,1,4,750,6,228,34600,303,303,120724,0,0,0,1,4,750,6,228,34600
202312,204,18580,C,Corpus Christi  TX ,118,118,28740,0,0,0,0,0,0,0,0,0,5,5,1060,0,0,0,0,0,0,0,0,0
202312,206,19100,C,Dallas-Fort Worth-Arlington  TX ,2994,2994,891488,10,20,3161,65,209,34577,15,536,147072,2582,2582,781350,8,16,2718,43,129,23374,10,455,136905
202312,206,43300,C,Sherman-Denison  TX ,148,148,40654,0,0,0,0,0,0,0,0,0,81,81,23016,0,0,0,0,0,0,0,0,0
202312,209,19340,C,Davenport-Moline-Rock Island  IA-IL ,29,29,7340,0,0,0,1,4,1289,1,5,524,13,13,4181,0,0,0,1,4,1289,0,0,0
202312,212,19430,C,Dayton-Kettering  OH ,76,76,35474,1,2,156,1,3,548,4,86,14022,33,33,20356,0,0,0,0,0,0,2,64,11591
202312,212,44220,C,Springfield  OH ,12,12,4476,0,0,0,0,0,0,0,0,0,12,12,4476,0,0,0,0,0,0,0,0,0
202312,216,14500,C,Boulder  CO ,26,26,19098,0,0,0,1,3,1133,1,16,4173,22,22,16360,0,0,0,1,3,1133,0,0,0
202312,216,19740,C,Denver-Aurora-Lakewood  CO ,1153,1153,362913,5,10,2842,3,9,850,44,1788,322442,1137,1137,357539,5,10,2842,3,9,850,43,1769,319288
202312,216,24540,C,Greeley  CO ,244,244,73174,6,12,2181,3,9,1675,2,53,7618,99,99,31754,0,0,0,0,0,0,0,0,0
202312,218,11180,C,Ames  IA ,3,3,1190,0,0,0,1,3,852,0,0,0,2,2,918,0,0,0,0,0,0,0,0,0
202312,218,19780,C,Des Moines-West Des Moines  IA ,256,256,90849,0,0,0,2,8,2323,3,224,40275,251,251,89347,0,0,0,2,8,2323,3,224,40275
202312,220,11460,C,Ann Arbor  MI ,38,38,19879,0,0,0,0,0,0,0,0,0,31,31,17882,0,0,0,0,0,0,0,0,0
202312,220,19820,C,Detroit-Warren-Dearborn  MI ,286,286,90342,9,18,1505,0,0,800,4,102,12839,227,227,73900,9,18,1505,0,0,800,3,97,12160
202312,220,22420,C,Flint  MI ,29,29,7091,0,0,0,0,0,0,2,16,3125,23,23,5624,0,0,0,0,0,0,2,16,3125
202312,220,33780,C,Monroe  MI ,14,14,2650,0,0,0,0,0,0,1,5,345,9,9,1315,0,0,0,0,0,0,0,0,0
202312,222,20020,C,Dothan  AL ,23,23,6656,0,0,0,0,0,0,0,0,0,10,10,4042,0,0,0,0,0,0,0,0,0
202312,232,20740,C,Eau Claire  WI ,14,14,5503,1,2,250,1,4,750,1,10,1270,13,13,5191,0,0,0,1,4,750,1,10,1270
202312,236,21300,C,Elmira  NY ,3,3,586,0,0,0,0,0,0,1,5,560,0,0,0,0,0,0,0,0,0,0,0,0
202312,238,21340,C,El Paso  TX ,144,144,33989,2,4,517,1,3,395,1,13,1534,16,16,4136,0,0,0,0,0,0,0,0,0
202312,238,29740,C,Las Cruces  NM ,87,87,20029,2,4,1014,1,4,100,0,0,0,57,57,12068,2,4,1014,1,4,100,0,0,0
202312,240,21500,C,Erie  PA ,9,9,2670,0,0,0,0,0,0,0,0,0,3,3,980,0,0,0,0,0,0,0,0,0
202312,244,22020,C,Fargo  ND-MN ,12,12,17410,0,0,0,0,0,0,1,36,8348,7,7,15855,0,0,0,0,0,0,1,36,8348
202312,246,22180,C,Fayetteville  NC ,257,257,55555,0,0,0,0,0,0,0,0,0,207,207,48452,0,0,0,0,0,0,0,0,0
202312,258,23060,C,Fort Wayne  IN ,86,86,26707,1,2,226,0,0,0,2,42,4494,5,5,1821,0,0,0,0,0,0,0,0,0
202312,260,23420,C,Fresno  CA ,224,224,53826,0,0,0,0,0,0,1,5,1108,205,205,46891,0,0,0,0,0,0,0,0,0
202312,260,25260,C,Hanford-Corcoran  CA ,28,28,8813,0,0,0,1,3,767,0,0,0,5,5,1505,0,0,0,0,0,0,0,0,0
202312,260,31460,C,Madera  CA ,46,46,13246,0,0,0,0,0,0,0,0,0,46,46,13246,0,0,0,0,0,0,0,0,0
202312,264,23540,C,Gainesville  FL ,98,98,23236,1,2,150,0,0,0,2,101,12976,30,30,5615,0,0,0,0,0,0,0,0,0
202312,266,24340,C,Grand Rapids-Kentwood  MI ,122,122,45672,2,4,818,0,0,0,8,95,13015,102,102,39546,0,0,0,0,0,0,5,55,6870
202312,266,34740,C,Muskegon  MI ,20,20,7342,0,0,0,0,0,0,0,0,0,10,10,4946,0,0,0,0,0,0,0,0,0
202312,267,24580,C,Green Bay  WI ,31,31,12215,4,8,1367,0,0,0,0,0,0,29,29,11650,0,0,0,0,0,0,0,0,0
202312,268,15500,C,Burlington  NC ,135,135,19807,0,0,0,0,0,0,0,0,0,135,135,19807,0,0,0,0,0,0,0,0,0
202312,268,24660,C,Greensboro-High Point  NC ,185,185,63102,3,6,924,0,0,0,2,38,5610,151,151,55939,2,4,251,0,0,0,0,0,0
202312,268,49180,C,Winston-Salem  NC ,245,245,68474,0,0,0,0,0,0,5,71,7451,217,217,62100,0,0,0,0,0,0,4,66,7253
202312,272,24780,C,Greenville  NC ,44,44,11333,0,0,0,0,0,0,13,312,36800,20,20,5778,0,0,0,0,0,0,13,312,36800
202312,273,24860,C,Greenville-Anderson  SC ,443,443,153909,17,34,3761,6,18,1527,0,0,0,402,402,143681,16,32,3542,6,18,1527,0,0,0
202312,273,43900,C,Spartanburg  SC ,209,209,41150,0,0,0,0,0,0,0,0,0,30,30,9995,0,0,0,0,0,0,0,0,0
202312,276,23900,C,Gettysburg  PA ,18,18,5985,0,0,0,0,0,0,0,0,0,18,18,5985,0,0,0,0,0,0,0,0,0
202312,276,25420,C,Harrisburg-Carlisle  PA ,106,106,24966,0,0,0,3,11,2325,5,26,4100,67,67,17064,0,0,0,3,11,2325,2,11,1662
202312,276,30140,C,Lebanon  PA ,15,15,3965,0,0,0,0,0,0,1,5,517,2,2,367,0,0,0,0,0,0,0,0,0
202312,276,49620,C,York-Hanover  PA ,61,61,16109,0,0,0,0,0,0,0,0,0,31,31,8127,0,0,0,0,0,0,0,0,0
202312,277,25500,C,Harrisonburg  VA ,53,53,13060,0,0,0,0,0,0,0,0,0,53,53,13060,0,0,0,0,0,0,0,0,0
202312,277,44420,C,Staunton  VA ,11,11,3393,0,0,0,0,0,0,0,0,0,11,11,3393,0,0,0,0,0,0,0,0,0
202312,278,25540,C,Hartford-East Hartford-Middletown  CT ,45,45,13703,0,0,0,1,4,500,5,245,23213,34,34,11159,0,0,0,1,4,500,1,204,18954
202312,278,35980,C,Norwich-New London  CT ,14,14,4692,0,0,0,0,0,0,0,0,0,8,8,2918,0,0,0,0,0,0,0,0,0
202312,279,25620,C,Hattiesburg  MS ,8,8,1300,0,0,0,0,0,0,0,0,0,0,0,0,0,0,0,0,0,0,0,0,0
202312,284,26300,C,Hot Springs  AR ,6,6,1846,0,0,0,0,0,0,0,0,0,6,6,1846,0,0,0,0,0,0,0,0,0
202312,288,26420,C,Houston-The Woodlands-Sugar Land  TX ,3383,3383,967251,76,152,22305,0,0,0,11,750,100498,3148,3148,903421,76,152,22305,0,0,0,10,743,100343
202312,290,19460,C,Decatur  AL ,25,25,8403,0,0,0,0,0,0,0,0,0,24,24,8281,0,0,0,0,0,0,0,0,0
202312,290,26620,C,Huntsville  AL ,266,266,55214,0,0,0,0,0,0,3,100,4609,153,153,27656,0,0,0,0,0,0,3,100,4609
202312,292,26820,C,Idaho Falls  ID ,137,137,22899,0,0,0,0,0,0,10,466,66357,134,134,21990,0,0,0,0,0,0,10,466,66357
202312,294,18020,C,Columbus  IN ,10,10,3747,0,0,0,0,0,0,0,0,0,10,10,3747,0,0,0,0,0,0,0,0,0
202312,294,26900,C,Indianapolis-Carmel-Anderson  IN ,547,547,212918,23,46,6655,1,4,1140,21,299,37527,495,495,199050,22,44,6480,1,4,1140,21,299,37527
202312,294,34620,C,Muncie  IN ,21,21,15682,0,0,0,0,0,0,0,0,0,20,20,15370,0,0,0,0,0,0,0,0,0
202312,296,27060,C,Ithaca  NY ,13,13,3818,0,0,0,0,0,0,1,5,849,2,2,515,0,0,0,0,0,0,0,0,0
202312,297,27180,C,Jackson  TN ,26,26,5809,0,0,0,0,0,0,0,0,0,4,4,625,0,0,0,0,0,0,0,0,0
202312,298,27140,C,Jackson  MS ,72,72,17341,0,0,0,1,3,131,0,0,0,51,51,12187,0,0,0,0,0,0,0,0,0
202312,300,27260,C,Jacksonville  FL ,802,802,229110,3,6,980,9,36,2025,24,636,97977,710,710,194007,2,4,700,9,36,2025,24,636,97977
202312,304,27740,C,Johnson City  TN ,46,46,12755,0,0,0,0,0,0,0,0,0,32,32,10602,0,0,0,0,0,0,0,0,0
202312,304,28700,C,Kingsport-Bristol  TN-VA ,54,54,15867,0,0,0,0,0,0,1,5,292,38,38,13766,0,0,0,0,0,0,0,0,0
202312,306,27780,C,Johnstown  PA ,5,5,1178,0,0,0,0,0,0,0,0,0,0,0,0,0,0,0,0,0,0,0,0,0
202312,308,27860,C,Jonesboro  AR ,41,41,6485,4,8,707,5,17,926,1,7,397,4,4,881,1,2,294,0,0,0,0,0,0
202312,309,27900,C,Joplin  MO ,29,29,5852,0,0,0,0,0,0,1,5,465,21,21,4750,0,0,0,0,0,0,0,0,0
202312,310,12980,C,Battle Creek  MI ,5,5,616,0,0,0,0,0,0,0,0,0,0,0,0,0,0,0,0,0,0,0,0,0
202312,310,28020,C,Kalamazoo-Portage  MI ,18,18,6962,0,0,0,0,0,0,0,0,0,16,16,5716,0,0,0,0,0,0,0,0,0
202312,312,28140,C,Kansas City  MO-KS ,271,271,113549,9,18,3348,10,34,7559,6,473,92806,250,250,106480,9,18,3348,10,34,7559,6,473,92806
202312,312,29940,C,Lawrence  KS ,14,14,5190,1,2,196,0,0,0,0,0,0,13,13,4921,0,0,0,0,0,0,0,0,0
202312,312,41140,C,St. Joseph  MO-KS ,7,7,1443,0,0,0,0,0,0,0,0,0,4,4,904,0,0,0,0,0,0,0,0,0
202312,313,28420,C,Kennewick-Richland  WA ,70,70,25277,3,6,1623,0,0,0,2,25,3626,39,39,15836,3,6,1623,0,0,0,1,12,2179
202312,313,47460,C,Walla Walla  WA ,11,11,3715,2,4,732,0,0,0,0,0,0,10,10,3374,2,4,732,0,0,0,0,0,0
202312,315,28940,C,Knoxville  TN ,299,299,96316,0,0,0,0,0,0,7,375,66967,248,248,83836,0,0,0,0,0,0,4,318,60469
202312,315,34100,C,Morristown  TN ,50,50,11764,1,2,120,0,0,0,0,0,0,33,33,8992,0,0,0,0,0,0,0,0,0
202312,316,29020,C,Kokomo  IN ,13,13,4287,0,0,0,0,0,0,0,0,0,11,11,3670,0,0,0,0,0,0,0,0,0
202312,318,29180,C,Lafayette  LA ,103,103,22188,0,0,0,0,0,0,0,0,0,71,71,14848,0,0,0,0,0,0,0,0,0
202312,320,29200,C,Lafayette-West Lafayette  IN ,31,31,10519,0,0,0,0,0,0,2,39,4576,5,5,2738,0,0,0,0,0,0,0,0,0
202312,324,29340,C,Lake Charles  LA ,34,34,9102,0,0,0,0,0,0,6,264,49941,33,33,8902,0,0,0,0,0,0,6,264,49941
202312,332,29820,C,Las Vegas-Henderson-Paradise  NV ,946,946,283087,0,0,0,0,0,0,3,337,55195,944,944,282188,0,0,0,0,0,0,3,337,55195
202312,336,30460,C,Lexington-Fayette  KY ,105,105,34485,2,4,447,1,3,440,2,66,6549,50,50,21963,1,2,228,0,0,0,0,0,0
202312,338,30620,C,Lima  OH ,5,5,1529,0,0,0,0,0,0,0,0,0,2,2,600,0,0,0,0,0,0,0,0,0
202312,339,30700,C,Lincoln  NE ,68,68,24471,0,0,0,0,0,0,0,0,0,66,66,23775,0,0,0,0,0,0,0,0,0
202312,340,30780,C,Little Rock-North Little Rock-Conway  AR ,405,405,65767,2,4,374,0,0,0,0,0,0,401,401,65097,1,2,200,0,0,0,0,0,0
202312,340,38220,C,Pine Bluff  AR ,2,2,348,0,0,0,0,0,0,0,0,0,1,1,200,0,0,0,0,0,0,0,0,0
202312,348,31080,C,Los Angeles-Long Beach-Anaheim  CA ,967,967,404308,46,92,18740,6,22,4982,34,1184,302997,791,791,358521,43,86,17182,5,19,4329,20,1058,281268
202312,348,37100,C,Oxnard-Thousand Oaks-Ventura  CA ,25,25,9649,0,0,0,3,9,2700,2,28,2987,2,2,528,0,0,0,3,9,2700,0,0,0
202312,348,40140,C,Riverside-San Bernardino-Ontario  CA ,791,791,202891,3,6,352,1,3,474,21,319,57230,457,457,108906,0,0,0,0,0,0,17,272,50214
202312,350,21060,C,Elizabethtown-Fort Knox  KY ,42,42,9187,0,0,0,0,0,0,0,0,0,39,39,8433,0,0,0,0,0,0,0,0,0
202312,350,31140,C,Louisville-Jefferson County  KY-IN ,179,179,54235,5,10,1462,1,3,429,16,505,72963,172,172,52389,5,10,1462,1,3,429,15,500,72213
202312,352,31180,C,Lubbock  TX ,99,99,27063,1,2,294,0,0,0,0,0,0,97,97,26440,0,0,0,0,0,0,0,0,0
202312,356,31420,C,Macon-Bibb County  GA ,38,38,10170,0,0,0,0,0,0,0,0,0,6,6,1550,0,0,0,0,0,0,0,0,0
202312,356,47580,C,Warner Robins  GA ,72,72,22385,0,0,0,0,0,0,3,80,10720,50,50,17706,0,0,0,0,0,0,3,80,10720
202312,357,27500,C,Janesville-Beloit  WI ,14,14,3399,0,0,0,0,0,0,0,0,0,7,7,1217,0,0,0,0,0,0,0,0,0
202312,357,31540,C,Madison  WI ,99,99,51793,2,4,772,0,0,0,6,314,61313,96,96,50663,1,2,497,0,0,0,6,314,61313
202312,359,31860,C,Mankato  MN ,3,3,1152,0,0,0,0,0,0,3,39,7445,0,0,0,0,0,0,0,0,0,2,34,6723
202312,360,31900,C,Mansfield  OH ,6,6,2013,0,0,0,1,3,286,0,0,0,4,4,1374,0,0,0,0,0,0,0,0,0
202312,365,32580,C,McAllen-Edinburg-Mission  TX ,289,289,72524,41,82,4204,22,88,7277,8,42,3463,261,261,66949,39,78,3806,17,68,4738,8,42,3463
202312,366,24420,C,Grants Pass  OR ,15,15,3378,0,0,0,0,0,0,0,0,0,3,3,967,0,0,0,0,0,0,0,0,0
202312,366,32780,C,Medford  OR ,50,50,15204,0,0,0,0,0,0,6,197,32548,45,45,14426,0,0,0,0,0,0,5,192,31983
202312,368,32820,C,Memphis  TN-MS-AR ,196,196,47191,0,0,0,0,0,0,3,88,6546,128,128,30823,0,0,0,0,0,0,3,88,6546
202312,370,33100,C,Miami-Fort Lauderdale-Pompano Beach  FL ,351,351,152474,18,36,10224,7,28,5372,41,919,240530,266,266,106557,18,36,10224,7,28,5372,32,818,223489
202312,370,38940,C,Port St. Lucie  FL ,376,376,111485,1,2,942,2,6,361,14,103,19937,370,370,110773,0,0,0,0,0,0,13,68,16020
202312,370,42680,C,Sebastian-Vero Beach  FL ,72,72,34784,1,2,314,1,3,202,0,0,0,7,7,1760,0,0,0,0,0,0,0,0,0
202312,372,33260,C,Midland  TX ,88,88,11726,0,0,0,1,4,300,0,0,0,88,88,11726,0,0,0,1,4,300,0,0,0
202312,372,36220,C,Odessa  TX ,31,31,6536,0,0,0,0,0,0,0,0,0,31,31,6536,0,0,0,0,0,0,0,0,0
202312,376,33340,C,Milwaukee-Waukesha  WI ,100,100,40479,7,14,3951,4,16,3129,15,334,68177,85,85,35090,6,12,3244,4,16,3129,14,329,67046
202312,376,39540,C,Racine  WI ,7,7,3686,0,0,0,0,0,0,0,0,0,5,5,3078,0,0,0,0,0,0,0,0,0
202312,378,33460,C,Minneapolis-St. Paul-Bloomington  MN-WI ,474,474,172510,6,12,3355,2,7,1582,18,670,135423,428,428,156951,5,10,2678,1,4,940,10,609,122887
202312,378,41060,C,St. Cloud  MN ,9,9,3845,0,0,0,0,0,0,0,0,0,7,7,3098,0,0,0,0,0,0,0,0,0
202312,380,19300,C,Daphne-Fairhope-Foley  AL ,383,383,107132,0,0,0,1,4,944,21,174,39769,369,369,105103,0,0,0,1,4,944,21,174,39769
202312,380,33660,C,Mobile  AL ,85,85,22868,0,0,0,0,0,0,0,0,0,84,84,22568,0,0,0,0,0,0,0,0,0
202312,384,33740,C,Monroe  LA ,26,26,6100,1,2,279,0,0,0,0,0,0,3,3,452,0,0,0,0,0,0,0,0,0
202312,388,33860,C,Montgomery  AL ,38,38,11652,0,0,0,0,0,0,2,48,4600,37,37,11474,0,0,0,0,0,0,2,48,4600
202312,390,34060,C,Morgantown  WV ,1,1,137,0,0,0,0,0,0,0,0,0,0,0,0,0,0,0,0,0,0,0,0,0
202312,396,34820,C,Myrtle Beach-Conway-North Myrtle Beach  SC-NC ,930,930,193530,0,0,0,0,0,0,2,41,3644,893,893,183330,0,0,0,0,0,0,1,36,3394
202312,400,34980,C,Nashville-Davidson--Murfreesboro--Franklin  TN ,1021,1021,295232,1,2,285,1,4,572,5,109,15267,834,834,245771,1,2,285,1,4,572,2,71,9445
202312,404,35100,C,New Bern  NC ,25,25,6686,0,0,0,0,0,0,0,0,0,14,14,3707,0,0,0,0,0,0,0,0,0
202312,406,25220,C,Hammond  LA ,34,34,7689,0,0,0,0,0,0,1,34,3169,28,28,6562,0,0,0,0,0,0,0,0,0
202312,406,35380,C,New Orleans-Metairie  LA ,166,166,50246,18,36,4978,0,0,0,1,5,1566,88,88,24583,3,6,741,0,0,0,0,0,0
202312,408,14860,C,Bridgeport-Stamford-Norwalk  CT ,36,36,36429,2,4,400,0,0,0,0,0,0,27,27,23098,2,4,400,0,0,0,0,0,0
202312,408,20700,C,East Stroudsburg  PA ,18,18,6263,0,0,0,0,0,0,0,0,0,12,12,4172,0,0,0,0,0,0,0,0,0
202312,408,28740,C,Kingston  NY ,13,13,4890,0,0,0,0,0,0,0,0,0,5,5,2769,0,0,0,0,0,0,0,0,0
202312,408,35300,C,New Haven-Milford  CT ,25,25,6514,1,2,150,0,0,0,2,12,1071,12,12,3438,0,0,0,0,0,0,0,0,0
202312,408,35620,C,New York-Newark-Jersey City  NY-NJ-PA ,742,742,246031,35,70,9503,9,30,4634,104,2025,345798,488,488,172489,20,40,5766,4,15,3257,48,1239,225047
202312,408,39100,C,Poughkeepsie-Newburgh-Middletown  NY ,60,60,20401,0,0,0,0,0,0,5,50,7612,29,29,7892,0,0,0,0,0,0,0,0,0
202312,408,45940,C,Trenton-Princeton  NJ ,16,16,4387,0,0,0,0,0,0,2,17,819,10,10,3699,0,0,0,0,0,0,0,0,0
202312,412,35840,C,North Port-Sarasota-Bradenton  FL ,676,676,210376,1,2,297,2,8,3361,22,980,134642,676,676,210376,1,2,297,2,8,3361,22,980,134642
202312,412,39460,C,Punta Gorda  FL ,322,322,98606,10,20,3614,3,11,2987,1,16,4069,315,315,95047,9,18,3190,3,11,2987,1,16,4069
202312,416,36420,C,Oklahoma City  OK ,351,351,114793,13,26,2781,0,0,0,0,0,0,93,93,42890,1,2,216,0,0,0,0,0,0
202312,420,36540,C,Omaha-Council Bluffs  NE-IA ,122,122,30978,0,0,0,0,0,0,3,196,13603,100,100,25354,0,0,0,0,0,0,3,196,13603
202312,422,19660,C,Deltona-Daytona Beach-Ormond Beach  FL ,380,380,141162,18,36,5577,13,52,6081,2,118,19916,329,329,124894,17,34,5061,13,52,6081,1,113,18732
202312,422,29460,C,Lakeland-Winter Haven  FL ,911,911,251241,4,8,1120,0,0,0,4,75,10428,851,851,236884,4,8,1120,0,0,0,4,75,10428
202312,422,36740,C,Orlando-Kissimmee-Sanford  FL ,1162,1162,318605,2,4,750,0,0,0,12,371,59928,995,995,270062,2,4,750,0,0,0,9,316,55677
202312,422,45540,C,The Villages  FL ,218,218,54888,0,0,0,0,0,0,0,0,0,217,217,54698,0,0,0,0,0,0,0,0,0
202312,425,37620,C,Parkersburg-Vienna  WV ,6,6,1310,0,0,0,0,0,0,0,0,0,5,5,1158,0,0,0,0,0,0,0,0,0
202312,426,37860,C,Pensacola-Ferry Pass-Brent  FL ,296,296,84510,0,0,0,0,0,0,0,0,0,296,296,84510,0,0,0,0,0,0,0,0,0
202312,428,12100,C,Atlantic City-Hammonton  NJ ,17,17,7145,5,10,2033,0,0,0,2,12,956,9,9,4282,5,10,2033,0,0,0,0,0,0
202312,428,20100,C,Dover  DE ,70,70,10856,0,0,0,0,0,0,4,96,8640,70,70,10856,0,0,0,0,0,0,4,96,8640
202312,428,36140,C,Ocean City  NJ ,44,44,14969,4,8,1385,2,7,55,1,5,2,42,42,14277,4,8,1385,2,7,55,1,5,2
202312,428,37980,C,Philadelphia-Camden-Wilmington  PA-NJ-DE-MD ,543,543,125298,5,10,1207,4,13,1207,15,441,51019,252,252,60464,5,10,1207,3,9,765,6,381,44408
202312,428,39740,C,Reading  PA ,15,15,4122,0,0,0,0,0,0,1,27,4500,7,7,2440,0,0,0,0,0,0,1,27,4500
202312,428,47220,C,Vineland-Bridgeton  NJ ,8,8,747,0,0,0,0,0,0,0,0,0,5,5,392,0,0,0,0,0,0,0,0,0
202312,429,38060,C,Phoenix-Mesa-Chandler  AZ ,2095,2095,596513,42,84,11111,0,0,0,47,1424,246191,1874,1874,532534,37,74,9340,0,0,0,44,1280,221702
202312,430,38300,C,Pittsburgh  PA ,230,230,68369,1,2,550,1,4,796,4,121,13635,141,141,40768,0,0,0,1,4,796,1,5,998
202312,430,48260,C,Weirton-Steubenville  WV-OH ,0,0,0,0,0,0,0,0,0,0,0,0,0,0,0,0,0,0,0,0,0,0,0,0
202312,438,30340,C,Lewiston-Auburn  ME ,11,11,2524,0,0,0,0,0,0,3,36,4200,4,4,800,0,0,0,0,0,0,3,36,4200
202312,438,38860,C,Portland-South Portland  ME ,109,109,33034,2,4,491,1,3,250,4,31,1894,33,33,11570,1,2,220,0,0,0,0,0,0
202312,440,10540,C,Albany-Lebanon  OR ,5,5,1729,1,2,530,0,0,0,0,0,0,4,4,1444,1,2,530,0,0,0,0,0,0
202312,440,18700,C,Corvallis  OR ,7,7,2190,1,2,696,0,0,0,0,0,0,7,7,2190,1,2,696,0,0,0,0,0,0
202312,440,31020,C,Longview  WA ,17,17,4731,0,0,0,1,4,546,0,0,0,12,12,3463,0,0,0,0,0,0,0,0,0
202312,440,38900,C,Portland-Vancouver-Hillsboro  OR-WA ,411,411,175599,4,8,1916,1,4,523,7,53,7664,278,278,104938,4,8,1916,1,4,523,3,17,3015
202312,440,41420,C,Salem  OR ,62,62,20159,0,0,0,1,3,1013,1,12,1489,52,52,17143,0,0,0,0,0,0,0,0,0
202312,444,39380,C,Pueblo  CO ,22,22,3850,0,0,0,0,0,0,0,0,0,22,22,3850,0,0,0,0,0,0,0,0,0
202312,450,20500,C,Durham-Chapel Hill  NC ,222,222,80957,4,8,1179,0,0,0,5,180,31567,28,28,7202,0,0,0,0,0,0,0,0,0
202312,450,39580,C,Raleigh-Cary  NC ,626,626,196064,2,4,588,0,0,0,23,1460,193081,608,608,189250,2,4,588,0,0,0,23,1460,193081
202312,452,39660,C,Rapid City  SD ,34,34,10307,0,0,0,0,0,0,1,50,4450,34,34,10307,0,0,0,0,0,0,1,50,4450
202312,454,39820,C,Redding  CA ,30,30,12053,0,0,0,0,0,0,0,0,0,21,21,9566,0,0,0,0,0,0,0,0,0
202312,456,16180,C,Carson City  NV ,12,12,3167,0,0,0,1,3,382,1,6,599,0,0,0,0,0,0,0,0,0,0,0,0
202312,456,39900,C,Reno  NV ,162,162,44100,4,8,1452,4,15,2407,8,152,19304,33,33,7616,2,4,1034,3,12,2011,0,0,0
202312,462,40340,C,Rochester  MN ,25,25,9389,0,0,0,0,0,0,0,0,0,15,15,6749,0,0,0,0,0,0,0,0,0
202312,464,40380,C,Rochester  NY ,54,54,18522,1,2,746,3,9,540,3,20,2268,29,29,12526,1,2,746,2,6,300,0,0,0
202312,466,40420,C,Rockford  IL ,17,17,5132,0,0,0,3,9,1386,0,0,0,17,17,5132,0,0,0,3,9,1386,0,0,0
202312,468,40580,C,Rocky Mount  NC ,16,16,2564,0,0,0,0,0,0,0,0,0,0,0,0,0,0,0,0,0,0,0,0,0
202312,472,40900,C,Sacramento-Roseville-Folsom  CA ,557,557,180315,4,8,1466,1,4,508,9,281,36967,541,541,175286,4,8,1466,1,4,508,9,281,36967
202312,472,49700,C,Yuba City  CA ,24,24,9581,0,0,0,0,0,0,0,0,0,21,21,8201,0,0,0,0,0,0,0,0,0
202312,474,13020,C,Bay City  MI ,2,2,513,0,0,0,0,0,0,0,0,0,0,0,0,0,0,0,0,0,0,0,0,0
202312,474,33220,C,Midland  MI ,5,5,1468,0,0,0,0,0,0,0,0,0,3,3,618,0,0,0,0,0,0,0,0,0
202312,474,40980,C,Saginaw  MI ,7,7,1736,0,0,0,0,0,0,0,0,0,5,5,1007,0,0,0,0,0,0,0,0,0
202312,476,41180,C,St. Louis  MO-IL ,313,313,117149,4,8,1526,1,4,612,5,79,10585,262,262,99937,3,6,1184,1,4,612,0,0,0
202312,480,41540,C,Salisbury  MD-DE ,322,322,52364,7,14,2024,2,8,809,2,72,9722,321,321,52164,7,14,2024,2,8,809,2,72,9722
202312,482,36260,C,Ogden-Clearfield  UT ,112,112,38394,0,0,0,3,11,2355,7,64,12071,66,66,24282,0,0,0,2,8,1789,5,27,6419
202312,482,39340,C,Provo-Orem  UT ,481,481,154071,2,4,906,0,0,0,1,10,2500,475,475,149626,2,4,906,0,0,0,1,10,2500
202312,482,41620,C,Salt Lake City  UT ,168,168,46194,5,10,1801,4,15,3279,8,511,97870,142,142,38656,3,6,1245,3,12,2655,3,276,65563
202312,484,41700,C,San Antonio-New Braunfels  TX ,509,509,141423,0,0,0,0,0,0,5,97,9588,430,430,122549,0,0,0,0,0,0,4,80,7500
202312,488,32900,C,Merced  CA ,29,29,8696,0,0,0,0,0,0,0,0,0,17,17,5106,0,0,0,0,0,0,0,0,0
202312,488,33700,C,Modesto  CA ,49,49,9828,0,0,0,1,3,332,1,6,983,44,44,9234,0,0,0,1,3,332,1,6,983
202312,488,34900,C,Napa  CA ,16,16,6512,0,0,0,0,0,0,0,0,0,16,16,6512,0,0,0,0,0,0,0,0,0
202312,488,41860,C,San Francisco-Oakland-Berkeley  CA ,256,256,105133,2,4,678,2,6,2000,7,168,51691,223,223,90733,2,4,678,2,6,2000,3,102,41800
202312,488,41940,C,San Jose-Sunnyvale-Santa Clara  CA ,129,129,45881,2,4,1313,0,0,0,11,177,38397,96,96,33746,2,4,1313,0,0,0,5,50,16701
202312,488,42100,C,Santa Cruz-Watsonville  CA ,49,49,3358,0,0,0,0,0,0,2,10,1025,37,37,752,0,0,0,0,0,0,0,0,0
202312,488,42220,C,Santa Rosa-Petaluma  CA ,71,71,20232,0,0,0,0,0,0,5,69,26326,57,57,17453,0,0,0,0,0,0,4,64,25493
202312,488,44700,C,Stockton  CA ,237,237,89075,0,0,0,0,0,0,0,0,0,237,237,89075,0,0,0,0,0,0,0,0,0
202312,488,46700,C,Vallejo  CA ,115,115,22348,0,0,0,0,0,0,0,0,0,115,115,22348,0,0,0,0,0,0,0,0,0
202312,496,25980,C,Hinesville  GA ,45,45,9220,0,0,0,0,0,0,0,0,0,25,25,4472,0,0,0,0,0,0,0,0,0
202312,496,42340,C,Savannah  GA ,193,193,52514,0,0,0,0,0,0,8,61,6723,146,146,39412,0,0,0,0,0,0,7,56,6048
202312,500,14740,C,Bremerton-Silverdale-Port Orchard  WA ,107,107,38161,0,0,0,1,4,653,11,164,24931,107,107,38161,0,0,0,1,4,653,11,164,24931
202312,500,34580,C,Mount Vernon-Anacortes  WA ,12,12,5037,0,0,0,0,0,0,2,24,3236,12,12,5037,0,0,0,0,0,0,1,7,1649
202312,500,36500,C,Olympia-Lacey-Tumwater  WA ,29,29,8954,0,0,0,0,0,0,0,0,0,29,29,8954,0,0,0,0,0,0,0,0,0
202312,500,42660,C,Seattle-Tacoma-Bellevue  WA ,541,541,228374,18,36,9317,9,32,7298,28,983,145568,493,493,209501,18,36,9317,9,32,7298,27,968,143779
202312,508,43340,C,Shreveport-Bossier City  LA ,83,83,16892,0,0,0,0,0,0,0,0,0,83,83,16892,0,0,0,0,0,0,0,0,0
202312,515,21140,C,Elkhart-Goshen  IN ,17,17,8704,0,0,0,0,0,0,0,0,0,17,17,8704,0,0,0,0,0,0,0,0,0
202312,515,35660,C,Niles  MI ,32,32,7576,0,0,0,0,0,0,0,0,0,24,24,4325,0,0,0,0,0,0,0,0,0
202312,515,43780,C,South Bend-Mishawaka  IN-MI ,35,35,15760,9,18,3687,0,0,0,3,18,3687,30,30,13476,9,18,3687,0,0,0,3,18,3687
202312,518,17660,C,Coeur dAlene  ID ,97,97,40784,0,0,0,1,4,577,3,63,6427,75,75,34745,0,0,0,1,4,577,2,48,4800
202312,518,44060,C,Spokane-Spokane Valley  WA ,101,101,29191,4,8,2297,0,0,0,3,64,5398,37,37,13219,3,6,1934,0,0,0,1,18,1362
202312,522,44100,C,Springfield  IL ,15,15,4515,0,0,0,0,0,0,0,0,0,10,10,2760,0,0,0,0,0,0,0,0,0
202312,524,44300,C,State College  PA ,21,21,6642,0,0,0,0,0,0,0,0,0,17,17,5402,0,0,0,0,0,0,0,0,0
202312,532,45060,C,Syracuse  NY ,36,36,11178,0,0,0,0,0,0,0,0,0,20,20,7350,0,0,0,0,0,0,0,0,0
202312,534,45780,C,Toledo  OH ,38,38,16746,0,0,0,0,0,0,1,16,1500,38,38,16746,0,0,0,0,0,0,1,16,1500
202312,536,46060,C,Tucson  AZ ,286,286,101233,2,4,475,0,0,0,13,222,44396,184,184,73019,0,0,0,0,0,0,10,164,35693
202312,538,46140,C,Tulsa  OK ,274,274,71244,5,10,1581,2,7,526,2,14,1815,217,217,56816,5,10,1581,1,4,75,1,6,1200
202312,540,46340,C,Tyler  TX ,47,47,13150,6,12,1697,4,15,2145,0,0,0,38,38,10844,4,8,1176,4,15,2145,0,0,0
202312,544,47020,C,Victoria  TX ,3,3,719,0,0,0,3,12,1350,0,0,0,2,2,571,0,0,0,3,12,1350,0,0,0
202312,545,47260,C,Virginia Beach-Norfolk-Newport News  VA-NC ,228,228,70788,1,2,571,0,0,0,15,699,84366,223,223,69984,1,2,571,0,0,0,15,699,84366
202312,548,12580,C,Baltimore-Columbia-Towson  MD ,281,281,61639,0,0,0,0,0,0,8,224,33199,267,267,58506,0,0,0,0,0,0,6,130,20425
202312,548,15680,C,California-Lexington Park  MD ,31,31,10599,0,0,0,0,0,0,0,0,0,31,31,10599,0,0,0,0,0,0,0,0,0
202312,548,16540,C,Chambersburg-Waynesboro  PA ,18,18,5413,1,2,320,0,0,0,0,0,0,15,15,4532,1,2,320,0,0,0,0,0,0
202312,548,25180,C,Hagerstown-Martinsburg  MD-WV ,110,110,26619,0,0,0,0,0,0,0,0,0,106,106,25825,0,0,0,0,0,0,0,0,0
202312,548,47900,C,Washington-Arlington-Alexandria  DC-VA-MD-WV ,672,672,200826,2,4,588,3,12,481,15,1087,98808,653,653,195862,2,4,588,3,12,481,13,1067,96150
202312,548,49020,C,Winchester  VA-WV ,65,65,16304,0,0,0,0,0,0,0,0,0,65,65,16304,0,0,0,0,0,0,0,0,0
202312,554,48140,C,Wausau-Weston  WI ,12,12,3969,1,2,50,0,0,0,0,0,0,4,4,1187,1,2,50,0,0,0,0,0,0
202312,556,48620,C,Wichita  KS ,148,148,53122,19,38,5485,0,0,0,0,0,0,90,90,33883,12,24,3921,0,0,0,0,0,0
202312,558,48700,C,Williamsport  PA ,3,3,672,0,0,0,0,0,0,1,5,613,0,0,0,0,0,0,0,0,0,0,0,0
202312,566,49660,C,Youngstown-Warren-Boardman  OH-PA ,21,21,5371,0,0,0,0,0,0,0,0,0,12,12,2925,0,0,0,0,0,0,0,0,0
202312,999,10180,C,Abilene  TX ,47,47,13416,4,8,921,0,0,0,0,0,0,46,46,13163,4,8,921,0,0,0,0,0,0
202312,999,10500,C,Albany  GA ,7,7,1579,0,0,0,1,4,220,0,0,0,5,5,931,0,0,0,1,4,220,0,0,0
202312,999,10780,C,Alexandria  LA ,21,21,5355,1,2,145,0,0,0,0,0,0,0,0,0,0,0,0,0,0,0,0,0,0
202312,999,10900,C,Allentown-Bethlehem-Easton  PA-NJ ,96,96,24251,0,0,0,0,0,0,2,13,2047,64,64,16656,0,0,0,0,0,0,0,0,0
202312,999,11260,C,Anchorage  AK ,9,9,4840,0,0,0,0,0,0,0,0,0,0,0,0,0,0,0,0,0,0,0,0,0
202312,999,11500,C,Anniston-Oxford  AL ,0,0,0,0,0,0,0,0,0,0,0,0,0,0,0,0,0,0,0,0,0,0,0,0
202312,999,12260,C,Augusta-Richmond County  GA-SC ,204,204,53093,0,0,0,0,0,0,0,0,0,128,128,37636,0,0,0,0,0,0,0,0,0
202312,999,12420,C,Austin-Round Rock-Georgetown  TX ,1208,1208,328896,3,6,1260,3,9,3156,13,1888,193261,829,829,240149,3,6,1260,2,6,2324,11,1855,189700
202312,999,12540,C,Bakersfield  CA ,201,201,65368,2,4,142,0,0,0,3,29,4296,48,48,25078,1,2,26,0,0,0,2,24,3661
202312,999,12620,C,Bangor  ME ,14,14,3246,0,0,0,0,0,0,0,0,0,2,2,451,0,0,0,0,0,0,0,0,0
202312,999,12940,C,Baton Rouge  LA ,217,217,49294,2,4,274,0,0,0,0,0,0,41,41,6818,2,4,274,0,0,0,0,0,0
202312,999,13140,C,Beaumont-Port Arthur  TX ,82,82,23246,1,2,185,0,0,0,0,0,0,62,62,18619,0,0,0,0,0,0,0,0,0
202312,999,13220,C,Beckley  WV ,4,4,617,0,0,0,0,0,0,0,0,0,4,4,617,0,0,0,0,0,0,0,0,0
202312,999,13380,C,Bellingham  WA ,38,38,10161,2,4,572,0,0,0,1,7,700,21,21,5479,1,2,543,0,0,0,1,7,700
202312,999,13740,C,Billings  MT ,25,25,3745,0,0,0,0,0,0,0,0,0,10,10,2994,0,0,0,0,0,0,0,0,0
202312,999,13780,C,Binghamton  NY ,8,8,1715,0,0,0,0,0,0,3,20,2127,0,0,0,0,0,0,0,0,0,0,0,0
202312,999,13900,C,Bismarck  ND ,3,3,956,0,0,0,0,0,0,0,0,0,0,0,0,0,0,0,0,0,0,0,0,0
202312,999,13980,C,Blacksburg-Christiansburg  VA ,63,63,16496,0,0,0,0,0,0,0,0,0,63,63,16496,0,0,0,0,0,0,0,0,0
202312,999,15260,C,Brunswick  GA ,54,54,19067,3,6,723,1,4,956,1,31,3717,4,4,859,0,0,0,0,0,0,0,0,0
202312,999,16060,C,Carbondale-Marion  IL ,5,5,932,0,0,0,1,3,234,0,0,0,3,3,653,0,0,0,0,0,0,0,0,0
202312,999,16220,C,Casper  WY ,7,7,2311,0,0,0,0,0,0,0,0,0,6,6,2174,0,0,0,0,0,0,0,0,0
202312,999,16580,C,Champaign-Urbana  IL ,10,10,1900,0,0,0,0,0,0,0,0,0,10,10,1900,0,0,0,0,0,0,0,0,0
202312,999,16700,C,Charleston-North Charleston  SC ,371,371,154590,0,0,0,0,0,0,3,81,6544,131,131,73651,0,0,0,0,0,0,0,0,0
202312,999,16820,C,Charlottesville  VA ,89,89,28049,1,2,120,1,3,238,2,21,1998,38,38,8649,0,0,0,0,0,0,0,0,0
202312,999,16940,C,Cheyenne  WY ,9,9,2684,3,6,862,8,30,3364,0,0,0,9,9,2684,3,6,862,8,30,3364,0,0,0
202312,999,17020,C,Chico  CA ,72,72,15083,0,0,0,0,0,0,0,0,0,52,52,11549,0,0,0,0,0,0,0,0,0
202312,999,17300,C,Clarksville  TN-KY ,81,81,16524,6,12,1670,5,20,2550,7,56,6720,80,80,16270,6,12,1670,5,20,2550,7,56,6720
202312,999,17780,C,College Station-Bryan  TX ,64,64,14150,0,0,0,0,0,0,0,0,0,64,64,14150,0,0,0,0,0,0,0,0,0
202312,999,17820,C,Colorado Springs  CO ,175,175,91777,17,34,3591,0,0,0,2,147,40791,168,168,89988,17,34,3591,0,0,0,2,147,40791
202312,999,18880,C,Crestview-Fort Walton Beach-Destin  FL ,233,233,111546,0,0,0,0,0,0,2,16,4100,233,233,111546,0,0,0,0,0,0,2,16,4100
202312,999,19060,C,Cumberland  MD-WV ,6,6,2082,0,0,0,0,0,0,0,0,0,5,5,2064,0,0,0,0,0,0,0,0,0
202312,999,19180,C,Danville  IL ,0,0,0,0,0,0,0,0,0,0,0,0,0,0,0,0,0,0,0,0,0,0,0,0
202312,999,19500,C,Decatur  IL ,1,1,303,0,0,0,0,0,0,0,0,0,1,1,303,0,0,0,0,0,0,0,0,0
202312,999,20220,C,Dubuque  IA ,4,4,1332,0,0,0,0,0,0,2,44,4202,3,3,982,0,0,0,0,0,0,2,44,4202
202312,999,20260,C,Duluth  MN-WI ,16,16,4339,0,0,0,0,0,0,2,24,2459,8,8,2244,0,0,0,0,0,0,2,24,2459
202312,999,20940,C,El Centro  CA ,16,16,2199,0,0,0,0,0,0,1,7,1149,0,0,0,0,0,0,0,0,0,0,0,0
202312,999,21420,C,Enid  OK ,0,0,0,0,0,0,0,0,0,0,0,0,0,0,0,0,0,0,0,0,0,0,0,0
202312,999,21660,C,Eugene-Springfield  OR ,55,55,16065,0,0,0,0,0,0,0,0,0,25,25,7938,0,0,0,0,0,0,0,0,0
202312,999,21780,C,Evansville  IN-KY ,51,51,17374,2,4,525,2,8,500,1,7,397,21,21,8255,0,0,0,2,8,500,0,0,0
202312,999,21820,C,Fairbanks  AK ,0,0,0,0,0,0,0,0,0,0,0,0,0,0,0,0,0,0,0,0,0,0,0,0
202312,999,22140,C,Farmington  NM ,11,11,2680,0,0,0,0,0,0,0,0,0,11,11,2680,0,0,0,0,0,0,0,0,0
202312,999,22220,C,Fayetteville-Springdale-Rogers  AR-MO ,375,375,115576,14,28,6583,0,0,0,2,26,2033,309,309,100313,13,26,6118,0,0,0,0,0,0
202312,999,22380,C,Flagstaff  AZ ,29,29,16426,1,2,500,0,0,0,0,0,0,14,14,11437,1,2,500,0,0,0,0,0,0
202312,999,22500,C,Florence  SC ,58,58,9102,0,0,0,0,0,0,0,0,0,37,37,5622,0,0,0,0,0,0,0,0,0
202312,999,22520,C,Florence-Muscle Shoals  AL ,12,12,1354,5,10,850,0,0,0,0,0,0,9,9,1029,5,10,850,0,0,0,0,0,0
202312,999,22540,C,Fond du Lac  WI ,7,7,2663,0,0,0,0,0,0,0,0,0,1,1,468,0,0,0,0,0,0,0,0,0
202312,999,22660,C,Fort Collins  CO ,126,126,46902,2,4,900,1,4,1051,4,132,18530,126,126,46902,2,4,900,1,4,1051,4,132,18530
202312,999,22900,C,Fort Smith  AR-OK ,18,18,4767,24,48,7428,0,0,0,0,0,0,12,12,3960,23,46,7266,0,0,0,0,0,0
202312,999,23460,C,Gadsden  AL ,8,8,1519,0,0,0,0,0,0,0,0,0,1,1,326,0,0,0,0,0,0,0,0,0
202312,999,24140,C,Goldsboro  NC ,30,30,5745,0,0,0,0,0,0,0,0,0,30,30,5745,0,0,0,0,0,0,0,0,0
202312,999,24220,C,Grand Forks  ND-MN ,3,3,1093,0,0,0,0,0,0,0,0,0,3,3,1093,0,0,0,0,0,0,0,0,0
202312,999,24260,C,Grand Island  NE ,4,4,733,0,0,0,0,0,0,0,0,0,2,2,424,0,0,0,0,0,0,0,0,0
202312,999,24300,C,Grand Junction  CO ,40,40,6369,0,0,0,0,0,0,0,0,0,40,40,6369,0,0,0,0,0,0,0,0,0
202312,999,24500,C,Great Falls  MT ,8,8,3116,0,0,0,0,0,0,0,0,0,8,8,3116,0,0,0,0,0,0,0,0,0
202312,999,25060,C,Gulfport-Biloxi  MS ,200,200,25009,0,0,0,0,0,0,0,0,0,108,108,16394,0,0,0,0,0,0,0,0,0
202312,999,25860,C,Hickory-Lenoir-Morganton  NC ,128,128,31663,0,0,0,0,0,0,3,37,3908,99,99,25842,0,0,0,0,0,0,1,24,3000
202312,999,25940,C,Hilton Head Island-Bluffton  SC ,206,206,69583,0,0,0,0,0,0,1,13,1692,144,144,41046,0,0,0,0,0,0,0,0,0
202312,999,26140,C,Homosassa Springs  FL ,122,122,33656,0,0,0,0,0,0,0,0,0,12,12,4367,0,0,0,0,0,0,0,0,0
202312,999,26380,C,Houma-Thibodaux  LA ,43,43,10306,0,0,0,0,0,0,0,0,0,43,43,10306,0,0,0,0,0,0,0,0,0
202312,999,27100,C,Jackson  MI ,7,7,1956,0,0,0,0,0,0,0,0,0,3,3,697,0,0,0,0,0,0,0,0,0
202312,999,27340,C,Jacksonville  NC ,43,43,13939,1,2,350,0,0,0,0,0,0,43,43,13939,1,2,350,0,0,0,0,0,0
202312,999,27620,C,Jefferson City  MO ,11,11,2421,2,4,500,0,0,0,0,0,0,9,9,2120,2,4,500,0,0,0,0,0,0
202312,999,27980,C,Kahului-Wailuku-Lahaina  HI ,42,42,19738,0,0,0,0,0,0,6,36,7545,42,42,19738,0,0,0,0,0,0,6,36,7545
202312,999,28660,C,Killeen-Temple  TX ,154,154,37846,12,24,4073,0,0,0,5,89,16458,78,78,19425,8,16,3173,0,0,0,3,48,10500
202312,999,29100,C,La Crosse-Onalaska  WI-MN ,13,13,4012,3,6,1717,0,0,0,0,0,0,10,10,3118,2,4,1300,0,0,0,0,0,0
202312,999,29420,C,Lake Havasu City-Kingman  AZ ,133,133,29017,0,0,0,0,0,0,3,66,7933,131,131,28724,0,0,0,0,0,0,3,66,7933
202312,999,29540,C,Lancaster  PA ,57,57,18120,1,2,450,0,0,0,0,0,0,41,41,14979,1,2,450,0,0,0,0,0,0
202312,999,29620,C,Lansing-East Lansing  MI ,22,22,6475,0,0,0,0,0,0,2,50,7967,10,10,3172,0,0,0,0,0,0,1,39,6746
202312,999,29700,C,Laredo  TX ,80,80,20498,1,2,260,2,7,1052,0,0,0,0,0,0,0,0,0,0,0,0,0,0,0
202312,999,30020,C,Lawton  OK ,5,5,920,0,0,0,0,0,0,0,0,0,0,0,0,0,0,0,0,0,0,0,0,0
202312,999,30300,C,Lewiston  ID-WA ,6,6,1875,0,0,0,0,0,0,0,0,0,3,3,965,0,0,0,0,0,0,0,0,0
202312,999,30860,C,Logan  UT-ID ,29,29,9694,0,0,0,0,0,0,4,96,8800,23,23,8256,0,0,0,0,0,0,4,96,8800
202312,999,30980,C,Longview  TX ,50,50,14032,2,4,460,2,8,958,3,25,2030,45,45,12890,0,0,0,1,4,379,2,16,1636
202312,999,31340,C,Lynchburg  VA ,43,43,13214,0,0,0,0,0,0,0,0,0,43,43,13214,0,0,0,0,0,0,0,0,0
202312,999,31740,C,Manhattan  KS ,16,16,5091,1,2,300,0,0,0,0,0,0,6,6,2012,1,2,300,0,0,0,0,0,0
202312,999,33540,C,Missoula  MT ,7,7,2669,0,0,0,0,0,0,0,0,0,7,7,2669,0,0,0,0,0,0,0,0,0
202312,999,36100,C,Ocala  FL ,324,324,91012,2,4,858,0,0,0,0,0,0,324,324,91012,2,4,858,0,0,0,0,0,0
202312,999,36980,C,Owensboro  KY ,12,12,1198,0,0,0,0,0,0,0,0,0,11,11,996,0,0,0,0,0,0,0,0,0
202312,999,37340,C,Palm Bay-Melbourne-Titusville  FL ,358,358,268472,0,0,0,1,3,947,19,380,72412,346,346,265907,0,0,0,1,3,947,19,380,72412
202312,999,37460,C,Panama City  FL ,131,131,47218,0,0,0,1,3,680,1,6,1139,5,5,2054,0,0,0,0,0,0,0,0,0
202312,999,37900,C,Peoria  IL ,12,12,4366,0,0,0,0,0,0,0,0,0,5,5,2285,0,0,0,0,0,0,0,0,0
202312,999,38340,C,Pittsfield  MA ,7,7,3782,0,0,0,0,0,0,0,0,0,1,1,1100,0,0,0,0,0,0,0,0,0
202312,999,38540,C,Pocatello  ID ,17,17,4610,1,2,428,0,0,0,1,5,450,4,4,639,0,0,0,0,0,0,0,0,0
202312,999,39150,C,Prescott Valley-Prescott  AZ ,114,114,34996,5,10,1999,0,0,0,0,0,0,105,105,32597,5,10,1999,0,0,0,0,0,0
202312,999,40060,C,Richmond  VA ,399,399,103771,0,0,0,0,0,0,5,164,19432,389,389,101324,0,0,0,0,0,0,5,164,19432
202312,999,40220,C,Roanoke  VA ,35,35,10414,0,0,0,0,0,0,0,0,0,24,24,6192,0,0,0,0,0,0,0,0,0
202312,999,41100,C,St. George  UT ,201,201,41990,0,0,0,1,4,1232,4,78,5674,160,160,32806,0,0,0,1,4,1232,3,72,5267
202312,999,41500,C,Salinas  CA ,32,32,15665,1,2,362,1,3,401,0,0,0,21,21,12428,1,2,362,0,0,0,0,0,0
202312,999,41660,C,San Angelo  TX ,19,19,5442,0,0,0,0,0,0,0,0,0,19,19,5442,0,0,0,0,0,0,0,0,0
202312,999,41740,C,San Diego-Chula Vista-Carlsbad  CA ,345,345,110322,14,28,4618,9,27,6624,13,97,15240,339,339,107500,14,28,4618,9,27,6624,13,97,15240
202312,999,42020,C,San Luis Obispo-Paso Robles  CA ,41,41,12222,2,4,854,1,3,452,1,12,1908,23,23,8481,1,2,645,0,0,0,0,0,0
202312,999,42200,C,Santa Maria-Santa Barbara  CA ,20,20,9263,0,0,0,0,0,0,0,0,0,13,13,7159,0,0,0,0,0,0,0,0,0
202312,999,42540,C,Scranton--Wilkes-Barre  PA ,28,28,9027,0,0,0,1,3,300,0,0,0,9,9,4155,0,0,0,0,0,0,0,0,0
202312,999,42700,C,Sebring-Avon Park  FL ,46,46,10625,0,0,0,0,0,0,0,0,0,46,46,10625,0,0,0,0,0,0,0,0,0
202312,999,43100,C,Sheboygan  WI ,12,12,4416,0,0,0,0,0,0,0,0,0,7,7,2988,0,0,0,0,0,0,0,0,0
202312,999,43420,C,Sierra Vista-Douglas  AZ ,37,37,6023,0,0,0,0,0,0,0,0,0,28,28,3917,0,0,0,0,0,0,0,0,0
202312,999,43580,C,Sioux City  IA-NE-SD ,15,15,4796,0,0,0,1,3,0,0,0,0,7,7,2622,0,0,0,0,0,0,0,0,0
202312,999,43620,C,Sioux Falls  SD ,31,31,10751,0,0,0,0,0,0,4,108,12509,22,22,8259,0,0,0,0,0,0,4,108,12509
202312,999,44140,C,Springfield  MA ,28,28,12725,0,0,0,0,0,0,2,11,966,9,9,3392,0,0,0,0,0,0,0,0,0
202312,999,44180,C,Springfield  MO ,116,116,63310,2,4,680,0,0,0,0,0,0,95,95,56418,2,4,680,0,0,0,0,0,0
202312,999,44940,C,Sumter  SC ,28,28,5178,2,4,381,0,0,0,0,0,0,0,0,0,0,0,0,0,0,0,0,0,0
202312,999,45220,C,Tallahassee  FL ,128,128,23394,0,0,0,0,0,0,2,91,11641,69,69,11468,0,0,0,0,0,0,0,0,0
202312,999,45300,C,Tampa-St. Petersburg-Clearwater  FL ,1310,1310,259937,8,16,2228,4,16,700,25,641,75675,1267,1267,248445,8,16,2228,4,16,700,22,626,71541
202312,999,45460,C,Terre Haute  IN ,5,5,712,0,0,0,0,0,0,0,0,0,3,3,400,0,0,0,0,0,0,0,0,0
202312,999,45500,C,Texarkana  TX-AR ,11,11,3430,1,2,230,0,0,0,0,0,0,10,10,3141,1,2,230,0,0,0,0,0,0
202312,999,45820,C,Topeka  KS ,23,23,4018,0,0,0,0,0,0,0,0,0,14,14,2867,0,0,0,0,0,0,0,0,0
202312,999,46220,C,Tuscaloosa  AL ,35,35,9771,0,0,0,1,4,610,1,16,2461,6,6,1333,0,0,0,0,0,0,0,0,0
202312,999,46300,C,Twin Falls  ID ,21,21,5330,1,2,418,2,8,1289,0,0,0,21,21,5330,1,2,418,2,8,1289,0,0,0
202312,999,46520,C,Urban Honolulu  HI ,49,49,18031,4,8,1275,0,0,0,3,110,39037,0,0,0,0,0,0,0,0,0,0,0,0
202312,999,46540,C,Utica-Rome  NY ,9,9,1505,0,0,0,0,0,0,1,5,781,0,0,0,0,0,0,0,0,0,0,0,0
202312,999,46660,C,Valdosta  GA ,80,80,14935,1,2,133,0,0,0,0,0,0,0,0,0,0,0,0,0,0,0,0,0,0
202312,999,47300,C,Visalia  CA ,78,78,18573,0,0,0,0,0,0,0,0,0,75,75,18097,0,0,0,0,0,0,0,0,0
202312,999,47380,C,Waco  TX ,39,39,11545,4,8,921,2,8,758,1,5,514,30,30,8593,4,8,921,2,8,758,0,0,0
202312,999,47940,C,Waterloo-Cedar Falls  IA ,7,7,3449,0,0,0,0,0,0,0,0,0,5,5,2665,0,0,0,0,0,0,0,0,0
202312,999,48060,C,Watertown-Fort Drum  NY ,9,9,1384,0,0,0,0,0,0,0,0,0,0,0,0,0,0,0,0,0,0,0,0,0
202312,999,48300,C,Wenatchee  WA ,30,30,11084,0,0,0,0,0,0,0,0,0,25,25,9307,0,0,0,0,0,0,0,0,0
202312,999,48540,C,Wheeling  WV-OH ,1,1,400,0,0,0,0,0,0,0,0,0,1,1,400,0,0,0,0,0,0,0,0,0
202312,999,48660,C,Wichita Falls  TX ,15,15,3843,0,0,0,0,0,0,0,0,0,11,11,2964,0,0,0,0,0,0,0,0,0
202312,999,48900,C,Wilmington  NC ,174,174,50782,5,10,1433,0,0,0,3,103,13371,30,30,5084,1,2,230,0,0,0,0,0,0
202312,999,49420,C,Yakima  WA ,17,17,4266,0,0,0,0,0,0,0,0,0,12,12,3156,0,0,0,0,0,0,0,0,0
202312,999,49740,C,Yuma  AZ ,79,79,11937,0,0,0,0,0,0,5,80,8234,79,79,11937,0,0,0,0,0,0,5,80,8234
