Survey,CSA,CBSA,MONCOV,CBSA,,1-unit,,,2-units,,,3-4 units,,,5+ units,,,1-unit rep,,,2-units rep,,,3-4 units rep,,,5+ units rep
Date,Code,Code,,Name,Bldgs,Units,Value,Bldgs,Units,Value,Bldgs,Units,Value,Bldgs,Units,Value,Bldgs,Units,Value,Bldgs,Units,Value,      Bldgs,Units,Value,Bldgs,Units,Value
 
202307,104,10580,C,Albany-Schenectady-Troy  NY ,83,83,29750,2,4,1000,2,8,1334,9,76,11296,41,41,15952,0,0,0,2,8,1334,4,48,7733
202307,104,24020,C,Glens Falls  NY ,17,17,5560,0,0,0,0,0,0,0,0,0,17,17,5560,0,0,0,0,0,0,0,0,0
202307,106,10740,C,Albuquerque  NM ,152,152,40863,0,0,0,0,0,0,2,20,1261,77,77,22833,0,0,0,0,0,0,1,15,900
202307,106,42140,C,Santa Fe  NM ,77,77,19213,0,0,0,0,0,0,0,0,0,77,77,19213,0,0,0,0,0,0,0,0,0
202307,107,11020,C,Altoona  PA ,7,7,2376,0,0,0,0,0,0,0,0,0,3,3,1405,0,0,0,0,0,0,0,0,0
202307,108,11100,C,Amarillo  TX ,28,28,7906,4,8,1176,0,0,0,0,0,0,25,25,7138,4,8,1176,0,0,0,0,0,0
202307,118,11540,C,Appleton  WI ,42,42,17371,0,0,0,0,0,0,0,0,0,36,36,15242,0,0,0,0,0,0,0,0,0
202307,118,36780,C,Oshkosh-Neenah  WI ,23,23,8753,0,0,0,0,0,0,0,0,0,21,21,7729,0,0,0,0,0,0,0,0,0
202307,120,11700,C,Asheville  NC ,205,205,80840,0,0,0,0,0,0,3,69,10494,54,54,20983,0,0,0,0,0,0,1,43,5275
202307,122,12020,C,Athens-Clarke County  GA ,65,65,23192,0,0,0,0,0,0,0,0,0,36,36,15616,0,0,0,0,0,0,0,0,0
202307,122,12060,C,Atlanta-Sandy Springs-Alpharetta  GA ,2387,2387,672191,1,2,520,2,7,1429,23,1128,150716,2195,2195,625866,1,2,520,2,7,1429,20,1064,141207
202307,122,23580,C,Gainesville  GA ,95,95,20989,0,0,0,0,0,0,0,0,0,21,21,3556,0,0,0,0,0,0,0,0,0
202307,122,40660,C,Rome  GA ,38,38,7729,0,0,0,0,0,0,0,0,0,38,38,7729,0,0,0,0,0,0,0,0,0
202307,140,13460,C,Bend  OR ,102,102,41945,3,6,1064,1,3,458,6,235,38656,74,74,26161,1,2,369,0,0,0,5,230,37965
202307,142,13820,C,Birmingham-Hoover  AL ,267,267,81961,0,0,0,0,0,0,2,40,5500,228,228,67910,0,0,0,0,0,0,2,40,5500
202307,144,14020,C,Bloomington  IN ,25,25,8079,0,0,0,0,0,0,2,42,6200,12,12,4388,0,0,0,0,0,0,2,42,6200
202307,145,14010,C,Bloomington  IL ,23,23,6182,1,2,500,0,0,0,1,6,580,2,2,648,1,2,500,0,0,0,0,0,0
202307,146,14100,C,Bloomsburg-Berwick  PA ,10,10,2253,0,0,0,0,0,0,0,0,0,6,6,1358,0,0,0,0,0,0,0,0,0
202307,147,14260,C,Boise City  ID ,588,588,154361,1,2,311,4,16,1891,6,229,39728,550,550,140863,1,2,311,4,16,1891,6,229,39728
202307,148,12700,C,Barnstable Town  MA ,40,40,27463,0,0,0,0,0,0,0,0,0,31,31,22779,0,0,0,0,0,0,0,0,0
202307,148,14460,C,Boston-Cambridge-Newton  MA-NH ,298,298,111807,13,26,5530,3,10,2526,26,688,149906,190,190,74037,6,12,2526,2,7,1918,12,574,130992
202307,148,31700,C,Manchester-Nashua  NH ,49,49,15786,1,2,469,1,3,422,1,5,625,22,22,7818,0,0,0,0,0,0,0,0,0
202307,148,39300,C,Providence-Warwick  RI-MA ,117,117,32517,8,16,2693,1,3,570,1,9,1283,51,51,14643,5,10,1763,1,3,570,0,0,0
202307,148,49340,C,Worcester  MA-CT ,81,81,24056,1,2,253,0,0,0,0,0,0,42,42,13453,0,0,0,0,0,0,0,0,0
202307,150,14540,C,Bowling Green  KY ,56,56,17292,0,0,0,0,0,0,2,72,4500,56,56,17292,0,0,0,0,0,0,2,72,4500
202307,154,15180,C,Brownsville-Harlingen  TX ,159,159,29258,4,8,500,1,3,451,3,33,4856,17,17,3029,2,4,185,0,0,0,1,7,1500
202307,160,15380,C,Buffalo-Cheektowaga  NY ,67,67,25696,0,0,0,0,0,0,5,43,7387,47,47,20392,0,0,0,0,0,0,4,32,4920
202307,162,15540,C,Burlington-South Burlington  VT ,37,37,12422,1,2,300,2,6,1970,3,65,17557,26,26,9198,0,0,0,2,6,1970,3,65,17557
202307,163,15980,C,Cape Coral-Fort Myers  FL ,525,525,112239,8,16,2308,0,0,0,5,212,168119,525,525,112239,8,16,2308,0,0,0,5,212,168119
202307,163,34940,C,Naples-Marco Island  FL ,249,249,108586,0,0,0,5,20,3013,2,18,1847,249,249,108586,0,0,0,5,20,3013,2,18,1847
202307,164,16020,C,Cape Girardeau  MO-IL ,7,7,2119,0,0,0,0,0,0,0,0,0,0,0,0,0,0,0,0,0,0,0,0,0
202307,168,16300,C,Cedar Rapids  IA ,30,30,7916,3,6,1100,0,0,0,0,0,0,28,28,7031,3,6,1100,0,0,0,0,0,0
202307,168,26980,C,Iowa City  IA ,35,35,11906,6,12,2771,1,3,582,1,6,595,28,28,10052,3,6,1540,0,0,0,0,0,0
202307,170,16620,C,Charleston  WV ,20,20,2194,0,0,0,0,0,0,0,0,0,16,16,1833,0,0,0,0,0,0,0,0,0
202307,170,26580,C,Huntington-Ashland  WV-KY-OH ,20,20,3793,1,2,150,2,6,150,0,0,0,0,0,0,1,2,150,2,6,150,0,0,0
202307,172,16740,C,Charlotte-Concord-Gastonia  NC-SC ,1587,1587,466855,3,6,1187,0,0,0,5,169,23792,1478,1478,428397,3,6,1187,0,0,0,3,142,20328
202307,174,16860,C,Chattanooga  TN-GA ,209,209,47097,3,6,431,1,3,174,2,45,4197,162,162,36726,0,0,0,0,0,0,1,5,200
202307,174,17420,C,Cleveland  TN ,69,69,17435,0,0,0,0,0,0,0,0,0,52,52,14356,0,0,0,0,0,0,0,0,0
202307,174,19140,C,Dalton  GA ,30,30,5549,1,2,133,0,0,0,1,5,268,0,0,0,0,0,0,0,0,0,0,0,0
202307,176,16980,C,Chicago-Naperville-Elgin  IL-IN-WI ,691,691,242050,21,42,8031,14,46,10565,16,188,23185,543,543,199087,20,40,7651,12,40,9397,10,158,18081
202307,176,28100,C,Kankakee  IL ,8,8,2660,0,0,0,0,0,0,0,0,0,5,5,1678,0,0,0,0,0,0,0,0,0
202307,176,33140,C,Michigan City-La Porte  IN ,5,5,1009,0,0,0,0,0,0,1,10,1267,1,1,42,0,0,0,0,0,0,0,0,0
202307,178,17140,C,Cincinnati  OH-KY-IN ,282,282,95972,9,18,3215,4,15,2529,6,81,10095,240,240,84448,8,16,3040,4,15,2529,4,69,9169
202307,184,10420,C,Akron  OH ,46,46,15839,0,0,0,1,3,1350,3,16,2106,42,42,14747,0,0,0,0,0,0,2,11,2039
202307,184,15940,C,Canton-Massillon  OH ,28,28,11565,0,0,0,2,6,1039,1,5,384,24,24,10902,0,0,0,2,6,1039,0,0,0
202307,184,17460,C,Cleveland-Elyria  OH ,215,215,85144,1,2,790,0,0,0,1,18,1458,166,166,67848,1,2,790,0,0,0,0,0,0
202307,190,17860,C,Columbia  MO ,43,43,15233,0,0,0,0,0,0,0,0,0,43,43,15233,0,0,0,0,0,0,0,0,0
202307,192,17900,C,Columbia  SC ,333,333,83766,0,0,0,2,8,1263,5,96,12544,46,46,11791,0,0,0,0,0,0,3,24,1875
202307,194,12220,C,Auburn-Opelika  AL ,90,90,27872,1,2,355,0,0,0,1,11,1498,60,60,20625,0,0,0,0,0,0,0,0,0
202307,194,17980,C,Columbus  GA-AL ,41,41,11096,1,2,375,0,0,0,1,50,9882,22,22,6045,0,0,0,0,0,0,0,0,0
202307,198,18140,C,Columbus  OH ,466,466,163363,6,12,1820,6,21,4880,23,328,39504,399,399,140018,5,10,1550,6,21,4880,22,323,39197
202307,204,18580,C,Corpus Christi  TX ,149,149,35631,0,0,0,0,0,0,0,0,0,11,11,2325,0,0,0,0,0,0,0,0,0
202307,206,19100,C,Dallas-Fort Worth-Arlington  TX ,3532,3532,988836,28,56,7964,23,87,12036,47,2279,319344,2195,2195,687003,23,46,6762,0,0,0,38,1943,273559
202307,206,43300,C,Sherman-Denison  TX ,137,137,36931,4,8,1042,0,0,0,0,0,0,42,42,12225,0,0,0,0,0,0,0,0,0
202307,209,19340,C,Davenport-Moline-Rock Island  IA-IL ,45,45,12122,0,0,0,2,7,1605,1,5,524,34,34,10235,0,0,0,2,7,1605,0,0,0
202307,212,19430,C,Dayton-Kettering  OH ,109,109,41338,1,2,351,2,8,1311,1,17,2062,71,71,28294,0,0,0,2,8,1311,0,0,0
202307,212,44220,C,Springfield  OH ,6,6,1772,0,0,0,6,24,3748,0,0,0,6,6,1772,0,0,0,6,24,3748,0,0,0
202307,216,14500,C,Boulder  CO ,86,86,55550,1,2,602,0,0,0,7,92,17098,82,82,52812,1,2,602,0,0,0,6,76,12926
202307,216,19740,C,Denver-Aurora-Lakewood  CO ,698,698,236736,5,10,1767,2,8,2027,8,667,108638,592,592,197815,0,0,0,2,8,2027,6,644,105071
202307,216,24540,C,Greeley  CO ,287,287,98460,5,10,1968,1,4,1219,1,8,1288,261,261,92112,1,2,305,1,4,1219,1,8,1288
202307,218,11180,C,Ames  IA ,14,14,4619,0,0,0,10,30,3841,0,0,0,10,10,3567,0,0,0,10,30,3841,0,0,0
202307,218,19780,C,Des Moines-West Des Moines  IA ,287,287,110552,0,0,0,5,17,4415,3,15,2884,274,274,105915,0,0,0,4,14,3785,2,10,2268
202307,220,11460,C,Ann Arbor  MI ,46,46,15248,7,14,2199,0,0,0,11,161,20018,31,31,11173,7,14,2199,0,0,0,11,161,20018
202307,220,19820,C,Detroit-Warren-Dearborn  MI ,402,402,142047,1,2,202,2,7,768,10,203,27349,333,333,121922,1,2,202,0,0,0,7,132,16263
202307,220,22420,C,Flint  MI ,26,26,9317,1,2,400,0,0,0,0,0,0,12,12,5726,0,0,0,0,0,0,0,0,0
202307,220,33780,C,Monroe  MI ,16,16,4798,0,0,0,0,0,0,1,5,345,9,9,2913,0,0,0,0,0,0,0,0,0
202307,222,20020,C,Dothan  AL ,39,39,10196,0,0,0,0,0,0,0,0,0,2,2,755,0,0,0,0,0,0,0,0,0
202307,232,20740,C,Eau Claire  WI ,30,30,11889,4,8,1660,0,0,0,2,83,13379,28,28,11218,2,4,920,0,0,0,2,83,13379
202307,236,21300,C,Elmira  NY ,2,2,556,0,0,0,0,0,0,1,5,560,0,0,0,0,0,0,0,0,0,0,0,0
202307,238,21340,C,El Paso  TX ,170,170,40718,2,4,517,1,3,395,1,13,1534,22,22,6181,0,0,0,0,0,0,0,0,0
202307,238,29740,C,Las Cruces  NM ,82,82,24565,1,2,150,0,0,0,0,0,0,51,51,16319,1,2,150,0,0,0,0,0,0
202307,240,21500,C,Erie  PA ,11,11,4098,0,0,0,0,0,0,1,6,475,8,8,3244,0,0,0,0,0,0,1,6,475
202307,244,22020,C,Fargo  ND-MN ,100,100,30426,0,0,0,0,0,0,2,141,19284,98,98,29610,0,0,0,0,0,0,2,141,19284
202307,246,22180,C,Fayetteville  NC ,165,165,34347,0,0,0,0,0,0,0,0,0,107,107,26381,0,0,0,0,0,0,0,0,0
202307,258,23060,C,Fort Wayne  IN ,189,189,65454,0,0,0,0,0,0,0,0,0,189,189,65454,0,0,0,0,0,0,0,0,0
202307,260,23420,C,Fresno  CA ,197,197,65324,0,0,0,0,0,0,2,20,2947,139,139,44628,0,0,0,0,0,0,0,0,0
202307,260,25260,C,Hanford-Corcoran  CA ,31,31,8799,0,0,0,0,0,0,0,0,0,8,8,1243,0,0,0,0,0,0,0,0,0
202307,260,31460,C,Madera  CA ,87,87,29537,0,0,0,0,0,0,0,0,0,87,87,29537,0,0,0,0,0,0,0,0,0
202307,264,23540,C,Gainesville  FL ,110,110,27299,0,0,0,0,0,0,2,104,13362,18,18,3754,0,0,0,0,0,0,0,0,0
202307,266,24340,C,Grand Rapids-Kentwood  MI ,229,229,72614,6,12,1925,2,7,1360,5,69,8152,182,182,55818,3,6,797,2,7,1360,1,24,1450
202307,266,34740,C,Muskegon  MI ,22,22,5862,2,4,1000,0,0,0,0,0,0,15,15,4089,2,4,1000,0,0,0,0,0,0
202307,267,24580,C,Green Bay  WI ,54,54,22553,8,16,2734,0,0,0,7,98,10150,49,49,20711,0,0,0,0,0,0,7,98,10150
202307,268,15500,C,Burlington  NC ,120,120,22069,1,2,200,0,0,0,3,206,23600,120,120,22069,1,2,200,0,0,0,3,206,23600
202307,268,24660,C,Greensboro-High Point  NC ,199,199,48712,2,4,610,0,0,0,8,204,38001,155,155,37472,2,4,610,0,0,0,8,204,38001
202307,268,49180,C,Winston-Salem  NC ,285,285,78187,0,0,0,1,3,276,3,275,28444,245,245,68950,0,0,0,0,0,0,2,270,28247
202307,272,24780,C,Greenville  NC ,61,61,14748,0,0,0,0,0,0,0,0,0,33,33,8284,0,0,0,0,0,0,0,0,0
202307,273,24860,C,Greenville-Anderson  SC ,507,507,163318,37,74,8947,0,0,0,0,0,0,460,460,151613,37,74,8947,0,0,0,0,0,0
202307,273,43900,C,Spartanburg  SC ,223,223,40618,0,0,0,0,0,0,0,0,0,13,13,4100,0,0,0,0,0,0,0,0,0
202307,276,23900,C,Gettysburg  PA ,36,36,10951,0,0,0,0,0,0,0,0,0,36,36,10951,0,0,0,0,0,0,0,0,0
202307,276,25420,C,Harrisburg-Carlisle  PA ,119,119,30069,0,0,0,2,6,971,6,45,5388,75,75,20808,0,0,0,1,3,735,4,34,4587
202307,276,30140,C,Lebanon  PA ,16,16,3429,0,0,0,0,0,0,0,0,0,0,0,0,0,0,0,0,0,0,0,0,0
202307,276,49620,C,York-Hanover  PA ,71,71,18073,0,0,0,0,0,0,4,25,4735,30,30,6748,0,0,0,0,0,0,4,25,4735
202307,277,25500,C,Harrisonburg  VA ,34,34,10138,0,0,0,0,0,0,0,0,0,34,34,10138,0,0,0,0,0,0,0,0,0
202307,277,44420,C,Staunton  VA ,30,30,9454,0,0,0,0,0,0,2,58,10168,30,30,9454,0,0,0,0,0,0,2,58,10168
202307,278,25540,C,Hartford-East Hartford-Middletown  CT ,49,49,13372,1,2,280,2,8,136,3,33,3189,32,32,8331,1,2,280,2,8,136,0,0,0
202307,278,35980,C,Norwich-New London  CT ,23,23,5977,1,2,140,0,0,0,0,0,0,14,14,3329,1,2,140,0,0,0,0,0,0
202307,279,25620,C,Hattiesburg  MS ,11,11,1855,0,0,0,0,0,0,0,0,0,0,0,0,0,0,0,0,0,0,0,0,0
202307,284,26300,C,Hot Springs  AR ,7,7,1951,0,0,0,0,0,0,0,0,0,7,7,1951,0,0,0,0,0,0,0,0,0
202307,288,26420,C,Houston-The Woodlands-Sugar Land  TX ,4108,4108,1057926,38,76,8227,1,3,210,26,1155,193854,3851,3851,989001,37,74,7933,1,3,210,23,1121,190768
202307,290,19460,C,Decatur  AL ,30,30,7526,0,0,0,0,0,0,0,0,0,29,29,7404,0,0,0,0,0,0,0,0,0
202307,290,26620,C,Huntsville  AL ,331,331,63603,0,0,0,0,0,0,1,48,1387,197,197,30973,0,0,0,0,0,0,1,48,1387
202307,292,26820,C,Idaho Falls  ID ,81,81,17171,0,0,0,0,0,0,3,137,20968,78,78,16141,0,0,0,0,0,0,3,137,20968
202307,294,18020,C,Columbus  IN ,11,11,3853,0,0,0,0,0,0,0,0,0,11,11,3853,0,0,0,0,0,0,0,0,0
202307,294,26900,C,Indianapolis-Carmel-Anderson  IN ,553,553,208704,3,6,1048,2,7,1470,12,283,77820,469,469,178020,2,4,548,2,7,1470,11,252,72276
202307,294,34620,C,Muncie  IN ,8,8,2015,0,0,0,0,0,0,0,0,0,1,1,294,0,0,0,0,0,0,0,0,0
202307,296,27060,C,Ithaca  NY ,7,7,1887,0,0,0,0,0,0,1,29,3000,1,1,250,0,0,0,0,0,0,1,29,3000
202307,297,27180,C,Jackson  TN ,34,34,8630,0,0,0,0,0,0,0,0,0,7,7,2275,0,0,0,0,0,0,0,0,0
202307,298,27140,C,Jackson  MS ,81,81,19257,0,0,0,0,0,0,0,0,0,57,57,11693,0,0,0,0,0,0,0,0,0
202307,300,27260,C,Jacksonville  FL ,1007,1007,279156,2,4,300,0,0,0,20,773,114288,997,997,275468,2,4,300,0,0,0,20,773,114288
202307,304,27740,C,Johnson City  TN ,73,73,26027,1,2,493,0,0,0,0,0,0,47,47,21070,0,0,0,0,0,0,0,0,0
202307,304,28700,C,Kingsport-Bristol  TN-VA ,68,68,15864,0,0,0,0,0,0,1,5,292,49,49,13401,0,0,0,0,0,0,0,0,0
202307,306,27780,C,Johnstown  PA ,5,5,1269,0,0,0,0,0,0,0,0,0,0,0,0,0,0,0,0,0,0,0,0,0
202307,308,27860,C,Jonesboro  AR ,54,54,7957,3,6,413,4,13,674,1,7,397,12,12,1624,0,0,0,0,0,0,0,0,0
202307,309,27900,C,Joplin  MO ,62,62,9682,4,8,1190,0,0,0,1,5,465,39,39,5019,1,2,272,0,0,0,0,0,0
202307,310,12980,C,Battle Creek  MI ,11,11,2222,0,0,0,0,0,0,0,0,0,3,3,792,0,0,0,0,0,0,0,0,0
202307,310,28020,C,Kalamazoo-Portage  MI ,22,22,9010,3,6,977,0,0,0,0,0,0,15,15,5359,3,6,977,0,0,0,0,0,0
202307,312,28140,C,Kansas City  MO-KS ,416,416,147639,16,32,9762,4,16,3880,10,169,18325,368,368,131771,16,32,9762,4,16,3880,9,164,17585
202307,312,29940,C,Lawrence  KS ,8,8,2975,0,0,0,0,0,0,0,0,0,3,3,753,0,0,0,0,0,0,0,0,0
202307,312,41140,C,St. Joseph  MO-KS ,8,8,2537,0,0,0,0,0,0,0,0,0,4,4,1604,0,0,0,0,0,0,0,0,0
202307,313,28420,C,Kennewick-Richland  WA ,92,92,31550,1,2,296,1,3,866,2,36,4454,55,55,20129,0,0,0,0,0,0,1,24,3119
202307,313,47460,C,Walla Walla  WA ,16,16,1893,2,4,657,0,0,0,0,0,0,10,10,369,0,0,0,0,0,0,0,0,0
202307,315,28940,C,Knoxville  TN ,377,377,119802,0,0,0,0,0,0,25,654,140660,288,288,94783,0,0,0,0,0,0,23,606,134887
202307,315,34100,C,Morristown  TN ,74,74,18830,0,0,0,0,0,0,0,0,0,55,55,15621,0,0,0,0,0,0,0,0,0
202307,316,29020,C,Kokomo  IN ,10,10,3570,0,0,0,0,0,0,0,0,0,8,8,2953,0,0,0,0,0,0,0,0,0
202307,318,29180,C,Lafayette  LA ,181,181,42266,0,0,0,0,0,0,0,0,0,129,129,30150,0,0,0,0,0,0,0,0,0
202307,320,29200,C,Lafayette-West Lafayette  IN ,44,44,14346,0,0,0,0,0,0,3,39,4576,3,3,1828,0,0,0,0,0,0,0,0,0
202307,324,29340,C,Lake Charles  LA ,40,40,8119,0,0,0,0,0,0,3,98,21056,37,37,7386,0,0,0,0,0,0,3,98,21056
202307,332,29820,C,Las Vegas-Henderson-Paradise  NV ,987,987,303518,2,4,269,7,25,2453,9,315,37800,987,987,303518,2,4,269,7,25,2453,9,315,37800
202307,336,30460,C,Lexington-Fayette  KY ,126,126,32386,0,0,0,1,3,440,2,69,6852,31,31,10961,0,0,0,0,0,0,0,0,0
202307,338,30620,C,Lima  OH ,10,10,3624,1,2,120,0,0,0,0,0,0,4,4,1755,1,2,120,0,0,0,0,0,0
202307,339,30700,C,Lincoln  NE ,70,70,21705,0,0,0,1,4,841,4,197,24980,67,67,20846,0,0,0,1,4,841,4,197,24980
202307,340,30780,C,Little Rock-North Little Rock-Conway  AR ,141,141,41361,5,10,1079,0,0,0,1,7,2520,133,133,40103,4,8,905,0,0,0,1,7,2520
202307,340,38220,C,Pine Bluff  AR ,2,2,198,0,0,0,0,0,0,0,0,0,1,1,50,0,0,0,0,0,0,0,0,0
202307,348,31080,C,Los Angeles-Long Beach-Anaheim  CA ,1150,1150,288284,71,142,36288,17,56,21557,44,1136,165673,895,895,228317,68,136,35001,13,44,19652,30,1028,147127
202307,348,37100,C,Oxnard-Thousand Oaks-Ventura  CA ,25,25,8614,0,0,0,1,3,699,3,32,4045,4,4,462,0,0,0,1,3,699,1,5,1165
202307,348,40140,C,Riverside-San Bernardino-Ontario  CA ,666,666,176427,9,18,2654,5,18,3886,39,474,40191,350,350,89532,2,4,1121,4,15,3412,34,438,35367
202307,350,21060,C,Elizabethtown-Fort Knox  KY ,41,41,9136,4,8,1176,0,0,0,0,0,0,41,41,9136,4,8,1176,0,0,0,0,0,0
202307,350,31140,C,Louisville-Jefferson County  KY-IN ,309,309,88552,5,10,1605,0,0,0,5,103,14683,298,298,85788,5,10,1605,0,0,0,4,98,13933
202307,352,31180,C,Lubbock  TX ,188,188,45997,1,2,100,0,0,0,0,0,0,187,187,45824,1,2,100,0,0,0,0,0,0
202307,356,31420,C,Macon-Bibb County  GA ,41,41,11217,0,0,0,0,0,0,0,0,0,4,4,1290,0,0,0,0,0,0,0,0,0
202307,356,47580,C,Warner Robins  GA ,67,67,14873,0,0,0,0,0,0,0,0,0,43,43,9785,0,0,0,0,0,0,0,0,0
202307,357,27500,C,Janesville-Beloit  WI ,22,22,6006,12,24,4955,0,0,0,4,32,8000,15,15,3786,12,24,4955,0,0,0,4,32,8000
202307,357,31540,C,Madison  WI ,114,114,46064,9,18,5343,0,0,0,3,107,18604,75,75,33098,8,16,5073,0,0,0,1,6,1908
202307,359,31860,C,Mankato  MN ,17,17,6571,2,4,841,0,0,0,3,24,3773,9,9,3700,0,0,0,0,0,0,1,6,1080
202307,360,31900,C,Mansfield  OH ,9,9,3043,0,0,0,1,3,286,0,0,0,7,7,2405,0,0,0,0,0,0,0,0,0
202307,365,32580,C,McAllen-Edinburg-Mission  TX ,378,378,97992,15,30,1538,31,121,10687,4,26,1680,340,340,90454,14,28,1290,26,103,8448,4,26,1680
202307,366,24420,C,Grants Pass  OR ,16,16,5047,1,2,595,0,0,0,0,0,0,3,3,2435,1,2,595,0,0,0,0,0,0
202307,366,32780,C,Medford  OR ,80,80,26097,0,0,0,2,7,2285,1,5,565,75,75,25320,0,0,0,2,7,2285,0,0,0
202307,368,32820,C,Memphis  TN-MS-AR ,328,328,88733,0,0,0,0,0,0,5,123,29902,286,286,79785,0,0,0,0,0,0,5,123,29902
202307,370,33100,C,Miami-Fort Lauderdale-Pompano Beach  FL ,497,497,196153,3,6,1623,9,34,6938,35,1471,280272,399,399,141746,3,6,1623,8,31,5791,28,1398,263691
202307,370,38940,C,Port St. Lucie  FL ,717,717,169387,1,2,648,0,0,0,11,74,18558,717,717,169387,1,2,648,0,0,0,11,74,18558
202307,370,42680,C,Sebastian-Vero Beach  FL ,86,86,41506,2,4,570,0,0,0,0,0,0,11,11,2690,1,2,256,0,0,0,0,0,0
202307,372,33260,C,Midland  TX ,80,80,18406,0,0,0,0,0,0,0,0,0,80,80,18406,0,0,0,0,0,0,0,0,0
202307,372,36220,C,Odessa  TX ,72,72,18448,0,0,0,0,0,0,0,0,0,0,0,0,0,0,0,0,0,0,0,0,0
202307,376,33340,C,Milwaukee-Waukesha  WI ,127,127,55678,7,14,3649,0,0,0,2,49,9512,93,93,43659,5,10,2701,0,0,0,1,44,8381
202307,376,39540,C,Racine  WI ,21,21,8636,0,0,0,0,0,0,0,0,0,19,19,8028,0,0,0,0,0,0,0,0,0
202307,378,33460,C,Minneapolis-St. Paul-Bloomington  MN-WI ,845,845,289523,5,10,2297,5,19,4479,32,672,102252,760,760,261554,4,8,1897,4,16,3837,21,589,87353
202307,378,41060,C,St. Cloud  MN ,45,45,12176,0,0,0,0,0,0,1,5,425,37,37,9928,0,0,0,0,0,0,0,0,0
202307,380,19300,C,Daphne-Fairhope-Foley  AL ,217,217,74891,0,0,0,0,0,0,5,45,4505,129,129,53682,0,0,0,0,0,0,5,45,4505
202307,380,33660,C,Mobile  AL ,67,67,18067,1,2,123,0,0,0,0,0,0,66,66,17973,1,2,123,0,0,0,0,0,0
202307,384,33740,C,Monroe  LA ,26,26,6664,4,8,519,0,0,0,1,5,623,0,0,0,0,0,0,0,0,0,0,0,0
202307,388,33860,C,Montgomery  AL ,62,62,15930,0,0,0,0,0,0,0,0,0,40,40,11661,0,0,0,0,0,0,0,0,0
202307,390,34060,C,Morgantown  WV ,1,1,137,0,0,0,0,0,0,0,0,0,0,0,0,0,0,0,0,0,0,0,0,0
202307,396,34820,C,Myrtle Beach-Conway-North Myrtle Beach  SC-NC ,899,899,210861,8,16,1152,1,3,311,1,5,250,199,199,50873,7,14,954,0,0,0,0,0,0
202307,400,34980,C,Nashville-Davidson--Murfreesboro--Franklin  TN ,1297,1297,393296,3,6,1372,2,6,399,4,74,9462,997,997,322282,3,6,1372,1,3,174,1,36,3640
202307,404,35100,C,New Bern  NC ,36,36,9098,0,0,0,0,0,0,0,0,0,23,23,5578,0,0,0,0,0,0,0,0,0
202307,406,25220,C,Hammond  LA ,69,69,13505,1,2,100,0,0,0,1,35,3262,0,0,0,0,0,0,0,0,0,0,0,0
202307,406,35380,C,New Orleans-Metairie  LA ,182,182,54790,12,24,2670,1,3,612,1,42,7559,78,78,25220,1,2,185,0,0,0,0,0,0
202307,408,14860,C,Bridgeport-Stamford-Norwalk  CT ,31,31,29467,0,0,0,1,4,752,2,11,7729,18,18,13348,0,0,0,1,4,752,1,6,1000
202307,408,20700,C,East Stroudsburg  PA ,19,19,5470,0,0,0,0,0,0,0,0,0,11,11,3544,0,0,0,0,0,0,0,0,0
202307,408,28740,C,Kingston  NY ,26,26,9313,0,0,0,0,0,0,0,0,0,17,17,5893,0,0,0,0,0,0,0,0,0
202307,408,35300,C,New Haven-Milford  CT ,26,26,6887,2,4,910,0,0,0,4,85,12541,10,10,2815,1,2,700,0,0,0,1,70,11277
202307,408,35620,C,New York-Newark-Jersey City  NY-NJ-PA ,831,831,234581,44,88,14729,12,40,4389,124,2067,266968,514,514,139151,30,60,10404,6,21,2324,61,1327,152585
202307,408,39100,C,Poughkeepsie-Newburgh-Middletown  NY ,61,61,23573,0,0,0,3,11,2607,2,10,1294,28,28,10892,0,0,0,3,11,2607,0,0,0
202307,408,45940,C,Trenton-Princeton  NJ ,25,25,2243,0,0,0,0,0,0,4,46,3266,16,16,1260,0,0,0,0,0,0,1,25,2162
202307,412,35840,C,North Port-Sarasota-Bradenton  FL ,926,926,328333,22,44,9256,1,3,1000,13,525,52046,875,875,313444,9,18,4813,1,3,1000,13,525,52046
202307,412,39460,C,Punta Gorda  FL ,363,363,101593,12,24,4045,2,8,2362,0,0,0,354,354,97017,12,24,4045,2,8,2362,0,0,0
202307,416,36420,C,Oklahoma City  OK ,395,395,116927,23,46,5557,11,36,7355,17,202,14057,360,360,109995,21,42,5095,11,36,7355,17,202,14057
202307,420,36540,C,Omaha-Council Bluffs  NE-IA ,244,244,60067,1,2,227,2,8,1359,0,0,0,230,230,56249,1,2,227,2,8,1359,0,0,0
202307,422,19660,C,Deltona-Daytona Beach-Ormond Beach  FL ,437,437,152897,5,10,1204,6,23,2748,3,35,4407,365,365,129290,5,10,1204,6,23,2748,0,0,0
202307,422,29460,C,Lakeland-Winter Haven  FL ,807,807,226045,3,6,733,0,0,0,21,599,83325,737,737,209294,3,6,733,0,0,0,21,599,83325
202307,422,36740,C,Orlando-Kissimmee-Sanford  FL ,1384,1384,378295,0,0,0,0,0,0,9,507,82652,1139,1139,307071,0,0,0,0,0,0,6,450,78244
202307,422,45540,C,The Villages  FL ,271,271,69815,0,0,0,0,0,0,0,0,0,270,270,69625,0,0,0,0,0,0,0,0,0
202307,425,37620,C,Parkersburg-Vienna  WV ,10,10,2655,0,0,0,0,0,0,0,0,0,9,9,2503,0,0,0,0,0,0,0,0,0
202307,426,37860,C,Pensacola-Ferry Pass-Brent  FL ,195,195,55804,0,0,0,0,0,0,0,0,0,195,195,55804,0,0,0,0,0,0,0,0,0
202307,428,12100,C,Atlantic City-Hammonton  NJ ,21,21,6050,0,0,0,0,0,0,2,11,831,13,13,3179,0,0,0,0,0,0,0,0,0
202307,428,20100,C,Dover  DE ,67,67,11934,0,0,0,0,0,0,3,30,2225,66,66,11584,0,0,0,0,0,0,3,30,2225
202307,428,36140,C,Ocean City  NJ ,46,46,20927,8,16,3713,1,3,944,1,5,1500,41,41,19583,8,16,3713,1,3,944,1,5,1500
202307,428,37980,C,Philadelphia-Camden-Wilmington  PA-NJ-DE-MD ,616,616,140395,8,16,2762,3,11,1411,18,371,46338,291,291,64158,8,16,2762,3,11,1411,10,323,41186
202307,428,39740,C,Reading  PA ,29,29,8999,1,2,250,0,0,0,0,0,0,7,7,1843,1,2,250,0,0,0,0,0,0
202307,428,47220,C,Vineland-Bridgeton  NJ ,6,6,804,0,0,0,0,0,0,0,0,0,4,4,631,0,0,0,0,0,0,0,0,0
202307,429,38060,C,Phoenix-Mesa-Chandler  AZ ,2256,2256,637949,78,156,17382,1,4,793,50,1725,361534,1976,1976,552880,73,146,15682,1,4,793,46,1581,337628
202307,430,38300,C,Pittsburgh  PA ,274,274,88903,1,2,200,3,9,1426,6,177,21870,150,150,50050,1,2,200,1,3,300,2,68,9908
202307,430,48260,C,Weirton-Steubenville  WV-OH ,2,2,586,0,0,0,0,0,0,0,0,0,1,1,360,0,0,0,0,0,0,0,0,0
202307,438,30340,C,Lewiston-Auburn  ME ,21,21,3925,0,0,0,0,0,0,1,12,1289,8,8,780,0,0,0,0,0,0,0,0,0
202307,438,38860,C,Portland-South Portland  ME ,166,166,58270,5,10,1476,1,3,422,6,73,4867,79,79,33547,4,8,1215,0,0,0,3,48,3300
202307,440,10540,C,Albany-Lebanon  OR ,33,33,9824,8,16,3787,0,0,0,0,0,0,27,27,8279,8,16,3787,0,0,0,0,0,0
202307,440,18700,C,Corvallis  OR ,19,19,6382,2,4,1342,0,0,0,0,0,0,19,19,6382,2,4,1342,0,0,0,0,0,0
202307,440,31020,C,Longview  WA ,16,16,5477,2,4,914,0,0,0,0,0,0,14,14,5082,2,4,914,0,0,0,0,0,0
202307,440,38900,C,Portland-Vancouver-Hillsboro  OR-WA ,482,482,205906,5,10,1558,2,6,573,22,416,50545,323,323,124822,5,10,1558,2,6,573,16,301,31757
202307,440,41420,C,Salem  OR ,79,79,26073,0,0,0,0,0,0,9,100,12717,76,76,25290,0,0,0,0,0,0,7,84,10683
202307,444,39380,C,Pueblo  CO ,26,26,4620,0,0,0,0,0,0,0,0,0,26,26,4620,0,0,0,0,0,0,0,0,0
202307,450,20500,C,Durham-Chapel Hill  NC ,354,354,124751,2,4,549,0,0,0,4,176,31315,148,148,48795,0,0,0,0,0,0,0,0,0
202307,450,39580,C,Raleigh-Cary  NC ,1015,1015,266044,5,10,1601,0,0,0,3,668,92074,1015,1015,266044,5,10,1601,0,0,0,3,668,92074
202307,452,39660,C,Rapid City  SD ,37,37,10777,0,0,0,0,0,0,0,0,0,33,33,9468,0,0,0,0,0,0,0,0,0
202307,454,39820,C,Redding  CA ,15,15,4608,0,0,0,0,0,0,0,0,0,5,5,1762,0,0,0,0,0,0,0,0,0
202307,456,16180,C,Carson City  NV ,14,14,3695,0,0,0,0,0,0,1,5,499,0,0,0,0,0,0,0,0,0,0,0,0
202307,456,39900,C,Reno  NV ,185,185,50060,8,16,2309,1,3,396,7,148,18796,50,50,11880,6,12,1890,0,0,0,0,0,0
202307,462,40340,C,Rochester  MN ,57,57,16713,0,0,0,0,0,0,1,112,14400,41,41,12492,0,0,0,0,0,0,1,112,14400
202307,464,40380,C,Rochester  NY ,68,68,21250,5,10,1950,4,14,1330,3,20,2293,30,30,11030,4,8,1450,3,11,800,1,5,550
202307,466,40420,C,Rockford  IL ,23,23,7099,0,0,0,0,0,0,0,0,0,22,22,6999,0,0,0,0,0,0,0,0,0
202307,468,40580,C,Rocky Mount  NC ,33,33,5709,0,0,0,0,0,0,0,0,0,14,14,2664,0,0,0,0,0,0,0,0,0
202307,472,40900,C,Sacramento-Roseville-Folsom  CA ,520,520,181583,14,28,4514,0,0,0,1,121,26028,505,505,177344,14,28,4514,0,0,0,1,121,26028
202307,472,49700,C,Yuba City  CA ,46,46,12250,1,2,212,0,0,0,1,7,724,1,1,335,0,0,0,0,0,0,0,0,0
202307,474,13020,C,Bay City  MI ,3,3,935,0,0,0,0,0,0,0,0,0,1,1,333,0,0,0,0,0,0,0,0,0
202307,474,33220,C,Midland  MI ,7,7,1937,0,0,0,0,0,0,0,0,0,3,3,602,0,0,0,0,0,0,0,0,0
202307,474,40980,C,Saginaw  MI ,7,7,2070,1,2,180,0,0,0,0,0,0,4,4,1297,1,2,180,0,0,0,0,0,0
202307,476,41180,C,St. Louis  MO-IL ,379,379,131398,1,2,334,2,7,1942,14,120,19351,300,300,103870,0,0,0,2,7,1942,11,105,16847
202307,480,41540,C,Salisbury  MD-DE ,317,317,53093,0,0,0,0,0,0,2,72,7600,316,316,52951,0,0,0,0,0,0,2,72,7600
202307,482,36260,C,Ogden-Clearfield  UT ,161,161,52114,0,0,0,2,7,1321,7,74,11647,110,110,35878,0,0,0,1,4,756,5,39,6314
202307,482,39340,C,Provo-Orem  UT ,489,489,145478,0,0,0,5,15,3912,0,0,0,481,481,139172,0,0,0,5,15,3912,0,0,0
202307,482,41620,C,Salt Lake City  UT ,363,363,153429,3,6,1051,1,3,601,17,624,129775,298,298,139612,0,0,0,0,0,0,10,362,93595
202307,484,41700,C,San Antonio-New Braunfels  TX ,821,821,226916,0,0,0,0,0,0,13,233,27279,721,721,202263,0,0,0,0,0,0,9,78,10751
202307,488,32900,C,Merced  CA ,14,14,4170,0,0,0,0,0,0,0,0,0,1,1,300,0,0,0,0,0,0,0,0,0
202307,488,33700,C,Modesto  CA ,71,71,15685,0,0,0,0,0,0,0,0,0,62,62,14032,0,0,0,0,0,0,0,0,0
202307,488,34900,C,Napa  CA ,9,9,2832,1,2,233,0,0,0,1,52,8992,0,0,0,0,0,0,0,0,0,0,0,0
202307,488,41860,C,San Francisco-Oakland-Berkeley  CA ,242,242,90371,2,4,303,4,14,3713,9,242,62137,145,145,58970,2,4,303,4,14,3713,3,165,47128
202307,488,41940,C,San Jose-Sunnyvale-Santa Clara  CA ,153,153,48482,0,0,0,0,0,0,4,208,32810,120,120,37701,0,0,0,0,0,0,1,135,19424
202307,488,42100,C,Santa Cruz-Watsonville  CA ,30,30,6507,0,0,0,0,0,0,2,10,786,3,3,1141,0,0,0,0,0,0,0,0,0
202307,488,42220,C,Santa Rosa-Petaluma  CA ,100,100,24372,0,0,0,2,6,2400,4,29,6171,78,78,19330,0,0,0,2,6,2400,1,7,1794
202307,488,44700,C,Stockton  CA ,216,216,72616,0,0,0,0,0,0,2,23,2855,67,67,20540,0,0,0,0,0,0,0,0,0
202307,488,46700,C,Vallejo  CA ,43,43,11603,0,0,0,0,0,0,0,0,0,20,20,3562,0,0,0,0,0,0,0,0,0
202307,496,25980,C,Hinesville  GA ,44,44,10229,1,2,200,0,0,0,0,0,0,19,19,4293,1,2,200,0,0,0,0,0,0
202307,496,42340,C,Savannah  GA ,172,172,41876,1,2,113,0,0,0,0,0,0,128,128,31008,0,0,0,0,0,0,0,0,0
202307,500,14740,C,Bremerton-Silverdale-Port Orchard  WA ,98,98,41698,0,0,0,0,0,0,2,48,6079,98,98,41698,0,0,0,0,0,0,2,48,6079
202307,500,34580,C,Mount Vernon-Anacortes  WA ,16,16,3823,0,0,0,0,0,0,1,15,1400,16,16,3823,0,0,0,0,0,0,0,0,0
202307,500,36500,C,Olympia-Lacey-Tumwater  WA ,102,102,28930,0,0,0,1,4,1216,1,5,213,93,93,26913,0,0,0,1,4,1216,0,0,0
202307,500,42660,C,Seattle-Tacoma-Bellevue  WA ,489,489,177265,28,56,15125,17,58,11029,23,465,78204,426,426,152358,28,56,15125,17,58,11029,20,431,73939
202307,508,43340,C,Shreveport-Bossier City  LA ,113,113,21963,0,0,0,0,0,0,0,0,0,89,89,14351,0,0,0,0,0,0,0,0,0
202307,515,21140,C,Elkhart-Goshen  IN ,33,33,10022,0,0,0,0,0,0,0,0,0,33,33,10022,0,0,0,0,0,0,0,0,0
202307,515,35660,C,Niles  MI ,27,27,13769,0,0,0,0,0,0,0,0,0,15,15,8579,0,0,0,0,0,0,0,0,0
202307,515,43780,C,South Bend-Mishawaka  IN-MI ,34,34,14254,1,2,260,0,0,0,0,0,0,26,26,11194,1,2,260,0,0,0,0,0,0
202307,518,17660,C,Coeur dAlene  ID ,88,88,37240,2,4,750,1,3,1257,2,82,14377,66,66,31505,1,2,366,0,0,0,1,67,12750
202307,518,44060,C,Spokane-Spokane Valley  WA ,184,184,49501,8,16,4172,0,0,0,2,45,3948,114,114,32104,7,14,3810,0,0,0,0,0,0
202307,522,44100,C,Springfield  IL ,10,10,3526,0,0,0,0,0,0,0,0,0,1,1,350,0,0,0,0,0,0,0,0,0
202307,524,44300,C,State College  PA ,20,20,5824,0,0,0,0,0,0,1,5,800,15,15,4317,0,0,0,0,0,0,1,5,800
202307,532,45060,C,Syracuse  NY ,31,31,11735,1,2,341,0,0,0,2,10,935,20,20,7206,0,0,0,0,0,0,0,0,0
202307,534,45780,C,Toledo  OH ,49,49,15431,0,0,0,0,0,0,0,0,0,47,47,14922,0,0,0,0,0,0,0,0,0
202307,536,46060,C,Tucson  AZ ,312,312,110866,2,4,475,0,0,0,3,56,8404,238,238,92110,0,0,0,0,0,0,0,0,0
202307,538,46140,C,Tulsa  OK ,298,298,68428,5,10,1105,0,0,0,2,374,34903,235,235,52075,5,10,1105,0,0,0,1,366,34288
202307,540,46340,C,Tyler  TX ,43,43,11593,2,4,521,1,4,572,0,0,0,23,23,6567,0,0,0,1,4,572,0,0,0
202307,544,47020,C,Victoria  TX ,6,6,1713,0,0,0,0,0,0,0,0,0,6,6,1713,0,0,0,0,0,0,0,0,0
202307,545,47260,C,Virginia Beach-Norfolk-Newport News  VA-NC ,332,332,91218,0,0,0,1,4,385,4,167,11016,315,315,89361,0,0,0,1,4,385,4,167,11016
202307,548,12580,C,Baltimore-Columbia-Towson  MD ,242,242,66399,0,0,0,0,0,0,2,127,16367,227,227,63091,0,0,0,0,0,0,0,0,0
202307,548,15680,C,California-Lexington Park  MD ,13,13,4425,0,0,0,0,0,0,0,0,0,13,13,4425,0,0,0,0,0,0,0,0,0
202307,548,16540,C,Chambersburg-Waynesboro  PA ,33,33,11271,1,2,320,0,0,0,0,0,0,30,30,10498,1,2,320,0,0,0,0,0,0
202307,548,25180,C,Hagerstown-Martinsburg  MD-WV ,170,170,35280,0,0,0,0,0,0,0,0,0,166,166,34506,0,0,0,0,0,0,0,0,0
202307,548,47900,C,Washington-Arlington-Alexandria  DC-VA-MD-WV ,702,702,217034,5,10,1470,1,4,572,19,1208,121777,672,672,208302,5,10,1470,1,4,572,16,1183,117719
202307,548,49020,C,Winchester  VA-WV ,62,62,17685,0,0,0,0,0,0,0,0,0,62,62,17685,0,0,0,0,0,0,0,0,0
202307,554,48140,C,Wausau-Weston  WI ,33,33,11026,1,2,342,3,12,1591,4,52,5234,24,24,7798,0,0,0,3,12,1591,4,52,5234
202307,556,48620,C,Wichita  KS ,112,112,41985,21,42,5654,0,0,0,0,0,0,20,20,8829,8,16,2650,0,0,0,0,0,0
202307,558,48700,C,Williamsport  PA ,8,8,1546,0,0,0,0,0,0,0,0,0,3,3,353,0,0,0,0,0,0,0,0,0
202307,566,49660,C,Youngstown-Warren-Boardman  OH-PA ,21,21,5368,0,0,0,0,0,0,0,0,0,13,13,2951,0,0,0,0,0,0,0,0,0
202307,999,10180,C,Abilene  TX ,30,30,8552,1,2,230,0,0,0,0,0,0,30,30,8552,1,2,230,0,0,0,0,0,0
202307,999,10500,C,Albany  GA ,14,14,1751,0,0,0,0,0,0,0,0,0,12,12,1218,0,0,0,0,0,0,0,0,0
202307,999,10780,C,Alexandria  LA ,26,26,6451,0,0,0,0,0,0,0,0,0,0,0,0,0,0,0,0,0,0,0,0,0
202307,999,10900,C,Allentown-Bethlehem-Easton  PA-NJ ,117,117,28615,0,0,0,0,0,0,2,12,1791,77,77,18849,0,0,0,0,0,0,0,0,0
202307,999,11260,C,Anchorage  AK ,12,12,5811,1,2,413,2,8,1079,1,21,2250,2,2,434,1,2,413,2,8,1079,1,21,2250
202307,999,11500,C,Anniston-Oxford  AL ,7,7,1129,0,0,0,0,0,0,0,0,0,6,6,1054,0,0,0,0,0,0,0,0,0
202307,999,12260,C,Augusta-Richmond County  GA-SC ,326,326,90263,0,0,0,1,3,451,0,0,0,154,154,48306,0,0,0,1,3,451,0,0,0
202307,999,12420,C,Austin-Round Rock-Georgetown  TX ,1391,1391,382864,5,10,1260,1,4,1000,39,1964,202524,1000,1000,298967,3,6,691,1,4,1000,37,1917,197120
202307,999,12540,C,Bakersfield  CA ,195,195,53063,0,0,0,0,0,0,1,5,635,22,22,7982,0,0,0,0,0,0,0,0,0
202307,999,12620,C,Bangor  ME ,20,20,4962,0,0,0,0,0,0,0,0,0,7,7,2241,0,0,0,0,0,0,0,0,0
202307,999,12940,C,Baton Rouge  LA ,278,278,66606,0,0,0,0,0,0,1,16,1800,39,39,10026,0,0,0,0,0,0,0,0,0
202307,999,13140,C,Beaumont-Port Arthur  TX ,60,60,15237,0,0,0,0,0,0,0,0,0,38,38,10085,0,0,0,0,0,0,0,0,0
202307,999,13220,C,Beckley  WV ,4,4,1123,0,0,0,0,0,0,0,0,0,4,4,1123,0,0,0,0,0,0,0,0,0
202307,999,13380,C,Bellingham  WA ,45,45,14213,0,0,0,0,0,0,0,0,0,13,13,3687,0,0,0,0,0,0,0,0,0
202307,999,13740,C,Billings  MT ,27,27,9256,0,0,0,0,0,0,0,0,0,25,25,8859,0,0,0,0,0,0,0,0,0
202307,999,13780,C,Binghamton  NY ,16,16,3304,0,0,0,0,0,0,3,19,2081,3,3,638,0,0,0,0,0,0,0,0,0
202307,999,13900,C,Bismarck  ND ,17,17,6036,3,6,1644,1,4,723,0,0,0,11,11,4390,3,6,1644,1,4,723,0,0,0
202307,999,13980,C,Blacksburg-Christiansburg  VA ,73,73,15578,0,0,0,0,0,0,0,0,0,70,70,14630,0,0,0,0,0,0,0,0,0
202307,999,15260,C,Brunswick  GA ,72,72,23924,3,6,723,2,6,1434,1,33,3957,7,7,1400,0,0,0,0,0,0,0,0,0
202307,999,16060,C,Carbondale-Marion  IL ,6,6,645,0,0,0,1,4,313,0,0,0,3,3,215,0,0,0,0,0,0,0,0,0
202307,999,16220,C,Casper  WY ,8,8,4748,0,0,0,0,0,0,0,0,0,6,6,4433,0,0,0,0,0,0,0,0,0
202307,999,16580,C,Champaign-Urbana  IL ,24,24,6737,0,0,0,0,0,0,1,26,4591,20,20,5343,0,0,0,0,0,0,0,0,0
202307,999,16700,C,Charleston-North Charleston  SC ,533,533,195185,0,0,0,0,0,0,3,159,15108,276,276,128284,0,0,0,0,0,0,0,0,0
202307,999,16820,C,Charlottesville  VA ,77,77,26888,0,0,0,0,0,0,2,22,2103,18,18,4351,0,0,0,0,0,0,0,0,0
202307,999,16940,C,Cheyenne  WY ,18,18,4080,0,0,0,0,0,0,0,0,0,18,18,4080,0,0,0,0,0,0,0,0,0
202307,999,17020,C,Chico  CA ,26,26,4598,0,0,0,0,0,0,0,0,0,5,5,887,0,0,0,0,0,0,0,0,0
202307,999,17300,C,Clarksville  TN-KY ,89,89,18701,3,6,600,3,11,1320,2,48,3280,87,87,18287,3,6,600,3,11,1320,2,48,3280
202307,999,17780,C,College Station-Bryan  TX ,89,89,23836,0,0,0,0,0,0,1,199,33400,89,89,23836,0,0,0,0,0,0,1,199,33400
202307,999,17820,C,Colorado Springs  CO ,139,139,80299,1,2,500,1,3,414,0,0,0,137,137,79967,1,2,500,0,0,0,0,0,0
202307,999,18880,C,Crestview-Fort Walton Beach-Destin  FL ,166,166,75398,3,6,823,1,4,988,2,15,3849,166,166,75398,3,6,823,1,4,988,2,15,3849
202307,999,19060,C,Cumberland  MD-WV ,4,4,1180,0,0,0,0,0,0,0,0,0,3,3,1080,0,0,0,0,0,0,0,0,0
202307,999,19180,C,Danville  IL ,0,0,0,0,0,0,0,0,0,0,0,0,0,0,0,0,0,0,0,0,0,0,0,0
202307,999,19500,C,Decatur  IL ,5,5,1729,0,0,0,0,0,0,0,0,0,4,4,1405,0,0,0,0,0,0,0,0,0
202307,999,20220,C,Dubuque  IA ,17,17,7859,0,0,0,0,0,0,0,0,0,17,17,7859,0,0,0,0,0,0,0,0,0
202307,999,20260,C,Duluth  MN-WI ,63,63,18140,2,4,874,0,0,0,0,0,0,50,50,14505,2,4,874,0,0,0,0,0,0
202307,999,20940,C,El Centro  CA ,29,29,4489,0,0,0,0,0,0,1,7,1149,2,2,173,0,0,0,0,0,0,0,0,0
202307,999,21420,C,Enid  OK ,0,0,0,0,0,0,0,0,0,0,0,0,0,0,0,0,0,0,0,0,0,0,0,0
202307,999,21660,C,Eugene-Springfield  OR ,64,64,19986,2,4,628,0,0,0,2,10,1300,30,30,10784,1,2,242,0,0,0,2,10,1300
202307,999,21780,C,Evansville  IN-KY ,51,51,17529,5,10,845,0,0,0,0,0,0,29,29,11178,4,8,600,0,0,0,0,0,0
202307,999,21820,C,Fairbanks  AK ,14,14,2818,0,0,0,0,0,0,0,0,0,14,14,2818,0,0,0,0,0,0,0,0,0
202307,999,22140,C,Farmington  NM ,31,31,2690,0,0,0,0,0,0,0,0,0,31,31,2690,0,0,0,0,0,0,0,0,0
202307,999,22220,C,Fayetteville-Springdale-Rogers  AR-MO ,722,722,171806,12,24,6456,1,3,995,11,190,19721,567,567,127719,10,20,5051,0,0,0,7,150,14775
202307,999,22380,C,Flagstaff  AZ ,28,28,9245,0,0,0,3,12,668,8,294,40188,28,28,9245,0,0,0,3,12,668,8,294,40188
202307,999,22500,C,Florence  SC ,42,42,7552,0,0,0,0,0,0,0,0,0,18,18,3579,0,0,0,0,0,0,0,0,0
202307,999,22520,C,Florence-Muscle Shoals  AL ,15,15,1815,0,0,0,0,0,0,0,0,0,12,12,1491,0,0,0,0,0,0,0,0,0
202307,999,22540,C,Fond du Lac  WI ,10,10,3652,0,0,0,0,0,0,0,0,0,0,0,0,0,0,0,0,0,0,0,0,0
202307,999,22660,C,Fort Collins  CO ,105,105,39196,8,16,2502,0,0,0,4,26,4897,105,105,39196,8,16,2502,0,0,0,4,26,4897
202307,999,22900,C,Fort Smith  AR-OK ,32,32,7493,1,2,188,2,6,1130,0,0,0,23,23,5988,0,0,0,0,0,0,0,0,0
202307,999,23460,C,Gadsden  AL ,8,8,1340,0,0,0,0,0,0,0,0,0,3,3,527,0,0,0,0,0,0,0,0,0
202307,999,24140,C,Goldsboro  NC ,23,23,6739,0,0,0,0,0,0,1,5,365,16,16,3535,0,0,0,0,0,0,0,0,0
202307,999,24220,C,Grand Forks  ND-MN ,12,12,3367,0,0,0,0,0,0,0,0,0,12,12,3367,0,0,0,0,0,0,0,0,0
202307,999,24260,C,Grand Island  NE ,10,10,2940,4,8,1729,0,0,0,0,0,0,5,5,1709,4,8,1729,0,0,0,0,0,0
202307,999,24300,C,Grand Junction  CO ,47,47,8879,0,0,0,0,0,0,12,60,13555,47,47,8879,0,0,0,0,0,0,12,60,13555
202307,999,24500,C,Great Falls  MT ,7,7,1860,0,0,0,0,0,0,0,0,0,7,7,1860,0,0,0,0,0,0,0,0,0
202307,999,25060,C,Gulfport-Biloxi  MS ,237,237,35550,1,2,245,0,0,0,0,0,0,173,173,25275,0,0,0,0,0,0,0,0,0
202307,999,25860,C,Hickory-Lenoir-Morganton  NC ,164,164,46390,4,8,920,0,0,0,2,14,964,131,131,39753,4,8,920,0,0,0,0,0,0
202307,999,25940,C,Hilton Head Island-Bluffton  SC ,200,200,75756,0,0,0,0,0,0,2,19,2272,49,49,24493,0,0,0,0,0,0,0,0,0
202307,999,26140,C,Homosassa Springs  FL ,133,133,35490,2,4,709,0,0,0,0,0,0,5,5,1576,1,2,200,0,0,0,0,0,0
202307,999,26380,C,Houma-Thibodaux  LA ,61,61,11570,0,0,0,0,0,0,0,0,0,60,60,11317,0,0,0,0,0,0,0,0,0
202307,999,27100,C,Jackson  MI ,11,11,3246,0,0,0,0,0,0,0,0,0,4,4,1210,0,0,0,0,0,0,0,0,0
202307,999,27340,C,Jacksonville  NC ,72,72,16521,2,4,253,0,0,0,0,0,0,72,72,16521,2,4,253,0,0,0,0,0,0
202307,999,27620,C,Jefferson City  MO ,10,10,1389,0,0,0,0,0,0,0,0,0,7,7,600,0,0,0,0,0,0,0,0,0
202307,999,27980,C,Kahului-Wailuku-Lahaina  HI ,52,52,17862,0,0,0,0,0,0,0,0,0,52,52,17862,0,0,0,0,0,0,0,0,0
202307,999,28660,C,Killeen-Temple  TX ,193,193,43254,54,108,18849,0,0,0,2,43,6248,55,55,8611,45,90,16833,0,0,0,0,0,0
202307,999,29100,C,La Crosse-Onalaska  WI-MN ,15,15,5214,1,2,620,0,0,0,1,82,10000,6,6,2204,1,2,620,0,0,0,1,82,10000
202307,999,29420,C,Lake Havasu City-Kingman  AZ ,199,199,40241,0,0,0,0,0,0,0,0,0,178,178,34096,0,0,0,0,0,0,0,0,0
202307,999,29540,C,Lancaster  PA ,67,67,17575,1,2,400,0,0,0,1,20,1600,40,40,10496,0,0,0,0,0,0,1,20,1600
202307,999,29620,C,Lansing-East Lansing  MI ,50,50,14380,2,4,681,0,0,0,1,12,1332,32,32,9006,2,4,681,0,0,0,0,0,0
202307,999,29700,C,Laredo  TX ,94,94,24085,1,2,260,2,6,902,0,0,0,0,0,0,0,0,0,0,0,0,0,0,0
202307,999,30020,C,Lawton  OK ,16,16,2922,0,0,0,0,0,0,0,0,0,12,12,2500,0,0,0,0,0,0,0,0,0
202307,999,30300,C,Lewiston  ID-WA ,9,9,2748,1,2,488,0,0,0,0,0,0,6,6,1838,1,2,488,0,0,0,0,0,0
202307,999,30860,C,Logan  UT-ID ,85,85,51788,0,0,0,0,0,0,0,0,0,79,79,50350,0,0,0,0,0,0,0,0,0
202307,999,30980,C,Longview  TX ,37,37,10419,2,4,460,1,3,434,1,9,393,28,28,8020,0,0,0,0,0,0,0,0,0
202307,999,31340,C,Lynchburg  VA ,96,96,21159,0,0,0,1,3,603,3,116,6207,94,94,20760,0,0,0,0,0,0,2,108,6000
202307,999,31740,C,Manhattan  KS ,12,12,3923,1,2,279,0,0,0,0,0,0,3,3,1053,0,0,0,0,0,0,0,0,0
202307,999,33540,C,Missoula  MT ,31,31,8652,0,0,0,0,0,0,1,16,2355,31,31,8652,0,0,0,0,0,0,1,16,2355
202307,999,36100,C,Ocala  FL ,493,493,140000,13,26,2394,0,0,0,0,0,0,493,493,140000,13,26,2394,0,0,0,0,0,0
202307,999,36980,C,Owensboro  KY ,5,5,463,0,0,0,0,0,0,0,0,0,4,4,261,0,0,0,0,0,0,0,0,0
202307,999,37340,C,Palm Bay-Melbourne-Titusville  FL ,340,340,136620,3,6,887,0,0,0,3,127,23498,326,326,133104,3,6,887,0,0,0,3,127,23498
202307,999,37460,C,Panama City  FL ,196,196,65319,0,0,0,0,0,0,1,6,1139,48,48,12296,0,0,0,0,0,0,0,0,0
202307,999,37900,C,Peoria  IL ,15,15,5180,0,0,0,0,0,0,1,22,5000,7,7,2554,0,0,0,0,0,0,1,22,5000
202307,999,38340,C,Pittsfield  MA ,7,7,5334,0,0,0,0,0,0,0,0,0,1,1,230,0,0,0,0,0,0,0,0,0
202307,999,38540,C,Pocatello  ID ,31,31,5356,0,0,0,0,0,0,1,5,450,17,17,1429,0,0,0,0,0,0,0,0,0
202307,999,39150,C,Prescott Valley-Prescott  AZ ,97,97,33889,2,4,667,0,0,0,0,0,0,87,87,31188,2,4,667,0,0,0,0,0,0
202307,999,40060,C,Richmond  VA ,388,388,102135,9,18,4274,0,0,0,3,25,2293,373,373,98985,9,18,4274,0,0,0,2,19,1680
202307,999,40220,C,Roanoke  VA ,37,37,10788,0,0,0,0,0,0,1,19,2322,17,17,4343,0,0,0,0,0,0,0,0,0
202307,999,41100,C,St. George  UT ,156,156,36344,1,2,132,1,3,522,1,12,975,144,144,31905,1,2,132,0,0,0,1,12,975
202307,999,41500,C,Salinas  CA ,34,34,7095,0,0,0,0,0,0,4,50,13050,34,34,7095,0,0,0,0,0,0,4,50,13050
202307,999,41660,C,San Angelo  TX ,21,21,6015,0,0,0,0,0,0,0,0,0,21,21,6015,0,0,0,0,0,0,0,0,0
202307,999,41740,C,San Diego-Chula Vista-Carlsbad  CA ,277,277,83193,1,2,413,0,0,0,12,874,132759,267,267,79950,1,2,413,0,0,0,12,874,132759
202307,999,42020,C,San Luis Obispo-Paso Robles  CA ,75,75,20903,0,0,0,0,0,0,1,29,3750,75,75,20903,0,0,0,0,0,0,1,29,3750
202307,999,42200,C,Santa Maria-Santa Barbara  CA ,14,14,2958,0,0,0,0,0,0,0,0,0,8,8,893,0,0,0,0,0,0,0,0,0
202307,999,42540,C,Scranton--Wilkes-Barre  PA ,33,33,10017,1,2,498,1,4,676,0,0,0,16,16,5496,0,0,0,1,4,676,0,0,0
202307,999,42700,C,Sebring-Avon Park  FL ,53,53,12275,2,4,522,0,0,0,0,0,0,53,53,12275,2,4,522,0,0,0,0,0,0
202307,999,43100,C,Sheboygan  WI ,15,15,5481,0,0,0,0,0,0,0,0,0,11,11,3981,0,0,0,0,0,0,0,0,0
202307,999,43420,C,Sierra Vista-Douglas  AZ ,33,33,5849,0,0,0,0,0,0,0,0,0,24,24,3566,0,0,0,0,0,0,0,0,0
202307,999,43580,C,Sioux City  IA-NE-SD ,28,28,8804,0,0,0,1,3,0,1,48,2400,16,16,5490,0,0,0,0,0,0,1,48,2400
202307,999,43620,C,Sioux Falls  SD ,137,137,33058,4,8,1437,2,8,567,12,76,10451,111,111,26385,4,8,1437,0,0,0,10,66,9086
202307,999,44140,C,Springfield  MA ,31,31,8715,1,2,200,0,0,0,2,10,840,10,10,3602,1,2,200,0,0,0,0,0,0
202307,999,44180,C,Springfield  MO ,188,188,50610,6,12,2098,1,3,188,8,240,20000,157,157,40774,5,10,1820,0,0,0,8,240,20000
202307,999,44940,C,Sumter  SC ,33,33,6098,3,6,572,0,0,0,0,0,0,0,0,0,0,0,0,0,0,0,0,0,0
202307,999,45220,C,Tallahassee  FL ,127,127,23251,1,2,222,0,0,0,3,94,12025,65,65,11071,0,0,0,0,0,0,0,0,0
202307,999,45300,C,Tampa-St. Petersburg-Clearwater  FL ,1114,1114,313549,6,12,1486,0,0,0,4,119,24134,563,563,181989,5,10,1040,0,0,0,1,104,20000
202307,999,45460,C,Terre Haute  IN ,9,9,1631,0,0,0,0,0,0,0,0,0,5,5,1065,0,0,0,0,0,0,0,0,0
202307,999,45500,C,Texarkana  TX-AR ,9,9,1864,8,16,3120,0,0,0,0,0,0,7,7,1322,8,16,3120,0,0,0,0,0,0
202307,999,45820,C,Topeka  KS ,29,29,6838,0,0,0,0,0,0,0,0,0,18,18,4941,0,0,0,0,0,0,0,0,0
202307,999,46220,C,Tuscaloosa  AL ,43,43,13274,0,0,0,1,4,610,1,16,2461,11,11,3807,0,0,0,0,0,0,0,0,0
202307,999,46300,C,Twin Falls  ID ,44,44,12138,2,4,1067,0,0,0,0,0,0,44,44,12138,2,4,1067,0,0,0,0,0,0
202307,999,46520,C,Urban Honolulu  HI ,52,52,19135,5,10,1593,0,0,0,3,107,37973,0,0,0,0,0,0,0,0,0,0,0,0
202307,999,46540,C,Utica-Rome  NY ,13,13,4108,0,0,0,0,0,0,1,5,781,3,3,250,0,0,0,0,0,0,0,0,0
202307,999,46660,C,Valdosta  GA ,123,123,42633,1,2,133,0,0,0,0,0,0,66,66,32510,0,0,0,0,0,0,0,0,0
202307,999,47300,C,Visalia  CA ,79,79,24340,2,4,570,0,0,0,1,6,998,54,54,17289,0,0,0,0,0,0,0,0,0
202307,999,47380,C,Waco  TX ,53,53,8942,6,12,1440,0,0,0,3,134,16014,38,38,4639,5,10,1180,0,0,0,2,129,15500
202307,999,47940,C,Waterloo-Cedar Falls  IA ,15,15,4680,0,0,0,1,3,803,0,0,0,11,11,3421,0,0,0,1,3,803,0,0,0
202307,999,48060,C,Watertown-Fort Drum  NY ,12,12,1758,0,0,0,0,0,0,0,0,0,0,0,0,0,0,0,0,0,0,0,0,0
202307,999,48300,C,Wenatchee  WA ,57,57,17289,0,0,0,0,0,0,1,10,1682,31,31,11649,0,0,0,0,0,0,1,10,1682
202307,999,48540,C,Wheeling  WV-OH ,2,2,208,0,0,0,0,0,0,0,0,0,1,1,170,0,0,0,0,0,0,0,0,0
202307,999,48660,C,Wichita Falls  TX ,18,18,5069,0,0,0,0,0,0,1,13,1421,7,7,2005,0,0,0,0,0,0,0,0,0
202307,999,48900,C,Wilmington  NC ,164,164,54825,12,24,2261,0,0,0,3,107,13890,55,55,17692,10,20,1432,0,0,0,0,0,0
202307,999,49420,C,Yakima  WA ,33,33,9247,2,4,781,1,3,631,0,0,0,28,28,7695,2,4,781,1,3,631,0,0,0
202307,999,49740,C,Yuma  AZ ,76,76,11677,0,0,0,0,0,0,0,0,0,74,74,11290,0,0,0,0,0,0,0,0,0
