Survey,CSA,CBSA,MONCOV,CBSA,,1-unit,,,2-units,,,3-4 units,,,5+ units,,,1-unit rep,,,2-units rep,,,3-4 units rep,,,5+ units rep
Date,Code,Code,,Name,Bldgs,Units,Value,Bldgs,Units,Value,Bldgs,Units,Value,Bldgs,Units,Value,Bldgs,Units,Value,Bldgs,Units,Value,      Bldgs,Units,Value,Bldgs,Units,Value
 
202302,104,10580,C,Albany-Schenectady-Troy  NY ,57,57,19303,1,2,550,1,3,400,1,5,241,39,39,12937,0,0,0,0,0,0,0,0,0
202302,104,24020,C,Glens Falls  NY ,7,7,1776,0,0,0,0,0,0,0,0,0,2,2,549,0,0,0,0,0,0,0,0,0
202302,106,10740,C,Albuquerque  NM ,109,109,26119,0,0,0,0,0,0,1,9,375,102,102,24439,0,0,0,0,0,0,0,0,0
202302,106,42140,C,Santa Fe  NM ,7,7,4101,0,0,0,0,0,0,0,0,0,7,7,4101,0,0,0,0,0,0,0,0,0
202302,107,11020,C,Altoona  PA ,2,2,454,0,0,0,1,4,400,0,0,0,0,0,0,0,0,0,1,4,400,0,0,0
202302,108,11100,C,Amarillo  TX ,77,77,19858,1,2,260,0,0,0,0,0,0,76,76,19473,1,2,260,0,0,0,0,0,0
202302,118,11540,C,Appleton  WI ,41,41,14905,1,2,400,0,0,0,8,60,7495,37,37,13677,1,2,400,0,0,0,6,48,6468
202302,118,36780,C,Oshkosh-Neenah  WI ,15,15,6005,1,2,50,0,0,0,0,0,0,14,14,5606,1,2,50,0,0,0,0,0,0
202302,120,11700,C,Asheville  NC ,178,178,62675,0,0,0,0,0,0,8,224,38954,97,97,38587,0,0,0,0,0,0,5,207,35774
202302,122,12020,C,Athens-Clarke County  GA ,63,63,18076,0,0,0,0,0,0,0,0,0,46,46,12937,0,0,0,0,0,0,0,0,0
202302,122,12060,C,Atlanta-Sandy Springs-Alpharetta  GA ,1599,1599,416237,5,10,1558,3,11,1095,45,1787,193947,1472,1472,390136,5,10,1558,3,11,1095,41,1704,180784
202302,122,23580,C,Gainesville  GA ,87,87,18844,1,2,180,1,4,340,3,19,1783,27,27,4703,1,2,180,1,4,340,3,19,1783
202302,122,40660,C,Rome  GA ,21,21,4046,0,0,0,0,0,0,0,0,0,21,21,4046,0,0,0,0,0,0,0,0,0
202302,140,13460,C,Bend  OR ,77,77,32065,11,22,6584,0,0,0,0,0,0,77,77,32065,11,22,6584,0,0,0,0,0,0
202302,142,13820,C,Birmingham-Hoover  AL ,218,218,60181,4,8,2251,0,0,0,0,0,0,150,150,37504,4,8,2251,0,0,0,0,0,0
202302,144,14020,C,Bloomington  IN ,12,12,2828,0,0,0,0,0,0,0,0,0,11,11,2627,0,0,0,0,0,0,0,0,0
202302,145,14010,C,Bloomington  IL ,14,14,3143,0,0,0,0,0,0,1,5,309,6,6,1525,0,0,0,0,0,0,0,0,0
202302,146,14100,C,Bloomsburg-Berwick  PA ,4,4,874,0,0,0,0,0,0,1,5,454,3,3,610,0,0,0,0,0,0,0,0,0
202302,147,14260,C,Boise City  ID ,359,359,97459,0,0,0,10,40,2752,7,280,51055,347,347,94485,0,0,0,10,40,2752,7,280,51055
202302,148,12700,C,Barnstable Town  MA ,27,27,19215,0,0,0,0,0,0,0,0,0,17,17,12623,0,0,0,0,0,0,0,0,0
202302,148,14460,C,Boston-Cambridge-Newton  MA-NH ,240,240,86578,6,12,1991,3,9,1931,30,796,145695,102,102,46200,3,6,1081,2,6,1400,8,594,122915
202302,148,31700,C,Manchester-Nashua  NH ,45,45,16184,1,2,350,0,0,0,1,45,12731,28,28,11397,0,0,0,0,0,0,1,45,12731
202302,148,39300,C,Providence-Warwick  RI-MA ,91,91,21232,18,36,2326,1,4,300,0,0,0,45,45,10994,16,32,1660,1,4,300,0,0,0
202302,148,49340,C,Worcester  MA-CT ,59,59,15617,3,6,1270,0,0,0,1,13,1610,28,28,6696,1,2,450,0,0,0,0,0,0
202302,150,14540,C,Bowling Green  KY ,71,71,16309,0,0,0,4,15,1485,1,6,650,70,70,16159,0,0,0,3,12,1260,1,6,650
202302,154,15180,C,Brownsville-Harlingen  TX ,94,94,12264,20,40,3943,2,7,641,4,30,2575,15,15,2203,16,32,3216,0,0,0,0,0,0
202302,160,15380,C,Buffalo-Cheektowaga  NY ,44,44,18589,0,0,0,0,0,0,1,10,2242,31,31,14594,0,0,0,0,0,0,0,0,0
202302,162,15540,C,Burlington-South Burlington  VT ,22,22,7172,12,24,4290,0,0,0,1,5,714,13,13,4741,12,24,4290,0,0,0,0,0,0
202302,163,15980,C,Cape Coral-Fort Myers  FL ,612,612,118798,7,14,3467,0,0,0,8,96,17301,611,611,117615,7,14,3467,0,0,0,8,96,17301
202302,163,34940,C,Naples-Marco Island  FL ,226,226,100428,1,2,600,2,8,913,1,13,23000,226,226,100428,1,2,600,2,8,913,1,13,23000
202302,164,16020,C,Cape Girardeau  MO-IL ,7,7,2028,0,0,0,0,0,0,0,0,0,0,0,0,0,0,0,0,0,0,0,0,0
202302,168,16300,C,Cedar Rapids  IA ,16,16,4075,1,2,167,1,4,736,0,0,0,14,14,3727,1,2,167,1,4,736,0,0,0
202302,168,26980,C,Iowa City  IA ,27,27,6912,0,0,0,0,0,0,2,94,13987,18,18,4721,0,0,0,0,0,0,1,88,13127
202302,170,16620,C,Charleston  WV ,8,8,444,0,0,0,0,0,0,0,0,0,8,8,444,0,0,0,0,0,0,0,0,0
202302,170,26580,C,Huntington-Ashland  WV-KY-OH ,18,18,4201,2,4,200,0,0,0,0,0,0,4,4,1160,2,4,200,0,0,0,0,0,0
202302,172,16740,C,Charlotte-Concord-Gastonia  NC-SC ,1421,1421,374025,1,2,343,0,0,0,38,1424,157195,1264,1264,328243,1,2,343,0,0,0,35,1362,149658
202302,174,16860,C,Chattanooga  TN-GA ,190,190,43690,4,8,575,4,12,849,3,59,5891,154,154,35628,0,0,0,3,9,675,0,0,0
202302,174,17420,C,Cleveland  TN ,42,42,12332,0,0,0,1,3,390,0,0,0,28,28,9798,0,0,0,1,3,390,0,0,0
202302,174,19140,C,Dalton  GA ,22,22,3806,0,0,0,1,3,449,2,41,4432,3,3,769,0,0,0,0,0,0,1,8,1021
202302,176,16980,C,Chicago-Naperville-Elgin  IL-IN-WI ,430,430,143177,4,8,1952,14,46,9964,16,219,48307,345,345,119549,4,8,1952,13,43,9509,10,189,43540
202302,176,28100,C,Kankakee  IL ,5,5,1557,0,0,0,0,0,0,0,0,0,4,4,1257,0,0,0,0,0,0,0,0,0
202302,176,33140,C,Michigan City-La Porte  IN ,5,5,1677,0,0,0,0,0,0,0,0,0,0,0,0,0,0,0,0,0,0,0,0,0
202302,178,17140,C,Cincinnati  OH-KY-IN ,265,265,79622,6,12,1843,8,24,3983,26,203,18858,241,241,74185,5,10,1668,8,24,3983,25,189,17836
202302,184,10420,C,Akron  OH ,44,44,14127,0,0,0,5,15,1418,2,10,799,39,39,12241,0,0,0,5,15,1418,0,0,0
202302,184,15940,C,Canton-Massillon  OH ,14,14,4632,1,2,358,0,0,0,1,5,384,12,12,4399,0,0,0,0,0,0,0,0,0
202302,184,17460,C,Cleveland-Elyria  OH ,155,155,47571,0,0,0,0,0,0,0,0,0,134,134,41840,0,0,0,0,0,0,0,0,0
202302,190,17860,C,Columbia  MO ,36,36,16098,0,0,0,0,0,0,0,0,0,36,36,16098,0,0,0,0,0,0,0,0,0
202302,192,17900,C,Columbia  SC ,336,336,78388,1,2,244,0,0,0,2,101,17223,70,70,17525,0,0,0,0,0,0,0,0,0
202302,194,12220,C,Auburn-Opelika  AL ,97,97,27780,1,2,330,0,0,0,1,21,2859,73,73,21974,0,0,0,0,0,0,0,0,0
202302,194,17980,C,Columbus  GA-AL ,44,44,9031,0,0,0,0,0,0,1,41,6455,25,25,5214,0,0,0,0,0,0,0,0,0
202302,198,18140,C,Columbus  OH ,331,331,124597,0,0,0,2,8,720,1,12,2733,295,295,114172,0,0,0,2,8,720,1,12,2733
202302,204,18580,C,Corpus Christi  TX ,119,119,28609,0,0,0,0,0,0,1,25,1858,15,15,2252,0,0,0,0,0,0,0,0,0
202302,206,19100,C,Dallas-Fort Worth-Arlington  TX ,2629,2629,820752,22,44,6113,12,42,5674,65,2942,401857,2056,2056,670711,20,40,5619,9,33,4959,63,2908,397953
202302,206,43300,C,Sherman-Denison  TX ,51,51,11849,0,0,0,0,0,0,16,283,35708,26,26,6540,0,0,0,0,0,0,15,273,34831
202302,209,19340,C,Davenport-Moline-Rock Island  IA-IL ,17,17,4087,1,2,325,1,4,840,0,0,0,4,4,1652,0,0,0,1,4,840,0,0,0
202302,212,19430,C,Dayton-Kettering  OH ,110,110,32836,0,0,0,0,0,0,1,16,1941,86,86,23993,0,0,0,0,0,0,0,0,0
202302,212,44220,C,Springfield  OH ,12,12,4106,0,0,0,0,0,0,0,0,0,12,12,4106,0,0,0,0,0,0,0,0,0
202302,216,14500,C,Boulder  CO ,56,56,44458,1,2,333,3,10,2090,3,33,8635,54,54,42015,0,0,0,3,10,2090,2,11,2243
202302,216,19740,C,Denver-Aurora-Lakewood  CO ,525,525,165861,1,2,401,1,4,890,27,1381,234440,474,474,149705,1,2,401,1,4,890,23,1249,215958
202302,216,24540,C,Greeley  CO ,179,179,60586,2,4,810,8,31,5573,14,107,12494,174,174,59543,2,4,810,8,31,5573,13,102,11888
202302,218,11180,C,Ames  IA ,6,6,1712,0,0,0,0,0,0,0,0,0,1,1,316,0,0,0,0,0,0,0,0,0
202302,218,19780,C,Des Moines-West Des Moines  IA ,226,226,74786,1,2,75,0,0,0,2,125,19049,220,220,73066,1,2,75,0,0,0,2,125,19049
202302,220,11460,C,Ann Arbor  MI ,31,31,10869,1,2,400,0,0,0,6,78,8856,24,24,9122,1,2,400,0,0,0,6,78,8856
202302,220,19820,C,Detroit-Warren-Dearborn  MI ,223,223,85770,2,4,949,2,6,792,7,225,37219,170,170,71819,1,2,849,0,0,0,5,208,35487
202302,220,22420,C,Flint  MI ,4,4,1132,0,0,0,0,0,0,0,0,0,2,2,732,0,0,0,0,0,0,0,0,0
202302,220,33780,C,Monroe  MI ,8,8,2848,0,0,0,0,0,0,0,0,0,5,5,2129,0,0,0,0,0,0,0,0,0
202302,222,20020,C,Dothan  AL ,27,27,8002,0,0,0,0,0,0,0,0,0,19,19,6222,0,0,0,0,0,0,0,0,0
202302,232,20740,C,Eau Claire  WI ,15,15,4982,3,6,1046,0,0,0,4,99,13661,11,11,3772,1,2,285,0,0,0,3,75,10580
202302,236,21300,C,Elmira  NY ,2,2,610,0,0,0,0,0,0,1,5,560,0,0,0,0,0,0,0,0,0,0,0,0
202302,238,21340,C,El Paso  TX ,154,154,36341,5,10,1279,0,0,0,2,21,2469,12,12,3075,0,0,0,0,0,0,0,0,0
202302,238,29740,C,Las Cruces  NM ,52,52,16329,0,0,0,0,0,0,0,0,0,45,45,14772,0,0,0,0,0,0,0,0,0
202302,240,21500,C,Erie  PA ,3,3,1385,1,2,100,0,0,0,0,0,0,3,3,1385,1,2,100,0,0,0,0,0,0
202302,244,22020,C,Fargo  ND-MN ,22,22,7816,0,0,0,0,0,0,2,215,43243,20,20,7099,0,0,0,0,0,0,2,215,43243
202302,246,22180,C,Fayetteville  NC ,125,125,25629,2,4,521,0,0,0,0,0,0,79,79,19374,2,4,521,0,0,0,0,0,0
202302,258,23060,C,Fort Wayne  IN ,119,119,37071,0,0,0,0,0,0,4,78,6575,119,119,37071,0,0,0,0,0,0,4,78,6575
202302,260,23420,C,Fresno  CA ,98,98,29431,0,0,0,0,0,0,1,20,3163,49,49,14233,0,0,0,0,0,0,0,0,0
202302,260,25260,C,Hanford-Corcoran  CA ,52,52,18348,0,0,0,0,0,0,0,0,0,47,47,17208,0,0,0,0,0,0,0,0,0
202302,260,31460,C,Madera  CA ,128,128,36573,0,0,0,0,0,0,1,16,2538,128,128,36573,0,0,0,0,0,0,1,16,2538
202302,264,23540,C,Gainesville  FL ,88,88,23152,1,2,76,0,0,0,1,117,3984,27,27,6184,0,0,0,0,0,0,0,0,0
202302,266,24340,C,Grand Rapids-Kentwood  MI ,96,96,37095,1,2,304,1,4,777,2,15,1867,71,71,30436,0,0,0,1,4,777,0,0,0
202302,266,34740,C,Muskegon  MI ,18,18,4619,0,0,0,0,0,0,0,0,0,14,14,3703,0,0,0,0,0,0,0,0,0
202302,267,24580,C,Green Bay  WI ,35,35,13914,2,4,850,0,0,0,2,10,884,24,24,10465,1,2,450,0,0,0,0,0,0
202302,268,15500,C,Burlington  NC ,73,73,12394,0,0,0,0,0,0,3,68,5161,73,73,12394,0,0,0,0,0,0,3,68,5161
202302,268,24660,C,Greensboro-High Point  NC ,181,181,45613,0,0,0,0,0,0,0,0,0,122,122,26429,0,0,0,0,0,0,0,0,0
202302,268,49180,C,Winston-Salem  NC ,277,277,80057,1,2,230,0,0,0,1,5,197,249,249,73704,0,0,0,0,0,0,0,0,0
202302,272,24780,C,Greenville  NC ,64,64,14114,1,2,266,0,0,0,0,0,0,40,40,8615,1,2,266,0,0,0,0,0,0
202302,273,24860,C,Greenville-Anderson  SC ,556,556,158662,0,0,0,1,4,1589,1,5,1128,554,554,158257,0,0,0,1,4,1589,1,5,1128
202302,273,43900,C,Spartanburg  SC ,192,192,32197,0,0,0,0,0,0,2,23,2759,0,0,0,0,0,0,0,0,0,0,0,0
202302,276,23900,C,Gettysburg  PA ,21,21,4151,0,0,0,0,0,0,0,0,0,21,21,4151,0,0,0,0,0,0,0,0,0
202302,276,25420,C,Harrisburg-Carlisle  PA ,70,70,19170,0,0,0,2,8,1343,2,29,3333,51,51,14323,0,0,0,2,8,1343,1,24,2736
202302,276,30140,C,Lebanon  PA ,12,12,2348,0,0,0,0,0,0,0,0,0,0,0,0,0,0,0,0,0,0,0,0,0
202302,276,49620,C,York-Hanover  PA ,75,75,16059,0,0,0,1,4,1097,2,12,2091,48,48,11476,0,0,0,1,4,1097,1,6,1647
202302,277,25500,C,Harrisonburg  VA ,32,32,7973,2,4,584,0,0,0,0,0,0,32,32,7973,2,4,584,0,0,0,0,0,0
202302,277,44420,C,Staunton  VA ,28,28,6488,0,0,0,0,0,0,0,0,0,28,28,6488,0,0,0,0,0,0,0,0,0
202302,278,25540,C,Hartford-East Hartford-Middletown  CT ,38,38,11200,0,0,0,0,0,0,2,10,493,22,22,7193,0,0,0,0,0,0,0,0,0
202302,278,35980,C,Norwich-New London  CT ,13,13,3736,1,2,736,0,0,0,0,0,0,4,4,1308,1,2,736,0,0,0,0,0,0
202302,279,25620,C,Hattiesburg  MS ,7,7,1463,0,0,0,1,3,125,0,0,0,0,0,0,0,0,0,0,0,0,0,0,0
202302,284,26300,C,Hot Springs  AR ,7,7,2543,3,6,720,0,0,0,0,0,0,7,7,2543,3,6,720,0,0,0,0,0,0
202302,288,26420,C,Houston-The Woodlands-Sugar Land  TX ,3565,3565,875153,66,132,32897,0,0,0,32,1205,104043,3385,3385,827049,61,122,31613,0,0,0,29,1190,102988
202302,290,19460,C,Decatur  AL ,11,11,2534,0,0,0,0,0,0,0,0,0,11,11,2534,0,0,0,0,0,0,0,0,0
202302,290,26620,C,Huntsville  AL ,241,241,43376,0,0,0,1,4,510,9,350,70405,133,133,17469,0,0,0,1,4,510,9,350,70405
202302,292,26820,C,Idaho Falls  ID ,49,49,9927,0,0,0,0,0,0,0,0,0,49,49,9927,0,0,0,0,0,0,0,0,0
202302,294,18020,C,Columbus  IN ,6,6,1694,0,0,0,0,0,0,0,0,0,6,6,1694,0,0,0,0,0,0,0,0,0
202302,294,26900,C,Indianapolis-Carmel-Anderson  IN ,368,368,135955,3,6,1208,0,0,0,2,63,10000,323,323,117805,2,4,910,0,0,0,2,63,10000
202302,294,34620,C,Muncie  IN ,2,2,341,0,0,0,0,0,0,1,5,596,1,1,50,0,0,0,0,0,0,0,0,0
202302,296,27060,C,Ithaca  NY ,5,5,1398,0,0,0,0,0,0,2,23,3399,0,0,0,0,0,0,0,0,0,0,0,0
202302,297,27180,C,Jackson  TN ,30,30,7048,0,0,0,0,0,0,0,0,0,12,12,3073,0,0,0,0,0,0,0,0,0
202302,298,27140,C,Jackson  MS ,79,79,20388,0,0,0,0,0,0,7,54,6913,56,56,14841,0,0,0,0,0,0,7,54,6913
202302,300,27260,C,Jacksonville  FL ,727,727,206802,51,102,14941,10,40,2250,31,1362,191028,721,721,204033,51,102,14941,10,40,2250,31,1362,191028
202302,304,27740,C,Johnson City  TN ,60,60,16353,4,8,2000,0,0,0,0,0,0,49,49,14752,4,8,2000,0,0,0,0,0,0
202302,304,28700,C,Kingsport-Bristol  TN-VA ,76,76,18886,0,0,0,0,0,0,1,5,500,62,62,16992,0,0,0,0,0,0,0,0,0
202302,306,27780,C,Johnstown  PA ,7,7,1887,0,0,0,0,0,0,0,0,0,0,0,0,0,0,0,0,0,0,0,0,0
202302,308,27860,C,Jonesboro  AR ,37,37,5606,5,10,777,4,14,725,1,11,625,3,3,470,1,2,227,0,0,0,0,0,0
202302,309,27900,C,Joplin  MO ,46,46,6595,0,0,0,1,4,213,1,5,233,36,36,4972,0,0,0,1,4,213,0,0,0
202302,310,12980,C,Battle Creek  MI ,3,3,492,0,0,0,0,0,0,0,0,0,0,0,0,0,0,0,0,0,0,0,0,0
202302,310,28020,C,Kalamazoo-Portage  MI ,18,18,5284,0,0,0,0,0,0,0,0,0,13,13,4213,0,0,0,0,0,0,0,0,0
202302,312,28140,C,Kansas City  MO-KS ,205,205,75698,3,6,1254,0,0,0,1,27,3414,152,152,56029,2,4,528,0,0,0,0,0,0
202302,312,29940,C,Lawrence  KS ,7,7,2144,0,0,0,0,0,0,0,0,0,6,6,1875,0,0,0,0,0,0,0,0,0
202302,312,41140,C,St. Joseph  MO-KS ,5,5,1365,1,2,200,0,0,0,0,0,0,3,3,950,0,0,0,0,0,0,0,0,0
202302,313,28420,C,Kennewick-Richland  WA ,96,96,31360,1,2,174,1,3,364,1,10,1142,35,35,12585,0,0,0,0,0,0,0,0,0
202302,313,47460,C,Walla Walla  WA ,20,20,5231,1,2,511,0,0,0,0,0,0,18,18,4836,1,2,511,0,0,0,0,0,0
202302,315,28940,C,Knoxville  TN ,282,282,72004,14,28,4468,1,3,479,2,34,2663,253,253,66075,14,28,4468,1,3,479,0,0,0
202302,315,34100,C,Morristown  TN ,27,27,7278,0,0,0,3,9,1350,1,32,5250,6,6,1885,0,0,0,3,9,1350,1,32,5250
202302,316,29020,C,Kokomo  IN ,1,1,306,1,2,600,0,0,0,0,0,0,0,0,0,1,2,600,0,0,0,0,0,0
202302,318,29180,C,Lafayette  LA ,100,100,20897,0,0,0,0,0,0,0,0,0,70,70,15718,0,0,0,0,0,0,0,0,0
202302,320,29200,C,Lafayette-West Lafayette  IN ,34,34,12734,0,0,0,0,0,0,1,28,3165,13,13,6965,0,0,0,0,0,0,0,0,0
202302,324,29340,C,Lake Charles  LA ,46,46,7821,1,2,125,0,0,0,0,0,0,43,43,7279,1,2,125,0,0,0,0,0,0
202302,332,29820,C,Las Vegas-Henderson-Paradise  NV ,532,532,152479,1,2,360,1,3,548,0,0,0,532,532,152479,1,2,360,1,3,548,0,0,0
202302,336,30460,C,Lexington-Fayette  KY ,90,90,22469,2,4,1000,1,3,440,5,122,11340,22,22,7069,2,4,1000,0,0,0,0,0,0
202302,338,30620,C,Lima  OH ,4,4,987,0,0,0,0,0,0,0,0,0,0,0,0,0,0,0,0,0,0,0,0,0
202302,339,30700,C,Lincoln  NE ,57,57,17150,2,4,891,0,0,0,2,68,9638,5,5,1307,2,4,891,0,0,0,0,0,0
202302,340,30780,C,Little Rock-North Little Rock-Conway  AR ,100,100,29896,8,16,1475,0,0,0,0,0,0,86,86,26746,8,16,1475,0,0,0,0,0,0
202302,340,38220,C,Pine Bluff  AR ,1,1,150,0,0,0,0,0,0,0,0,0,0,0,0,0,0,0,0,0,0,0,0,0
202302,348,31080,C,Los Angeles-Long Beach-Anaheim  CA ,797,797,212340,58,116,31864,6,23,5828,40,1763,324579,679,679,174892,54,108,29632,5,20,5078,27,1576,293789
202302,348,37100,C,Oxnard-Thousand Oaks-Ventura  CA ,30,30,9537,1,2,492,0,0,0,0,0,0,17,17,5745,0,0,0,0,0,0,0,0,0
202302,348,40140,C,Riverside-San Bernardino-Ontario  CA ,642,642,182677,7,14,592,7,23,3770,34,1049,125233,496,496,141745,7,14,592,7,23,3770,31,1031,123915
202302,350,21060,C,Elizabethtown-Fort Knox  KY ,32,32,7523,2,4,680,0,0,0,0,0,0,27,27,6433,2,4,680,0,0,0,0,0,0
202302,350,31140,C,Louisville-Jefferson County  KY-IN ,179,179,55731,2,4,560,0,0,0,25,592,93696,169,169,52907,2,4,560,0,0,0,25,592,93696
202302,352,31180,C,Lubbock  TX ,130,130,27623,0,0,0,0,0,0,33,257,17669,113,113,22676,0,0,0,0,0,0,33,257,17669
202302,356,31420,C,Macon-Bibb County  GA ,28,28,6343,0,0,0,0,0,0,0,0,0,4,4,1600,0,0,0,0,0,0,0,0,0
202302,356,47580,C,Warner Robins  GA ,76,76,13983,0,0,0,0,0,0,0,0,0,34,34,5494,0,0,0,0,0,0,0,0,0
202302,357,27500,C,Janesville-Beloit  WI ,17,17,5008,1,2,167,0,0,0,0,0,0,10,10,3400,1,2,167,0,0,0,0,0,0
202302,357,31540,C,Madison  WI ,95,95,42022,10,20,5120,0,0,0,4,182,28208,78,78,35910,8,16,4235,0,0,0,1,141,21808
202302,359,31860,C,Mankato  MN ,7,7,2052,0,0,0,0,0,0,2,12,1373,0,0,0,0,0,0,0,0,0,0,0,0
202302,360,31900,C,Mansfield  OH ,5,5,1568,0,0,0,0,0,0,0,0,0,4,4,1247,0,0,0,0,0,0,0,0,0
202302,365,32580,C,McAllen-Edinburg-Mission  TX ,264,264,58174,34,68,5806,14,56,4440,8,40,4008,197,197,46215,31,62,5472,14,56,4440,8,40,4008
202302,366,24420,C,Grants Pass  OR ,11,11,2463,1,2,220,0,0,0,0,0,0,0,0,0,0,0,0,0,0,0,0,0,0
202302,366,32780,C,Medford  OR ,36,36,10894,1,2,250,2,8,724,1,12,1087,34,34,10278,1,2,250,2,8,724,1,12,1087
202302,368,32820,C,Memphis  TN-MS-AR ,202,202,47388,0,0,0,0,0,0,0,0,0,179,179,42113,0,0,0,0,0,0,0,0,0
202302,370,33100,C,Miami-Fort Lauderdale-Pompano Beach  FL ,382,382,142514,19,38,8068,3,11,3177,52,2329,445623,312,312,105936,19,38,8068,3,11,3177,38,2144,408739
202302,370,38940,C,Port St. Lucie  FL ,350,350,105328,2,4,193,0,0,0,2,36,5941,350,350,105328,2,4,193,0,0,0,2,36,5941
202302,370,42680,C,Sebastian-Vero Beach  FL ,80,80,33535,0,0,0,1,3,202,0,0,0,6,6,1330,0,0,0,0,0,0,0,0,0
202302,372,33260,C,Midland  TX ,39,39,9462,0,0,0,0,0,0,0,0,0,39,39,9462,0,0,0,0,0,0,0,0,0
202302,372,36220,C,Odessa  TX ,55,55,14092,0,0,0,0,0,0,0,0,0,55,55,14092,0,0,0,0,0,0,0,0,0
202302,376,33340,C,Milwaukee-Waukesha  WI ,83,83,36694,5,10,3029,0,0,0,2,17,1891,57,57,23663,5,10,3029,0,0,0,0,0,0
202302,376,39540,C,Racine  WI ,8,8,2841,0,0,0,0,0,0,4,48,32000,7,7,2496,0,0,0,0,0,0,4,48,32000
202302,378,33460,C,Minneapolis-St. Paul-Bloomington  MN-WI ,376,376,142091,2,4,920,2,8,1147,17,645,77784,337,337,130028,1,2,520,2,8,1147,8,512,56590
202302,378,41060,C,St. Cloud  MN ,13,13,4148,0,0,0,0,0,0,0,0,0,8,8,2857,0,0,0,0,0,0,0,0,0
202302,380,19300,C,Daphne-Fairhope-Foley  AL ,129,129,36757,0,0,0,1,4,846,2,42,2871,41,41,18379,0,0,0,1,4,846,0,0,0
202302,380,33660,C,Mobile  AL ,59,59,14383,0,0,0,0,0,0,0,0,0,55,55,13547,0,0,0,0,0,0,0,0,0
202302,384,33740,C,Monroe  LA ,25,25,5809,1,2,74,1,3,472,3,17,2030,1,1,102,0,0,0,0,0,0,0,0,0
202302,388,33860,C,Montgomery  AL ,47,47,13111,0,0,0,0,0,0,0,0,0,46,46,12878,0,0,0,0,0,0,0,0,0
202302,390,34060,C,Morgantown  WV ,1,1,137,0,0,0,0,0,0,0,0,0,0,0,0,0,0,0,0,0,0,0,0,0
202302,396,34820,C,Myrtle Beach-Conway-North Myrtle Beach  SC-NC ,817,817,183448,0,0,0,2,6,515,1,7,350,753,753,163448,0,0,0,2,6,515,0,0,0
202302,400,34980,C,Nashville-Davidson--Murfreesboro--Franklin  TN ,969,969,314342,7,14,2054,3,12,1952,35,1930,293391,770,770,266255,6,12,1893,3,12,1952,31,1867,288023
202302,404,35100,C,New Bern  NC ,45,45,11729,0,0,0,0,0,0,0,0,0,28,28,6635,0,0,0,0,0,0,0,0,0
202302,406,25220,C,Hammond  LA ,55,55,10113,0,0,0,0,0,0,1,60,5942,0,0,0,0,0,0,0,0,0,0,0,0
202302,406,35380,C,New Orleans-Metairie  LA ,136,136,39235,12,24,2699,0,0,0,2,100,14881,54,54,18247,0,0,0,0,0,0,0,0,0
202302,408,14860,C,Bridgeport-Stamford-Norwalk  CT ,22,22,22189,2,4,980,1,3,422,8,222,17978,10,10,11807,2,4,980,1,3,422,7,217,16597
202302,408,20700,C,East Stroudsburg  PA ,17,17,4309,0,0,0,0,0,0,0,0,0,8,8,1846,0,0,0,0,0,0,0,0,0
202302,408,28740,C,Kingston  NY ,12,12,3533,1,2,230,0,0,0,0,0,0,7,7,2217,1,2,230,0,0,0,0,0,0
202302,408,35300,C,New Haven-Milford  CT ,20,20,5163,4,8,1715,0,0,0,2,126,10915,10,10,3127,3,6,1535,0,0,0,1,120,10530
202302,408,35620,C,New York-Newark-Jersey City  NY-NJ-PA ,868,868,265236,37,74,11994,7,21,428,71,1801,207820,611,611,189680,28,56,10537,2,6,2,23,1299,149496
202302,408,39100,C,Poughkeepsie-Newburgh-Middletown  NY ,47,47,18189,0,0,0,1,3,2500,2,27,5088,19,19,9270,0,0,0,1,3,2500,1,22,4370
202302,408,45940,C,Trenton-Princeton  NJ ,28,28,6771,0,0,0,0,0,0,4,29,2318,17,17,5508,0,0,0,0,0,0,2,19,1720
202302,412,35840,C,North Port-Sarasota-Bradenton  FL ,625,625,210746,4,8,1758,0,0,0,7,147,26097,585,585,199520,0,0,0,0,0,0,6,142,24425
202302,412,39460,C,Punta Gorda  FL ,195,195,57297,12,24,3718,2,8,2280,4,110,17889,0,0,0,0,0,0,0,0,0,0,0,0
202302,416,36420,C,Oklahoma City  OK ,359,359,102636,12,24,4307,0,0,0,0,0,0,325,325,94769,11,22,4165,0,0,0,0,0,0
202302,420,36540,C,Omaha-Council Bluffs  NE-IA ,120,120,25160,1,2,175,1,3,336,18,483,31205,100,100,20177,0,0,0,1,3,336,18,483,31205
202302,422,19660,C,Deltona-Daytona Beach-Ormond Beach  FL ,354,354,112774,5,10,1852,0,0,0,2,45,4986,294,294,93734,5,10,1852,0,0,0,0,0,0
202302,422,29460,C,Lakeland-Winter Haven  FL ,476,476,136789,1,2,560,1,4,185,24,606,66530,473,473,135895,1,2,560,1,4,185,24,606,66530
202302,422,36740,C,Orlando-Kissimmee-Sanford  FL ,1216,1216,363716,1,2,360,4,12,3615,20,726,107580,1062,1062,318779,1,2,360,4,12,3615,16,655,102665
202302,422,45540,C,The Villages  FL ,226,226,60320,0,0,0,0,0,0,3,65,14549,0,0,0,0,0,0,0,0,0,0,0,0
202302,425,37620,C,Parkersburg-Vienna  WV ,3,3,492,0,0,0,0,0,0,0,0,0,2,2,340,0,0,0,0,0,0,0,0,0
202302,426,37860,C,Pensacola-Ferry Pass-Brent  FL ,185,185,47853,0,0,0,1,3,451,0,0,0,185,185,47853,0,0,0,1,3,451,0,0,0
202302,428,12100,C,Atlantic City-Hammonton  NJ ,36,36,9300,0,0,0,0,0,0,2,11,830,32,32,8823,0,0,0,0,0,0,0,0,0
202302,428,20100,C,Dover  DE ,65,65,10939,0,0,0,0,0,0,0,0,0,65,65,10939,0,0,0,0,0,0,0,0,0
202302,428,36140,C,Ocean City  NJ ,40,40,16835,4,8,923,3,11,103,1,5,100,36,36,15816,4,8,923,3,11,103,1,5,100
202302,428,37980,C,Philadelphia-Camden-Wilmington  PA-NJ-DE-MD ,563,563,109506,5,10,1887,10,32,4656,17,183,21152,375,375,75922,5,10,1887,10,32,4656,8,124,15704
202302,428,39740,C,Reading  PA ,19,19,5600,0,0,0,0,0,0,1,5,229,10,10,3327,0,0,0,0,0,0,0,0,0
202302,428,47220,C,Vineland-Bridgeton  NJ ,12,12,1132,0,0,0,0,0,0,0,0,0,9,9,800,0,0,0,0,0,0,0,0,0
202302,429,38060,C,Phoenix-Mesa-Chandler  AZ ,1359,1359,386403,20,40,3054,0,0,0,20,2325,335587,1137,1137,321037,19,38,2794,0,0,0,17,2154,307642
202302,430,38300,C,Pittsburgh  PA ,176,176,51191,1,2,182,2,6,395,4,87,14244,87,87,29895,0,0,0,0,0,0,2,57,10574
202302,430,48260,C,Weirton-Steubenville  WV-OH ,1,1,266,0,0,0,0,0,0,0,0,0,0,0,0,0,0,0,0,0,0,0,0,0
202302,438,30340,C,Lewiston-Auburn  ME ,11,11,2240,0,0,0,0,0,0,0,0,0,3,3,250,0,0,0,0,0,0,0,0,0
202302,438,38860,C,Portland-South Portland  ME ,117,117,38534,4,8,1141,1,3,250,3,45,3600,45,45,17408,3,6,880,0,0,0,3,45,3600
202302,440,10540,C,Albany-Lebanon  OR ,15,15,4308,0,0,0,0,0,0,1,5,725,9,9,2849,0,0,0,0,0,0,1,5,725
202302,440,18700,C,Corvallis  OR ,4,4,1173,0,0,0,0,0,0,0,0,0,4,4,1173,0,0,0,0,0,0,0,0,0
202302,440,31020,C,Longview  WA ,33,33,9525,1,2,700,0,0,0,0,0,0,33,33,9525,1,2,700,0,0,0,0,0,0
202302,440,38900,C,Portland-Vancouver-Hillsboro  OR-WA ,375,375,123018,9,18,2899,0,0,0,23,761,156470,292,292,97194,7,14,2104,0,0,0,17,646,140353
202302,440,41420,C,Salem  OR ,63,63,19451,0,0,0,0,0,0,9,121,16536,38,38,12627,0,0,0,0,0,0,7,84,12663
202302,444,39380,C,Pueblo  CO ,33,33,5340,0,0,0,0,0,0,0,0,0,0,0,0,0,0,0,0,0,0,0,0,0
202302,450,20500,C,Durham-Chapel Hill  NC ,164,164,44676,2,4,561,0,0,0,5,354,67012,162,162,43911,1,2,287,0,0,0,4,312,61777
202302,450,39580,C,Raleigh-Cary  NC ,929,929,235884,3,6,781,0,0,0,25,1059,158127,929,929,235884,3,6,781,0,0,0,25,1059,158127
202302,452,39660,C,Rapid City  SD ,38,38,9827,0,0,0,1,4,930,0,0,0,37,37,9560,0,0,0,1,4,930,0,0,0
202302,454,39820,C,Redding  CA ,8,8,2229,0,0,0,0,0,0,0,0,0,0,0,0,0,0,0,0,0,0,0,0,0
202302,456,16180,C,Carson City  NV ,10,10,2642,0,0,0,1,3,382,1,8,799,0,0,0,0,0,0,0,0,0,0,0,0
202302,456,39900,C,Reno  NV ,130,130,35826,7,14,2116,1,3,396,8,229,29144,35,35,8944,6,12,1907,0,0,0,0,0,0
202302,462,40340,C,Rochester  MN ,34,34,10695,0,0,0,0,0,0,1,97,15685,26,26,8597,0,0,0,0,0,0,1,97,15685
202302,464,40380,C,Rochester  NY ,54,54,16839,0,0,0,2,8,400,1,10,1580,23,23,9838,0,0,0,2,8,400,1,10,1580
202302,466,40420,C,Rockford  IL ,1,1,300,3,6,1740,0,0,0,0,0,0,1,1,300,3,6,1740,0,0,0,0,0,0
202302,468,40580,C,Rocky Mount  NC ,31,31,4805,0,0,0,0,0,0,0,0,0,3,3,764,0,0,0,0,0,0,0,0,0
202302,472,40900,C,Sacramento-Roseville-Folsom  CA ,459,459,154765,17,34,3446,0,0,0,19,470,80623,443,443,149994,17,34,3446,0,0,0,19,470,80623
202302,472,49700,C,Yuba City  CA ,24,24,6873,0,0,0,0,0,0,2,12,1454,19,19,5295,0,0,0,0,0,0,0,0,0
202302,474,13020,C,Bay City  MI ,2,2,503,0,0,0,0,0,0,0,0,0,0,0,0,0,0,0,0,0,0,0,0,0
202302,474,33220,C,Midland  MI ,2,2,444,0,0,0,0,0,0,0,0,0,2,2,444,0,0,0,0,0,0,0,0,0
202302,474,40980,C,Saginaw  MI ,12,12,2784,1,2,464,0,0,0,0,0,0,7,7,1669,1,2,464,0,0,0,0,0,0
202302,476,41180,C,St. Louis  MO-IL ,321,321,111890,3,6,1026,3,11,2018,8,377,42731,289,289,104208,2,4,692,3,11,2018,6,367,41249
202302,480,41540,C,Salisbury  MD-DE ,246,246,40633,2,4,1070,0,0,0,1,9,800,238,238,39323,2,4,1070,0,0,0,1,9,800
202302,482,36260,C,Ogden-Clearfield  UT ,98,98,30584,0,0,0,2,7,1167,4,105,12356,59,59,20779,0,0,0,1,4,600,1,29,4350
202302,482,39340,C,Provo-Orem  UT ,206,206,54702,0,0,0,10,39,7588,0,0,0,201,201,51682,0,0,0,10,39,7588,0,0,0
202302,482,41620,C,Salt Lake City  UT ,158,158,44410,4,8,1519,5,19,3316,20,1062,211047,138,138,38358,2,4,1153,4,16,2768,14,706,162023
202302,484,41700,C,San Antonio-New Braunfels  TX ,507,507,127595,2,4,521,5,20,4300,6,375,47845,423,423,108524,2,4,521,5,20,4300,6,375,47845
202302,488,32900,C,Merced  CA ,26,26,8671,0,0,0,0,0,0,0,0,0,15,15,4286,0,0,0,0,0,0,0,0,0
202302,488,33700,C,Modesto  CA ,72,72,11865,0,0,0,0,0,0,1,12,1000,60,60,9491,0,0,0,0,0,0,1,12,1000
202302,488,34900,C,Napa  CA ,7,7,2158,0,0,0,0,0,0,1,81,14007,0,0,0,0,0,0,0,0,0,0,0,0
202302,488,41860,C,San Francisco-Oakland-Berkeley  CA ,241,241,82177,1,2,1531,1,3,900,17,173,41534,161,161,55509,0,0,0,1,3,900,7,47,16509
202302,488,41940,C,San Jose-Sunnyvale-Santa Clara  CA ,113,113,32951,0,0,0,0,0,0,4,371,52537,73,73,19791,0,0,0,0,0,0,2,345,47818
202302,488,42100,C,Santa Cruz-Watsonville  CA ,18,18,3784,0,0,0,0,0,0,1,8,617,14,14,3124,0,0,0,0,0,0,0,0,0
202302,488,42220,C,Santa Rosa-Petaluma  CA ,65,65,18752,0,0,0,2,6,1097,2,10,2083,53,53,16254,0,0,0,2,6,1097,0,0,0
202302,488,44700,C,Stockton  CA ,169,169,61318,0,0,0,0,0,0,3,53,8303,87,87,36901,0,0,0,0,0,0,0,0,0
202302,488,46700,C,Vallejo  CA ,54,54,14447,0,0,0,0,0,0,0,0,0,35,35,8344,0,0,0,0,0,0,0,0,0
202302,496,25980,C,Hinesville  GA ,33,33,8795,0,0,0,0,0,0,0,0,0,14,14,4250,0,0,0,0,0,0,0,0,0
202302,496,42340,C,Savannah  GA ,205,205,53077,0,0,0,0,0,0,0,0,0,171,171,45438,0,0,0,0,0,0,0,0,0
202302,500,14740,C,Bremerton-Silverdale-Port Orchard  WA ,71,71,23853,0,0,0,0,0,0,13,311,38416,71,71,23853,0,0,0,0,0,0,13,311,38416
202302,500,34580,C,Mount Vernon-Anacortes  WA ,14,14,4221,0,0,0,1,3,437,1,25,2333,13,13,4145,0,0,0,0,0,0,0,0,0
202302,500,36500,C,Olympia-Lacey-Tumwater  WA ,50,50,12873,1,2,482,0,0,0,7,200,25105,44,44,11533,1,2,482,0,0,0,6,194,24849
202302,500,42660,C,Seattle-Tacoma-Bellevue  WA ,352,352,122250,37,74,18867,6,20,4677,21,1689,248520,309,309,106522,37,74,18867,6,20,4677,17,1581,234006
202302,508,43340,C,Shreveport-Bossier City  LA ,54,54,14418,0,0,0,0,0,0,0,0,0,31,31,10189,0,0,0,0,0,0,0,0,0
202302,515,21140,C,Elkhart-Goshen  IN ,11,11,3592,0,0,0,0,0,0,0,0,0,11,11,3592,0,0,0,0,0,0,0,0,0
202302,515,35660,C,Niles  MI ,15,15,10097,0,0,0,0,0,0,0,0,0,8,8,7098,0,0,0,0,0,0,0,0,0
202302,515,43780,C,South Bend-Mishawaka  IN-MI ,20,20,7733,0,0,0,0,0,0,0,0,0,16,16,6304,0,0,0,0,0,0,0,0,0
202302,518,17660,C,Coeur dAlene  ID ,70,70,27273,4,8,1980,0,0,0,1,22,2394,54,54,23042,3,6,1593,0,0,0,0,0,0
202302,518,44060,C,Spokane-Spokane Valley  WA ,158,158,34353,6,12,3214,2,8,1570,20,390,59374,120,120,24022,6,12,3214,2,8,1570,18,366,56705
202302,522,44100,C,Springfield  IL ,10,10,1871,1,2,374,0,0,0,0,0,0,1,1,200,0,0,0,0,0,0,0,0,0
202302,524,44300,C,State College  PA ,10,10,3383,1,2,315,0,0,0,0,0,0,6,6,2346,0,0,0,0,0,0,0,0,0
202302,532,45060,C,Syracuse  NY ,22,22,5670,0,0,0,0,0,0,0,0,0,11,11,3584,0,0,0,0,0,0,0,0,0
202302,534,45780,C,Toledo  OH ,38,38,11565,6,12,253,1,3,314,7,204,15162,20,20,5681,5,10,13,0,0,0,6,192,14648
202302,536,46060,C,Tucson  AZ ,246,246,71037,19,38,3712,0,0,0,13,158,22204,194,194,57869,18,36,3474,0,0,0,9,72,9297
202302,538,46140,C,Tulsa  OK ,258,258,68370,7,14,1918,1,4,650,1,12,923,223,223,59004,7,14,1918,1,4,650,0,0,0
202302,540,46340,C,Tyler  TX ,45,45,11490,8,16,2084,0,0,0,1,5,623,32,32,8199,8,16,2084,0,0,0,0,0,0
202302,544,47020,C,Victoria  TX ,9,9,1842,0,0,0,0,0,0,0,0,0,7,7,1794,0,0,0,0,0,0,0,0,0
202302,545,47260,C,Virginia Beach-Norfolk-Newport News  VA-NC ,264,264,71533,0,0,0,0,0,0,2,295,59000,245,245,69863,0,0,0,0,0,0,2,295,59000
202302,548,12580,C,Baltimore-Columbia-Towson  MD ,300,300,69604,0,0,0,0,0,0,3,214,23685,299,299,69474,0,0,0,0,0,0,3,214,23685
202302,548,15680,C,California-Lexington Park  MD ,21,21,7726,0,0,0,0,0,0,0,0,0,21,21,7726,0,0,0,0,0,0,0,0,0
202302,548,16540,C,Chambersburg-Waynesboro  PA ,25,25,6822,3,6,1240,0,0,0,1,6,960,23,23,6457,3,6,1240,0,0,0,1,6,960
202302,548,25180,C,Hagerstown-Martinsburg  MD-WV ,107,107,24617,0,0,0,0,0,0,0,0,0,102,102,23625,0,0,0,0,0,0,0,0,0
202302,548,47900,C,Washington-Arlington-Alexandria  DC-VA-MD-WV ,871,871,235521,4,8,838,2,8,1235,14,767,81917,798,798,216753,3,6,668,2,8,1235,8,638,64170
202302,548,49020,C,Winchester  VA-WV ,94,94,18093,0,0,0,0,0,0,1,21,3203,93,93,17928,0,0,0,0,0,0,0,0,0
202302,554,48140,C,Wausau-Weston  WI ,13,13,3630,0,0,0,1,4,600,0,0,0,9,9,2498,0,0,0,1,4,600,0,0,0
202302,556,48620,C,Wichita  KS ,87,87,32387,15,30,3384,0,0,0,0,0,0,44,44,14108,3,6,902,0,0,0,0,0,0
202302,558,48700,C,Williamsport  PA ,5,5,1339,0,0,0,0,0,0,0,0,0,1,1,299,0,0,0,0,0,0,0,0,0
202302,566,49660,C,Youngstown-Warren-Boardman  OH-PA ,13,13,2694,0,0,0,0,0,0,0,0,0,10,10,1956,0,0,0,0,0,0,0,0,0
202302,999,10180,C,Abilene  TX ,27,27,6837,1,2,225,0,0,0,0,0,0,27,27,6837,1,2,225,0,0,0,0,0,0
202302,999,10500,C,Albany  GA ,10,10,1393,0,0,0,0,0,0,0,0,0,8,8,847,0,0,0,0,0,0,0,0,0
202302,999,10780,C,Alexandria  LA ,10,10,2612,0,0,0,0,0,0,0,0,0,4,4,898,0,0,0,0,0,0,0,0,0
202302,999,10900,C,Allentown-Bethlehem-Easton  PA-NJ ,79,79,12602,1,2,460,0,0,0,3,59,5006,64,64,9660,1,2,460,0,0,0,1,44,4520
202302,999,11260,C,Anchorage  AK ,44,44,12999,0,0,0,1,3,518,1,23,3488,6,6,919,0,0,0,0,0,0,0,0,0
202302,999,11500,C,Anniston-Oxford  AL ,1,1,92,0,0,0,0,0,0,0,0,0,1,1,92,0,0,0,0,0,0,0,0,0
202302,999,12260,C,Augusta-Richmond County  GA-SC ,234,234,58446,0,0,0,0,0,0,0,0,0,163,163,44291,0,0,0,0,0,0,0,0,0
202302,999,12420,C,Austin-Round Rock-Georgetown  TX ,1003,1003,267254,11,22,2398,4,15,1391,34,1662,181586,657,657,189319,6,12,1426,3,12,1134,33,1649,180255
202302,999,12540,C,Bakersfield  CA ,155,155,37611,1,2,138,0,0,0,2,11,774,99,99,23815,1,2,138,0,0,0,0,0,0
202302,999,12620,C,Bangor  ME ,13,13,2622,0,0,0,1,4,473,0,0,0,1,1,125,0,0,0,1,4,473,0,0,0
202302,999,12940,C,Baton Rouge  LA ,229,229,52805,0,0,0,0,0,0,0,0,0,33,33,7639,0,0,0,0,0,0,0,0,0
202302,999,13140,C,Beaumont-Port Arthur  TX ,58,58,13056,0,0,0,0,0,0,0,0,0,46,46,10808,0,0,0,0,0,0,0,0,0
202302,999,13220,C,Beckley  WV ,10,10,1504,0,0,0,0,0,0,0,0,0,9,9,1394,0,0,0,0,0,0,0,0,0
202302,999,13380,C,Bellingham  WA ,28,28,8925,0,0,0,2,6,1300,1,110,12355,12,12,4354,0,0,0,2,6,1300,1,110,12355
202302,999,13740,C,Billings  MT ,12,12,2849,0,0,0,0,0,0,0,0,0,12,12,2849,0,0,0,0,0,0,0,0,0
202302,999,13780,C,Binghamton  NY ,6,6,1623,0,0,0,0,0,0,3,18,2035,1,1,550,0,0,0,0,0,0,0,0,0
202302,999,13900,C,Bismarck  ND ,3,3,1064,0,0,0,0,0,0,0,0,0,0,0,0,0,0,0,0,0,0,0,0,0
202302,999,13980,C,Blacksburg-Christiansburg  VA ,20,20,5259,0,0,0,0,0,0,0,0,0,17,17,4514,0,0,0,0,0,0,0,0,0
202302,999,15260,C,Brunswick  GA ,40,40,11172,0,0,0,0,0,0,0,0,0,34,34,9728,0,0,0,0,0,0,0,0,0
202302,999,16060,C,Carbondale-Marion  IL ,3,3,655,0,0,0,0,0,0,0,0,0,2,2,500,0,0,0,0,0,0,0,0,0
202302,999,16220,C,Casper  WY ,5,5,1069,0,0,0,0,0,0,0,0,0,3,3,530,0,0,0,0,0,0,0,0,0
202302,999,16580,C,Champaign-Urbana  IL ,12,12,2656,0,0,0,0,0,0,0,0,0,12,12,2656,0,0,0,0,0,0,0,0,0
202302,999,16700,C,Charleston-North Charleston  SC ,340,340,129030,1,2,128,0,0,0,7,170,14278,131,131,71454,0,0,0,0,0,0,0,0,0
202302,999,16820,C,Charlottesville  VA ,61,61,19426,1,2,346,0,0,0,4,44,6437,14,14,2000,0,0,0,0,0,0,0,0,0
202302,999,16940,C,Cheyenne  WY ,14,14,3097,0,0,0,0,0,0,0,0,0,14,14,3097,0,0,0,0,0,0,0,0,0
202302,999,17020,C,Chico  CA ,43,43,7760,1,2,183,0,0,0,0,0,0,43,43,7760,1,2,183,0,0,0,0,0,0
202302,999,17300,C,Clarksville  TN-KY ,138,138,24418,0,0,0,3,9,1350,8,192,13120,138,138,24418,0,0,0,3,9,1350,8,192,13120
202302,999,17780,C,College Station-Bryan  TX ,69,69,15336,11,22,1803,0,0,0,0,0,0,68,68,15131,11,22,1803,0,0,0,0,0,0
202302,999,17820,C,Colorado Springs  CO ,175,175,71780,0,0,0,0,0,0,8,79,14100,175,175,71780,0,0,0,0,0,0,8,79,14100
202302,999,18880,C,Crestview-Fort Walton Beach-Destin  FL ,310,310,122929,0,0,0,0,0,0,5,120,15323,310,310,122929,0,0,0,0,0,0,5,120,15323
202302,999,19060,C,Cumberland  MD-WV ,5,5,1050,0,0,0,0,0,0,0,0,0,4,4,865,0,0,0,0,0,0,0,0,0
202302,999,19180,C,Danville  IL ,1,1,283,0,0,0,0,0,0,0,0,0,0,0,0,0,0,0,0,0,0,0,0,0
202302,999,19500,C,Decatur  IL ,1,1,337,0,0,0,0,0,0,0,0,0,0,0,0,0,0,0,0,0,0,0,0,0
202302,999,20220,C,Dubuque  IA ,5,5,1936,0,0,0,0,0,0,1,9,236,3,3,1044,0,0,0,0,0,0,0,0,0
202302,999,20260,C,Duluth  MN-WI ,14,14,4102,0,0,0,0,0,0,0,0,0,7,7,1921,0,0,0,0,0,0,0,0,0
202302,999,20940,C,El Centro  CA ,18,18,2674,0,0,0,1,3,185,1,6,600,0,0,0,0,0,0,0,0,0,0,0,0
202302,999,21420,C,Enid  OK ,1,1,500,0,0,0,0,0,0,0,0,0,1,1,500,0,0,0,0,0,0,0,0,0
202302,999,21660,C,Eugene-Springfield  OR ,48,48,12782,2,4,758,0,0,0,0,0,0,26,26,6953,1,2,521,0,0,0,0,0,0
202302,999,21780,C,Evansville  IN-KY ,56,56,19300,3,6,715,0,0,0,0,0,0,42,42,15421,2,4,447,0,0,0,0,0,0
202302,999,21820,C,Fairbanks  AK ,0,0,0,0,0,0,0,0,0,0,0,0,0,0,0,0,0,0,0,0,0,0,0,0
202302,999,22140,C,Farmington  NM ,7,7,1935,0,0,0,0,0,0,0,0,0,7,7,1935,0,0,0,0,0,0,0,0,0
202302,999,22220,C,Fayetteville-Springdale-Rogers  AR-MO ,353,353,102182,6,12,2961,0,0,0,14,240,38026,290,290,88037,6,12,2961,0,0,0,10,200,34921
202302,999,22380,C,Flagstaff  AZ ,21,21,7230,0,0,0,0,0,0,3,18,1002,8,8,4240,0,0,0,0,0,0,3,18,1002
202302,999,22500,C,Florence  SC ,60,60,13829,0,0,0,0,0,0,0,0,0,58,58,13539,0,0,0,0,0,0,0,0,0
202302,999,22520,C,Florence-Muscle Shoals  AL ,20,20,2232,0,0,0,0,0,0,0,0,0,6,6,607,0,0,0,0,0,0,0,0,0
202302,999,22540,C,Fond du Lac  WI ,4,4,1250,1,2,350,0,0,0,1,5,396,0,0,0,0,0,0,0,0,0,0,0,0
202302,999,22660,C,Fort Collins  CO ,86,86,29214,0,0,0,0,0,0,2,46,6722,62,62,21575,0,0,0,0,0,0,0,0,0
202302,999,22900,C,Fort Smith  AR-OK ,32,32,9392,16,32,2460,1,3,255,0,0,0,29,29,9086,16,32,2460,0,0,0,0,0,0
202302,999,23460,C,Gadsden  AL ,10,10,2018,0,0,0,0,0,0,0,0,0,7,7,1557,0,0,0,0,0,0,0,0,0
202302,999,24140,C,Goldsboro  NC ,29,29,7291,0,0,0,0,0,0,0,0,0,29,29,7291,0,0,0,0,0,0,0,0,0
202302,999,24220,C,Grand Forks  ND-MN ,0,0,0,0,0,0,0,0,0,0,0,0,0,0,0,0,0,0,0,0,0,0,0,0
202302,999,24260,C,Grand Island  NE ,7,7,1862,0,0,0,1,3,225,0,0,0,5,5,1467,0,0,0,0,0,0,0,0,0
202302,999,24300,C,Grand Junction  CO ,46,46,7287,2,4,336,0,0,0,2,256,13358,46,46,7287,2,4,336,0,0,0,2,256,13358
202302,999,24500,C,Great Falls  MT ,8,8,3757,0,0,0,0,0,0,0,0,0,8,8,3757,0,0,0,0,0,0,0,0,0
202302,999,25060,C,Gulfport-Biloxi  MS ,233,233,24680,0,0,0,0,0,0,4,40,7111,189,189,17244,0,0,0,0,0,0,4,40,7111
202302,999,25860,C,Hickory-Lenoir-Morganton  NC ,183,183,35186,1,2,300,0,0,0,3,17,931,162,162,31004,1,2,300,0,0,0,0,0,0
202302,999,25940,C,Hilton Head Island-Bluffton  SC ,129,129,56988,0,0,0,0,0,0,1,30,3905,41,41,29266,0,0,0,0,0,0,0,0,0
202302,999,26140,C,Homosassa Springs  FL ,111,111,24324,1,2,186,0,0,0,0,0,0,1,1,200,0,0,0,0,0,0,0,0,0
202302,999,26380,C,Houma-Thibodaux  LA ,33,33,9965,2,4,366,0,0,0,1,13,900,33,33,9965,2,4,366,0,0,0,1,13,900
202302,999,27100,C,Jackson  MI ,6,6,1647,0,0,0,0,0,0,0,0,0,0,0,0,0,0,0,0,0,0,0,0,0
202302,999,27340,C,Jacksonville  NC ,98,98,24888,4,8,2000,0,0,0,0,0,0,98,98,24888,4,8,2000,0,0,0,0,0,0
202302,999,27620,C,Jefferson City  MO ,10,10,3501,1,2,275,0,0,0,0,0,0,8,8,3105,1,2,275,0,0,0,0,0,0
202302,999,27980,C,Kahului-Wailuku-Lahaina  HI ,32,32,15679,0,0,0,0,0,0,0,0,0,32,32,15679,0,0,0,0,0,0,0,0,0
202302,999,28660,C,Killeen-Temple  TX ,145,145,31488,3,6,737,0,0,0,0,0,0,143,143,30926,3,6,737,0,0,0,0,0,0
202302,999,29100,C,La Crosse-Onalaska  WI-MN ,10,10,4290,3,6,1425,0,0,0,1,8,1022,5,5,2650,2,4,1000,0,0,0,0,0,0
202302,999,29420,C,Lake Havasu City-Kingman  AZ ,84,84,23901,3,6,600,0,0,0,0,0,0,84,84,23901,3,6,600,0,0,0,0,0,0
202302,999,29540,C,Lancaster  PA ,49,49,13447,1,2,410,0,0,0,1,6,1170,39,39,10923,1,2,410,0,0,0,1,6,1170
202302,999,29620,C,Lansing-East Lansing  MI ,21,21,6098,0,0,0,0,0,0,1,19,2108,9,9,2598,0,0,0,0,0,0,0,0,0
202302,999,29700,C,Laredo  TX ,83,83,13331,1,2,177,1,3,381,1,17,1105,0,0,0,0,0,0,0,0,0,0,0,0
202302,999,30020,C,Lawton  OK ,7,7,1634,3,6,646,0,0,0,0,0,0,4,4,1240,3,6,646,0,0,0,0,0,0
202302,999,30300,C,Lewiston  ID-WA ,8,8,2163,1,2,485,0,0,0,0,0,0,8,8,2163,1,2,485,0,0,0,0,0,0
202302,999,30860,C,Logan  UT-ID ,35,35,10673,0,0,0,0,0,0,2,10,2719,27,27,8673,0,0,0,0,0,0,2,10,2719
202302,999,30980,C,Longview  TX ,27,27,6469,1,2,200,0,0,0,1,7,766,22,22,5363,0,0,0,0,0,0,0,0,0
202302,999,31340,C,Lynchburg  VA ,50,50,11027,0,0,0,0,0,0,1,10,259,48,48,10620,0,0,0,0,0,0,0,0,0
202302,999,31740,C,Manhattan  KS ,16,16,5357,0,0,0,0,0,0,0,0,0,9,9,3264,0,0,0,0,0,0,0,0,0
202302,999,33540,C,Missoula  MT ,10,10,3421,1,2,545,0,0,0,6,228,14038,10,10,3421,1,2,545,0,0,0,6,228,14038
202302,999,36100,C,Ocala  FL ,321,321,81049,0,0,0,0,0,0,0,0,0,321,321,81049,0,0,0,0,0,0,0,0,0
202302,999,36980,C,Owensboro  KY ,14,14,1356,0,0,0,0,0,0,7,43,6410,14,14,1356,0,0,0,0,0,0,7,43,6410
202302,999,37340,C,Palm Bay-Melbourne-Titusville  FL ,513,513,179786,17,34,3620,0,0,0,13,520,72436,505,505,178470,17,34,3620,0,0,0,13,520,72436
202302,999,37460,C,Panama City  FL ,82,82,31417,0,0,0,0,0,0,6,71,13303,7,7,3690,0,0,0,0,0,0,4,40,7537
202302,999,37900,C,Peoria  IL ,4,4,989,0,0,0,0,0,0,0,0,0,1,1,211,0,0,0,0,0,0,0,0,0
202302,999,38340,C,Pittsfield  MA ,7,7,4233,0,0,0,0,0,0,0,0,0,0,0,0,0,0,0,0,0,0,0,0,0
202302,999,38540,C,Pocatello  ID ,11,11,2313,0,0,0,1,3,311,0,0,0,3,3,1138,0,0,0,0,0,0,0,0,0
202302,999,39150,C,Prescott Valley-Prescott  AZ ,92,92,26002,1,2,260,0,0,0,0,0,0,86,86,24049,1,2,260,0,0,0,0,0,0
202302,999,40060,C,Richmond  VA ,325,325,84548,18,36,4641,0,0,0,11,421,20537,308,308,81176,18,36,4641,0,0,0,10,412,19668
202302,999,40220,C,Roanoke  VA ,29,29,8102,0,0,0,0,0,0,1,36,4399,16,16,3891,0,0,0,0,0,0,0,0,0
202302,999,41100,C,St. George  UT ,153,153,28916,0,0,0,1,4,1102,5,285,50930,127,127,24328,0,0,0,1,4,1102,5,285,50930
202302,999,41500,C,Salinas  CA ,21,21,4662,0,0,0,0,0,0,0,0,0,20,20,4237,0,0,0,0,0,0,0,0,0
202302,999,41660,C,San Angelo  TX ,13,13,3292,0,0,0,0,0,0,0,0,0,13,13,3292,0,0,0,0,0,0,0,0,0
202302,999,41740,C,San Diego-Chula Vista-Carlsbad  CA ,151,151,39182,0,0,0,1,3,441,25,305,37242,142,142,37618,0,0,0,1,3,441,24,298,36461
202302,999,42020,C,San Luis Obispo-Paso Robles  CA ,52,52,12873,0,0,0,0,0,0,0,0,0,50,50,12247,0,0,0,0,0,0,0,0,0
202302,999,42200,C,Santa Maria-Santa Barbara  CA ,33,33,14960,1,2,286,1,3,105,3,53,6108,19,19,14430,0,0,0,1,3,105,0,0,0
202302,999,42540,C,Scranton--Wilkes-Barre  PA ,27,27,8135,0,0,0,0,0,0,0,0,0,7,7,2862,0,0,0,0,0,0,0,0,0
202302,999,42700,C,Sebring-Avon Park  FL ,60,60,13765,1,2,365,0,0,0,0,0,0,60,60,13765,1,2,365,0,0,0,0,0,0
202302,999,43100,C,Sheboygan  WI ,5,5,1835,0,0,0,0,0,0,0,0,0,1,1,425,0,0,0,0,0,0,0,0,0
202302,999,43420,C,Sierra Vista-Douglas  AZ ,29,29,4268,0,0,0,0,0,0,0,0,0,28,28,3957,0,0,0,0,0,0,0,0,0
202302,999,43580,C,Sioux City  IA-NE-SD ,9,9,2788,0,0,0,0,0,0,1,5,506,3,3,1060,0,0,0,0,0,0,0,0,0
202302,999,43620,C,Sioux Falls  SD ,26,26,6716,1,2,259,2,6,834,2,11,1285,11,11,3457,0,0,0,0,0,0,0,0,0
202302,999,44140,C,Springfield  MA ,21,21,5057,0,0,0,0,0,0,1,5,630,7,7,1885,0,0,0,0,0,0,0,0,0
202302,999,44180,C,Springfield  MO ,89,89,19954,5,10,2875,0,0,0,1,5,449,69,69,14455,5,10,2875,0,0,0,0,0,0
202302,999,44940,C,Sumter  SC ,26,26,4127,0,0,0,0,0,0,0,0,0,0,0,0,0,0,0,0,0,0,0,0,0
202302,999,45220,C,Tallahassee  FL ,81,81,17736,1,2,222,0,0,0,5,139,17787,18,18,4400,0,0,0,0,0,0,0,0,0
202302,999,45300,C,Tampa-St. Petersburg-Clearwater  FL ,972,972,295786,12,24,5190,8,30,3220,15,940,128073,492,492,191634,10,20,4465,8,30,3220,11,918,122712
202302,999,45460,C,Terre Haute  IN ,9,9,1925,0,0,0,0,0,0,0,0,0,6,6,1394,0,0,0,0,0,0,0,0,0
202302,999,45500,C,Texarkana  TX-AR ,4,4,964,0,0,0,0,0,0,0,0,0,1,1,280,0,0,0,0,0,0,0,0,0
202302,999,45820,C,Topeka  KS ,20,20,5666,0,0,0,0,0,0,0,0,0,19,19,5466,0,0,0,0,0,0,0,0,0
202302,999,46220,C,Tuscaloosa  AL ,52,52,12350,0,0,0,3,10,754,1,65,10769,26,26,5714,0,0,0,0,0,0,0,0,0
202302,999,46300,C,Twin Falls  ID ,24,24,7205,0,0,0,0,0,0,0,0,0,24,24,7205,0,0,0,0,0,0,0,0,0
202302,999,46520,C,Urban Honolulu  HI ,42,42,15580,1,2,452,0,0,0,1,42,10188,0,0,0,0,0,0,0,0,0,0,0,0
202302,999,46540,C,Utica-Rome  NY ,7,7,1818,0,0,0,0,0,0,2,12,1707,3,3,1023,0,0,0,0,0,0,0,0,0
202302,999,46660,C,Valdosta  GA ,80,80,16166,1,2,133,0,0,0,1,14,1375,38,38,9024,0,0,0,0,0,0,0,0,0
202302,999,47300,C,Visalia  CA ,61,61,18110,0,0,0,0,0,0,0,0,0,61,61,18110,0,0,0,0,0,0,0,0,0
202302,999,47380,C,Waco  TX ,59,59,7093,1,2,197,0,0,0,32,271,25101,46,46,4715,0,0,0,0,0,0,31,266,24586
202302,999,47940,C,Waterloo-Cedar Falls  IA ,8,8,2081,0,0,0,0,0,0,0,0,0,8,8,2081,0,0,0,0,0,0,0,0,0
202302,999,48060,C,Watertown-Fort Drum  NY ,9,9,1954,0,0,0,0,0,0,0,0,0,1,1,300,0,0,0,0,0,0,0,0,0
202302,999,48300,C,Wenatchee  WA ,25,25,6492,0,0,0,0,0,0,0,0,0,8,8,3243,0,0,0,0,0,0,0,0,0
202302,999,48540,C,Wheeling  WV-OH ,1,1,222,0,0,0,0,0,0,0,0,0,1,1,222,0,0,0,0,0,0,0,0,0
202302,999,48660,C,Wichita Falls  TX ,12,12,3165,0,0,0,0,0,0,0,0,0,2,2,600,0,0,0,0,0,0,0,0,0
202302,999,48900,C,Wilmington  NC ,144,144,47486,11,22,2529,0,0,0,5,167,21846,54,54,16992,8,16,1268,0,0,0,0,0,0
202302,999,49420,C,Yakima  WA ,17,17,4345,2,4,456,0,0,0,0,0,0,13,13,3397,2,4,456,0,0,0,0,0,0
202302,999,49740,C,Yuma  AZ ,74,74,12620,0,0,0,0,0,0,1,18,926,42,42,6507,0,0,0,0,0,0,0,0,0
